2.200423831204400216e+00
2.211817906218637830e+00
2.086715985061409651e+00
2.035001516808955024e+00
2.036854732194896656e+00
2.123872434783542928e+00
2.149402120246367787e+00
2.225728993206032680e+00
2.146902151611637333e+00
2.221186073869589883e+00
2.167315190957471494e+00
2.285119095026405311e+00
2.278884596176252497e+00
2.128559416846854901e+00
2.112679797910318680e+00
2.150462858148028289e+00
2.111893827297565807e+00
2.107559893622311442e+00
2.093663134967291839e+00
2.110178553325555040e+00
2.012211431034459430e+00
2.136455929313783475e+00
2.206008147478707215e+00
2.120452008049644732e+00
2.188913292721406112e+00
2.220916724915981799e+00
2.242041605355888034e+00
2.226408964205066177e+00
2.283352092074721895e+00
2.159151700802245610e+00
2.143877038642262978e+00
2.086225144255771102e+00
2.126158475357236899e+00
2.062011322215160813e+00
2.124276455678072217e+00
2.124276455678072217e+00
2.313004792892265904e+00
2.300356638996304603e+00
2.225939394464242049e+00
2.168698607655054289e+00
2.162596390569195393e+00
2.144778694390344409e+00
2.117560469555624714e+00
2.256457559403474367e+00
2.241339029512908976e+00
2.235580009057752449e+00
2.235580009057752449e+00
2.196649145347037368e+00
2.156621947057238309e+00
2.136543624279919840e+00
2.152392358144309625e+00
2.141823647600137992e+00
2.201058766819124379e+00
2.141394828079877133e+00
2.226729514736148996e+00
2.244338821245273952e+00
2.199655275333416427e+00
2.166730053840388859e+00
2.218159798376974745e+00
2.105844217177369693e+00
2.123144108907891958e+00
2.169923221181237594e+00
2.221662771687694882e+00
2.200122873114585875e+00
2.186915136388901004e+00
2.191311749853554591e+00
2.159420648504202678e+00
2.182606113801162984e+00
2.186286462941259945e+00
2.173267748803793253e+00
2.011005044719313961e+00
2.123925512097311064e+00
2.025165363224868731e+00
2.147515499874014466e+00
2.181061523539128189e+00
2.277698345418570636e+00
2.277698345418570636e+00
2.207153426675618313e+00
2.141327882423865070e+00
2.097723763846673695e+00
2.211825277972239601e+00
2.155242705218027410e+00
2.182640780730970675e+00
2.060355405727859246e+00
2.227976356613196263e+00
2.238923195533061516e+00
2.188826473073016921e+00
2.148009281817420568e+00
2.193102344507526613e+00
2.151468334707249408e+00
2.154360527175811946e+00
2.192679561236233088e+00
2.153367783059606744e+00
2.167894950641801266e+00
2.117862016089262944e+00
2.130904977009421497e+00
2.175252296306841693e+00
2.140144300567106583e+00
2.210786779217177145e+00
2.113543859021147941e+00
2.159391867322678404e+00
2.236146489704200935e+00
2.206215821970606505e+00
2.092873826399746839e+00
2.075107191674765872e+00
2.140477482240503715e+00
2.231644630523243134e+00
2.164167671804806847e+00
2.141504256790356386e+00
2.237314104700570017e+00
2.261750661750092650e+00
2.239604160571802005e+00
2.204192559520779859e+00
2.228826876060604700e+00
2.234713810379614696e+00
2.025344215689461880e+00
2.078100003136543528e+00
2.101651996524617871e+00
2.047638519635640808e+00
2.162341408462303161e+00
2.136744816498078681e+00
2.102858100470129887e+00
2.212095933380115120e+00
2.101799088544979988e+00
2.110007583918608987e+00
2.110007583918608987e+00
2.282721786938531228e+00
2.291649428931753718e+00
2.048364138067162887e+00
2.051482411945110496e+00
2.038831631159621960e+00
2.144342487676636821e+00
2.157894138368659398e+00
2.022194658974934001e+00
2.206778306130092737e+00
2.004150623403903708e+00
2.042890224145975431e+00
1.930199019326469312e+00
2.187908007904745933e+00
2.201778461578557611e+00
2.062554245507523643e+00
2.031094055314935254e+00
2.091766251489664441e+00
2.091766251489664441e+00
2.235887178375202566e+00
2.190646083230649577e+00
2.232370330739022801e+00
2.178270383327724158e+00
2.178552119754102900e+00
2.182401149266873563e+00
2.180034713104313848e+00
2.175256899568314584e+00
2.170681972442078944e+00
2.242651455911371716e+00
2.231226987247311389e+00
2.231226987247311389e+00
2.162213019623689281e+00
2.189694145462032004e+00
2.170872215828878016e+00
2.183959650103813210e+00
2.173511199734866395e+00
2.220404916771780979e+00
2.211376310918702348e+00
2.211376310918702348e+00
2.217401833147450319e+00
2.222518657055777780e+00
2.215062124991140191e+00
2.199581410515613289e+00
2.187805023952960948e+00
2.282798537983135034e+00
2.199593005709351790e+00
2.159201854520246933e+00
2.118779913203435061e+00
2.091938627215694346e+00
2.011972802388010795e+00
2.246212563768859916e+00
2.173274670914211448e+00
2.053673044936316305e+00
2.192039265021144434e+00
2.154726171639173238e+00
2.156335708649435912e+00
2.157741089015674518e+00
2.148031071930930125e+00
2.154726171639173238e+00
2.156524669563289809e+00
2.152090745457962750e+00
2.155127924451373467e+00
2.193859354975320475e+00
2.201196050377589142e+00
2.304776387291732398e+00
2.321836970451882642e+00
2.203508038648537948e+00
2.249568644949508922e+00
1.955911576055243017e+00
2.188679624080795527e+00
2.193225228809968730e+00
2.162812737012489883e+00
2.233393252822141850e+00
2.210750533816595365e+00
2.127615069193300901e+00
2.174616912840817484e+00
2.160081419127480196e+00
2.127615069193300901e+00
2.176869580809027926e+00
2.169689257812763117e+00
2.159318278756734433e+00
2.169689257812763117e+00
2.116738420843713886e+00
2.091733065993251373e+00
2.198335724860718265e+00
2.173878996465051117e+00
2.191234564537221541e+00
2.195436270840560145e+00
2.184975967076821846e+00
2.056969515265810955e+00
2.103260065566247672e+00
2.103260065566247672e+00
2.180129105032107439e+00
2.173260297404168817e+00
2.180129105032107439e+00
2.136967513138330332e+00
2.213675800856709674e+00
2.157719972764716054e+00
2.169885090506246339e+00
2.159757062217494639e+00
2.228358870314757656e+00
2.196584380462069497e+00
2.117894215985488771e+00
2.160617063237556756e+00
2.149252353237287583e+00
2.153940793552745259e+00
2.128449599315046292e+00
2.242135284611385337e+00
2.226661748150912778e+00
2.246218244430485012e+00
2.246218244430485012e+00
2.184578587766104363e+00
2.176168286774524230e+00
2.088231670754453262e+00
2.083561012138600788e+00
1.979214304665362079e+00
2.150514066669246827e+00
2.119902043346891585e+00
2.160278345583372062e+00
2.103451391843145668e+00
2.128861249766411667e+00
2.144112802946195551e+00
2.267073036817958798e+00
2.239468994747007446e+00
2.263573241822054438e+00
2.158973306084778887e+00
2.212988537580182324e+00
2.200140557329998803e+00
2.180557089019151906e+00
2.075473600752258285e+00
2.149707853661732226e+00
2.140377863737433550e+00
2.140377863737433550e+00
2.211313865222029662e+00
2.192625135705089434e+00
2.204450511349601793e+00
2.167633613770270973e+00
2.158857598161866953e+00
2.178841828351262055e+00
2.159111773672118595e+00
2.166619763410504440e+00
2.166619763410504440e+00
2.179630951163909813e+00
2.180981370870645364e+00
2.188237944841889160e+00
2.163796134572919083e+00
2.190804630060467328e+00
2.177585789767194413e+00
2.057316588329136220e+00
2.039028990905341843e+00
2.214541236571655247e+00
2.226798860205085440e+00
2.227325220851559706e+00
2.267975135147491716e+00
2.279706568843422598e+00
2.136297500919082992e+00
1.996658519729599179e+00
2.092576400795558289e+00
2.218538448346959679e+00
2.209792220238844251e+00
2.214469849547693325e+00
2.189931114132540824e+00
2.217683614053881147e+00
2.137598035105717109e+00
2.138656770445404032e+00
