8.960899584658253048e+01
7.873553328660086947e+01
5.947262348721946523e+01
6.032643613683872275e+01
5.947262348721946523e+01
6.898498314272491427e+01
7.104864290597575405e+01
9.045141094217979116e+01
5.112666061629508363e+01
6.698857310652338981e+01
6.936196206923253271e+01
9.798600253500626422e+01
1.071853683972819198e+02
9.737499065935566023e+01
9.737499065935566023e+01
7.967814626036603443e+01
9.214379535558002488e+01
1.140683876822046301e+02
8.824187273515545371e+01
8.824187273515545371e+01
9.627385889103683780e+01
9.627385889103683780e+01
7.888275360702677119e+01
7.888275360702677119e+01
6.974783044110337471e+01
7.888275360702677119e+01
6.437252065558213587e+01
6.437252065558213587e+01
4.543884059028622602e+01
5.379412871632040094e+01
5.379412871632040094e+01
6.515003881226702731e+01
8.209745962037892753e+01
6.836207797089916482e+01
8.209745962037892753e+01
8.209745962037892753e+01
8.646484956770699171e+01
1.087573176438663296e+02
8.739254204855755859e+01
8.888440388220537614e+01
9.434462358698560536e+01
6.776016942093356477e+01
7.288668977436108776e+01
1.122403820641771119e+02
9.908047663382566839e+01
1.060959833769555729e+02
1.060959833769555729e+02
1.098384652918297775e+02
9.526655704689572701e+01
4.444669845737591629e+01
5.247773915931369260e+01
5.247773915931369260e+01
1.123780475290555358e+02
1.123780475290555358e+02
1.264015148405244986e+02
1.034397362446664062e+02
8.339416716658109863e+01
8.682616589505411753e+01
9.942986250020862826e+01
8.907402295894330280e+01
7.549945595446686752e+01
5.401207433392897883e+01
6.473496283851554267e+01
7.903157333477575719e+01
7.903157333477575719e+01
7.646824122232054322e+01
8.863211340116225756e+01
7.900960240257202827e+01
6.593473914537209168e+01
7.642303763752403256e+01
6.962987388220442142e+01
6.962987388220442142e+01
6.179772324753161428e+01
5.691290785001172026e+01
6.388155717966319003e+01
1.076949713133500808e+02
1.076949713133500808e+02
6.666800905479294670e+01
6.648822599131095501e+01
6.648822599131095501e+01
8.163134648033424412e+01
6.648822599131095501e+01
9.803283736000406634e+01
8.008762648142150908e+01
9.399995653716096911e+01
9.399995653716096911e+01
9.192159624097206461e+01
9.533606536040082347e+01
1.064118929024831459e+02
9.192159624097206461e+01
9.604756653219483553e+01
8.924043097943474834e+01
1.037245072718578456e+02
8.924043097943474834e+01
6.973068862261024492e+01
6.973068862261024492e+01
8.372856306812438731e+01
5.778682231504122058e+01
6.840620780201879825e+01
7.168936214871274615e+01
8.308564569910615205e+01
9.150077052922965493e+01
4.635331752969552355e+01
7.763917673808157360e+01
9.169870964647716960e+01
5.248025810826379001e+01
7.830516892254883032e+01
6.868501780277760815e+01
6.905823493180076866e+01
7.985555506883049759e+01
9.033551198214496480e+01
7.492157333101856409e+01
8.567621893605965511e+01
1.032346211878046489e+02
9.685613273810912460e+01
8.335977645373571931e+01
6.500083091681402436e+01
9.715989281744955974e+01
8.335977645373571931e+01
1.145466534509833991e+02
6.525967690392045029e+01
6.570596019366860219e+01
9.331104855779760499e+01
7.106595241099026339e+01
6.570596019366860219e+01
6.570596019366860219e+01
1.204017827008578365e+02
1.204017827008578365e+02
6.025729938483324588e+01
6.025729938483324588e+01
5.475193994117814356e+01
7.466891224729745602e+01
1.023401703696953007e+02
6.705855842146199564e+01
6.324277937856443543e+01
5.158021217687406335e+01
5.158021217687406335e+01
8.346767415594484874e+01
6.346756158248120983e+01
8.738022547226157144e+01
6.972101904481209544e+01
7.568676005429672671e+01
7.568676005429672671e+01
7.568676005429672671e+01
7.998573084141553124e+01
7.998573084141553124e+01
7.998573084141553124e+01
7.209548576579865653e+01
7.511199022172853290e+01
7.209548576579865653e+01
6.169569467856180722e+01
6.169569467856180722e+01
6.169569467856180722e+01
7.891042467551625350e+01
8.284263873662115429e+01
8.284263873662115429e+01
1.007837783923368562e+02
8.527142218171285037e+01
1.007837783923368562e+02
9.478903009579700267e+01
8.593229797323442654e+01
4.884320491870953163e+01
5.449011533442686783e+01
5.449011533442686783e+01
7.093184650043382078e+01
7.435358260138258402e+01
8.551590897684870640e+01
6.702685997122092942e+01
7.708926262547475972e+01
1.122145670009603862e+02
1.217921697550354736e+02
7.744918050197495063e+01
1.072459333693693253e+02
7.016427019456384073e+01
7.016427019456384073e+01
8.431142093758057854e+01
1.023346815257473992e+02
5.450189639688812093e+01
8.431142093758057854e+01
6.411166110209582314e+01
6.300409601370449764e+01
6.476690894822536393e+01
6.894360837698314981e+01
6.411166110209582314e+01
6.844570323061705608e+01
6.775256867541514794e+01
6.844570323061705608e+01
1.085132824809070087e+02
1.011086861560052199e+02
1.806825473066232917e+02
1.680018694711189653e+02
9.335364790047822225e+01
8.723740765729660041e+01
3.602635232434952428e+01
8.566904845982095651e+01
8.170842513540775087e+01
1.144654607288899655e+02
7.977563317564764134e+01
1.065910590879523028e+02
7.922530194176539453e+01
9.267246813164042862e+01
5.789779555154961344e+01
7.922530194176539453e+01
5.840734475871858677e+01
8.709146823269061599e+01
8.709146823269061599e+01
8.709146823269061599e+01
6.039972732713892611e+01
6.849627564351450815e+01
8.588797875588498698e+01
1.074678397634156966e+02
9.273974876721150906e+01
1.646144985635685885e+02
1.646144985635685885e+02
1.096008852137601508e+02
8.506806667066048533e+01
8.506806667066048533e+01
4.211772199161199381e+01
4.211772199161199381e+01
4.211772199161199381e+01
5.553334140266477448e+01
7.293858588925412789e+01
8.690457628888887598e+01
7.817814013271475915e+01
8.690457628888887598e+01
8.290948115205647184e+01
5.546361207142454930e+01
8.950096666914744503e+01
7.871591812580157921e+01
6.436685691041040513e+01
5.931601173412646943e+01
7.871591812580157921e+01
5.699923795284399120e+01
7.564141985877610352e+01
5.699923795284399120e+01
5.699923795284399120e+01
8.374111902093842730e+01
8.374111902093842730e+01
6.493288287955773797e+01
8.548418010429256242e+01
6.493288287955773797e+01
5.403788006413265066e+01
6.670877938473562097e+01
5.756453787312120340e+01
7.574377464694913442e+01
8.068701768357286142e+01
7.098714586725759546e+01
9.738379696412008002e+01
8.743280636524977467e+01
9.738379696412008002e+01
6.083998080738152936e+01
6.083998080738152936e+01
7.425061281411849734e+01
6.907828575076216282e+01
1.038124598075924609e+02
1.179989326942537105e+02
1.263807720988374683e+02
1.263807720988374683e+02
1.034079261896654174e+02
1.167292551543956023e+02
1.034079261896654174e+02
9.419759092784335053e+01
9.419759092784335053e+01
8.331125653321846869e+01
1.012787680382750040e+02
9.419759092784335053e+01
9.419759092784335053e+01
6.944825896906660034e+01
6.944825896906660034e+01
6.293496066823190205e+01
6.569655346749507885e+01
4.700487983306347672e+01
5.189165522624472970e+01
6.088941992066766318e+01
6.088941992066766318e+01
1.215501260961852950e+02
1.215501260961852950e+02
1.190036778451610360e+02
8.959689407893031898e+01
7.392271180741070680e+01
9.339751324603662397e+01
7.797544523115669790e+01
7.491581318089590980e+01
6.997269802372026959e+01
7.695796565429280633e+01
6.908486536432381797e+01
9.596710264533714962e+01
6.997269802372026959e+01
1.042167329516368994e+02
1.042167329516368994e+02
