1.757978236794673421e+02
1.757978236794673421e+02
1.786079550837036436e+02
1.556950532422406468e+02
1.556950532422406468e+02
1.833053574220277824e+02
2.008231000568570721e+02
2.008231000568570721e+02
1.828283226264829011e+02
1.828283226264829011e+02
1.650888180003731236e+02
2.216284420600981946e+02
2.216284420600981946e+02
1.793214912966750774e+02
1.707325251398854391e+02
1.799405217219294855e+02
1.799405217219294855e+02
1.799405217219294855e+02
1.707325251398854391e+02
1.793214912966750774e+02
1.365735187509362163e+02
1.941536326268315520e+02
1.941536326268315520e+02
1.447958544527927813e+02
2.058425483097028632e+02
2.058425483097028632e+02
1.914026836886423837e+02
1.792634541398832653e+02
2.013416772884563102e+02
1.792634541398832653e+02
1.704143258949434312e+02
1.708665636385045730e+02
1.634353093553078793e+02
1.624790753620108035e+02
1.624790753620108035e+02
1.624790753620108035e+02
2.422566983443011281e+02
2.422566983443011281e+02
1.928460305467332603e+02
1.650831404419801913e+02
1.650831404419801913e+02
1.701680783779004855e+02
1.721816829164608862e+02
1.870132056661817046e+02
1.676563457997158935e+02
1.676563457997158935e+02
1.676563457997158935e+02
1.675391328794943036e+02
1.675391328794943036e+02
1.962733591775499633e+02
1.761971638283519326e+02
1.701963433417494969e+02
1.761971638283519326e+02
1.430819083498998623e+02
2.103379894583568728e+02
2.103379894583568728e+02
2.059270481921937233e+02
1.856990944878833147e+02
1.856990944878833147e+02
1.558344140398550337e+02
1.558344140398550337e+02
2.079982440418333738e+02
2.106979543453500128e+02
1.866969497694786924e+02
1.777936872566030786e+02
1.866969497694786924e+02
1.747775805177338952e+02
1.747775805177338952e+02
1.747775805177338952e+02
1.747775805177338952e+02
1.519096061955456207e+02
2.082535992322779066e+02
1.519096061955456207e+02
2.100455350976517650e+02
2.100455350976517650e+02
1.922462404357717105e+02
1.922462404357717105e+02
1.824036563026989768e+02
1.677791110739662486e+02
1.466623238715017976e+02
1.756326903971661011e+02
1.756326903971661011e+02
1.677791110739662486e+02
1.401041814684845122e+02
2.072310070642041637e+02
2.169290798164714715e+02
2.169290798164714715e+02
1.904889879283580854e+02
1.904889879283580854e+02
1.904889879283580854e+02
1.779797277714991992e+02
1.771208638023707351e+02
1.621319948104218440e+02
1.621319948104218440e+02
1.949428253602322343e+02
2.030342228779837797e+02
1.962134911569627889e+02
1.962134911569627889e+02
1.683082566763972920e+02
1.655918266997903743e+02
2.008396923351429564e+02
2.008396923351429564e+02
2.008396923351429564e+02
1.817117703639714534e+02
1.817117703639714534e+02
1.817117703639714534e+02
1.701664377092909035e+02
1.702831327540971245e+02
1.585120832076121644e+02
2.206707580436679734e+02
2.174429529661398419e+02
2.174429529661398419e+02
1.971754402090692793e+02
1.971754402090692793e+02
1.971754402090692793e+02
1.431774835275716669e+02
1.518239303281411310e+02
1.518239303281411310e+02
1.518239303281411310e+02
1.958160421335966248e+02
1.888670677814336898e+02
1.703568306386868869e+02
1.740455385233122172e+02
1.740455385233122172e+02
1.740455385233122172e+02
1.740455385233122172e+02
2.144000997137225397e+02
2.244073320839510473e+02
1.900454468328016731e+02
1.916490413766665597e+02
1.792865663672283176e+02
1.792865663672283176e+02
1.724599849415948825e+02
1.765699595954036738e+02
1.765699595954036738e+02
1.560599192753091415e+02
1.724599849415948825e+02
1.524273516847252949e+02
2.033879604924458704e+02
1.861029170397391397e+02
1.614926494230624314e+02
1.579005004063969864e+02
1.866087422943981267e+02
1.866087422943981267e+02
1.895682503286523115e+02
1.587288965521497914e+02
1.867986406390930085e+02
1.587288965521497914e+02
1.610823242237850366e+02
1.610823242237850366e+02
1.814087569955260903e+02
1.783661323718242215e+02
1.755317895505104957e+02
1.814087569955260903e+02
1.725877346218831576e+02
1.725877346218831576e+02
1.889234210391971658e+02
1.946409403662773059e+02
1.946409403662773059e+02
1.975919971530804560e+02
1.655737725391773836e+02
1.773874276329003692e+02
1.773874276329003692e+02
1.773874276329003692e+02
2.220154877743331951e+02
2.303006428130443908e+02
2.335235865649449636e+02
2.335235865649449636e+02
2.335235865649449636e+02
1.859373162771680938e+02
1.337035261916895763e+02
1.815886102529244113e+02
1.815886102529244113e+02
1.941952833424626874e+02
1.563569104155406251e+02
2.002671057105955867e+02
1.612456562683377683e+02
1.612456562683377683e+02
1.612456562683377683e+02
1.782916518718124621e+02
1.782916518718124621e+02
1.782916518718124621e+02
1.782916518718124621e+02
1.782916518718124621e+02
1.805717952991360278e+02
1.797292011867855024e+02
1.797292011867855024e+02
2.008209909622129885e+02
2.008209909622129885e+02
1.994564515563482416e+02
2.137472553534670965e+02
1.925928309530023341e+02
1.815832340658335795e+02
1.521276989047713357e+02
1.536237820701940109e+02
1.536237820701940109e+02
1.536237820701940109e+02
1.841742352517020720e+02
1.841742352517020720e+02
1.925209941214637581e+02
1.925209941214637581e+02
1.925209941214637581e+02
1.925209941214637581e+02
1.663380250997312828e+02
1.756356702226810853e+02
1.695087504484822318e+02
1.756356702226810853e+02
1.740135442556125440e+02
1.679432111397574658e+02
2.032447794815458622e+02
2.032447794815458622e+02
2.032447794815458622e+02
1.757915642927170268e+02
1.691849282777421877e+02
1.700958177945539092e+02
1.748501731689706560e+02
1.748501731689706560e+02
2.105414295751588156e+02
2.054891571448567333e+02
2.105414295751588156e+02
1.946188406691956629e+02
1.946188406691956629e+02
1.529757072813329160e+02
1.540295008288948679e+02
1.540295008288948679e+02
1.932148414169250827e+02
1.905265448565458541e+02
1.644548015892468413e+02
1.829192473374212966e+02
1.646918296930122096e+02
1.646918296930122096e+02
1.646918296930122096e+02
1.829192473374212966e+02
1.861807582209466148e+02
1.861807582209466148e+02
1.861807582209466148e+02
1.870841453641619125e+02
1.815558151207113440e+02
1.815558151207113440e+02
1.362975735053602477e+02
1.362975735053602477e+02
1.894000618497855442e+02
1.837680768324503902e+02
1.837680768324503902e+02
1.837680768324503902e+02
1.865303767581982299e+02
1.865303767581982299e+02
2.053218859980273692e+02
2.019885439328781160e+02
2.019885439328781160e+02
1.499675785017784335e+02
1.824406763022315090e+02
1.835307432518021926e+02
1.835307432518021926e+02
1.506101595092379171e+02
1.506101595092379171e+02
1.506101595092379171e+02
1.506101595092379171e+02
1.809385622572975194e+02
1.762133823790807696e+02
1.762133823790807696e+02
1.809385622572975194e+02
1.755988414226883947e+02
1.803075423222811651e+02
1.803075423222811651e+02
1.803075423222811651e+02
1.803075423222811651e+02
2.131626528519391286e+02
2.141921124167285768e+02
2.131626528519391286e+02
2.131626528519391286e+02
2.141921124167285768e+02
2.105627065317112852e+02
1.785188509050953485e+02
1.699653540648922956e+02
1.699653540648922956e+02
1.785188509050953485e+02
1.774657511019333072e+02
2.077126612534208618e+02
2.077126612534208618e+02
1.959307994983942365e+02
1.586752458347253594e+02
1.586752458347253594e+02
1.862276678899159776e+02
1.855960218057885527e+02
1.855960218057885527e+02
1.855960218057885527e+02
1.855960218057885527e+02
1.620660290252855305e+02
1.626175945793738720e+02
