3.572923871821363506e-01
3.139373048236324126e-01
2.371315002135851724e-01
2.405358543959605078e-01
2.371315002135851724e-01
2.750595414436131647e-01
2.832878439279527538e-01
3.606512966047966673e-01
2.038541604854246514e-01
2.670993796218017469e-01
2.765626461185039520e-01
3.906935059969476320e-01
4.273735665024988584e-01
3.882572562701724350e-01
3.882572562701724350e-01
3.176957270267113387e-01
3.673992359314339207e-01
4.548178020739045424e-01
3.518413420561544713e-01
3.518413420561544713e-01
3.838667819167013717e-01
3.838667819167013717e-01
3.145243072694218767e-01
3.145243072694218767e-01
2.781011951271308291e-01
3.145243072694218767e-01
2.566685560603955696e-01
2.566685560603955696e-01
1.811754687340476899e-01
2.144899904730964701e-01
2.144899904730964701e-01
2.597687059466304293e-01
3.273421050222929951e-01
2.725758703152059148e-01
3.273421050222929951e-01
3.273421050222929951e-01
3.447559278789590342e-01
4.336413021638031440e-01
3.484548585267424059e-01
3.544032666174048996e-01
3.761744617349124242e-01
2.701759177138984835e-01
2.906165741202026975e-01
4.475291087359540843e-01
3.950574346380600343e-01
4.230299292281871071e-01
4.230299292281871071e-01
4.379520950745793284e-01
3.798504297959576226e-01
1.772195619889435358e-01
2.092412320996647479e-01
2.092412320996647479e-01
4.480780136992811857e-01
4.480780136992811857e-01
5.039929144851769127e-01
4.124388399086933998e-01
3.325123865356901520e-01
3.461965820443819175e-01
3.964505192169943126e-01
3.551593229925812945e-01
3.010342945378827184e-01
2.153589915064813842e-01
2.581136992799167307e-01
3.151176869327569352e-01
3.151176869327569352e-01
3.048970719046878441e-01
3.533973244418049386e-01
3.150300835984987669e-01
2.628974928791135701e-01
3.047168344567782738e-01
2.776308742613000091e-01
2.776308742613000091e-01
2.464022261708409822e-01
2.269253049327987215e-01
2.547109678665646637e-01
4.294054745791019423e-01
4.294054745791019423e-01
2.658212144754849571e-01
2.651043766254507217e-01
2.651043766254507217e-01
3.254836010302534777e-01
2.651043766254507217e-01
3.908802475876622662e-01
3.193284220960240782e-01
3.748001922003479369e-01
3.748001922003479369e-01
3.665132751934744304e-01
3.801275759800725185e-01
4.242895356710779109e-01
3.665132751934744304e-01
3.829645004400720198e-01
3.558228313638773788e-01
4.135742897499094517e-01
3.558228313638773788e-01
2.780328466182317992e-01
2.780328466182317992e-01
3.338457025582340920e-01
2.304098098360561619e-01
2.727518264517266866e-01
2.858425439955996072e-01
3.312822380381019727e-01
3.648353429533509606e-01
1.848217058737200713e-01
3.095658704076739709e-01
3.656245733096332162e-01
2.092512757484644159e-01
3.122213397072111096e-01
2.738635082622440930e-01
2.753516137555168108e-01
3.184030981570823982e-01
3.601891798752032692e-01
2.987301390221082098e-01
3.416114699110487374e-01
4.116209973737919303e-01
3.861884462858721778e-01
3.323752625809652250e-01
2.591737785663025262e-01
3.873996099960872463e-01
3.323752625809652250e-01
4.567247614881917439e-01
2.602058591043335811e-01
2.619852967651083442e-01
3.720533521741861138e-01
2.833568610429103019e-01
2.619852967651083442e-01
2.619852967651083442e-01
4.800705549231414904e-01
4.800705549231414904e-01
2.402601897159505340e-01
2.402601897159505340e-01
2.183090117194139423e-01
2.977227191654533422e-01
4.080546091445739210e-01
2.673784277241253449e-01
2.521640087886582449e-01
2.056625784713475846e-01
2.056625784713475846e-01
3.328054763918616432e-01
2.530602689182884779e-01
3.484057494065572191e-01
2.779942917108599865e-01
3.017811205493222126e-01
3.017811205493222126e-01
3.017811205493222126e-01
3.189221399352070718e-01
3.189221399352070718e-01
3.189221399352070718e-01
2.874618554862461428e-01
2.994893764714156581e-01
2.874618554862461428e-01
2.459954139906172788e-01
2.459954139906172788e-01
2.459954139906172788e-01
3.146346384032895904e-01
3.303133114598285625e-01
3.303133114598285625e-01
4.018489040172273374e-01
3.399974489378445597e-01
4.018489040172273374e-01
3.779464162235482427e-01
3.426325179613596839e-01
1.947494793146657410e-01
2.172650547161534551e-01
2.172650547161534551e-01
2.828221488695926156e-01
2.964654248405497183e-01
3.409722759609946641e-01
2.672520384609759492e-01
3.073732319991951401e-01
4.474261779367098568e-01
4.856143589240788372e-01
3.088083102083566955e-01
4.276150534564847616e-01
2.797616395080295693e-01
2.797616395080295693e-01
3.361696955636064299e-01
4.080327238177885452e-01
2.173120286152642466e-01
3.361696955636064299e-01
2.556284469541184046e-01
2.512123214228331181e-01
2.582410760202938360e-01
2.748945704082688679e-01
2.556284469541184046e-01
2.729093041227276806e-01
2.701456117330650053e-01
2.729093041227276806e-01
4.326682759055981431e-01
4.031443885765434998e-01
7.204243060580479696e-01
6.698634264038236807e-01
3.722232058891502549e-01
3.478363007975321941e-01
1.436456384967118860e-01
3.415828795162076381e-01
3.257909319674191506e-01
4.564010267869541004e-01
3.180844305530807214e-01
4.250039138817007234e-01
3.158901289828308645e-01
3.695071800771333459e-01
2.308522865339683316e-01
3.158901289828308645e-01
2.328839804604113106e-01
3.472544055881412461e-01
3.472544055881412461e-01
3.472544055881412461e-01
2.408280838099204069e-01
2.731109483656855019e-01
3.424558066968796943e-01
4.284998470479177701e-01
3.697754439792920733e-01
6.563571726354844316e-01
6.563571726354844316e-01
4.370048067756930332e-01
3.391866221307353046e-01
3.391866221307353046e-01
1.679333786846638754e-01
1.679333786846638754e-01
1.679333786846638754e-01
2.214246452658511777e-01
2.908234962779664423e-01
3.465092229408503477e-01
3.117148456980785021e-01
3.465092229408503477e-01
3.305798280740398498e-01
2.211466178314395181e-01
3.568616491482319852e-01
3.138590945104744456e-01
2.566459733608163485e-01
2.365070518912407160e-01
3.138590945104744456e-01
2.272695235933832048e-01
3.016003384019517730e-01
2.272695235933832048e-01
2.272695235933832048e-01
3.338957661295517965e-01
3.338957661295517965e-01
2.589028535748294502e-01
3.408457653968366974e-01
2.589028535748294502e-01
2.154618850927819129e-01
2.659837754814844968e-01
2.295235088778016519e-01
3.020084512957562084e-01
3.217183374326413881e-01
2.830426406025426389e-01
3.882923691025595980e-01
3.486154019375162227e-01
3.882923691025595980e-01
2.425834791855189521e-01
2.425834791855189521e-01
2.960548597990419473e-01
2.754315611414235865e-01
4.139249774365022505e-01
4.704898202347397862e-01
5.039102082387332260e-01
5.039102082387332260e-01
4.123120056508119968e-01
4.654273137879079147e-01
4.123120056508119968e-01
3.755882075393111030e-01
3.755882075393111030e-01
3.321818021134784193e-01
4.038225455088746418e-01
3.755882075393111030e-01
3.755882075393111030e-01
2.769067323908343536e-01
2.769067323908343536e-01
2.509366623510043692e-01
2.619477899097045204e-01
1.874196398040009204e-01
2.069043760110883534e-01
2.427806046932795558e-01
2.427806046932795558e-01
4.846492732665970138e-01
4.846492732665970138e-01
4.744959782112442848e-01
3.572441345551235492e-01
2.947474404675428095e-01
3.723981074588093021e-01
3.109066528982025734e-01
2.987071719330519626e-01
2.789977956819526539e-01
3.068497197354967954e-01
2.754577956261868299e-01
3.826436717783319175e-01
2.789977956819526539e-01
4.155369106508478572e-01
4.155369106508478572e-01
