-4.046841915203417102e+03
-4.067796978359296190e+03
-3.843881349430550017e+03
-3.307592542853454233e+03
-3.263748989766052546e+03
-3.837475414025793270e+03
-4.259923721151322752e+03
-4.411196790820069509e+03
-2.784129204814526474e+03
-2.880461511925628656e+03
-3.172042477701927965e+03
-5.064002988517215272e+03
-5.050186850497189880e+03
-4.313096669760308032e+03
-4.072851604607184072e+03
-4.372521905743106799e+03
-4.294099750420617966e+03
-5.019932151314548719e+03
-4.728131941755249500e+03
-5.008878454981178038e+03
-3.537785674272288361e+03
-5.369039399594310453e+03
-4.086361454917945139e+03
-2.913419337779911075e+03
-4.298806082736255121e+03
-4.361657612508563943e+03
-3.298990857615031928e+03
-3.063269546809804069e+03
-3.534239599355564224e+03
-4.557780553112029338e+03
-4.302139294609616627e+03
-3.396475754387532561e+03
-3.734791110530849892e+03
-3.600918396579994806e+03
-3.709652845385659930e+03
-3.709652845385659930e+03
-4.790685251665997384e+03
-5.992874405282262160e+03
-3.660493306942257277e+03
-3.580319431823198556e+03
-3.570245239709740872e+03
-3.227896290466900609e+03
-3.777611093840747344e+03
-4.377350235963829618e+03
-3.893337256987294040e+03
-4.158297381673744894e+03
-4.158297381673744894e+03
-4.206972862908402021e+03
-4.130313676192065941e+03
-3.498599610629083600e+03
-3.000460979136779315e+03
-2.884041879472896198e+03
-4.737237086523133257e+03
-3.729895549189895519e+03
-5.854606379028053198e+03
-4.641765729707535684e+03
-4.453947530893586190e+03
-3.951007305403663395e+03
-4.044788852402994053e+03
-3.643058383736588894e+03
-3.672986768321034106e+03
-3.656473509471479247e+03
-3.792249057965839256e+03
-3.714828328302221962e+03
-3.514052276718760368e+03
-3.699951063630224326e+03
-3.953601811152140726e+03
-3.996051204999496804e+03
-3.453446555513322437e+03
-3.978953944772604700e+03
-3.507974186627536255e+03
-5.102105912576891569e+03
-3.532675284181891129e+03
-4.791877794690881274e+03
-4.866731012705122339e+03
-3.823818033964028018e+03
-3.823818033964028018e+03
-3.148483525566085518e+03
-3.507793663374668995e+03
-2.995096896200265292e+03
-3.792880407455878867e+03
-3.695851526494878726e+03
-3.547135025711216258e+03
-2.787929861544259438e+03
-4.921147414378676331e+03
-5.176759976274435758e+03
-5.939817132762328583e+03
-5.110077114222196542e+03
-5.217352734310733467e+03
-5.118306141516828575e+03
-4.150934700827715460e+03
-3.617280178633897776e+03
-3.774629740426183162e+03
-3.269449687892900329e+03
-4.670208447254308339e+03
-4.896223728086299161e+03
-4.828028759756540239e+03
-3.936480721329946846e+03
-2.637620379566242718e+03
-3.836931667526211641e+03
-4.767427103085754425e+03
-4.936883176606338566e+03
-3.149391858970192970e+03
-5.064303111601228011e+03
-5.021311688809542829e+03
-3.501082533802332364e+03
-3.414757186148939127e+03
-3.121078753315515314e+03
-2.798576715395158772e+03
-5.768606113014107905e+03
-5.746311988880736862e+03
-5.338478492975005793e+03
-4.757640049194208586e+03
-5.127629402906817631e+03
-4.823518651683034477e+03
-2.952975377774093431e+03
-3.212868345892898105e+03
-3.249281152747723354e+03
-3.165773049246310620e+03
-5.107659976747537257e+03
-4.086107475870384405e+03
-3.348774802409997392e+03
-3.599011846043729747e+03
-3.698514559012768586e+03
-3.432917250637284724e+03
-3.432917250637284724e+03
-6.248400585146987396e+03
-6.565625711174280696e+03
-4.289716738100946714e+03
-4.332498607634992368e+03
-3.693378072351556057e+03
-3.884512778081685155e+03
-4.558840567113794350e+03
-4.373969009878981524e+03
-2.949689219650112136e+03
-2.363161217626235157e+03
-2.667068139706953843e+03
-3.597259739426969190e+03
-3.663008783287337792e+03
-4.175603854847910952e+03
-3.570984472662904409e+03
-3.752118059833654570e+03
-4.577822362042447821e+03
-4.577822362042447821e+03
-4.072148712898827398e+03
-3.332587096915264283e+03
-4.006342702163759895e+03
-3.303233383992820109e+03
-3.352643047937635401e+03
-3.358566441700073028e+03
-2.885841418210059601e+03
-2.831220901345768198e+03
-2.779036531927029046e+03
-2.968730919363322755e+03
-3.303012110788157770e+03
-3.303012110788157770e+03
-5.182210412819405974e+03
-4.576434088071135193e+03
-5.362473322628704409e+03
-4.631883149525753652e+03
-4.098515706842525105e+03
-2.657978046971948970e+03
-2.647170182167210896e+03
-2.647170182167210896e+03
-4.451030480664849165e+03
-4.627788044727146371e+03
-5.381961373614532931e+03
-4.646754077333432178e+03
-5.315734488468015115e+03
-4.169474475251246076e+03
-2.873268022125696007e+03
-3.851492219974601085e+03
-5.233420531118254985e+03
-4.251151664201010135e+03
-3.281530306824836771e+03
-4.467017634190790886e+03
-3.468790628217847825e+03
-3.277892991179995533e+03
-3.498741029357461230e+03
-3.531899548068890454e+03
-3.534537805827101238e+03
-3.536841422103598688e+03
-3.786289317595150806e+03
-3.531899548068890454e+03
-3.850568239119358168e+03
-3.824720483298242016e+03
-3.830118192819579690e+03
-4.954962178007362127e+03
-4.971532542077127800e+03
-5.560341051037291436e+03
-5.586345262181184808e+03
-4.417530590434754231e+03
-3.361526291928439150e+03
-2.440487161115349409e+03
-2.816500194820799152e+03
-2.822349701740145974e+03
-3.718750374914457552e+03
-3.454780395911265259e+03
-4.569256126656850938e+03
-4.895841386604284708e+03
-5.003997027494469876e+03
-3.632474114380937408e+03
-4.895841386604284708e+03
-3.156103121549101161e+03
-3.921312552790681366e+03
-3.764436847723395204e+03
-3.921312552790681366e+03
-3.342254092735271570e+03
-3.612933324098732101e+03
-5.177769294121699204e+03
-5.120166037308055820e+03
-4.422133079803073088e+03
-5.113481211334073123e+03
-4.897465262179832280e+03
-4.635742345372342243e+03
-4.173800709816523522e+03
-4.173800709816523522e+03
-3.179380417714973646e+03
-3.092383506927582403e+03
-3.179380417714973646e+03
-3.860227179334833636e+03
-3.998793355615097880e+03
-3.122120264354340634e+03
-3.161351020644880464e+03
-3.146595284173924938e+03
-3.854862314555774446e+03
-4.571428140839886510e+03
-3.835527867101677202e+03
-4.170309373716338087e+03
-3.729307705329168130e+03
-2.816332624692794525e+03
-3.693211492440334041e+03
-3.261081577386501067e+03
-4.374416288612074823e+03
-3.325272104436023710e+03
-3.325272104436023710e+03
-3.940500429937276294e+03
-3.809336719294637078e+03
-3.998097783996934140e+03
-2.980853140947896463e+03
-2.831569194422175769e+03
-3.590176906999431594e+03
-3.433834097522306365e+03
-3.499235951247868343e+03
-4.775783567182023944e+03
-4.905066799915141928e+03
-3.524492237334955007e+03
-4.546803416378514157e+03
-4.418523952651083164e+03
-4.466082187800369866e+03
-2.588236395844514846e+03
-3.237597312025203792e+03
-4.054062826303043039e+03
-4.017977581374220790e+03
-4.040932938699269016e+03
-3.907877553600035753e+03
-4.167301095858065310e+03
-4.167301095858065310e+03
-4.410360240803360284e+03
-4.257221685494863777e+03
-4.280181946605230223e+03
-4.020970977453367141e+03
-3.884991013243394718e+03
-4.027666698249898673e+03
-4.291227700980799455e+03
-4.005073776035354058e+03
-4.005073776035354058e+03
-4.330264553351711584e+03
-4.353873204227661518e+03
-4.347364035084971874e+03
-4.298805583219094842e+03
-3.454477820868556137e+03
-3.374769766032282860e+03
-3.692778100806371640e+03
-3.484290296238734300e+03
-4.076490350397814836e+03
-4.305710145522948551e+03
-4.280952706214089631e+03
-4.812325714050425631e+03
-3.990989740171931771e+03
-4.939402751636410358e+03
-3.727260159266142182e+03
-3.133324825392460752e+03
-3.583983665789417955e+03
-3.557746176819277025e+03
-3.565277119157528887e+03
-4.835570702813673961e+03
-3.570451251947194578e+03
-4.113434249526893836e+03
-4.129477943753637192e+03
