5.265018804138251601e-02
5.265018804138251601e-02
5.265018804138251601e-02
4.548916571243365181e-02
5.558701831118109671e-02
5.265018804138251601e-02
4.794278326590568906e-02
4.794278326590568906e-02
5.558701831118109671e-02
4.548916571243365181e-02
4.794278326590568906e-02
4.794278326590568906e-02
5.931060172829541455e-02
5.931060172829541455e-02
5.931060172829541455e-02
6.512774022635621496e-02
4.230611916534181283e-02
5.931060172829541455e-02
5.867975424863281636e-02
5.867975424863281636e-02
4.230611916534181283e-02
6.512774022635621496e-02
5.867975424863281636e-02
5.867975424863281636e-02
5.792823189930288580e-02
5.792823189930288580e-02
5.792823189930288580e-02
6.035032146892969213e-02
6.024052392299480280e-02
5.792823189930288580e-02
6.268764678140940905e-02
6.268764678140940905e-02
6.024052392299480280e-02
6.035032146892969213e-02
6.268764678140940905e-02
6.268764678140940905e-02
2.834529094600109125e-03
2.834529094600109125e-03
2.834529094600109125e-03
4.688490741816060854e-03
3.867733034203889309e-02
2.834529094600109125e-03
4.439875357986990817e-02
4.439875357986990817e-02
3.867733034203889309e-02
4.688490741816060854e-03
4.439875357986990817e-02
4.439875357986990817e-02
3.586829548573692433e-02
3.586829548573692433e-02
3.586829548573692433e-02
4.708734899821193087e-02
6.112188491072917396e-02
3.586829548573692433e-02
6.524431693589206882e-02
6.524431693589206882e-02
6.112188491072917396e-02
4.708734899821193087e-02
6.524431693589206882e-02
6.524431693589206882e-02
5.688827882410586040e-02
5.688827882410586040e-02
5.688827882410586040e-02
5.113409203727305868e-02
5.204229601461120985e-02
5.688827882410586040e-02
4.673842230033807554e-02
4.673842230033807554e-02
5.204229601461120985e-02
5.113409203727305868e-02
4.673842230033807554e-02
4.673842230033807554e-02
5.397245753215800662e-02
5.397245753215800662e-02
5.397245753215800662e-02
5.107733251577913774e-02
5.061581000765504046e-02
5.397245753215800662e-02
4.795004302743574587e-02
4.795004302743574587e-02
5.061581000765504046e-02
5.107733251577913774e-02
4.795004302743574587e-02
4.795004302743574587e-02
4.765152518946966231e-02
4.765152518946966231e-02
4.765152518946966231e-02
4.675572552657670383e-02
1.206916233536948178e-02
4.765152518946966231e-02
1.099533757196575860e-02
1.099533757196575860e-02
1.206916233536948178e-02
4.675572552657670383e-02
1.099533757196575860e-02
1.099533757196575860e-02
4.844180993328321000e-02
4.844180993328321000e-02
4.844180993328321000e-02
5.806144275847747310e-02
5.356452653166910577e-02
4.844180993328321000e-02
6.619404683850890758e-02
6.619404683850890758e-02
5.356452653166910577e-02
5.806144275847747310e-02
6.619404683850890758e-02
6.619404683850890758e-02
1.957243086841261789e-02
1.957243086841261789e-02
1.957243086841261789e-02
1.354079486674405683e-02
5.235032372099191617e-02
1.957243086841261789e-02
4.748767628592096002e-02
4.748767628592096002e-02
5.235032372099191617e-02
1.354079486674405683e-02
4.748767628592096002e-02
4.748767628592096002e-02
4.647711329483279752e-02
4.647711329483279752e-02
4.647711329483279752e-02
4.009805030003426446e-02
5.590217929014436316e-02
4.647711329483279752e-02
4.750059217059487970e-02
4.750059217059487970e-02
5.590217929014436316e-02
4.009805030003426446e-02
4.750059217059487970e-02
4.750059217059487970e-02
6.472674044859642872e-02
6.472674044859642872e-02
6.472674044859642872e-02
6.170811660503325996e-02
2.344036426805729944e-03
6.472674044859642872e-02
1.698799486218708493e-03
1.698799486218708493e-03
2.344036426805729944e-03
6.170811660503325996e-02
1.698799486218708493e-03
1.698799486218708493e-03
6.393860201722054160e-02
6.393860201722054160e-02
6.393860201722054160e-02
4.400931775696231146e-02
5.463557674644160117e-02
6.393860201722054160e-02
4.809774964963740157e-02
4.809774964963740157e-02
5.463557674644160117e-02
4.400931775696231146e-02
4.809774964963740157e-02
4.809774964963740157e-02
4.258245995596849492e-02
4.258245995596849492e-02
4.258245995596849492e-02
5.345977558252721501e-02
1.441464988589197076e-02
4.258245995596849492e-02
3.015914557283989189e-02
3.015914557283989189e-02
1.441464988589197076e-02
5.345977558252721501e-02
3.015914557283989189e-02
3.015914557283989189e-02
2.725125351490383465e-04
2.725125351490383465e-04
2.725125351490383465e-04
3.063253182079211999e-04
6.347360239133620352e-02
2.725125351490383465e-04
6.407121159932425980e-02
6.407121159932425980e-02
6.347360239133620352e-02
3.063253182079211999e-04
6.407121159932425980e-02
6.407121159932425980e-02
5.412075882830957863e-02
5.412075882830957863e-02
5.412075882830957863e-02
5.691442266747147316e-02
4.364997810670057793e-02
5.412075882830957863e-02
4.570447608078641311e-02
4.570447608078641311e-02
4.364997810670057793e-02
5.691442266747147316e-02
4.570447608078641311e-02
4.570447608078641311e-02
6.126945667684414315e-02
6.126945667684414315e-02
6.126945667684414315e-02
6.267007581519390413e-02
5.359686954218292887e-02
6.126945667684414315e-02
5.499339149983378111e-02
5.499339149983378111e-02
5.359686954218292887e-02
6.267007581519390413e-02
5.499339149983378111e-02
5.499339149983378111e-02
4.029686294760450455e-02
4.029686294760450455e-02
4.029686294760450455e-02
4.404046066216241867e-02
4.496685617498451942e-02
4.029686294760450455e-02
6.090273042342340265e-02
6.090273042342340265e-02
4.496685617498451942e-02
4.404046066216241867e-02
6.090273042342340265e-02
6.090273042342340265e-02
6.349101558639848319e-02
6.349101558639848319e-02
6.349101558639848319e-02
3.562823373674976757e-02
3.098682357542528526e-04
6.349101558639848319e-02
1.378632232551332706e-04
1.378632232551332706e-04
3.098682357542528526e-04
3.562823373674976757e-02
1.378632232551332706e-04
1.378632232551332706e-04
5.155955759794472737e-02
5.155955759794472737e-02
5.155955759794472737e-02
5.467665612788011331e-02
5.718682322380356370e-02
5.155955759794472737e-02
6.065463265206036403e-02
6.065463265206036403e-02
5.718682322380356370e-02
5.467665612788011331e-02
6.065463265206036403e-02
6.065463265206036403e-02
4.670095418416472105e-02
4.670095418416472105e-02
4.670095418416472105e-02
4.712442495060973485e-02
9.810957205498415518e-03
4.670095418416472105e-02
1.004670801114344696e-02
1.004670801114344696e-02
9.810957205498415518e-03
4.712442495060973485e-02
1.004670801114344696e-02
1.004670801114344696e-02
1.051912369591536701e-02
1.051912369591536701e-02
1.051912369591536701e-02
1.067851188959415693e-02
5.589249751274689981e-02
1.051912369591536701e-02
5.608557093077005951e-02
5.608557093077005951e-02
5.589249751274689981e-02
1.067851188959415693e-02
5.608557093077005951e-02
5.608557093077005951e-02
4.599053093797109831e-02
4.599053093797109831e-02
4.599053093797109831e-02
5.154668460744338959e-02
4.507518173054576860e-02
4.599053093797109831e-02
5.049565732762044401e-02
5.049565732762044401e-02
4.507518173054576860e-02
5.154668460744338959e-02
5.049565732762044401e-02
5.049565732762044401e-02
6.502166120981595077e-02
6.502166120981595077e-02
6.502166120981595077e-02
5.837655102129644252e-02
6.435406163322661410e-02
6.502166120981595077e-02
5.776421961096399327e-02
5.776421961096399327e-02
6.435406163322661410e-02
5.837655102129644252e-02
5.776421961096399327e-02
5.776421961096399327e-02
1.390422955370093899e-03
1.390422955370093899e-03
1.390422955370093899e-03
1.015062724445318573e-03
3.256288803363108220e-02
1.390422955370093899e-03
2.426452289526500813e-02
2.426452289526500813e-02
3.256288803363108220e-02
1.015062724445318573e-03
2.426452289526500813e-02
2.426452289526500813e-02
6.094134059439314244e-02
6.094134059439314244e-02
6.094134059439314244e-02
5.925941521455401623e-02
5.664980696640112973e-02
6.094134059439314244e-02
5.502464697310906205e-02
5.502464697310906205e-02
5.664980696640112973e-02
5.925941521455401623e-02
5.502464697310906205e-02
5.502464697310906205e-02
5.115375574567977701e-02
5.115375574567977701e-02
5.115375574567977701e-02
6.661305421573572583e-02
4.007666751672016303e-02
5.115375574567977701e-02
4.860338257013209484e-02
4.860338257013209484e-02
4.007666751672016303e-02
6.661305421573572583e-02
4.860338257013209484e-02
4.860338257013209484e-02
5.205091183087707379e-02
5.205091183087707379e-02
5.205091183087707379e-02
4.905594433579979485e-02
6.134301432906917595e-02
5.205091183087707379e-02
5.774130169479273905e-02
5.774130169479273905e-02
6.134301432906917595e-02
4.905594433579979485e-02
5.774130169479273905e-02
5.774130169479273905e-02
5.000043607060625228e-02
5.000043607060625228e-02
5.000043607060625228e-02
5.002388048898590012e-02
5.310433376581439463e-02
5.000043607060625228e-02
5.311872353760855453e-02
5.311872353760855453e-02
5.310433376581439463e-02
5.002388048898590012e-02
5.311872353760855453e-02
5.311872353760855453e-02
6.033106103634158779e-02
6.033106103634158779e-02
6.033106103634158779e-02
6.057376290166703592e-02
6.226332616364110145e-02
6.033106103634158779e-02
6.251270154452676087e-02
6.251270154452676087e-02
6.226332616364110145e-02
6.057376290166703592e-02
6.251270154452676087e-02
6.251270154452676087e-02
5.687108015480481227e-02
5.687108015480481227e-02
5.687108015480481227e-02
5.014669145886048451e-02
6.048633856776865908e-03
5.687108015480481227e-02
3.601670759457289983e-03
3.601670759457289983e-03
6.048633856776865908e-03
5.014669145886048451e-02
3.601670759457289983e-03
3.601670759457289983e-03
1.970296491052556803e-02
1.970296491052556803e-02
1.970296491052556803e-02
3.212161684175642018e-02
5.203234628937630779e-02
1.970296491052556803e-02
5.955461359761072410e-02
5.955461359761072410e-02
5.203234628937630779e-02
3.212161684175642018e-02
5.955461359761072410e-02
5.955461359761072410e-02
6.058874529864567704e-02
6.058874529864567704e-02
6.058874529864567704e-02
6.370980190198484439e-02
5.237060283025867652e-02
6.058874529864567704e-02
6.218399103124164912e-02
6.218399103124164912e-02
5.237060283025867652e-02
6.370980190198484439e-02
6.218399103124164912e-02
6.218399103124164912e-02
5.243968339529407607e-02
5.243968339529407607e-02
5.243968339529407607e-02
4.290640554718784527e-02
5.539903189546205309e-02
5.243968339529407607e-02
4.518583684604594863e-02
4.518583684604594863e-02
5.539903189546205309e-02
4.290640554718784527e-02
4.518583684604594863e-02
4.518583684604594863e-02
4.727653322217450702e-03
4.727653322217450702e-03
4.727653322217450702e-03
6.144724423870414308e-03
5.184248238503521428e-02
4.727653322217450702e-03
5.640583580231366828e-02
5.640583580231366828e-02
5.184248238503521428e-02
6.144724423870414308e-03
5.640583580231366828e-02
5.640583580231366828e-02
5.836601137921230281e-02
5.836601137921230281e-02
5.836601137921230281e-02
5.971665240734626984e-02
1.614455906980174807e-05
5.836601137921230281e-02
1.961136987622910755e-05
1.961136987622910755e-05
1.614455906980174807e-05
5.971665240734626984e-02
1.961136987622910755e-05
1.961136987622910755e-05
5.580894106343642358e-02
5.580894106343642358e-02
5.580894106343642358e-02
5.290344120933691829e-02
5.849397942699933323e-02
5.580894106343642358e-02
5.546392086010341893e-02
5.546392086010341893e-02
5.849397942699933323e-02
5.290344120933691829e-02
5.546392086010341893e-02
5.546392086010341893e-02
3.476173723402437715e-02
3.476173723402437715e-02
3.476173723402437715e-02
5.643231337127806169e-02
1.047554060945831561e-02
3.476173723402437715e-02
1.874165595123599912e-02
1.874165595123599912e-02
1.047554060945831561e-02
5.643231337127806169e-02
1.874165595123599912e-02
1.874165595123599912e-02
4.560582632249934182e-02
4.560582632249934182e-02
4.560582632249934182e-02
4.730906557168256671e-02
6.203615197167421103e-02
4.560582632249934182e-02
6.427914564297521061e-02
6.427914564297521061e-02
6.203615197167421103e-02
4.730906557168256671e-02
6.427914564297521061e-02
6.427914564297521061e-02
4.896605030243932760e-02
4.896605030243932760e-02
4.896605030243932760e-02
5.440730106668219268e-02
4.046827534785325808e-02
4.896605030243932760e-02
4.448001745760198078e-02
4.448001745760198078e-02
4.046827534785325808e-02
5.440730106668219268e-02
4.448001745760198078e-02
4.448001745760198078e-02
2.351863531992091569e-02
2.351863531992091569e-02
2.351863531992091569e-02
1.997002143249351075e-02
5.514407797039942716e-02
2.351863531992091569e-02
5.285295793950627041e-02
5.285295793950627041e-02
5.514407797039942716e-02
1.997002143249351075e-02
5.285295793950627041e-02
5.285295793950627041e-02
4.694081074178180213e-02
4.694081074178180213e-02
4.694081074178180213e-02
5.817878379273937195e-02
1.957528974707531746e-02
4.694081074178180213e-02
4.139256073433059124e-02
4.139256073433059124e-02
1.957528974707531746e-02
5.817878379273937195e-02
4.139256073433059124e-02
4.139256073433059124e-02
6.423436448273377175e-02
6.423436448273377175e-02
6.423436448273377175e-02
6.306109517810132292e-02
6.353113931812603976e-02
6.423436448273377175e-02
6.236215990122359609e-02
6.236215990122359609e-02
6.353113931812603976e-02
6.306109517810132292e-02
6.236215990122359609e-02
6.236215990122359609e-02
4.532220832707023472e-02
4.532220832707023472e-02
4.532220832707023472e-02
4.249152145063338909e-02
4.435306233151031091e-02
4.532220832707023472e-02
4.162604650165449560e-02
4.162604650165449560e-02
4.435306233151031091e-02
4.249152145063338909e-02
4.162604650165449560e-02
4.162604650165449560e-02
4.673574803157891366e-02
4.673574803157891366e-02
4.673574803157891366e-02
5.185820651092662437e-02
5.702648155801528368e-02
4.673574803157891366e-02
6.351704457663728820e-02
6.351704457663728820e-02
5.702648155801528368e-02
5.185820651092662437e-02
6.351704457663728820e-02
6.351704457663728820e-02
6.604614097329970790e-02
6.604614097329970790e-02
6.604614097329970790e-02
4.173672391887791461e-02
5.249930335952578131e-02
6.604614097329970790e-02
4.228138916067564201e-02
4.228138916067564201e-02
5.249930335952578131e-02
4.173672391887791461e-02
4.228138916067564201e-02
4.228138916067564201e-02
5.758564179923213872e-02
5.758564179923213872e-02
5.758564179923213872e-02
5.444488512409999953e-02
5.682370229384658966e-02
5.758564179923213872e-02
5.373072069786372779e-02
5.373072069786372779e-02
5.682370229384658966e-02
5.444488512409999953e-02
5.373072069786372779e-02
5.373072069786372779e-02
1.103862361890945755e-03
1.103862361890945755e-03
1.103862361890945755e-03
9.734587610681365343e-04
4.437928549942057876e-03
1.103862361890945755e-03
3.968719780922906962e-03
3.968719780922906962e-03
4.437928549942057876e-03
9.734587610681365343e-04
3.968719780922906962e-03
3.968719780922906962e-03
4.078273759456369635e-02
4.078273759456369635e-02
4.078273759456369635e-02
4.318463633666880241e-02
2.833428862118870725e-02
4.078273759456369635e-02
3.411466306676220334e-02
3.411466306676220334e-02
2.833428862118870725e-02
4.318463633666880241e-02
3.411466306676220334e-02
3.411466306676220334e-02
6.187638514874978235e-02
6.187638514874978235e-02
6.187638514874978235e-02
6.311904374073563917e-02
5.456906051717488187e-02
6.187638514874978235e-02
5.571388599913673634e-02
5.571388599913673634e-02
5.456906051717488187e-02
6.311904374073563917e-02
5.571388599913673634e-02
5.571388599913673634e-02
5.208878020460563224e-02
5.208878020460563224e-02
5.208878020460563224e-02
5.420217892981342434e-02
4.378221189046679895e-02
5.208878020460563224e-02
4.544355563385171770e-02
4.544355563385171770e-02
4.378221189046679895e-02
5.420217892981342434e-02
4.544355563385171770e-02
4.544355563385171770e-02
4.072277870015400536e-02
4.072277870015400536e-02
4.072277870015400536e-02
1.734648303546947046e-02
6.291405113146890382e-02
4.072277870015400536e-02
4.849276913299600117e-02
4.849276913299600117e-02
6.291405113146890382e-02
1.734648303546947046e-02
4.849276913299600117e-02
4.849276913299600117e-02
3.823759599773712825e-03
3.823759599773712825e-03
3.823759599773712825e-03
3.470578640241191865e-03
5.170184732283582274e-02
3.823759599773712825e-03
5.085697022536718459e-02
5.085697022536718459e-02
5.170184732283582274e-02
3.470578640241191865e-03
5.085697022536718459e-02
5.085697022536718459e-02
5.273252149511330894e-02
5.273252149511330894e-02
5.273252149511330894e-02
5.014562540955842807e-02
5.723396770522685972e-02
5.273252149511330894e-02
5.439205028647403628e-02
5.439205028647403628e-02
5.723396770522685972e-02
5.014562540955842807e-02
5.439205028647403628e-02
5.439205028647403628e-02
6.639582807736560399e-02
6.639582807736560399e-02
6.639582807736560399e-02
6.088787355439435889e-02
1.043339467214430757e-02
6.639582807736560399e-02
6.374281807935599370e-03
6.374281807935599370e-03
1.043339467214430757e-02
6.088787355439435889e-02
6.374281807935599370e-03
6.374281807935599370e-03
5.034188182513399390e-02
5.034188182513399390e-02
5.034188182513399390e-02
5.340237880722089464e-02
5.649955121502616556e-02
5.034188182513399390e-02
5.981650783120886355e-02
5.981650783120886355e-02
5.649955121502616556e-02
5.340237880722089464e-02
5.981650783120886355e-02
5.981650783120886355e-02
6.229384814250749081e-02
6.229384814250749081e-02
6.229384814250749081e-02
6.117330144681720067e-02
5.451074192044093325e-02
6.229384814250749081e-02
5.336865060258261240e-02
5.336865060258261240e-02
5.451074192044093325e-02
6.117330144681720067e-02
5.336865060258261240e-02
5.336865060258261240e-02
1.254317060315169917e-05
1.254317060315169917e-05
1.254317060315169917e-05
9.185024135431648975e-06
6.234788637059944516e-02
1.254317060315169917e-05
5.251262272354788319e-02
5.251262272354788319e-02
6.234788637059944516e-02
9.185024135431648975e-06
5.251262272354788319e-02
5.251262272354788319e-02
5.420521981374647885e-02
5.420521981374647885e-02
5.420521981374647885e-02
5.157426789493948366e-02
8.820825488389528709e-04
5.420521981374647885e-02
6.855947905492683911e-04
6.855947905492683911e-04
8.820825488389528709e-04
5.157426789493948366e-02
6.855947905492683911e-04
6.855947905492683911e-04
4.064689595145067058e-02
4.064689595145067058e-02
4.064689595145067058e-02
6.760948898784603645e-02
5.197216614536803725e-02
4.064689595145067058e-02
6.153829020963706015e-02
6.153829020963706015e-02
5.197216614536803725e-02
6.760948898784603645e-02
6.153829020963706015e-02
6.153829020963706015e-02
5.807281659231983834e-02
5.807281659231983834e-02
5.807281659231983834e-02
5.840914332188587577e-02
1.766604119310820342e-02
5.807281659231983834e-02
1.799373095763988697e-02
1.799373095763988697e-02
1.766604119310820342e-02
5.840914332188587577e-02
1.799373095763988697e-02
1.799373095763988697e-02
5.102416636990393661e-02
5.102416636990393661e-02
5.102416636990393661e-02
5.110092299981522368e-02
5.779425846375169790e-02
5.102416636990393661e-02
5.786968261502287852e-02
5.786968261502287852e-02
5.779425846375169790e-02
5.110092299981522368e-02
5.786968261502287852e-02
5.786968261502287852e-02
7.765912442035127934e-03
7.765912442035127934e-03
7.765912442035127934e-03
1.443432673557416140e-02
4.037454976753880598e-02
7.765912442035127934e-03
4.820529984847164023e-02
4.820529984847164023e-02
4.037454976753880598e-02
1.443432673557416140e-02
4.820529984847164023e-02
4.820529984847164023e-02
5.650692362533443758e-02
5.650692362533443758e-02
5.650692362533443758e-02
4.721217992288889026e-02
6.180577476673858317e-02
5.650692362533443758e-02
5.149060890138223295e-02
5.149060890138223295e-02
6.180577476673858317e-02
4.721217992288889026e-02
5.149060890138223295e-02
5.149060890138223295e-02
