1.866423011926299580e+01
5.040216046387288884e+01
2.413767271109594859e+01
3.395513229978580227e+01
1.749537922248358512e+01
2.357713714420448525e+01
5.190710751922848942e+01
1.083878464056309525e+02
7.671431111183729001e+01
1.488875748255765927e+02
1.102890930472918569e+02
1.393200285074822489e+02
9.092908499017734414e+01
2.115958561638929041e+02
4.428892213697624669e+01
6.274216816394348228e+01
4.675918332097023722e+01
7.400329874588373968e+01
1.615532078488958234e+01
7.718406247297377831e+01
4.312416233734445825e+01
5.786464290289323742e+01
4.618282914941410411e+01
3.758623220329772607e+01
8.045367033957691660e+01
6.882397801161411621e+01
1.707434724021618706e+02
5.865415475652871891e+01
7.027868310248857142e+01
6.382719426480786495e+01
8.616652652291843140e+01
3.473235634321922305e+01
1.012113924041250641e+02
8.447040284659368581e+01
9.290227272244931100e+01
7.370318077062280793e+01
5.969298602551303956e-01
4.974813500965286628e-01
4.779585801454124816e-01
5.059387733595341885e-01
9.403941323229146576e+01
7.762725575924597221e-01
5.759762847618172543e+01
5.995027010075146734e+01
8.153539913265159100e+01
4.386662826218974409e-01
3.688009883780487996e+01
4.796042308362549988e+01
6.465116880131617449e+00
5.418553513073081085e+00
1.538570525971251080e+01
5.668472204027139583e+00
1.917769796100889934e+01
6.571831326571203391e+00
3.307422059521324087e+01
1.164811304865042452e+01
3.896967274969409090e+01
1.151851005427211305e+01
2.733120755216955899e+01
2.778234165206782080e+01
1.415859358255785878e+02
1.217375020609164977e+02
1.101822730243988246e+02
2.419620566817499139e+02
1.579920944842437507e+02
1.434347184478930046e+02
2.126758291876331555e+02
2.349799426292773887e+02
1.071044371331057619e+02
1.640285229021502005e+02
1.805220640008126054e+02
1.828792617897241826e+02
1.075012103345107874e+02
9.143629397905850453e+01
1.428706631281611124e+02
1.278462343040456233e+02
1.349902592970951218e+02
8.843695628504089257e+01
1.757008864983387753e+02
1.124474231342505135e+02
1.255432584621430863e+02
1.188991925804078420e+02
1.816746552131429553e+02
1.494564897566249897e+02
4.447440809663316941e+01
3.675148967506400055e+01
1.922706496313693592e+01
4.879190126751934997e+01
1.373715022258616525e+00
3.474732005605726215e+01
4.726303544541781143e-01
9.034072348092090365e-01
3.805992854457785901e-01
1.351820607408543573e+01
4.962126588863573495e-01
3.876849813656473853e-01
5.029879665340678230e+01
4.162185835395495559e+01
9.411926292275424544e+01
2.560690528649577757e+01
2.613370707374831525e+01
4.837858808551425938e+01
2.468830283651792001e+01
1.091777614646690253e+01
3.905598555739251054e+01
3.826869721224949927e+01
2.131403662091529583e+01
2.050035123559933226e+01
8.948892183337520123e+00
7.633929896402976922e+00
6.365428530305357491e+00
9.816882154353917755e+00
1.297560162068727720e+02
8.519917325015081033e+00
1.263916654802321915e+02
1.515789721260797478e+02
7.495933967633436623e+01
5.671159037416439119e+00
1.132468433495104136e+02
1.078182330158454647e+02
1.962370393353696727e+02
1.691453997836404142e+02
2.240035476511802415e+02
3.366189521198044758e+02
1.457240000846671251e+02
2.429744105358546733e+02
3.479591869483294317e+02
2.627444806205307373e+02
1.775173356547269918e+02
4.100607962756658935e+02
2.422171960625289557e+02
2.999055664224595148e+02
5.082923605101152020e+01
4.284787055988952886e+01
2.158162164182713028e+01
6.862314645596912044e+01
2.526516074396301659e-01
6.019093714187078348e+01
1.303726025567054636e-01
2.588400673320628287e-01
1.069405793527677118e-01
2.904631841997953146e+01
9.268325223721397832e-02
1.097536032986134863e-01
2.315683946165336238e+01
1.047489123409128098e+01
3.360520002594127931e+01
2.766138461050749342e+01
4.918615665367536849e+01
1.725766695075172308e+01
8.127093261102309896e+01
2.533251338889431281e+01
2.428168100998868795e+01
1.365556821477662197e+01
4.977809900492614759e+01
3.709719780590585003e+01
3.741598258343530006e+02
1.918508451989066543e+02
2.076723149684363818e+02
1.653546090720824395e+02
2.942545234906125984e+01
4.571881797890600865e+02
1.469806408820278598e+01
1.357829529919759359e+01
1.023018224419065447e+01
5.748791099818964767e+01
6.166279871395401457e+00
7.534615091790397123e+00
7.148739946416618127e-03
1.014241010570500132e-02
1.742366338456438624e-02
7.123431393977561893e-03
3.052654100117657521e+01
8.544488922187572222e-03
7.957511770974014098e+01
4.632111285718067251e+01
1.261566027424791656e+02
2.943890382138922637e-02
9.444664180904040052e+01
1.128867871434713237e+02
4.210237268825933654e+01
6.352243226369485996e+01
3.791824133780288975e+01
3.584633782611959418e+01
6.031132683746198353e+01
3.241585303848827238e+01
3.545241715041078834e+01
5.939156689674977940e+01
6.317374523769260009e+01
3.754763047469441517e+01
6.955689875850339376e+01
5.355389884231896502e+01
1.115883982923738849e+01
2.932272005238466406e+01
1.143350514425834419e+01
9.026466863208849389e+00
1.533942513959615539e+01
1.577629079305975601e+01
1.803054804899231556e+01
4.624169982528726308e+01
5.835618286889792472e+01
3.433962786322062755e+01
3.349304666610493797e+01
4.735223839001042734e+01
2.076083286160878174e+02
5.586642246704884940e+01
2.104266000194351989e+02
1.486129410843600169e+02
6.384551323533518996e+01
1.815062337493386906e+02
5.018899532992355716e+01
1.332473943902188118e+01
1.522879381246652031e+01
3.544800132306543361e+01
1.545233852663099761e+01
1.350955324039566818e+01
4.600956544509433144e+01
1.368135734603352027e+01
4.680780718735157109e+01
6.228825828668796305e+01
2.173063803155221921e-02
3.155629881312751905e+01
1.627526154909058817e-02
4.757062604151146047e-03
4.509257773389686516e-03
1.292524464593870093e+01
7.056909368532161483e-03
4.840079200406875726e-03
8.406448609588943555e+01
2.031426360674400939e+02
8.500412489404624239e+01
6.592900196239634170e+01
6.575829577983429886e+01
9.331929190461121948e+01
5.789966352319300569e+01
1.383684649442587613e+02
1.783671949303781901e+02
1.788302297852169715e+02
1.260361968904589105e+02
1.399117415022525392e+02
1.287332563714704463e+02
1.843822239449990548e+02
9.930185333852986673e+01
1.247607169626404016e+02
6.504334864115437043e+00
1.268284486323118045e+02
4.861548385171689191e+00
9.026851694482640909e+00
7.081773852975565831e+00
1.358366691941018587e+02
7.069607866582859224e+00
6.965002078174728162e+00
1.187007432135600560e+01
2.085411174693577507e+00
1.004568115331381506e+01
1.183953850698878618e+01
3.489909986730862101e+02
1.172805947404167703e+01
2.877137981835862206e+02
5.972731571792502336e+01
5.119864510264272894e+01
1.736916804453783492e+00
5.108972187325964853e+01
5.047847893958155652e+01
1.522645998976091448e+02
7.659764376281168552e+01
1.062788556425501127e+02
9.379986645567461778e+01
1.546118832941714061e+02
1.502500737688645813e+02
6.556831849491193509e+01
4.725661253910855919e+01
5.350751941838624504e+01
3.246191734350507829e+01
3.338770544964198450e+01
3.294597175019799096e+01
2.249778101988578172e+01
9.205759196530129884e+01
1.834019693726098410e+01
3.536952421556463833e+01
2.416183446808285495e+01
2.212019588388770330e+01
3.043936627759892843e+01
1.527886952387352721e+02
7.934348334299279770e+01
1.161476898268770128e+02
1.268393736920638588e+02
1.247106009867425058e+02
7.714234864826771676e-02
3.256754322270528079e-01
7.859960513223589185e-02
8.517448997341885153e-02
6.968424001955044744e+00
8.046824631454034538e-02
8.346671650135712994e+00
3.458421823801737105e+01
3.125934169083840430e+01
3.820804366489474191e-01
3.377285089892190229e+01
3.522892590773768973e+01
7.347609692778296164e+01
3.653965094645991485e+01
7.433375161341255932e+01
8.893912394115754694e+01
8.754181623325838757e+01
7.758984418968060481e+01
1.130770759113826358e+02
5.558439866369859317e+01
4.650999969066247530e+01
4.725237383662472013e+01
5.325345347262218354e+01
5.623498430468189468e+01
7.538903000739043136e+01
1.258823216406136503e+01
7.739309903998558582e+01
3.591997323397887243e+01
1.862785016915102574e+02
7.906156732845411739e+01
8.898872890124911805e+01
1.447429800963104007e+01
3.351227006362952210e+01
6.462151202444988307e+00
1.417971507955489407e+01
1.487047251238841916e+01
8.014713757747065870e+01
1.155612779876787073e+02
8.129947477588790150e+01
1.005621110530226900e+02
5.410527070346057599e+01
8.324627501333418422e+01
7.143657349835582693e+01
1.015418826663702703e+02
8.219221679447977635e+01
1.527655758028013224e+02
9.916500200521625175e+01
1.029995241020882162e+02
3.309872844616848653e+01
1.323744616454846437e+02
3.382873147540208691e+01
3.272591665580641518e+01
3.160852999643606154e+01
2.457893317708323622e+01
2.371510273687254511e+01
9.279904450285182804e+01
9.593340137781186172e+01
9.932472336904886845e+01
1.277064150171934642e+02
9.483407938457574460e+01
1.170815696034732554e+02
5.967850542107142076e+01
1.185892752084397870e+02
1.153459705782908742e+02
9.446820343443398826e+01
1.367191390922387484e+02
1.100752210054072435e+02
5.539391873295906521e+01
5.695302719465908581e+01
6.953982356295360034e+01
4.804877125147348949e+01
5.610777735718442472e+01
5.608318083911093055e+01
2.707314099228912596e+01
5.699293956398163630e+01
9.058098651015343705e+01
7.541745780779419706e-01
8.237978082734818486e+01
1.227859342659590736e+00
5.832653896576832642e-01
5.435184840308801002e-01
6.527989924493603269e+01
4.035772143907067067e-01
5.928087881426443717e-01
6.009282594133837030e+00
2.670543892790089657e+01
6.074445973115379260e+00
5.129901642536237816e+00
5.174851375689744515e+01
5.600950821033010563e+00
2.922023182256896945e+01
1.284625988691627470e+02
2.166337046325829760e+02
2.147519834954242768e+01
1.392994793918286121e+02
1.298340561035956284e+02
1.117807599005896257e+01
4.220595925444558105e+01
1.580181538169376410e+01
9.218751262539532476e+00
7.085395510513569306e+00
1.344335556343641080e+01
1.121828358205441667e+01
2.996354585420130334e+01
4.499445149165683944e+01
5.854191990842300441e+01
3.484176096539175660e+01
4.190257621531433330e+01
9.659958398432819138e+01
3.716606659519419509e+01
1.186013958286310697e+02
2.216097141191149831e+02
9.081604965305484711e+01
7.616323712770244470e+01
2.010476072845531803e+02
6.300219916415463928e+01
3.390974625392612296e+01
8.274670833947160986e+01
9.835716925399202637e+01
7.754899240887715450e+01
3.120676410084807006e+00
1.289916801991730200e+00
2.322670426253464537e+00
2.865081091683665093e+00
1.711035061083263145e+02
2.391956297027165501e+00
7.501910969193137646e+01
4.166256605685259728e+01
4.030132151330122525e+01
6.748345306525812548e-01
4.040958841761404585e+01
3.097340344658200806e+01
4.793838648608484476e+01
1.608703311544469443e+02
3.997542417289699301e+01
4.068803140296203935e+01
1.722101956362963402e-04
5.892562922777960210e+01
1.778766386833576007e-04
7.158166388896613141e-04
5.927922912229376638e-04
1.400587884567102037e+02
4.859720592027152552e-04
5.973544684060660232e-04
3.390504553468455384e+01
6.739453804170257456e+01
2.384081958757306907e+01
4.382194530298194479e+01
3.095093606695626676e+01
3.746878754708935588e+01
3.109442463281510172e+01
8.789942711925185392e+01
4.786085661986630413e+01
6.776389044946573392e+01
5.599145316189556354e+01
6.187668619497071631e+01
6.938508239870964189e+01
1.695803837552762516e+01
5.678845931573897587e+01
5.249274328607770457e+01
1.225722065188776355e+01
7.508146316576448953e+01
9.050881884345521655e+00
2.702753414628393802e+00
2.649896705432188693e+00
1.134844117140469066e+01
2.041740869767469935e+00
2.209363837410864839e+00
7.924847761768867827e+01
5.528471674855167350e+01
1.181063714536250018e+02
6.655478924700064169e+01
4.225727787431895877e+01
6.947477020337969122e+01
4.631372312844875694e+01
2.167911039187673694e+01
3.853749645410001534e+01
6.069617078123251730e+01
3.687541314695558015e+01
3.232757185442251568e+01
5.053986558054108258e+01
2.886799548873795516e+02
6.358393861138685565e+01
3.603017690951558905e+01
7.737529412050825783e+01
4.277445729671914165e+01
5.810139214441382194e+01
2.637884287988981669e+02
4.695419005835836401e+02
2.186444385995902451e+02
3.912410216272626258e+02
3.311271642709610887e+02
4.564747447296915617e+00
1.570884861343070504e+01
2.874567225419953687e+00
4.759216478851249654e+00
4.536012345612307683e+01
4.235096678786004709e+00
3.118884040343289854e+01
1.704398380366288279e+02
9.166266174395488520e+01
9.617311793456122970e+00
1.162702484372230032e+02
1.078736006062500223e+02
2.881420886587090422e+02
1.173379185433770289e+02
2.181372303835706532e+02
1.213350378111764627e+02
3.534153396140105485e+01
2.623703738966879087e+02
1.750234169805700901e+01
9.414662232915382845e+00
9.909761406079011792e+00
3.402232840882233944e+01
7.818702300287529994e+00
7.119389796410880322e+00
6.275673413902607223e+01
8.565182494846746764e+00
7.487694761906415408e+01
7.215474101928728601e+01
6.675419036743409151e+01
7.337846629231678719e+01
1.070581145247993504e+02
1.224638981177756669e+01
1.277303581021613610e+01
1.380640055468106731e+01
1.255829843592209905e+01
1.468382144341243922e+01
1.335925766140638018e+02
1.577495937442196521e+02
1.488898483465008837e+02
1.679386052055898801e+02
1.352055075709531877e+02
1.513851506359146981e+02
2.148803220660480235e+02
2.276668549668973469e+02
2.016213867805002167e+02
2.504336922648280392e+02
2.239000535124994542e+02
2.537202604176048055e+02
5.144418510303486869e+01
1.694202669115188087e+02
8.490383379717776791e+01
3.578061628170683406e+01
2.548156831853986759e+01
4.131215333596587413e+01
2.357847096224725192e+01
4.704935766896087301e+01
1.110163854311879277e+02
1.558865858819721097e+02
9.651670291255247491e+01
7.750755157690322505e+01
5.609944643265263409e+01
2.357248038688316782e+01
7.595252584196020962e+01
9.825272052930085920e+01
1.265471137104693042e+02
7.443148944241508502e+01
5.073934186468246139e+02
1.574736491894025505e+02
9.554937351187091110e+01
7.418569746197982795e+01
1.607461264227501374e+02
2.132743613808651730e+02
6.423611805436271993e+01
2.511878253425395968e+01
5.601002466059478024e+01
7.732082078541502312e+01
6.706074469296622453e+01
8.256505002231826040e+01
9.047721876205250169e+01
4.057626462691125369e+01
2.933140125792643005e+01
3.381901036788070769e+01
2.747155756892351519e+01
3.531020543535347400e+01
3.554943132995490307e-02
1.281806827845250463e-01
3.264014787911791171e-02
3.612129096285030677e-02
2.572589799453601778e-01
2.925617056764465498e-02
2.002963003299690070e-01
7.865808889896350742e-01
7.017327231996560721e-01
9.852908488648942642e-02
8.785874806643095836e-01
7.230524998933886005e-01
4.124432146760270967e+01
8.928838244211897290e+01
6.882431460563407200e+01
3.340353778411198249e+01
6.867722351993911900e+00
5.360045660907591270e+01
1.371509975980397300e+01
1.779311685996715298e+01
3.197227675900493082e+01
1.555082019955913211e+02
2.265548798671943231e+01
2.944270768870472921e+01
8.745468594577613430e+01
1.686328394222661586e+02
6.081945461180165324e+01
7.778563280304099692e+01
1.258382645459833071e+02
7.136225742563333085e+01
6.357047472314857117e+01
1.762605357843142713e+02
1.376784351812097498e+02
8.510451286452284592e+01
1.502028690906783766e+02
1.225642250520869680e+02
1.307035010538013466e+02
9.270355816666092608e+01
2.496660698760539958e+02
1.134528829074864404e+02
1.542981568481386034e+02
8.406994269962048349e+01
1.641409474521990433e+02
6.094720791343385713e+01
1.344328247495381561e+02
9.884623275340172199e+01
1.809598204957644612e+02
1.163953652148177724e+02
8.520598293282734659e+00
5.703286931605338062e+00
5.341954550219893960e+00
1.259187663477440289e+01
3.211960264217277938e+01
8.770897386353464498e+00
5.543063741456307270e+01
5.917999245501221139e+01
1.380786084367261424e+01
5.413108072058518516e+00
3.586973217314427842e+01
3.692343299585598970e+01
2.670721528261424949e-01
1.814741346778915854e-01
3.825478006186353030e-01
2.696522112916397429e-01
4.373489379624307105e+01
2.754073045398322539e-01
7.068715758268220384e+01
3.353277873879408588e+01
4.397970746140252629e+01
2.711616363853009415e-01
4.666744037471051598e+01
4.812390145272487985e+01
3.167529759782613041e+02
2.271635770101174217e+02
1.477915799616931452e+02
3.708630608551665659e+02
2.119266988793893631e+02
3.246635601858349673e+02
1.185898283545447214e+02
1.822789201726969850e+02
7.273620970904306660e+01
1.272853940080997575e+02
8.303434412757852101e+01
8.510804262816321852e+01
4.333954546446119593e+01
3.035753848051563253e+01
5.741283726329127290e+01
7.324153068453072990e+01
2.159378098273505131e+00
4.454202996289710370e+01
3.309997542637653556e+00
1.750190071781768664e+00
2.059621020593333629e+00
6.985798193419695679e+01
2.256266162929836394e+00
2.318867767450432993e+00
5.276910362210031735e+01
3.473496587356035548e+01
2.913326142899410343e+01
3.809838436128517714e+01
4.343068661764232985e+01
5.465091415245753836e+01
1.789350996949576356e+01
2.133405007412200405e+01
1.620187921237504369e+01
1.421265629628421223e+01
1.127247854854909725e+01
1.167446886825961450e+01
1.125305665451591786e+01
1.363001339015996294e+01
2.291171146973224282e+01
1.355179079757103544e+01
1.530084641039220195e+01
1.094926209916340554e+01
3.639404947201089868e+01
2.165055990168899314e+01
3.653433784663230455e+01
3.235805981877390280e+01
4.508171682945282299e+01
4.386466260683543084e+01
2.603218321140984815e-04
3.051642962634905950e-04
1.579637804447230130e-04
2.740562389554787289e-04
4.787697714653112513e+01
2.513580961446029954e-04
3.396675337749450563e+01
6.561909547629420558e+01
3.288429561607964047e+01
1.882354925972156247e-04
4.123864248180419168e+01
3.981866053121121496e+01
1.181243391088739685e+02
1.370318141199446700e+02
2.011622782524506761e+02
1.459250115139156776e+02
9.908451362704974452e-02
1.145493275847718593e+02
1.651287714631810843e-01
1.124857767249998336e-01
1.898631554994185400e-01
2.796176934026693743e+02
1.975805561692325352e-01
1.916008167643629689e-01
4.214394565129838810e+01
5.000062856587660320e+01
2.867617193983253898e+01
2.834990512715702593e+01
1.126714222468014697e+02
4.111708809228198191e+01
3.581769818064574196e+01
6.245280669165914844e+01
8.878817805272289831e+01
2.234050457527864353e+01
4.357914883213485524e+01
4.251732185551431797e+01
3.695603500642722139e+01
2.444472586560426208e+01
5.966348006817465688e+01
3.629078251410226841e+01
4.818090275529562483e+00
2.843682096012169680e+01
5.952217863426259470e+00
2.438683325168951033e+00
3.978853266264022803e+00
2.996948796806061566e+01
5.142179705140240920e+00
3.956789292856044415e+00
1.494350203118760021e+02
1.053380287261443868e+02
1.058936479300639775e+02
1.476448273124880757e+02
1.273214708459887845e+02
1.831331188520037472e+02
1.092227486973834800e+02
1.086496618515961785e+02
7.793863419710650930e+01
9.037938464379199388e+01
6.282286141100414056e+01
7.698962747415674812e+01
2.489328398573103396e+00
4.856266701062905256e+00
4.553492758972562449e+00
2.006677412656901360e+00
8.907059155474108536e+01
3.870157710570509835e+00
1.311661241110294327e+02
1.398877113777605814e+02
4.940221051608201606e+02
1.112985759357138349e+01
1.645425923788733087e+02
2.558142923116843974e+02
2.651914413270941751e+01
5.815786424347167838e+01
1.695077945294952215e+01
4.830036440991610647e+01
1.897919314341615404e+01
2.576235523950486339e+01
2.140284283861164027e+01
7.343282541592763835e+01
2.614632566561163429e+01
6.654008145058968182e+01
4.887897523662319799e+01
4.748409366031052770e+01
