9.615958996794244058e+02
9.615958996794244058e+02
9.615958996794244058e+02
7.923627768970928855e+02
8.777887564465310106e+02
1.737823915083297948e+02
1.299907545504291875e+02
1.299907545504291875e+02
1.586365222493731153e+02
1.431980922103179807e+02
7.192821751790418148e+02
1.299907545504291875e+02
5.662285644130624718e+01
5.662285644130624718e+01
5.662285644130624718e+01
6.984814621153283554e+01
2.265754424267595368e+01
2.354318767822733491e+02
1.306686562596019030e+02
1.306686562596019030e+02
9.420768395638947368e+01
2.904212395111102865e+02
3.142663884724602852e+01
1.306686562596019030e+02
4.105737728160671622e+02
4.105737728160671622e+02
4.105737728160671622e+02
4.269457719069883410e+02
3.311222735578537026e+02
8.936017408349698599e+02
7.555170195788290357e+02
7.555170195788290357e+02
7.206778895082698000e+02
9.292349153269747148e+02
3.471294414281107947e+02
7.555170195788290357e+02
3.260361815610764324e+00
3.260361815610764324e+00
3.260361815610764324e+00
5.392845046671930653e+00
1.081843135320237025e+03
1.332495698553964436e+00
5.590154147036981840e+02
5.590154147036981840e+02
4.421445857395749499e+02
2.204032323422441042e+00
1.367803674275006870e+03
5.590154147036981840e+02
8.717742786047602976e+01
8.717742786047602976e+01
8.717742786047602976e+01
1.144451921911098111e+02
3.849638734848417130e+02
8.365510754288104067e+01
4.196806613017790824e+02
4.196806613017790824e+02
3.694097775864643154e+02
1.098211440217720281e+02
4.373514259881697512e+02
4.196806613017790824e+02
3.560141119531382401e+02
3.560141119531382401e+02
3.560141119531382401e+02
3.143164813566661451e+02
4.152833341710231139e+02
3.153267848727795126e+02
3.263538368163033283e+02
3.263538368163033283e+02
3.678223816943347515e+02
2.783945977730473373e+02
3.684640093087294872e+02
3.263538368163033283e+02
1.445664274324830068e+01
1.445664274324830068e+01
1.445664274324830068e+01
1.303537104182373518e+01
2.132475754746052132e+01
3.035894976082144012e+02
4.077033175375067344e+02
4.077033175375067344e+02
4.478199084966709052e+02
2.737427918782985330e+02
1.941444369226222477e+01
4.077033175375067344e+02
8.312342442023491458e+02
8.312342442023491458e+02
8.312342442023491458e+02
8.145785686164438175e+02
1.102903574038911927e+01
1.575623119607436593e+03
1.904574217408569226e+01
1.904574217408569226e+01
2.090578416461817923e+01
1.544051913646093226e+03
1.004775374538379218e+01
1.904574217408569226e+01
1.927935705392493730e+02
1.927935705392493730e+02
1.927935705392493730e+02
2.512455142276720039e+02
5.128613783038073137e+01
2.784796018900269701e+02
1.198572631043127501e+02
1.198572631043127501e+02
7.407997686610551114e+01
3.629101872177484438e+02
8.297810522606269501e+01
1.198572631043127501e+02
3.077046891751854218e+01
3.077046891751854218e+01
3.077046891751854218e+01
2.128793354115624226e+01
1.003509355234302916e+03
3.482811317037813836e+01
9.936427639678184960e+02
9.936427639678184960e+02
1.135840259221244651e+03
2.409513356856146515e+01
8.778785584570040328e+02
9.936427639678184960e+02
1.351799148028076161e+03
1.351799148028076161e+03
1.351799148028076161e+03
1.042523264589361816e+03
8.636961963874634876e+02
7.803068252844993822e+02
3.762312059428227826e+02
3.762312059428227826e+02
4.985563410041454517e+02
6.017817218361357163e+02
6.517808215629182769e+02
3.762312059428227826e+02
2.983088983708335604e+02
2.983088983708335604e+02
2.983088983708335604e+02
2.749123976459683831e+02
8.802555290479715522e-01
3.539258116264126386e+01
7.568896290632688706e-02
7.568896290632688706e-02
1.044370966667084871e-01
3.261672514443691284e+01
6.379498302104695817e-01
7.568896290632688706e-02
8.905654767224797297e+01
8.905654767224797297e+01
8.905654767224797297e+01
6.022481707534536355e+01
3.974864988634997189e+02
2.464588179766862766e+02
9.045288244481391757e+02
9.045288244481391757e+02
1.100020775924569307e+03
1.666686798131650846e+02
3.268465500106721606e+02
9.045288244481391757e+02
7.963851423874432385e+02
7.963851423874432385e+02
7.963851423874432385e+02
1.148407138880226967e+03
3.225596696389773399e+01
4.093568488907417873e+02
3.468996906909709566e+01
3.468996906909709566e+01
1.658016993471379052e+01
5.903027349384346962e+02
6.748775800715253581e+01
3.468996906909709566e+01
5.575237281025295644e-02
5.575237281025295644e-02
5.575237281025295644e-02
6.267001014322944041e-02
4.199832437927469755e+02
1.709739432847757340e-02
1.302431674943038331e+02
1.302431674943038331e+02
1.287948614297757217e+02
1.921880311059036284e-02
4.247059809596867694e+02
1.302431674943038331e+02
6.668046382362655322e+01
6.668046382362655322e+01
6.668046382362655322e+01
7.238235960595710594e+01
1.157759703920809216e+02
5.273818502414103477e+02
9.812903248659665678e+02
9.812903248659665678e+02
9.156826749191851604e+02
5.724786623380246056e+02
1.240711905002946480e+02
9.812903248659665678e+02
7.921879779275179772e+02
7.921879779275179772e+02
7.921879779275179772e+02
8.111181603800177982e+02
1.280721979915708744e+03
1.797401294457393988e+02
2.954102089972445810e+02
2.954102089972445810e+02
2.905839786363372923e+02
1.840352128593318071e+02
1.301993143358226234e+03
2.954102089972445810e+02
5.611317568102585938e+02
5.611317568102585938e+02
5.611317568102585938e+02
6.471015784710240268e+02
7.870777086823973434e+01
9.284179976315185741e+02
1.763764324071256624e+02
1.763764324071256624e+02
1.302255845274511898e+02
1.070658975288422198e+03
1.066011404658451909e+02
1.763764324071256624e+02
4.116197053134597894e+01
4.116197053134597894e+01
4.116197053134597894e+01
2.309820206231148632e+01
1.944108520975979665e-02
2.201270597980676200e+02
4.625611433795192434e-02
4.625611433795192434e-02
1.039675426434980565e-01
1.235251675506222995e+02
8.649517315226781106e-03
4.625611433795192434e-02
8.416715736685570164e+02
8.416715736685570164e+02
8.416715736685570164e+02
9.074459641795428979e+02
5.766390870677440716e+02
5.707887683499412788e+02
4.261071124187856753e+02
4.261071124187856753e+02
3.910540935286999797e+02
6.153943895010693268e+02
6.283274369565147026e+02
4.261071124187856753e+02
4.370372909958853711e+02
4.370372909958853711e+02
4.370372909958853711e+02
4.446242565514273224e+02
1.203421273830900873e+01
4.616591102069213548e+02
1.301766222079420565e+01
1.301766222079420565e+01
1.271219655455177389e+01
4.696735104416488298e+02
1.232338690235184764e+01
1.301766222079420565e+01
1.004299426514500215e+00
1.004299426514500215e+00
1.004299426514500215e+00
1.019516803563403240e+00
6.228609067730700133e+01
1.578184813094214878e+00
9.832830282645849707e+01
9.832830282645849707e+01
9.787814249291108126e+01
1.602097834171062107e+00
6.257255634410989842e+01
9.832830282645849707e+01
4.008461583717866006e+02
4.008461583717866006e+02
4.008461583717866006e+02
4.627271609893211348e+02
4.097504231737359532e+02
4.419585848714574468e+02
5.215557793886638365e+02
5.215557793886638365e+02
4.517761076018115318e+02
5.101863569882259526e+02
4.730389627013462359e+02
5.215557793886638365e+02
4.522704081643414611e+02
4.522704081643414611e+02
4.522704081643414611e+02
3.645890850766404583e+02
5.165805267141662398e+02
4.698343075105291859e+02
4.405482155915687486e+02
4.405482155915687486e+02
5.366419063923863177e+02
3.787478844970924570e+02
4.240791234199213022e+02
4.405482155915687486e+02
5.575449316542071543e-01
5.575449316542071543e-01
5.575449316542071543e-01
4.070294403151302198e-01
5.036415862345936034e+01
4.513458970534058312e-01
3.038085907414443909e+01
3.038085907414443909e+01
4.077098555232423394e+01
3.295000231122482415e-01
3.752929650335489242e+01
3.038085907414443909e+01
1.001611100045287571e+03
1.001611100045287571e+03
1.001611100045287571e+03
9.709631726515905257e+02
1.294259527134180871e+03
9.069706811433713938e+02
1.140805464279751732e+03
1.140805464279751732e+03
1.171967288349848786e+03
8.792186209049837089e+02
1.259846034465464527e+03
1.140805464279751732e+03
1.723296838623711551e+02
1.723296838623711551e+02
1.723296838623711551e+02
2.975913139016100217e+02
9.076838855184231534e+02
1.505617237955453334e+02
1.044135945913336627e+03
1.044135945913336627e+03
7.930290789266226739e+02
2.600008321456171529e+02
1.195095359780325452e+03
1.044135945913336627e+03
3.396323489590091640e+02
3.396323489590091640e+02
3.396323489590091640e+02
3.141082610404171760e+02
1.856734909588714686e+02
2.081617622651991155e+02
1.030288383635637643e+02
1.030288383635637643e+02
1.137998815554373664e+02
1.925179664441267278e+02
1.680996836458146220e+02
1.030288383635637643e+02
1.851252231131407484e+02
1.851252231131407484e+02
1.851252231131407484e+02
1.848985199711671328e+02
1.733708329583782870e+02
1.221826472546728382e+03
1.142893038308375026e+03
1.142893038308375026e+03
1.144247497525297376e+03
1.220330231809702582e+03
1.731656118649052871e+02
1.142893038308375026e+03
4.069980172152058913e+02
4.069980172152058913e+02
4.069980172152058913e+02
4.098745225435127963e+02
2.626250890843761567e+02
1.803155772472431977e+02
1.174024513212455645e+02
1.174024513212455645e+02
1.163528875690273878e+02
1.815899783420626648e+02
2.649941044108113601e+02
1.174024513212455645e+02
1.076135978894674508e+03
1.076135978894674508e+03
1.076135978894674508e+03
9.043781056407306096e+02
6.715329292463014355e+00
2.908475618634254900e+01
1.080717797157983440e-01
1.080717797157983440e-01
1.814953862827841657e-01
2.444265150380353191e+01
3.998655849484540337e+00
1.080717797157983440e-01
1.936652190520988626e+01
1.936652190520988626e+01
1.936652190520988626e+01
3.157311597628181232e+01
3.215636372363456417e+02
2.760759505636303501e+01
5.584241849324770328e+02
5.584241849324770328e+02
4.583992275496842126e+02
4.500848447682726317e+01
3.917303983854692433e+02
5.584241849324770328e+02
2.258805724337609320e+02
2.258805724337609320e+02
2.258805724337609320e+02
2.511062885035719887e+02
1.021431443883636518e+02
3.127577156775151934e+01
1.679304280281063555e+01
1.679304280281063555e+01
1.414289691531189241e+01
3.476856302357150952e+01
1.212830869091879151e+02
1.679304280281063555e+01
1.174360034001255748e+01
1.174360034001255748e+01
1.174360034001255748e+01
8.873558640824992239e+00
1.077050472747763443e+01
8.572828248209165167e+02
5.905709421798275116e+02
5.905709421798275116e+02
7.862468451058672372e+02
6.477697807802242096e+02
8.090012906572983553e+00
5.905709421798275116e+02
1.844154353061507434e+00
1.844154353061507434e+00
1.844154353061507434e+00
2.396922854175976170e+00
1.763240875719195628e+02
5.867763850650250745e+00
6.472172072385731099e+02
6.472172072385731099e+02
5.610311877288349933e+02
7.626572717832651449e+00
2.034111222749800731e+02
6.472172072385731099e+02
8.195810539470923004e+02
8.195810539470923004e+02
8.195810539470923004e+02
8.383026675583543010e+02
1.423941921881764902e-03
3.464208578539255541e+02
7.311157520232383416e-04
7.311157520232383416e-04
6.018723587335296846e-04
3.543341172153868683e+02
1.729712876737904935e-03
7.311157520232383416e-04
1.169737335465882325e+03
1.169737335465882325e+03
1.169737335465882325e+03
1.098738667287923136e+03
1.025319537030883112e+03
9.212975474023320430e+02
7.562816025761513856e+02
7.562816025761513856e+02
8.075525557145894027e+02
8.653782423772140646e+02
9.602227088888212165e+02
7.562816025761513856e+02
4.491484485419593398e+01
4.491484485419593398e+01
4.491484485419593398e+01
7.291490016078473957e+01
7.934431219086128806e+00
2.291573717050813386e+01
7.242545707222419971e+00
7.242545707222419971e+00
4.048179193411290733e+00
3.720147967386976973e+01
1.419538958615594026e+01
7.242545707222419971e+00
2.048277947244186237e+02
2.048277947244186237e+02
2.048277947244186237e+02
2.132382724330981603e+02
7.405773082212134284e+01
6.867755470171690604e+02
2.651888052706373742e+02
2.651888052706373742e+02
2.483112151094656213e+02
7.149753840403876666e+02
7.909139806317254795e+01
2.651888052706373742e+02
3.451409690230790943e+02
3.451409690230790943e+02
3.451409690230790943e+02
4.209561485006605608e+02
6.788990752550132584e+02
5.155809537258342061e+02
1.211103612490607702e+03
1.211103612490607702e+03
1.014157877850080922e+03
6.288357280071591049e+02
8.107387819152005477e+02
1.211103612490607702e+03
4.041739099623809395e+00
4.041739099623809395e+00
4.041739099623809395e+00
3.431900505539447810e+00
8.685138785311126242e+01
1.481971003195396541e+01
3.010607801330206144e+02
3.010607801330206144e+02
3.184550887947413571e+02
1.258363518697797545e+01
8.210748549082377679e+01
3.010607801330206144e+02
5.119881569471406237e+02
5.119881569471406237e+02
5.119881569471406237e+02
6.979538858190221617e+02
3.248369479848280150e+01
6.803130304640089889e+02
9.127007159009106374e+01
9.127007159009106374e+01
4.316326569113468281e+01
9.274181770471934669e+02
6.868778583584173703e+01
9.127007159009106374e+01
5.619597324478960445e+02
5.619597324478960445e+02
5.619597324478960445e+02
5.457201946795933054e+02
6.246957031722118927e+02
3.478798343725069344e+02
3.766397059540601617e+02
3.766397059540601617e+02
3.867163876780360852e+02
3.378267871826052442e+02
6.084179865411741730e+02
3.766397059540601617e+02
4.454588294414995744e+02
4.454588294414995744e+02
4.454588294414995744e+02
4.012392047438517011e+02
4.535114864788348541e+02
1.086484949857315740e+01
9.968940336840571348e+00
9.968940336840571348e+00
1.106125576777646025e+01
9.786322066923210272e+00
4.087265538104633151e+02
9.968940336840571348e+00
5.207944892428719186e+02
5.207944892428719186e+02
5.207944892428719186e+02
6.058741748421653028e+02
1.368014811346105830e+02
1.032452233060429990e+03
3.522281546494518807e+02
3.522281546494518807e+02
2.712029362844033926e+02
1.201118978195871023e+03
1.776726089824669828e+02
3.522281546494518807e+02
3.240792530615389637e+02
3.240792530615389637e+02
3.240792530615389637e+02
1.699025137876650717e+02
1.370434051425181451e+03
1.312387057852513124e+02
3.969895041005625558e+02
3.969895041005625558e+02
5.549691613209409979e+02
6.880349731897182153e+01
9.803210203299604473e+02
3.969895041005625558e+02
6.247329454518812781e+02
6.247329454518812781e+02
6.247329454518812781e+02
5.725147514004708000e+02
6.691947645928223665e+02
1.193310120526064821e+02
1.172818750235189782e+02
1.172818750235189782e+02
1.278237190795278622e+02
1.093567502675055891e+02
6.140051104172467831e+02
1.172818750235189782e+02
1.254640469977571227e-01
1.254640469977571227e-01
1.254640469977571227e-01
1.106424858438077169e-01
9.079400581933492198e-01
4.065035122727330141e-01
2.630706014229942546e+00
2.630706014229942546e+00
2.941725788546452058e+00
3.584816541339370111e-01
8.119463006882537970e-01
2.630706014229942546e+00
9.703671407483465146e+02
9.703671407483465146e+02
9.703671407483465146e+02
1.072130856229247229e+03
7.546160511496655943e+01
2.786202681356638209e+02
2.608743834616219104e+01
2.608743834616219104e+01
2.166719354786168950e+01
3.078395527786946673e+02
9.085625079180626074e+01
2.608743834616219104e+01
2.117495454615313975e+02
2.117495454615313975e+02
2.117495454615313975e+02
2.183176344565748650e+02
3.743043444730088822e+02
5.322353439979033283e+02
9.614099292692219478e+02
9.614099292692219478e+02
9.408190279997257903e+02
5.487443244449042368e+02
3.824964234727012808e+02
9.614099292692219478e+02
4.464376946617019115e+01
4.464376946617019115e+01
4.464376946617019115e+01
4.720558939445969315e+01
5.700046451881786425e+01
1.116094236654254473e+03
1.499355953992052946e+03
1.499355953992052946e+03
1.425011612970446777e+03
1.180139734861491661e+03
5.997423815968209482e+01
1.499355953992052946e+03
6.387352101134325011e+01
6.387352101134325011e+01
6.387352101134325011e+01
2.720789160280897789e+01
4.508196314579448085e+02
5.646789538683967891e+01
2.545135239212192744e+02
2.545135239212192744e+02
3.985506886802120903e+02
2.405335344596155522e+01
2.878923467305596091e+02
2.545135239212192744e+02
2.659783999040779001e+00
2.659783999040779001e+00
2.659783999040779001e+00
2.414113464474208826e+00
9.916410243415815557e+02
2.409451387366353003e+00
8.838193575461597220e+02
8.838193575461597220e+02
8.983101044035500991e+02
2.186902785464871712e+00
9.756447453431633221e+02
8.838193575461597220e+02
1.405985049797662327e+02
1.405985049797662327e+02
1.405985049797662327e+02
1.290836413301713037e+02
6.453642121255118980e+01
8.703716974937911743e+01
3.566119313018606363e+01
3.566119313018606363e+01
3.995111789348407427e+01
7.990892082343938796e+01
5.760654274876210224e+01
3.566119313018606363e+01
1.844935696811731987e+02
1.844935696811731987e+02
1.844935696811731987e+02
1.493309015664538322e+02
6.536408883332385678e+00
1.566454836915621343e+02
3.390638424959518282e+00
3.390638424959518282e+00
5.549781127357683808e+00
1.267903881224607687e+02
3.993418589396767082e+00
3.390638424959518282e+00
1.262010575537895875e+03
1.262010575537895875e+03
1.262010575537895875e+03
1.339319712597592115e+03
9.466791225267622849e+02
1.175719254133594859e+03
9.423507899289137413e+02
9.423507899289137413e+02
8.819489261146756007e+02
1.247742296351603272e+03
1.011514150657642062e+03
9.423507899289137413e+02
3.188754531271585506e+02
3.188754531271585506e+02
3.188754531271585506e+02
3.136325922203704408e+02
5.003044492104974665e+02
3.755644225719866540e+02
5.820743112197196751e+02
5.820743112197196751e+02
5.892474624034749695e+02
3.693894975039920041e+02
4.942140378280639652e+02
5.820743112197196751e+02
1.243163300367405464e-03
1.243163300367405464e-03
1.243163300367405464e-03
9.103348172023093508e-04
2.473900088075467352e+02
1.334404643513636881e-03
2.067024617163121434e+02
2.067024617163121434e+02
2.655470736741556834e+02
9.771483817676166004e-04
1.925689600604958684e+02
2.067024617163121434e+02
8.175965668846152994e+02
8.175965668846152994e+02
8.175965668846152994e+02
7.678691661552627465e+02
3.087907718997351947e-01
9.025416647427571206e+02
2.649419891233884550e-01
2.649419891233884550e-01
3.408729300191880585e-01
8.476477808207450835e+02
2.400062725000108033e-01
2.649419891233884550e-01
1.585546676086375939e+01
1.585546676086375939e+01
1.585546676086375939e+01
2.786859376715610992e+01
7.737004960623137606e+01
2.561267707524145720e+01
1.600812090445254796e+02
1.600812090445254796e+02
1.249823878254506724e+02
4.501849762386756737e+01
9.909789131327765688e+01
1.600812090445254796e+02
1.111466889854335278e+02
1.111466889854335278e+02
1.111466889854335278e+02
1.124395577746254844e+02
9.782523164574500996e+00
3.870970892251306168e+02
3.470213897288301297e+01
3.470213897288301297e+01
3.407016688351809819e+01
3.915998391461095025e+02
9.963980497164429906e+00
3.470213897288301297e+01
1.116004156037093708e+03
1.116004156037093708e+03
1.116004156037093708e+03
1.116813710264479369e+03
8.884992255506357424e+02
4.440016534771231136e+02
3.537845908492890885e+02
3.537845908492890885e+02
3.534889391975648323e+02
4.443237341912446823e+02
8.892423499725367719e+02
3.537845908492890885e+02
1.500533783302573276e+01
1.500533783302573276e+01
1.500533783302573276e+01
2.789008383447674078e+01
1.109603999224719246e+03
6.002135133210294571e-01
5.912099465280351041e+01
5.912099465280351041e+01
4.438415996898877580e+01
1.115603353379070128e+00
1.478024866320087085e+03
5.912099465280351041e+01
5.315879746571689566e+02
5.315879746571689566e+02
5.315879746571689566e+02
3.998732871198022849e+02
3.062226765328579745e+02
6.013044303499126499e+02
2.451011998944295556e+02
2.451011998944295556e+02
3.463830275535606802e+02
4.523156854305960337e+02
2.166836694718869296e+02
2.451011998944295556e+02
