2.204690415631445521e+00
2.381857376991849851e+00
2.265369892941264229e+00
2.328556375859409222e+00
2.187427783666525904e+00
2.260326451272699266e+00
2.385125302833069227e+00
2.443636744669588801e+00
2.421100115468074243e+00
2.458715237976425438e+00
2.444586840525622584e+00
2.455930061037392420e+00
2.433104343249673285e+00
2.470807468617162161e+00
2.366421372526964717e+00
2.404203061058689528e+00
2.373120105153279980e+00
2.418304176389043825e+00
2.164974938138701344e+00
2.421565243964314718e+00
2.363011183552531147e+00
2.396462569818325949e+00
2.371617978880851130e+00
2.344086119935067547e+00
2.424656739425571139e+00
2.412371685171819102e+00
2.463923604662625166e+00
2.397799257877359924e+00
2.414123205675505091e+00
2.405770173617668206e+00
2.429511166783053344e+00
2.332135255088730208e+00
2.439736610847475173e+00
2.428136471771617177e+00
2.434487933865234766e+00
2.417982426234766002e+00
4.818722793143547789e-01
4.149161345745387974e-01
4.012468334281482640e-01
4.207826668356260957e-01
2.435259602366119935e+00
5.923443058740027745e-01
2.396002551873123831e+00
2.399920368800378068e+00
2.425626580411259337e+00
3.731848400207903871e-01
2.341290393258231184e+00
2.376140554952498096e+00
1.802853483834530479e+00
1.710714432922426420e+00
2.150558929086341386e+00
1.734863038779921762e+00
2.211685253146265406e+00
1.811054210003455012e+00
2.324310978696719765e+00
2.058244977368470785e+00
2.349287453081092991e+00
2.054160893290130740e+00
2.290487864459732403e+00
2.293609091667677458e+00
2.456623108534577327e+00
2.449693128915812590e+00
2.444534310213579698e+00
2.474433660238175126e+00
2.461057271885665809e+00
2.457172631252709127e+00
2.470953986683373849e+00
2.473681987915262948e+00
2.442976761128658580e+00
2.462468891868617504e+00
2.465851111809272300e+00
2.466285333431258664e+00
2.443182443347723609e+00
2.433465546326606166e+00
2.457006456010385698e+00
2.452050782031637066e+00
2.454542234250248089e+00
2.431271066733205366e+00
2.464927222738265034e+00
2.445627315257859813e+00
2.451188371218716799e+00
2.448516955779089344e+00
2.466064820413172765e+00
2.458869805363297800e+00
2.366948829091303441e+00
2.340770374532548104e+00
2.212340345527386454e+00
2.378148404610654687e+00
8.865617465179816969e-01
2.332202692956332424e+00
3.974849696212569561e-01
6.636050085113109898e-01
3.303125910021185718e-01
2.109818979035900544e+00
4.140332441145811448e-01
3.356364907074307347e-01
2.381626090059824730e+00
2.358346854979199492e+00
2.435313106197086519e+00
2.277634715160090195e+00
2.281725782697201943e+00
2.377158540848356427e+00
2.270121730746454514e+00
2.034200009615921623e+00
2.349600486760969886e+00
2.346696106881676069e+00
2.237549744317148814e+00
2.228265019260818214e+00
1.954095653979856628e+00
1.883259992530792237e+00
1.795014338152390643e+00
1.992566388013164991e+00
2.452743170562284192e+00
1.932845109843739362e+00
2.451509665293614582e+00
2.459436385680936699e+00
2.419312506069432267e+00
1.735114630448298279e+00
2.446002847083030840e+00
2.443345720565499590e+00
2.468551408328806485e+00
2.463587722083562248e+00
2.472406613208437687e+00
2.481569888792909406e+00
2.457834088970544784e+00
2.474539097634019580e+00
2.482166254352118351e+00
2.476436832972439994e+00
2.465281121524943053e+00
2.484850717624115024e+00
2.474460315414847233e+00
2.479332391020644177e+00
2.382803496490712547e+00
2.362176549354267685e+00
2.240465983023982144e+00
2.412124247710704772e+00
2.294620274109381297e-01
2.400304568970533126e+00
1.239107744944424605e-01
2.345551581596157786e-01
1.025537177561198360e-01
2.301878624415278018e+00
8.937001093099017357e-02
1.051378980374715888e-01
2.256400237475031378e+00
2.018300393641971890e+00
2.326894741048119997e+00
2.292781396454105280e+00
2.379077872980993380e+00
2.183667104239642942e+00
2.425391782027533694e+00
2.275442486538284736e+00
2.266631527062511253e+00
2.113136479205759866e+00
2.380447068295060475e+00
2.342160548061110070e+00
2.483406778288193006e+00
2.467841662877238829e+00
2.470262496271506514e+00
2.462765395394558077e+00
2.304231434791752520e+00
2.486403827040173375e+00
2.136587003749610858e+00
2.111277198005443445e+00
2.009040807106107884e+00
2.395812341253413358e+00
1.778813967152245379e+00
1.877155980291331572e+00
7.128356439843097463e-03
1.010142897159158927e-02
1.730307023603949376e-02
7.103191754321490706e-03
2.310758262581075861e+00
8.515385076804804151e-03
2.423850246281666010e+00
2.371981615448146563e+00
2.451421070766884203e+00
2.909627880012633297e-02
2.435531547216345238e+00
2.445834352834273862e+00
2.359872925512655595e+00
2.405335205236950546e+00
2.345366849394448838e+00
2.337011815095864975e+00
2.400495653973792720e+00
2.320998215535203357e+00
2.335320106879349211e+00
2.399016936985510107e+00
2.404832593643329020e+00
2.343935835256238498e+00
2.413262989280919424e+00
2.388500173420917250e+00
2.042420873358395728e+00
2.303599441225903544e+00
2.051440937847898827e+00
1.957769664011330679e+00
2.149652387838015155e+00
2.158026890096683026e+00
2.195575588869544958e+00
2.371773039873396272e+00
2.397298849428918022e+00
2.330345734674486913e+00
2.326355349743546519e+00
2.374629501064642323e+00
2.470253440017506019e+00
2.392917884361878134e+00
2.470647161982441276e+00
2.458640206754291846e+00
2.405796191856553801e+00
2.466033759440378503e+00
2.381379404544264666e+00
2.105048789328672232e+00
2.147466146534733333e+00
2.335300943868125589e+00
2.151855941178439036e+00
2.109608094232769737e+00
2.371159431286308461e+00
2.113753045165148059e+00
2.373245225117144308e+00
2.403531902766335104e+00
2.154337749621329859e-02
2.316480351129910797e+00
1.616999320164904524e-02
4.748027937692800293e-03
4.501139054880754810e-03
2.094820040559580043e+00
7.037045451742087766e-03
4.830726760360607407e-03
2.427799490508419922e+00
2.469607469931720090e+00
2.428574795673143605e+00
2.408664457747980325e+00
2.408436038014203362e+00
2.434773051691699663e+00
2.396522602355226184e+00
2.455632369512416258e+00
2.465444258687122137e+00
2.465532498318658394e+00
2.451375564617596314e+00
2.456113169222769788e+00
2.452374876820028859e+00
2.466556476758113625e+00
2.438606225770601821e+00
2.450888222625409174e+00
1.805889874785994609e+00
2.451673432519328344e+00
1.650993829967982274e+00
1.957787766715904043e+00
1.847719942476089949e+00
2.454820366599758774e+00
1.846890689029688781e+00
1.839672622533087276e+00
2.065068359409137244e+00
1.136981556966336848e+00
2.001820592790282571e+00
2.064142179544071087e+00
2.482218605814674461e+00
2.060727166525921028e+00
2.478464152844840562e+00
2.399561793275302168e+00
2.383609726315191413e+00
1.024870728301746858e+00
2.383373158480252219e+00
2.382027568078583180e+00
2.459616087890028169e+00
2.420983739809725144e+00
2.442543980968713058e+00
2.435098560049647087e+00
2.460219431726257788e+00
2.459083489481928009e+00
2.408180484868783999e+00
2.374388554986786914e+00
2.388407841216616312e+00
2.321234060518106546e+00
2.325845650433961076e+00
2.323675309452756466e+00
2.249977808229133736e+00
2.433902716110901920e+00
2.200098803345500897e+00
2.334959637611945471e+00
2.265582521807269600e+00
2.246143368254425177e+00
2.310257430354680785e+00
2.459752382551791960e+00
2.423634726373909754e+00
2.447323036722252265e+00
2.451677514575876238e+00
2.450868874515800933e+00
7.483322437420804329e-02
2.881394555375138000e-01
7.620377062010480484e-02
8.236822147186535770e-02
1.839911267312332344e+00
7.795895805874203388e-02
1.923786374143463540e+00
2.331464695847552449e+00
2.314866058194016141e+00
3.314276310528653791e-01
2.327694822846533729e+00
2.334344608291162082e+00
2.417737285110332035e+00
2.339906355500682267e+00
2.418655540452498975e+00
2.431648513999084660e+00
2.430587806183195809e+00
2.421962640042127912e+00
2.445923532407134893e+00
2.392397956356805633e+00
2.372475004296097367e+00
2.374377853396029803e+00
2.387899320836348593e+00
2.393589824293154589e+00
2.419757634683510794e+00
2.085769894574736050e+00
2.421770464844880344e+00
2.337324196923894259e+00
2.466892416541087929e+00
2.423370771250252798e+00
2.431685574003918049e+00
2.131796260649258201e+00
2.326448041488165863e+00
1.802622790129347230e+00
2.125293359617340005e+00
2.140194013401617745e+00
2.424377296259758729e+00
2.447061389589122893e+00
2.425417193643338631e+00
2.439356957313007612e+00
2.389586253676940775e+00
2.427110536299937671e+00
2.415468086979456697e+00
2.439928038210902095e+00
2.426203372204004616e+00
2.459746389580018899e+00
2.438523583566355235e+00
2.440758026605389208e+00
2.324431931341281121e+00
2.453660612070296843e+00
2.327959861350187065e+00
2.322573815152379151e+00
2.316761379025919609e+00
2.269193270682858810e+00
2.261587812081730764e+00
2.434416970992684170e+00
2.436505292791712574e+00
2.438620014931464297e+00
2.451999292821519294e+00
2.435788163410826712e+00
2.447734420774667186e+00
2.399482949008260313e+00
2.448385189446039778e+00
2.446964669480592658e+00
2.435545882272367901e+00
2.455106747242136400e+00
2.444481565799459855e+00
2.392043929020788884e+00
2.394874991318163282e+00
2.413242430493485191e+00
2.376357034102627885e+00
2.393358863245922841e+00
2.393314089291863844e+00
2.288659581285950484e+00
2.394945517135214974e+00
2.432854171036119784e+00
5.793900726458492967e-01
2.426366445117089210e+00
8.234345973093978310e-01
4.729283048534785316e-01
4.464557114427610829e-01
2.407789771456956718e+00
3.474827640113182792e-01
4.791831865062128326e-01
1.765507998957673852e+00
2.285998764975616382e+00
1.771089931688126562e+00
1.680854447040754929e+00
2.384789470398986921e+00
1.728485626184431467e+00
2.302964870024905686e+00
2.452276451032832760e+00
2.471478600197631437e+00
2.239313939810667620e+00
2.455923674566324433e+00
2.452771038808730708e+00
2.043064389718085128e+00
2.360197608904265110e+00
2.158503822180858123e+00
1.966666724126237442e+00
1.847966393964151077e+00
2.107987165867805324e+00
2.044403644769674955e+00
2.307476360466916177e+00
2.368405681006803043e+00
2.397611346278484490e+00
2.332627068504014023e+00
2.359242401393719213e+00
2.436932126768681872e+00
2.342434591163691682e+00
2.448390355394051365e+00
2.472111873755377776e+00
2.433023311389228116e+00
2.420547383654531259e+00
2.469294652571067950e+00
2.404583356287978813e+00
2.328342665273970269e+00
2.426683386118428487e+00
2.438031177691886153e+00
2.421922814867225160e+00
1.388034189481885283e+00
8.508872815584203053e-01
1.204037504620574017e+00
1.335059546501909278e+00
2.463998422957540679e+00
1.222392511192686770e+00
2.419374719022985065e+00
2.358477426516519149e+00
2.353976471309239482e+00
5.313934664445884026e-01
2.354344909133772479e+00
2.313284597427507805e+00
2.376086440597692917e+00
2.461743359667359687e+00
2.352856089804794770e+00
2.355283980376763786e+00
1.721983339127877808e-04
2.398250940550830101e+00
1.778639835443433282e-04
7.156117401734209300e-04
5.926517634642331596e-04
2.456158437738842792e+00
4.858776100256494168e-04
5.972117695584138993e-04
2.328320500408511240e+00
2.410579564940096731e+00
2.262725682121577098e+00
2.365074751090005201e+00
2.313159189701303742e+00
2.343627981143122430e+00
2.313957224500430954e+00
2.430862393721199055e+00
2.375895677327805711e+00
2.411049616523937900e+00
2.393146781928960909e+00
2.402915164333384812e+00
2.413055674537111006e+00
2.178795987582148541e+00
2.394583194231514778e+00
2.386348641174584007e+00
2.076478515336118491e+00
2.419439518862309679e+00
1.958915772615561712e+00
1.298713007918633977e+00
1.286383425242800360e+00
2.048685666304054909e+00
1.123875694537370240e+00
1.172856841013126594e+00
2.423545976853180850e+00
2.391839912840679094e+00
2.448178525523394544e+00
2.409492157341259766e+00
2.360357906091823388e+00
2.413164015913641602e+00
2.371962235219106319e+00
2.241512408905673936e+00
2.347700260979844522e+00
2.401101602791160250e+00
2.341271506747777842e+00
2.320544480501693041e+00
2.382164105591305425e+00
2.478535610384247523e+00
2.405423312663705904e+00
2.337789480835307021e+00
2.421753026779837725e+00
2.361953066404775647e+00
2.396867055708783223e+00
2.476529209218023997e+00
2.486759649954223939e+00
2.471737928208466606e+00
2.484126622178786992e+00
2.481266513433768583e+00
1.615325771143970801e+00
2.156760285469667693e+00
1.337115671297302910e+00
1.639025538333436671e+00
2.369411118303323072e+00
1.572025199031507059e+00
2.314478624815975216e+00
2.463860264523456411e+00
2.433625495666266847e+00
1.984209030308581090e+00
2.447377393899251352e+00
2.443374140503973724e+00
2.478495888090939570e+00
2.447846223666362064e+00
2.471672958416244903e+00
2.449529631431695886e+00
2.334837562177709547e+00
2.476403552016588350e+00
2.187536584748619006e+00
1.975436241680961436e+00
1.996364209150839120e+00
2.328871808773006702e+00
1.894303681013663310e+00
1.850270637506346016e+00
2.404224443921991305e+00
1.935165212782460786e+00
2.419226588896094654e+00
2.416281271428089017e+00
2.409752753344742260e+00
2.417631440046214220e+00
2.442952650955075633e+00
2.076167449811459509e+00
2.090782076486759955e+00
2.116714922521278464e+00
2.084946464795092158e+00
2.136285792390144156e+00
2.454075379014066360e+00
2.460998341063030281e+00
2.458715857976850661e+00
2.463329904087979472e+00
2.454613289546319077e+00
2.459385294980233283e+00
2.471248547519858008e+00
2.472845786154140413e+00
2.469380964441903803e+00
2.475289966536146302e+00
2.472393999457889180e+00
2.475606925112740164e+00
2.384139504785134367e+00
2.463645938246381117e+00
2.428492839175644846e+00
2.336731991094231908e+00
2.276638681261518027e+00
2.357345518900361814e+00
2.260338709694756698e+00
2.373863147898783499e+00
2.444941869173691718e+00
2.460539587584409382e+00
2.436879336352779202e+00
2.421882373890763329e+00
2.393343702364441050e+00
2.260283643625087713e+00
2.420333986281201444e+00
2.437966935610613284e+00
2.451568076028243670e+00
2.418758884751890381e+00
2.487742536437151042e+00
2.460931065636939419e+00
2.436256604441808804e+00
2.418498491806784223e+00
2.461714252356502097e+00
2.471034556839827534e+00
2.406347564374229808e+00
2.273704724592820803e+00
2.393180697901684084e+00
2.421699627509442898e+00
2.410150473121200232e+00
2.426526816849455592e+00
2.432779232555934090e+00
2.354908496497270409e+00
2.303653004485824329e+00
2.327913813270438670e+00
2.291468962344472615e+00
2.334700712994378868e+00
3.505101388548792496e-02
1.219291006361853391e-01
3.221948833359863928e-02
3.560682516601629960e-02
2.332560903931285845e-01
2.891776138385248468e-02
1.854391870861480385e-01
5.983276508002263183e-01
5.479319979732556467e-01
9.479313264141647766e-02
6.501144973250467807e-01
5.608444944018950995e-01
2.357124312589262694e+00
2.431908594162870418e+00
2.412372098707748602e+00
2.325922447041813612e+00
1.832815409642271076e+00
2.388592707122656922e+00
2.114556796283592277e+00
2.192013797430518718e+00
2.318694887961894047e+00
2.460445091323965716e+00
2.251545269036338226e+00
2.304337188290081606e+00
2.430520573394392869e+00
2.463478663586138317e+00
2.401294159301948561e+00
2.422152945903376153e+00
2.451300572575838554e+00
2.415383035695968683e+00
2.405404039759226009e+00
2.465037025803385351e+00
2.455413969403207108e+00
2.428656643412133498e+00
2.459070841057422463e+00
2.450025676828070154e+00
2.453079311350265357e+00
2.434351193165922300e+00
2.475214746365075769e+00
2.446098795965370165e+00
2.460139837574409682e+00
2.427804041390137169e+00
2.462494212283611539e+00
2.401492907165791113e+00
2.454357181987359304e+00
2.438330218793552717e+00
2.465932595033012653e+00
2.447432770077222042e+00
1.932880154627403924e+00
1.738110277976475881e+00
1.703004817233384260e+00
2.085869925175582562e+00
2.319466443199830419e+00
1.945474500764477810e+00
2.392112355759634212e+00
2.398670545322154624e+00
2.116749243820965187e+00
1.710171282499099998e+00
2.337111190357109347e+00
2.341464846537921307e+00
2.412948940935358277e-01
1.691925090111776608e-01
3.317792341002421264e-01
2.433989818218784684e-01
2.364820712521937818e+00
2.480782767355792506e-01
2.414602503957894886e+00
2.326546821567467838e+00
2.365532716504507249e+00
2.446281306952232948e-01
2.372883356294977819e+00
2.376540530843191501e+00
2.480423048584437851e+00
2.472786281214610415e+00
2.458414170630230711e+00
2.483260261511450295e+00
2.470852510285971970e+00
2.480896405466275212e+00
2.448385425225805712e+00
2.466175795409137450e+00
2.416928297901099754e+00
2.451843579566357345e+00
2.426929935995325582e+00
2.428659517864963480e+00
2.363654843505253567e+00
2.309784899020776994e+00
2.395681788987326311e+00
2.417482523213958956e+00
1.158619268885715314e+00
2.367140087174607999e+00
1.424268047596696452e+00
1.029477530547270536e+00
1.129272044371200767e+00
2.413623903915897095e+00
1.185944018711091008e+00
1.203014836344689531e+00
2.386916928439186236e+00
2.332147019518608477e+00
2.302423154690226070e+00
2.346052987124284783e+00
2.363925395846372179e+00
2.390640419445832610e+00
2.193529950982021415e+00
2.237770123811815726e+00
2.165808984807025883e+00
2.126031919211454735e+00
2.046196425141034059e+00
2.059066370804524482e+00
2.045555569426977804e+00
2.112523570264809525e+00
2.254050410676024629e+00
2.110635344129593527e+00
2.148893100029714009e+00
2.035290489997308327e+00
2.339307038355631807e+00
2.241206828104929549e+00
2.339884564596521610e+00
2.320701437988987870e+00
2.368647026285287893e+00
2.365199062203925617e+00
2.602947279539102573e-04
3.051270507108101520e-04
1.579538000529662428e-04
2.740261995196324458e-04
2.375935390449873896e+00
2.513328263283131736e-04
2.328611010821237670e+00
2.408248928493552210e+00
2.323367969004876077e+00
1.882213206240136662e-04
2.357105761739174188e+00
2.352311015482391188e+00
2.448186244615534246e+00
2.455207347948423102e+00
2.469311941054431525e+00
2.457891194103670074e+00
9.530712940224504715e-02
2.446603708633238838e+00
1.548975543239171637e-01
1.076424776425113222e-01
1.764617236301071479e-01
2.477846125407387134e+00
1.831090416534323917e-01
1.779617686721937930e-01
2.360003413479242251e+00
2.380953806254764604e+00
2.299526381492186022e+00
2.297406184095582393e+00
2.445733065737376588e+00
2.356707536578859230e+00
2.336889993481996886e+00
2.403776290535531324e+00
2.431535494153576504e+00
2.248394804901828525e+00
2.364363814037264699e+00
2.361164553056716020e+00
2.341595842081397372e+00
2.268043659780620835e+00
2.399458653325945878e+00
2.338879249271967442e+00
1.645952049689940688e+00
2.297975363788787639e+00
1.760549112553702056e+00
1.234480510595161729e+00
1.535323113035401255e+00
2.307511593464363742e+00
1.682170500937558488e+00
1.532026644122465475e+00
2.458863993388945790e+00
2.442042709108936283e+00
2.442339794634160288e+00
2.458373524337324145e+00
2.451856962032000098e+00
2.466331438922906738e+00
2.444057946363913825e+00
2.443769509543404439e+00
2.422301017882961371e+00
2.432708425836693333e+00
2.404321398894704309e+00
2.421373389225758288e+00
1.247326393310282722e+00
1.650384256854507736e+00
1.613914167977341663e+00
1.113168987323783998e+00
2.431746646015017443e+00
1.518862595877512156e+00
2.453241705469005218e+00
2.456105762642546431e+00
2.487412443605153012e+00
2.041447886957538316e+00
2.462584392932407162e+00
2.475804668243215989e+00
2.284624936854867450e+00
2.396963071846489157e+00
2.178676116033372967e+00
2.376969386487707503e+00
2.209020727255960104e+00
2.278857779295626163e+00
2.238524825595053613e+00
2.417690406411651782e+00
2.281821931616773380e+00
2.409472876209264314e+00
2.378354911299496610e+00
2.374960221496168256e+00
