1.012282982218327447e+03
1.012282982218327447e+03
1.012282982218327447e+03
8.341187749755371215e+02
9.240510979718841327e+02
1.829427076298182442e+02
1.368401974204448948e+02
1.368401974204448948e+02
1.669971863804610166e+02
1.507443569232898426e+02
7.571824257264615881e+02
1.368401974204448948e+02
5.960461721753538455e+01
5.960461721753538455e+01
5.960461721753538455e+01
7.352652295023180784e+01
2.385064549702200765e+01
2.478297242202787061e+02
1.375494080311642051e+02
1.375494080311642051e+02
9.916847338235466225e+01
3.057155427930691758e+02
3.308150319736860467e+01
1.375494080311642051e+02
4.322057076624074057e+02
4.322057076624074057e+02
4.322057076624074057e+02
4.494401830280110062e+02
3.485647890343824429e+02
9.406830107946512953e+02
7.953158780045779395e+02
7.953158780045779395e+02
7.586410114277740604e+02
9.781933395315535336e+02
3.654154034075087338e+02
7.953158780045779395e+02
3.432045989772075423e+00
3.432045989772075423e+00
3.432045989772075423e+00
5.676821550072472355e+00
1.138848711224003637e+03
1.402662274080761051e+00
5.884870988627404813e+02
5.884870988627404813e+02
4.654425167611144047e+02
2.320092285681792710e+00
1.439915241898194381e+03
5.884870988627404813e+02
9.176801797107982850e+01
9.176801797107982850e+01
9.176801797107982850e+01
1.204716485843805032e+02
4.052373513024174372e+02
8.806021926517762211e+01
4.417834142933710382e+02
4.417834142933710382e+02
3.888641249871683385e+02
1.156041072274358328e+02
4.603848212109868427e+02
4.417834142933710382e+02
3.747755334151649436e+02
3.747755334151649436e+02
3.747755334151649436e+02
3.308792226089998394e+02
4.371733393433480614e+02
3.319440438820033705e+02
3.435549676747086778e+02
3.435549676747086778e+02
3.872106719898225720e+02
2.930644543108281823e+02
3.878846409230582140e+02
3.435549676747086778e+02
1.521804483983419054e+01
1.521804483983419054e+01
1.521804483983419054e+01
1.372188778006556120e+01
2.244817263901706994e+01
3.195789416365181523e+02
4.291798388948286060e+02
4.291798388948286060e+02
4.714116254193584155e+02
2.881596433813767817e+02
2.043713518546802987e+01
4.291798388948286060e+02
8.750587867303303256e+02
8.750587867303303256e+02
8.750587867303303256e+02
8.575245289889185187e+02
1.160980284538282348e+01
1.658693521115700150e+03
2.004865310893682917e+01
2.004865310893682917e+01
2.200664121438236265e+01
1.625456943008844519e+03
1.057684849054147769e+01
2.004865310893682917e+01
2.029501573194479818e+02
2.029501573194479818e+02
2.029501573194479818e+02
2.644847883119951462e+02
5.398676393180703315e+01
2.931502272392026498e+02
1.261689834539729134e+02
1.261689834539729134e+02
7.798088123483239542e+01
3.820335831173262591e+02
8.734775777582740375e+01
1.261689834539729134e+02
3.239078066309418347e+01
3.239078066309418347e+01
3.239078066309418347e+01
2.240891381767491453e+01
1.056403922002115451e+03
3.666209239888683413e+01
1.046007220250435239e+03
1.046007220250435239e+03
1.195709933694702158e+03
2.536393542000567081e+01
9.241423013863069400e+02
1.046007220250435239e+03
1.423054334599314188e+03
1.423054334599314188e+03
1.423054334599314188e+03
1.097449534238969363e+03
9.091963235839164099e+02
8.214378679394412757e+02
3.960473483092948186e+02
3.960473483092948186e+02
5.248206420687650962e+02
6.334871295200550776e+02
6.861101949583556916e+02
3.960473483092948186e+02
3.140204318867614006e+02
3.140204318867614006e+02
3.140204318867614006e+02
2.893911772967799152e+02
9.266080359482578022e-01
3.725666141029372369e+01
7.967459328252626816e-02
7.967459328252626816e-02
1.099365466379289141e-01
3.433454645893998247e+01
6.715430005241499467e-01
7.967459328252626816e-02
9.374609378755347677e+01
9.374609378755347677e+01
9.374609378755347677e+01
6.339613626270976710e+01
4.184324205141392099e+02
2.594368642027642409e+02
9.521831446890906818e+02
9.521831446890906818e+02
1.157987396306572009e+03
1.754451212851735704e+02
3.440661783330328944e+02
9.521831446890906818e+02
8.383390858940864518e+02
8.383390858940864518e+02
8.383390858940864518e+02
1.208935984163320882e+03
3.395450208458767349e+01
4.309219600390161986e+02
3.651667390375473587e+01
3.651667390375473587e+01
1.745324873506843133e+01
6.214156927942302673e+02
7.104152923094103755e+01
3.651667390375473587e+01
5.868818197033806583e-02
5.868818197033806583e-02
5.868818197033806583e-02
6.597008833841762343e-02
4.421044328904023359e+02
1.799770913757034116e-02
1.371033005296337706e+02
1.371033005296337706e+02
1.355786927530567425e+02
2.023082709044807595e-02
4.470759799879362504e+02
1.371033005296337706e+02
7.019284790467430923e+01
7.019284790467430923e+01
7.019284790467430923e+01
7.619530269143187695e+01
1.218781177220939327e+02
5.551616152460609328e+02
1.033018221737881731e+03
1.033018221737881731e+03
9.639451128929240440e+02
6.026355758322343945e+02
1.306114993001919231e+02
1.033018221737881731e+03
8.339186405023324369e+02
8.339186405023324369e+02
8.339186405023324369e+02
8.538461191310490221e+02
1.348224796816113439e+03
1.892084310383444858e+02
3.109795453123949187e+02
3.109795453123949187e+02
3.058997438154206634e+02
1.937297917356162031e+02
1.370613551562036719e+03
3.109795453123949187e+02
5.907046036048062660e+02
5.907046036048062660e+02
5.907046036048062660e+02
6.812164302959049564e+02
8.285236567268478325e+01
9.773476168734067642e+02
1.856640648393141930e+02
1.856640648393141930e+02
1.370830050220784813e+02
1.127103548307770552e+03
1.122145446831019768e+02
1.856640648393141930e+02
4.332947810172969128e+01
4.332947810172969128e+01
4.332947810172969128e+01
2.431450748175652521e+01
2.046481412323685259e-02
2.317185133266414141e+02
4.869186939801870007e-02
4.869186939801870007e-02
1.094422668329623066e-01
1.300297574024370704e+02
9.104983708572602155e-03
4.869186939801870007e-02
8.860275255872338676e+02
8.860275255872338676e+02
8.860275255872338676e+02
9.552719344027991610e+02
6.070153306499528298e+02
6.008692414901930761e+02
4.485549581877886567e+02
4.485549581877886567e+02
4.116540748085884047e+02
6.478280934455764282e+02
6.614284976667393039e+02
4.485549581877886567e+02
4.600580891762672877e+02
4.600580891762672877e+02
4.600580891762672877e+02
4.680450303595240484e+02
1.266791046650764230e+01
4.859768547636627432e+02
1.370314644441227614e+01
1.370314644441227614e+01
1.338159556321229893e+01
4.944137644642861460e+02
1.297231196737695491e+01
1.370314644441227614e+01
1.057183838553144017e+00
1.057183838553144017e+00
1.057183838553144017e+00
1.073202532437200762e+00
6.556815041830959956e+01
1.661288889154940662e+00
1.035095670023095096e+02
1.035095670023095096e+02
1.030356649430578955e+02
1.686461122401315516e+00
6.586972445601512050e+01
1.035095670023095096e+02
4.219725864122492567e+02
4.219725864122492567e+02
4.219725864122492567e+02
4.871194229151503805e+02
4.313469771600431955e+02
4.652518260442745941e+02
5.490503672441276422e+02
5.490503672441276422e+02
4.755876927662011440e+02
5.370803893679861858e+02
4.979759144772320383e+02
5.490503672441276422e+02
4.760894661229024791e+02
4.760894661229024791e+02
4.760894661229024791e+02
3.837890744005087527e+02
5.437880682286931915e+02
4.945783774286463768e+02
4.637494558025857714e+02
4.637494558025857714e+02
5.649060514608751191e+02
3.986935044743149206e+02
4.464130275482835373e+02
4.637494558025857714e+02
5.869041397919534386e-01
5.869041397919534386e-01
5.869041397919534386e-01
4.284628017860112048e-01
5.301623513202260085e+01
4.751128750696765324e-01
3.198065473960757998e+01
3.198065473960757998e+01
4.291790463068494432e+01
3.468508395410566103e-01
3.950551467833878405e+01
3.198065473960757998e+01
1.054380630810139792e+03
1.054380630810139792e+03
1.054380630810139792e+03
1.022117579987007275e+03
1.362467076980647789e+03
9.547541145131184521e+02
1.200926590079273410e+03
1.200926590079273410e+03
1.233730030336807886e+03
9.255395409331172232e+02
1.326240669044067545e+03
1.200926590079273410e+03
1.814042225579633225e+02
1.814042225579633225e+02
1.814042225579633225e+02
3.132626234687295437e+02
9.555145446114022434e+02
1.584900049716942476e+02
1.099182403518096862e+03
1.099182403518096862e+03
8.348179705552246332e+02
2.736926078726795595e+02
1.258100341376134111e+03
1.099182403518096862e+03
3.575341425145169865e+02
3.575341425145169865e+02
3.575341425145169865e+02
3.306628970180289571e+02
1.954536419571308272e+02
2.191338292830908472e+02
1.084554741420058548e+02
1.084554741420058548e+02
1.197941676511446474e+02
2.026643562368564062e+02
1.769536683369569801e+02
1.084554741420058548e+02
1.948839553161763831e+02
1.948839553161763831e+02
1.948839553161763831e+02
1.946451995304243781e+02
1.825088272809776129e+02
1.286234105086765339e+03
1.203131857153607370e+03
1.203131857153607370e+03
1.204558260054452148e+03
1.284658316900801083e+03
1.822927056293343924e+02
1.203131857153607370e+03
4.284343778395241316e+02
4.284343778395241316e+02
4.284343778395241316e+02
4.314624573438674133e+02
2.764552243442868757e+02
1.898126990428270631e+02
1.235850099620437561e+02
1.235850099620437561e+02
1.224801626841776994e+02
1.911542532536121541e+02
2.789490224857559042e+02
1.235850099620437561e+02
1.132846017897179991e+03
1.132846017897179991e+03
1.132846017897179991e+03
9.520281843199619516e+02
7.068945188182794936e+00
3.061745994316700248e+01
1.137626248734773388e-01
1.137626248734773388e-01
1.910525726535890201e-01
2.573049146810708265e+01
4.209217120318662353e+00
1.137626248734773388e-01
2.038632446324285752e+01
2.038632446324285752e+01
2.038632446324285752e+01
3.323569352093746687e+01
3.385034995775471884e+02
2.906135614972918901e+01
5.878464989409226291e+02
5.878464989409226291e+02
4.825475419509715493e+02
4.737854182771937417e+01
4.123699320928860743e+02
5.878464989409226291e+02
2.377758226604290428e+02
2.377758226604290428e+02
2.377758226604290428e+02
2.643303484473528329e+02
1.075217993911890630e+02
3.292280621452094636e+01
1.767733106537452414e+01
1.767733106537452414e+01
1.488763376185694653e+01
3.659958670809500347e+01
1.276696132499271101e+02
1.767733106537452414e+01
1.236261845567237394e+01
1.236261845567237394e+01
1.236261845567237394e+01
9.341117345286098939e+00
1.133814771157160095e+01
9.024711472640838110e+02
6.216860643169848117e+02
6.216860643169848117e+02
8.276847829447269760e+02
6.819015662058850467e+02
8.516247456397044502e+00
6.216860643169848117e+02
1.941263856557529754e+00
1.941263856557529754e+00
1.941263856557529754e+00
2.523140048469329599e+00
1.856112104928934912e+02
6.176748634501230129e+00
6.813096192610458957e+02
6.813096192610458957e+02
5.905811242955701346e+02
8.028172881493320645e+00
2.141258803391858407e+02
6.813096192610458957e+02
8.627643371133088976e+02
8.627643371133088976e+02
8.627643371133088976e+02
8.824723350937817941e+02
1.498923873805448666e-03
3.646735857901616669e+02
7.696148546386090764e-04
7.696148546386090764e-04
6.335657610930249713e-04
3.730037705035571207e+02
1.820796119510855165e-03
7.696148546386090764e-04
1.231385131846811873e+03
1.231385131846811873e+03
1.231385131846811873e+03
1.156642175549101921e+03
1.079346704433533432e+03
9.698520064988169906e+02
7.961305564828348906e+02
7.961305564828348906e+02
8.501049265007479789e+02
9.109836603882306463e+02
1.010817448118655193e+03
7.961305564828348906e+02
4.727997132864260266e+01
4.727997132864260266e+01
4.727997132864260266e+01
7.675445390547049840e+01
8.352242599640939957e+00
2.412243435134826797e+01
7.623923771649632641e+00
7.623923771649632641e+00
4.261348265122928858e+00
3.916043566605637949e+01
1.494289059243327600e+01
7.623923771649632641e+00
2.156266398225076273e+02
2.156266398225076273e+02
2.156266398225076273e+02
2.244808697926161187e+02
7.795801116355382021e+01
7.229834394048792774e+02
2.791554458368392488e+02
2.791554458368392488e+02
2.613886256660334197e+02
7.526711516575953738e+02
8.325688735484676783e+01
2.791554458368392488e+02
3.633178843625286163e+02
3.633178843625286163e+02
3.633178843625286163e+02
4.431278787498076213e+02
7.146671942456257511e+02
5.427341235539008721e+02
1.274931042070919602e+03
1.274931042070919602e+03
1.067589265478033212e+03
6.619564608484778319e+02
8.534662347747479316e+02
1.274931042070919602e+03
4.254569048794467179e+00
4.254569048794467179e+00
4.254569048794467179e+00
3.612617566227679156e+00
9.142834416831307465e+01
1.560008651224637966e+01
3.169252978436222747e+02
3.169252978436222747e+02
3.352372619504812405e+02
1.324626440950149053e+01
8.643417213916968933e+01
3.169252978436222747e+02
5.389596731911505003e+02
5.389596731911505003e+02
5.389596731911505003e+02
7.347324322446892211e+02
3.419422161439720043e+01
7.161518945142682924e+02
9.607617218652228530e+01
9.607617218652228530e+01
4.543615748762367446e+01
9.762883003799289554e+02
7.230474814037246745e+01
9.607617218652228530e+01
5.915582353121072856e+02
5.915582353121072856e+02
5.915582353121072856e+02
5.744630242361020009e+02
6.576004986037676190e+02
3.662027170979712309e+02
3.964783590234385997e+02
3.964783590234385997e+02
4.070860229451894270e+02
3.556199673842536981e+02
6.404650414994011953e+02
3.964783590234385997e+02
4.689390538330862910e+02
4.689390538330862910e+02
4.689390538330862910e+02
4.223841068034410000e+02
4.774170503210256129e+02
1.143753789836795498e+01
1.049430703342168769e+01
1.049430703342168769e+01
1.164431830051281125e+01
1.030205138544977750e+01
4.302665883702891279e+02
1.049430703342168769e+01
5.482377682812522153e+02
5.482377682812522153e+02
5.482377682812522153e+02
6.378080014467421961e+02
1.440052512098044701e+02
1.086857330101428715e+03
3.707766267809125793e+02
3.707766267809125793e+02
2.854840945036473840e+02
1.264426388833014926e+03
1.870289179337347605e+02
3.707766267809125793e+02
3.411449963067929048e+02
3.411449963067929048e+02
3.411449963067929048e+02
1.788492425304385449e+02
1.442671156336011563e+03
1.381496266035772464e+02
4.179048281462708019e+02
4.179048281462708019e+02
5.842222038054927680e+02
7.242655276026025035e+01
1.031969065422424137e+03
4.179048281462708019e+02
6.576442150877664972e+02
6.576442150877664972e+02
6.576442150877664972e+02
6.026731369535209524e+02
7.044505003716471947e+02
1.256174343426070976e+02
1.234602880828757918e+02
1.234602880828757918e+02
1.345579607451460049e+02
1.151173407664029185e+02
6.463509199632909485e+02
1.234602880828757918e+02
1.320707343882824014e-01
1.320707343882824014e-01
1.320707343882824014e-01
1.164686992776349100e-01
9.557503773832446425e-01
4.279091794180349684e-01
2.769233765153701121e+00
2.769233765153701121e+00
3.096631222721712984e+00
3.773585856595370602e-01
8.547017793684262843e-01
2.769233765153701121e+00
1.021501821660888822e+03
1.021501821660888822e+03
1.021501821660888822e+03
1.128640050537514298e+03
7.943526328168233874e+01
2.933025032491661932e+02
2.746115100805150888e+01
2.746115100805150888e+01
2.280814490266126526e+01
3.240649650058211364e+02
9.564056040735181341e+01
2.746115100805150888e+01
2.229029088867525275e+02
2.229029088867525275e+02
2.229029088867525275e+02
2.298171213220572895e+02
3.940309788908806468e+02
5.602694736883238420e+02
1.012078486820439593e+03
1.012078486820439593e+03
9.904021901851862140e+02
5.776484400797656917e+02
4.026548818532929772e+02
1.012078486820439593e+03
4.699623205386311753e+01
4.699623205386311753e+01
4.699623205386311753e+01
4.969320772656287488e+01
6.000527852239989102e+01
1.174905801346577391e+03
1.578403759258574155e+03
1.578403759258574155e+03
1.500131963059995996e+03
1.242330193164072398e+03
6.313615037034302446e+01
1.578403759258574155e+03
6.723697369720819950e+01
6.723697369720819950e+01
6.723697369720819950e+01
2.864060510660875636e+01
4.745672421353873460e+02
5.944138254390869491e+01
2.679174272246042960e+02
2.679174272246042960e+02
4.195449531921539119e+02
2.531995523917585089e+01
3.030541389917654556e+02
2.679174272246042960e+02
2.799842938860389818e+00
2.799842938860389818e+00
2.799842938860389818e+00
2.541235882144381453e+00
1.043913976421485131e+03
2.536328309320588392e+00
9.304087048332597760e+02
9.304087048332597760e+02
9.456632492288750882e+02
2.302060740295499119e+00
1.027074544296454860e+03
9.304087048332597760e+02
1.480050545650969980e+02
1.480050545650969980e+02
1.480050545650969980e+02
1.358831567534549549e+02
6.793493128598615272e+01
9.162217663553624902e+01
3.753909039428580741e+01
3.753909039428580741e+01
4.205495746275333602e+01
8.411814465690066811e+01
6.064006909846168725e+01
3.753909039428580741e+01
1.942093232197836983e+02
1.942093232197836983e+02
1.942093232197836983e+02
1.571945893581717826e+02
6.880603185861152937e+00
1.648947083941558844e+02
3.569182706481148326e+00
3.569182706481148326e+00
5.842021572900978121e+00
1.334671041720325775e+02
4.203704076522241984e+00
3.569182706481148326e+00
1.328529707782863625e+03
1.328529707782863625e+03
1.328529707782863625e+03
1.409913915084823202e+03
9.965573994294928752e+02
1.237690069643863353e+03
9.920024515655591131e+02
9.920024515655591131e+02
9.284167225454252730e+02
1.313509544822612725e+03
1.064809970946516614e+03
9.920024515655591131e+02
3.356736357143752798e+02
3.356736357143752798e+02
3.356736357143752798e+02
3.301546413283738275e+02
5.266731822953848905e+02
3.953489487302643965e+02
6.127544868459719964e+02
6.127544868459719964e+02
6.203039702590091338e+02
3.888487997867516128e+02
5.202632435484669031e+02
6.127544868459719964e+02
1.308625809328621808e-03
1.308625809328621808e-03
1.308625809328621808e-03
9.582712396427089030e-04
2.604171393633910725e+02
1.404671740288520503e-03
2.175870025874997680e+02
2.175870025874997680e+02
2.795303239038234437e+02
1.028603073744926294e-03
2.027092588208330710e+02
2.175870025874997680e+02
8.606883104618380003e+02
8.606883104618380003e+02
8.606883104618380003e+02
8.083375021877131985e+02
3.250510803134835647e-01
9.501104725877438568e+02
2.788933077732123067e-01
2.788933077732123067e-01
3.588226211252739661e-01
8.923206192981241429e+02
2.526445258651452974e-01
2.788933077732123067e-01
1.669038413222643769e+01
1.669038413222643769e+01
1.669038413222643769e+01
2.933610360727877975e+01
8.144545408497990024e+01
2.696138975205809274e+01
1.685146690009872543e+02
1.685146690009872543e+02
1.315657335218905359e+02
4.738909044252726233e+01
1.043186046196587853e+02
1.685146690009872543e+02
1.170000276120957210e+02
1.170000276120957210e+02
1.170000276120957210e+02
1.183610021608866845e+02
1.029765139441768085e+01
4.074828547869541922e+02
3.652948465048977056e+01
3.652948465048977056e+01
3.586423416676502285e+01
4.122228006292949658e+02
1.048866390954656680e+01
3.652948465048977056e+01
1.174834680443646675e+03
1.174834680443646675e+03
1.174834680443646675e+03
1.175686628272579583e+03
9.353195265110667833e+02
4.674073459829562012e+02
3.724275615643282435e+02
3.724275615643282435e+02
3.721163707624677386e+02
4.677462929686608391e+02
9.361017087968248234e+02
3.724275615643282435e+02
1.579548910443972787e+01
1.579548910443972787e+01
1.579548910443972787e+01
2.935872022553166261e+01
1.168068333214373979e+03
6.318195641775892213e-01
6.223773290444521678e+01
6.223773290444521678e+01
4.672273332857495376e+01
1.174348809021266815e+00
1.555943322611130043e+03
6.223773290444521678e+01
5.595983522906943790e+02
5.595983522906943790e+02
5.595983522906943790e+02
4.209374687571296363e+02
3.223510280472077625e+02
6.329883001320969242e+02
2.580087797240681198e+02
2.580087797240681198e+02
3.646265727091367239e+02
4.761423826924909122e+02
2.280947183067847277e+02
2.580087797240681198e+02
