9.300000000000000488e-01
9.300000000000000488e-01
9.300000000000000488e-01
9.300000000000000488e-01
9.300000000000000488e-01
9.300000000000000488e-01
9.300000000000000488e-01
9.300000000000000488e-01
9.300000000000000488e-01
9.300000000000000488e-01
9.300000000000000488e-01
9.300000000000000488e-01
9.300000000000000488e-01
9.300000000000000488e-01
9.300000000000000488e-01
9.300000000000000488e-01
6.452029340969697158e-01
9.300000000000000488e-01
8.155940735681848075e-01
8.155940735681848075e-01
6.452029340969697158e-01
9.300000000000000488e-01
8.155940735681848075e-01
8.155940735681848075e-01
9.300000000000000488e-01
9.300000000000000488e-01
9.300000000000000488e-01
9.300000000000000488e-01
9.300000000000000488e-01
9.300000000000000488e-01
9.300000000000000488e-01
9.300000000000000488e-01
9.300000000000000488e-01
9.300000000000000488e-01
9.300000000000000488e-01
9.300000000000000488e-01
4.656821942552914068e-02
4.656821942552914068e-02
4.656821942552914068e-02
6.588725602743925047e-02
9.300000000000000488e-01
4.656821942552914068e-02
9.300000000000000488e-01
9.300000000000000488e-01
9.300000000000000488e-01
6.588725602743925047e-02
9.300000000000000488e-01
9.300000000000000488e-01
5.212629720493709984e-01
5.212629720493709984e-01
5.212629720493709984e-01
6.418948521176747191e-01
9.300000000000000488e-01
5.212629720493709984e-01
9.300000000000000488e-01
9.300000000000000488e-01
9.300000000000000488e-01
6.418948521176747191e-01
9.300000000000000488e-01
9.300000000000000488e-01
9.300000000000000488e-01
9.300000000000000488e-01
9.300000000000000488e-01
9.300000000000000488e-01
9.300000000000000488e-01
9.300000000000000488e-01
9.300000000000000488e-01
9.300000000000000488e-01
9.300000000000000488e-01
9.300000000000000488e-01
9.300000000000000488e-01
9.300000000000000488e-01
9.300000000000000488e-01
9.300000000000000488e-01
9.300000000000000488e-01
9.300000000000000488e-01
9.300000000000000488e-01
9.300000000000000488e-01
9.300000000000000488e-01
9.300000000000000488e-01
9.300000000000000488e-01
9.300000000000000488e-01
9.300000000000000488e-01
9.300000000000000488e-01
9.300000000000000488e-01
9.300000000000000488e-01
9.300000000000000488e-01
9.300000000000000488e-01
1.630974623586685934e-01
9.300000000000000488e-01
1.512096373313662201e-01
1.512096373313662201e-01
1.630974623586685934e-01
9.300000000000000488e-01
1.512096373313662201e-01
1.512096373313662201e-01
9.300000000000000488e-01
9.300000000000000488e-01
9.300000000000000488e-01
9.300000000000000488e-01
9.024215870308897047e-01
9.300000000000000488e-01
9.300000000000000488e-01
9.300000000000000488e-01
9.024215870308897047e-01
9.300000000000000488e-01
9.300000000000000488e-01
9.300000000000000488e-01
2.688023731783700243e-01
2.688023731783700243e-01
2.688023731783700243e-01
2.051517769372192268e-01
9.300000000000000488e-01
2.688023731783700243e-01
9.300000000000000488e-01
9.300000000000000488e-01
9.300000000000000488e-01
2.051517769372192268e-01
9.300000000000000488e-01
9.300000000000000488e-01
9.300000000000000488e-01
9.300000000000000488e-01
9.300000000000000488e-01
9.300000000000000488e-01
9.300000000000000488e-01
9.300000000000000488e-01
9.300000000000000488e-01
9.300000000000000488e-01
9.300000000000000488e-01
9.300000000000000488e-01
9.300000000000000488e-01
9.300000000000000488e-01
9.300000000000000488e-01
9.300000000000000488e-01
9.300000000000000488e-01
9.300000000000000488e-01
3.081543059380686608e-02
9.300000000000000488e-01
2.336344264706212773e-02
2.336344264706212773e-02
3.081543059380686608e-02
9.300000000000000488e-01
2.336344264706212773e-02
2.336344264706212773e-02
9.300000000000000488e-01
9.300000000000000488e-01
9.300000000000000488e-01
7.287638507355337358e-01
9.300000000000000488e-01
9.300000000000000488e-01
9.300000000000000488e-01
9.300000000000000488e-01
9.300000000000000488e-01
7.287638507355337358e-01
9.300000000000000488e-01
9.300000000000000488e-01
9.300000000000000488e-01
9.300000000000000488e-01
9.300000000000000488e-01
9.300000000000000488e-01
2.515898015214566019e-01
9.300000000000000488e-01
4.162103020448804092e-01
4.162103020448804092e-01
2.515898015214566019e-01
9.300000000000000488e-01
4.162103020448804092e-01
4.162103020448804092e-01
3.590157321823071301e-03
3.590157321823071301e-03
3.590157321823071301e-03
4.002535768297727295e-03
9.300000000000000488e-01
3.590157321823071301e-03
9.300000000000000488e-01
9.300000000000000488e-01
9.300000000000000488e-01
4.002535768297727295e-03
9.300000000000000488e-01
9.300000000000000488e-01
9.300000000000000488e-01
9.300000000000000488e-01
9.300000000000000488e-01
9.300000000000000488e-01
9.300000000000000488e-01
9.300000000000000488e-01
9.300000000000000488e-01
9.300000000000000488e-01
9.300000000000000488e-01
9.300000000000000488e-01
9.300000000000000488e-01
9.300000000000000488e-01
9.300000000000000488e-01
9.300000000000000488e-01
9.300000000000000488e-01
9.300000000000000488e-01
9.300000000000000488e-01
9.300000000000000488e-01
9.300000000000000488e-01
9.300000000000000488e-01
9.300000000000000488e-01
9.300000000000000488e-01
9.300000000000000488e-01
9.300000000000000488e-01
9.300000000000000488e-01
9.300000000000000488e-01
9.300000000000000488e-01
9.300000000000000488e-01
7.389380278100842192e-01
9.300000000000000488e-01
9.043311249302130594e-01
9.043311249302130594e-01
7.389380278100842192e-01
9.300000000000000488e-01
9.043311249302130594e-01
9.043311249302130594e-01
8.699720263880815763e-01
8.699720263880815763e-01
8.699720263880815763e-01
5.759447322452655449e-01
4.047662146055395690e-03
8.699720263880815763e-01
2.113946777777013595e-03
2.113946777777013595e-03
4.047662146055395690e-03
5.759447322452655449e-01
2.113946777777013595e-03
2.113946777777013595e-03
9.300000000000000488e-01
9.300000000000000488e-01
9.300000000000000488e-01
9.300000000000000488e-01
9.300000000000000488e-01
9.300000000000000488e-01
9.300000000000000488e-01
9.300000000000000488e-01
9.300000000000000488e-01
9.300000000000000488e-01
9.300000000000000488e-01
9.300000000000000488e-01
9.300000000000000488e-01
9.300000000000000488e-01
9.300000000000000488e-01
9.300000000000000488e-01
1.666349578933124242e-01
9.300000000000000488e-01
1.690851645962176131e-01
1.690851645962176131e-01
1.666349578933124242e-01
9.300000000000000488e-01
1.690851645962176131e-01
1.690851645962176131e-01
1.460509460500221401e-01
1.460509460500221401e-01
1.460509460500221401e-01
1.477711341055354399e-01
9.300000000000000488e-01
1.460509460500221401e-01
9.300000000000000488e-01
9.300000000000000488e-01
9.300000000000000488e-01
1.477711341055354399e-01
9.300000000000000488e-01
9.300000000000000488e-01
9.300000000000000488e-01
9.300000000000000488e-01
9.300000000000000488e-01
9.300000000000000488e-01
9.300000000000000488e-01
9.300000000000000488e-01
9.300000000000000488e-01
9.300000000000000488e-01
9.300000000000000488e-01
9.300000000000000488e-01
9.300000000000000488e-01
9.300000000000000488e-01
9.300000000000000488e-01
9.300000000000000488e-01
9.300000000000000488e-01
9.300000000000000488e-01
9.300000000000000488e-01
9.300000000000000488e-01
9.300000000000000488e-01
9.300000000000000488e-01
9.300000000000000488e-01
9.300000000000000488e-01
9.300000000000000488e-01
9.300000000000000488e-01
2.005590932742499360e-02
2.005590932742499360e-02
2.005590932742499360e-02
1.614900798447089364e-02
4.870805943747540945e-01
2.005590932742499360e-02
4.011092738355346854e-01
4.011092738355346854e-01
4.870805943747540945e-01
1.614900798447089364e-02
4.011092738355346854e-01
4.011092738355346854e-01
9.300000000000000488e-01
9.300000000000000488e-01
9.300000000000000488e-01
9.300000000000000488e-01
9.300000000000000488e-01
9.300000000000000488e-01
9.300000000000000488e-01
9.300000000000000488e-01
9.300000000000000488e-01
9.300000000000000488e-01
9.300000000000000488e-01
9.300000000000000488e-01
8.760744262457099696e-01
8.760744262457099696e-01
8.760744262457099696e-01
9.300000000000000488e-01
9.300000000000000488e-01
8.760744262457099696e-01
9.300000000000000488e-01
9.300000000000000488e-01
9.300000000000000488e-01
9.300000000000000488e-01
9.300000000000000488e-01
9.300000000000000488e-01
9.300000000000000488e-01
9.300000000000000488e-01
9.300000000000000488e-01
9.300000000000000488e-01
9.300000000000000488e-01
9.300000000000000488e-01
9.300000000000000488e-01
9.300000000000000488e-01
9.300000000000000488e-01
9.300000000000000488e-01
9.300000000000000488e-01
9.300000000000000488e-01
9.300000000000000488e-01
9.300000000000000488e-01
9.300000000000000488e-01
9.300000000000000488e-01
9.300000000000000488e-01
9.300000000000000488e-01
9.300000000000000488e-01
9.300000000000000488e-01
9.300000000000000488e-01
9.300000000000000488e-01
9.300000000000000488e-01
9.300000000000000488e-01
9.300000000000000488e-01
9.300000000000000488e-01
9.300000000000000488e-01
9.300000000000000488e-01
9.300000000000000488e-01
9.300000000000000488e-01
9.300000000000000488e-01
9.300000000000000488e-01
9.300000000000000488e-01
9.300000000000000488e-01
9.300000000000000488e-01
9.300000000000000488e-01
9.300000000000000488e-01
9.300000000000000488e-01
9.300000000000000488e-01
9.300000000000000488e-01
8.089983587817894950e-02
9.300000000000000488e-01
5.446549416362983509e-02
5.446549416362983509e-02
8.089983587817894950e-02
9.300000000000000488e-01
5.446549416362983509e-02
5.446549416362983509e-02
3.066861649607147688e-01
3.066861649607147688e-01
3.066861649607147688e-01
4.378669073819929092e-01
9.300000000000000488e-01
3.066861649607147688e-01
9.300000000000000488e-01
9.300000000000000488e-01
9.300000000000000488e-01
4.378669073819929092e-01
9.300000000000000488e-01
9.300000000000000488e-01
9.300000000000000488e-01
9.300000000000000488e-01
9.300000000000000488e-01
9.300000000000000488e-01
7.814604302588287199e-01
9.300000000000000488e-01
8.827579229595832189e-01
8.827579229595832189e-01
7.814604302588287199e-01
9.300000000000000488e-01
8.827579229595832189e-01
8.827579229595832189e-01
9.300000000000000488e-01
9.300000000000000488e-01
9.300000000000000488e-01
9.300000000000000488e-01
9.300000000000000488e-01
9.300000000000000488e-01
9.300000000000000488e-01
9.300000000000000488e-01
9.300000000000000488e-01
9.300000000000000488e-01
9.300000000000000488e-01
9.300000000000000488e-01
7.483521798741431252e-02
7.483521798741431252e-02
7.483521798741431252e-02
8.951804726874680596e-02
9.300000000000000488e-01
7.483521798741431252e-02
9.300000000000000488e-01
9.300000000000000488e-01
9.300000000000000488e-01
8.951804726874680596e-02
9.300000000000000488e-01
9.300000000000000488e-01
9.300000000000000488e-01
9.300000000000000488e-01
9.300000000000000488e-01
9.300000000000000488e-01
2.149991829929099750e-04
9.300000000000000488e-01
2.559662778477850851e-04
2.559662778477850851e-04
2.149991829929099750e-04
9.300000000000000488e-01
2.559662778477850851e-04
2.559662778477850851e-04
9.300000000000000488e-01
9.300000000000000488e-01
9.300000000000000488e-01
9.300000000000000488e-01
9.300000000000000488e-01
9.300000000000000488e-01
9.300000000000000488e-01
9.300000000000000488e-01
9.300000000000000488e-01
9.300000000000000488e-01
9.300000000000000488e-01
9.300000000000000488e-01
5.373253972988289995e-01
5.373253972988289995e-01
5.373253972988289995e-01
7.700955612330556699e-01
1.581200923155629823e-01
5.373253972988289995e-01
2.501555635969877622e-01
2.501555635969877622e-01
1.581200923155629823e-01
7.700955612330556699e-01
2.501555635969877622e-01
2.501555635969877622e-01
9.300000000000000488e-01
9.300000000000000488e-01
9.300000000000000488e-01
9.300000000000000488e-01
9.300000000000000488e-01
9.300000000000000488e-01
9.300000000000000488e-01
9.300000000000000488e-01
9.300000000000000488e-01
9.300000000000000488e-01
9.300000000000000488e-01
9.300000000000000488e-01
9.300000000000000488e-01
9.300000000000000488e-01
9.300000000000000488e-01
9.300000000000000488e-01
9.300000000000000488e-01
9.300000000000000488e-01
9.300000000000000488e-01
9.300000000000000488e-01
9.300000000000000488e-01
9.300000000000000488e-01
9.300000000000000488e-01
9.300000000000000488e-01
3.268988801144914746e-01
3.268988801144914746e-01
3.268988801144914746e-01
2.894039623121281157e-01
9.300000000000000488e-01
3.268988801144914746e-01
9.300000000000000488e-01
9.300000000000000488e-01
9.300000000000000488e-01
2.894039623121281157e-01
9.300000000000000488e-01
9.300000000000000488e-01
9.300000000000000488e-01
9.300000000000000488e-01
9.300000000000000488e-01
9.300000000000000488e-01
3.276784423365114995e-01
9.300000000000000488e-01
5.604824250142171893e-01
5.604824250142171893e-01
3.276784423365114995e-01
9.300000000000000488e-01
5.604824250142171893e-01
5.604824250142171893e-01
9.300000000000000488e-01
9.300000000000000488e-01
9.300000000000000488e-01
9.300000000000000488e-01
9.300000000000000488e-01
9.300000000000000488e-01
9.300000000000000488e-01
9.300000000000000488e-01
9.300000000000000488e-01
9.300000000000000488e-01
9.300000000000000488e-01
9.300000000000000488e-01
9.300000000000000488e-01
9.300000000000000488e-01
9.300000000000000488e-01
9.300000000000000488e-01
9.300000000000000488e-01
9.300000000000000488e-01
9.300000000000000488e-01
9.300000000000000488e-01
9.300000000000000488e-01
9.300000000000000488e-01
9.300000000000000488e-01
9.300000000000000488e-01
9.300000000000000488e-01
9.300000000000000488e-01
9.300000000000000488e-01
9.300000000000000488e-01
9.300000000000000488e-01
9.300000000000000488e-01
9.300000000000000488e-01
9.300000000000000488e-01
9.300000000000000488e-01
9.300000000000000488e-01
9.300000000000000488e-01
9.300000000000000488e-01
9.300000000000000488e-01
9.300000000000000488e-01
9.300000000000000488e-01
7.371828974273290092e-01
9.300000000000000488e-01
9.300000000000000488e-01
9.300000000000000488e-01
9.300000000000000488e-01
9.300000000000000488e-01
7.371828974273290092e-01
9.300000000000000488e-01
9.300000000000000488e-01
9.300000000000000488e-01
9.300000000000000488e-01
9.300000000000000488e-01
9.300000000000000488e-01
9.300000000000000488e-01
9.300000000000000488e-01
9.300000000000000488e-01
9.300000000000000488e-01
9.300000000000000488e-01
9.300000000000000488e-01
9.300000000000000488e-01
9.300000000000000488e-01
1.445790080984077179e-02
1.445790080984077179e-02
1.445790080984077179e-02
1.282595113938907010e-02
5.846787620042236122e-02
1.445790080984077179e-02
5.260046668460301861e-02
5.260046668460301861e-02
5.846787620042236122e-02
1.282595113938907010e-02
5.260046668460301861e-02
5.260046668460301861e-02
9.300000000000000488e-01
9.300000000000000488e-01
9.300000000000000488e-01
9.300000000000000488e-01
4.703991861115531248e-01
9.300000000000000488e-01
5.306386301429792951e-01
5.306386301429792951e-01
4.703991861115531248e-01
9.300000000000000488e-01
5.306386301429792951e-01
5.306386301429792951e-01
9.300000000000000488e-01
9.300000000000000488e-01
9.300000000000000488e-01
9.300000000000000488e-01
9.300000000000000488e-01
9.300000000000000488e-01
9.300000000000000488e-01
9.300000000000000488e-01
9.300000000000000488e-01
9.300000000000000488e-01
9.300000000000000488e-01
9.300000000000000488e-01
9.300000000000000488e-01
9.300000000000000488e-01
9.300000000000000488e-01
9.300000000000000488e-01
9.300000000000000488e-01
9.300000000000000488e-01
9.300000000000000488e-01
9.300000000000000488e-01
9.300000000000000488e-01
9.300000000000000488e-01
9.300000000000000488e-01
9.300000000000000488e-01
5.521460535788242918e-01
5.521460535788242918e-01
5.521460535788242918e-01
3.040408597549733583e-01
9.300000000000000488e-01
5.521460535788242918e-01
9.300000000000000488e-01
9.300000000000000488e-01
9.300000000000000488e-01
3.040408597549733583e-01
9.300000000000000488e-01
9.300000000000000488e-01
5.089731898865718085e-02
5.089731898865718085e-02
5.089731898865718085e-02
4.687458020940674791e-02
9.300000000000000488e-01
5.089731898865718085e-02
9.300000000000000488e-01
9.300000000000000488e-01
9.300000000000000488e-01
4.687458020940674791e-02
9.300000000000000488e-01
9.300000000000000488e-01
9.300000000000000488e-01
9.300000000000000488e-01
9.300000000000000488e-01
9.300000000000000488e-01
9.300000000000000488e-01
9.300000000000000488e-01
9.300000000000000488e-01
9.300000000000000488e-01
9.300000000000000488e-01
9.300000000000000488e-01
9.300000000000000488e-01
9.300000000000000488e-01
9.300000000000000488e-01
9.300000000000000488e-01
9.300000000000000488e-01
9.300000000000000488e-01
1.383895549965440119e-01
9.300000000000000488e-01
9.192616926949306877e-02
9.192616926949306877e-02
1.383895549965440119e-01
9.300000000000000488e-01
9.192616926949306877e-02
9.192616926949306877e-02
9.300000000000000488e-01
9.300000000000000488e-01
9.300000000000000488e-01
9.300000000000000488e-01
9.300000000000000488e-01
9.300000000000000488e-01
9.300000000000000488e-01
9.300000000000000488e-01
9.300000000000000488e-01
9.300000000000000488e-01
9.300000000000000488e-01
9.300000000000000488e-01
9.300000000000000488e-01
9.300000000000000488e-01
9.300000000000000488e-01
9.300000000000000488e-01
9.300000000000000488e-01
9.300000000000000488e-01
9.300000000000000488e-01
9.300000000000000488e-01
9.300000000000000488e-01
9.300000000000000488e-01
9.300000000000000488e-01
9.300000000000000488e-01
1.750703566255573348e-04
1.750703566255573348e-04
1.750703566255573348e-04
1.394158142191225913e-04
9.300000000000000488e-01
1.750703566255573348e-04
8.542793537800656978e-01
8.542793537800656978e-01
9.300000000000000488e-01
1.394158142191225913e-04
8.542793537800656978e-01
8.542793537800656978e-01
9.300000000000000488e-01
9.300000000000000488e-01
9.300000000000000488e-01
9.300000000000000488e-01
1.175960899174933322e-02
9.300000000000000488e-01
9.584074623352031169e-03
9.584074623352031169e-03
1.175960899174933322e-02
9.300000000000000488e-01
9.584074623352031169e-03
9.584074623352031169e-03
6.599936790709928225e-01
6.599936790709928225e-01
6.599936790709928225e-01
9.300000000000000488e-01
9.300000000000000488e-01
6.599936790709928225e-01
9.300000000000000488e-01
9.300000000000000488e-01
9.300000000000000488e-01
9.300000000000000488e-01
9.300000000000000488e-01
9.300000000000000488e-01
9.300000000000000488e-01
9.300000000000000488e-01
9.300000000000000488e-01
9.300000000000000488e-01
2.654933152230911642e-01
9.300000000000000488e-01
2.688819213771183603e-01
2.688819213771183603e-01
2.654933152230911642e-01
9.300000000000000488e-01
2.688819213771183603e-01
2.688819213771183603e-01
9.300000000000000488e-01
9.300000000000000488e-01
9.300000000000000488e-01
9.300000000000000488e-01
9.300000000000000488e-01
9.300000000000000488e-01
9.300000000000000488e-01
9.300000000000000488e-01
9.300000000000000488e-01
9.300000000000000488e-01
9.300000000000000488e-01
9.300000000000000488e-01
1.301861541612572282e-01
1.301861541612572282e-01
1.301861541612572282e-01
1.997996079236564471e-01
9.300000000000000488e-01
1.301861541612572282e-01
9.300000000000000488e-01
9.300000000000000488e-01
9.300000000000000488e-01
1.997996079236564471e-01
9.300000000000000488e-01
9.300000000000000488e-01
9.300000000000000488e-01
9.300000000000000488e-01
9.300000000000000488e-01
9.300000000000000488e-01
9.300000000000000488e-01
9.300000000000000488e-01
9.300000000000000488e-01
9.300000000000000488e-01
9.300000000000000488e-01
9.300000000000000488e-01
9.300000000000000488e-01
9.300000000000000488e-01
