-1.221576322768526325e+03
-3.468225295917047333e+03
-1.617006282246670935e+03
-1.290208055885636895e+03
-1.212011432238999078e+03
-2.263379230430282973e+02
-3.076783579936484898e+02
-6.430449948832617793e+02
-8.207616469379066757e+02
-8.335133087558058378e+02
-4.585604646003251219e+03
-8.325691237562308515e+02
-1.478427527310335563e+03
-3.494371449245527401e+03
-6.950642966440129840e+02
-1.460866237230746947e+03
-1.441979296451481332e+03
-6.109753973192392550e+03
-2.643986694487129625e+03
-1.423966682358920298e+04
-6.716809415054539386e+03
-6.811894274483314803e+03
-1.621319075104454214e+03
-6.663015321158132792e+03
-3.116391159072656137e+03
-2.651870655373006684e+03
-6.777546342046261088e+03
-3.081871461215700037e+03
-3.102852495673944759e+03
-6.729900428252751226e+03
-1.454510832040780224e+04
-5.579748860664719359e+03
-1.249244422416238376e+04
-1.243304679177014441e+04
-5.727423531292027292e+03
-1.238105394674141280e+04
-8.451469654393259816e+02
-6.085801512567501277e+02
-5.629482576376163934e+02
-7.380030129386246927e+02
-4.271157216026629612e+03
-4.245946607858105040e+02
-1.373865301562252625e+03
-1.438647216695522957e+03
-1.163156064347716665e+03
-1.789526109658721396e+02
-2.747067379398154571e+03
-1.139426125420734706e+03
-1.677091157104866170e+03
-1.338924999921314566e+03
-4.803147671793914924e+03
-1.613843547029429828e+03
-2.057403895330230625e+03
-1.616650334378973412e+03
-4.981466750653788040e+03
-1.545838808669601576e+03
-4.236250735181706659e+03
-3.704076562861315779e+03
-4.304127049760086265e+03
-4.135851144164458674e+03
-4.308776066886124681e+03
-3.693037868737544613e+03
-3.327337867671265940e+03
-4.340014753297519746e+03
-4.316553335144107223e+03
-3.817198195569374548e+03
-2.978921597567042227e+03
-3.303007753575519018e+03
-2.531456311480229033e+03
-2.551654406759314043e+03
-2.884857075133679245e+03
-2.555609071918175232e+03
-1.703526859892557184e+02
-1.443667526264329695e+02
-2.284479518362928445e+02
-1.709710374018489745e+02
-1.711447557332858480e+02
-3.559965287073475793e+03
-4.812872614043981230e+03
-3.046853388820790315e+03
-4.072169554361785231e+03
-4.067731520652081144e+03
-1.950897077143082470e+02
-4.084930753225439275e+03
-2.007009474839146378e+03
-1.649342835128516981e+03
-8.133532087290029722e+02
-2.016505942994794623e+03
-7.517432584187455404e+02
-3.748484888935771778e+03
-2.769981535806210218e+02
-8.863203061270337457e+02
-1.912814538479589999e+02
-1.221779770615571806e+03
-1.264893703152168172e+02
-1.943644827833176976e+02
-5.327428277203399603e+02
-4.397888657437165421e+02
-1.020194644656386458e+03
-5.094811329673996170e+02
-5.103962585184725640e+02
-7.680739263535366490e+02
-1.373656742759918416e+03
-5.479375271080414223e+02
-1.185265430551224426e+03
-1.183800304421266219e+03
-7.814360645627775739e+02
-1.124057265189479722e+03
-7.269076304069769321e+03
-5.976338552374757455e+03
-4.732712725882366612e+03
-7.412184293994490872e+03
-9.124004357100444395e+03
-8.138161313385127869e+03
-7.315965755678134883e+03
-8.833978491335008584e+03
-6.159160579415104621e+03
-4.417308473300993683e+03
-5.501621168991237028e+03
-6.220345079949636784e+03
-1.611436265278906649e+04
-1.385583498451962987e+04
-1.844602075199583123e+04
-1.619934549522815905e+04
-1.604440147222702035e+04
-9.324348876203248437e+03
-1.068973405118504525e+04
-8.039798487730074157e+03
-9.147368983465317797e+03
-9.219981520353516316e+03
-1.590585443809501339e+04
-9.199505896225913602e+03
-4.107866076220566356e+03
-3.436259128704552040e+03
-1.625764629689784897e+03
-4.158413978908847639e+03
-3.955841426162102152e+02
-4.909535761946237926e+02
-1.066778897827066785e+01
-4.048224317337673739e+01
-7.450102688256298400e+00
-1.672219447819345817e+02
-5.472132852075429099e+01
-7.637832678765479777e+00
-1.248414438490169232e+03
-5.199143720585611845e+02
-1.872852806061032425e+03
-1.268543298345859967e+03
-1.316289157213324188e+03
-3.343548164090050250e+03
-5.402407199521140683e+03
-1.622147668326376106e+03
-2.350659424017845140e+03
-2.191474052916902565e+03
-8.920492013829859843e+02
-2.428988434656503614e+03
-1.532386937981368828e+04
-7.810451760834843299e+03
-8.407987087623758271e+03
-1.519650166138505119e+04
-1.421826735608269155e+04
-7.886261189943157660e+03
-3.738078568468880349e+03
-3.434654300820175195e+03
-1.802830448537818711e+03
-2.149903288433409671e+03
-3.105401406109318486e+03
-1.684482438561703702e+03
-8.351251966345783373e+00
-1.678722523393873090e+01
-4.991655684321054309e+01
-8.321770187310415068e+00
-2.707177264069967805e+03
-3.059377329105104959e+00
-2.144340790230971379e+03
-1.208854396144399743e+03
-3.076379162554670529e+03
-3.651399870712045725e+01
-9.966648295150635022e+03
-3.069368183151782432e+03
-2.424055577316855761e+02
-3.686939278215347713e+02
-2.171555424658955644e+02
-2.400572701772852326e+02
-2.465783142571521296e+02
-1.885625007170425761e+03
-1.710145736714513987e+03
-2.908374035538615317e+03
-2.627894797138607828e+03
-2.561349510389314219e+03
-3.334273421930608379e+02
-2.610047449992445763e+03
-1.411267326202594631e+03
-4.081044212090691872e+03
-1.452092630845838130e+03
-1.352775226247403225e+03
-1.485361914001958667e+03
-3.383278128554304089e+02
-3.526147701270523385e+02
-9.533541602591391211e+02
-9.871305026151291031e+02
-9.595613650272416635e+02
-4.221936003760512904e+03
-9.777959946333162407e+02
-4.239365426243439288e+03
-1.129095972923175850e+03
-4.298142240671978470e+03
-4.219435187999292793e+03
-4.128746076464333782e+03
-7.002241118795996044e+03
-6.854524806431531943e+03
-1.643402456281708965e+03
-1.699490758557563368e+03
-1.848141997003742745e+03
-1.029264447733531370e+03
-1.669530141889404149e+03
-2.189120517500304231e+03
-5.836923076116829634e+02
-2.229501156028826699e+03
-2.219007686023879614e+03
-1.988944693931057017e+01
-1.143707085583761364e+04
-8.123668609886304637e+01
-7.011650571360134698e+00
-6.763719671068689543e+00
-3.147819994656242216e+03
-1.977316772740828066e+00
-7.258980719375833779e+00
-4.713826105154342258e+03
-1.156206617949096653e+04
-4.768326434337607679e+03
-4.676673441887964145e+03
-4.676229941134207365e+03
-3.205914874944181065e+03
-3.191014546122718457e+03
-7.796570840697615495e+03
-7.915698100108405924e+03
-7.915981407378990298e+03
-1.160569432636692909e+04
-7.885739163951298906e+03
-3.721617671315270854e+03
-5.356297895554309434e+03
-2.846406664815690874e+03
-3.719361589435568476e+03
-2.740540091964943713e+03
-3.930161820306012942e+03
-2.035652459737413892e+03
-4.490990991458682402e+03
-3.260041226493055092e+03
-4.331184296266027559e+03
-3.084787292375803645e+03
-3.245842865489378255e+03
-1.252888191123145816e+03
-1.221008481442465410e+02
-1.026659071264610247e+03
-1.252326272767993032e+03
-1.505975511581219280e+03
-1.964685432002072048e+03
-1.997461343749739399e+03
-4.049410868026822072e+02
-3.400308081394263127e+02
-1.462016277814113607e+02
-2.163617659995176723e+02
-3.398051073722834872e+02
-2.588971286593459354e+03
-1.285406422569073356e+03
-1.783589268744813808e+03
-2.563164342205054709e+03
-2.589606361260449830e+03
-2.853888696224862997e+03
-1.938855037916762740e+03
-1.389966174905569460e+03
-9.699592280987402546e+02
-9.426792019028745244e+02
-8.566867161051173980e+02
-9.436706204920227492e+02
-3.555463701171364846e+03
-1.565006712249248267e+04
-2.832637409925534939e+03
-3.689753829956027857e+03
-3.580122607802050425e+03
-3.687245384982577889e+03
-3.089980440436268509e+03
-1.643050576392177754e+04
-1.319038572835640844e+04
-1.331930695041495346e+04
-1.284420180025877744e+04
-1.333860481230731421e+04
-4.097524898755192879e+01
-6.573001777754325303e+02
-4.251331763975103684e+01
-4.510106856540513576e+01
-1.007451207983885411e+03
-3.455594671488419323e+01
-8.688303985114533816e+02
-4.305459305721793498e+03
-4.355498874424400128e+03
-6.235923106195173204e+02
-5.410139365884313520e+03
-4.392148426014321558e+03
-1.267860151423357820e+04
-6.118771189472762671e+03
-1.283267403140778879e+04
-1.275155192482615894e+04
-1.274598957865914235e+04
-1.150068751265910396e+04
-1.175114367055158255e+04
-5.664913440411243755e+03
-5.683847249160619867e+03
-5.688405992077883639e+03
-6.317753034834735445e+03
-5.734432992462224320e+03
-6.751211142632693736e+03
-1.000500464890582407e+03
-6.939557927077710701e+03
-6.521218875824108181e+03
-6.882718885359190608e+03
-5.907233996820044013e+03
-6.087804991537494061e+03
-8.934105636811952991e+02
-1.001354260072641637e+03
-7.758883834970165481e+02
-1.047029192361647802e+03
-9.211864415122702212e+02
-1.490763365134088190e+03
-2.166165409590646505e+03
-1.513024568689690113e+03
-1.499974443770553307e+03
-1.469370155505660705e+03
-9.147237725525661745e+02
-9.235336825459989996e+02
-1.323779577259569123e+03
-1.335416955124499054e+03
-1.353879510507592613e+03
-2.189902285939491321e+03
-1.343428044584790086e+03
-3.422653643503555827e+02
-1.436707996739359260e+03
-3.504061903560021847e+02
-3.419917625271208976e+02
-3.411358994055719336e+02
-2.205268847522225769e+03
-2.246744424073318442e+03
-9.407904932718447526e+03
-9.625326594595417191e+03
-9.633680728408362484e+03
-1.467656831042510248e+03
-9.622493600748850440e+03
-9.283753255579695178e+03
-4.642249437369473526e+03
-9.406857921144148349e+03
-9.280833747228747598e+03
-9.237524635742061946e+03
-4.125443342766986461e+03
-4.160950606670013258e+03
-2.050316507197175724e+03
-2.079410117618977438e+03
-2.095358106133774072e+03
-4.657233817314311636e+03
-2.078093701495191908e+03
-6.081774392201942646e+03
-2.831790205355917806e+03
-6.185727037912412925e+03
-6.182251741871053127e+03
-1.472318122673214020e+03
-1.666423093381438605e+02
-5.748075975893859635e+01
-1.581515522165197396e+01
-1.517473235784633978e+01
-8.183917109660207245e+01
-4.369961877169563991e+02
-1.628711744354961155e+01
-9.418168354314047974e+02
-5.335491612012457153e+03
-9.549561408388760810e+02
-8.966580820179448210e+02
-1.272174849112737547e+03
-1.314436096419125533e+03
-1.770137772864021599e+03
-8.159148217085866236e+03
-8.311478790555323940e+03
-7.530718782935422496e+03
-5.793744876768779250e+03
-8.248566046866415491e+03
-6.553311885267715979e+02
-2.753489516359149093e+03
-9.727542002325134263e+02
-6.308259535253996546e+02
-5.927517602522381139e+02
-9.362156538998327449e+01
-1.275692763724683516e+02
-3.727361152003595635e+02
-5.375165215752357426e+02
-5.441448318064674368e+02
-3.823418891883172819e+03
-5.354368887558480310e+02
-6.549644476045105534e+01
-2.455508699740700962e+01
-8.092634645387322223e+01
-6.644195667269951855e+01
-6.539138910142510497e+01
-4.749093738448685144e+03
-5.958062434799372568e+03
-1.840079984393074255e+03
-2.191183463361276608e+03
-2.283731078668600730e+03
-3.143027929761112915e+01
-2.279250945586229591e+03
-1.606127992662422457e+03
-4.083243133231001707e+02
-1.032761783401451567e+03
-1.544829749696810040e+03
-2.851152277787475214e+03
-4.500554523890556084e+03
-6.602959617733563391e+03
-3.601142368889719364e+03
-2.664347338362271330e+03
-6.014574848988563645e+02
-8.374973685786086435e+02
-2.618290256997534470e+03
-4.369864826031580378e+03
-1.513657907799850182e+04
-3.605766570569482155e+03
-4.331606984203446700e+03
-3.166902641292161369e-01
-1.864285891756066576e+03
-1.152132374978396406e-01
-1.859835522288189269e+00
-1.283491918876175530e+00
-5.319244285869049236e+03
-2.489478166509365042e+00
-1.293367416314496143e+00
-3.654964881131001221e+03
-7.501933892604711218e+03
-2.485904496668212687e+03
-3.712661188597939599e+03
-3.631164868127191767e+03
-2.897615018864845297e+03
-2.002255168094969576e+03
-5.958318304756856378e+03
-4.075705356505473446e+03
-4.136009813326190852e+03
-5.212345392177849135e+03
-4.122055652509431638e+03
-7.472562042298974120e+03
-1.658149863472187917e+03
-6.058508147282504979e+03
-7.389857790642819054e+03
-6.430276225734623040e+03
-3.822617873471608618e+03
-2.528689223691291772e+03
-5.042713931959870024e+02
-4.080892509775708277e+02
-6.499202202428148212e+02
-6.988099345003668077e+02
-3.720743445233888451e+02
-6.589316976013130898e+02
-4.544566714623530856e+02
-9.986695127017494542e+02
-6.551106406718313337e+02
-6.417516551624254362e+02
-2.199894791415340023e+03
-3.244235799346737167e+03
-1.427997530187626353e+03
-2.243977657184646432e+03
-2.295019700276748608e+03
-6.674238559035221670e+02
-2.218021633040852521e+03
-2.013944847854102363e+03
-1.183814574436225121e+04
-2.557600340714259801e+03
-1.976429360699778726e+03
-2.047414374018403578e+03
-2.982960563915419698e+03
-3.807022670691854273e+03
-1.766982813881919719e+04
-2.231454066140162104e+04
-2.217974563981353276e+04
-1.492201654688199233e+04
-2.226524887791680158e+04
-1.647115421726493878e+02
-7.503191899735961670e+02
-8.574532110017426589e+01
-1.671281600912411989e+02
-2.416041186914105197e+02
-5.877529875427925390e+02
-5.442094224078804245e+02
-3.142908085140719322e+03
-1.952301526360432490e+03
-1.591770929992271704e+03
-5.354546087941732821e+02
-1.960122078138219649e+03
-9.081502498037751138e+03
-3.665163328013773935e+03
-6.840005594016422037e+03
-8.975366702746056035e+03
-8.555121376360839349e+03
-1.205701486700091300e+04
-8.043955323874546593e+03
-3.930258289496355246e+03
-2.999810336030287090e+03
-3.499448493027437962e+03
-2.142174035065689623e+03
-2.780284758363703077e+03
-1.007342664073449669e+04
-1.140436170488238304e+03
-1.212046531285547826e+04
-1.012394337502263988e+04
-1.009658962768363381e+04
-6.270705026722883304e+03
-7.576730731017184553e+03
-7.574245370812915326e+02
-9.120660431404527344e+02
-9.233787803865163824e+02
-1.469225201108796000e+03
-9.319162200569899142e+02
-2.496094449687705037e+03
-2.953951737043626963e+03
-2.789455286197699024e+03
-2.505507432218327722e+03
-2.496641570410021359e+03
-6.101208007032425229e+01
-6.838228871486562355e+01
-7.239444633315622468e+01
-8.063698093846888071e+01
-8.082993783580468516e+01
-3.310150202733453170e+03
-8.084028803412043374e+01
-1.250510400206706436e+03
-4.235730994770114194e+03
-2.112292876459933268e+03
-1.225644578051824737e+03
-1.194124900290591768e+03
-2.451221030712112224e+03
-3.897574431997787997e+03
-8.091133066479119407e+03
-1.381923067087548407e+04
-1.390739164982338662e+04
-6.947775324036849270e+03
-1.368889444959900356e+04
-1.385093279945757058e+04
-5.503590940188202694e+03
-1.901133014603042466e+04
-1.410917962141491989e+04
-1.418789313077609950e+04
-5.668618613299113349e+03
-7.913221936453685885e+03
-2.426573011878335365e+03
-3.260469915898437193e+03
-3.236704031835128717e+03
-8.135497168259997125e+03
-3.307013645045666635e+03
-4.785614669450743349e+03
-1.791975459845034266e+03
-4.142202307927707807e+03
-4.816146027278644397e+03
-4.793177689920239573e+03
-9.217717235138962906e+02
-8.042988160950394558e+02
-3.545120038567498568e+02
-3.018216677499493699e+02
-3.050002878607369894e+02
-1.571767904878530317e+03
-3.058894987746821243e+02
-1.028771719471819779e+01
-1.273464372555311144e+02
-8.686711190145940620e+00
-1.045085168453327107e+01
-6.846229041333555188e+01
-2.749970989308441460e+01
-1.619881585142529445e+02
-2.024713192735446455e+03
-1.703214764501434956e+03
-2.946589425063727390e+02
-6.237170135445419419e+02
-1.743352509048531829e+03
-1.689012565856794708e+03
-3.693661417335306851e+03
-2.871182757323154874e+03
-1.666654668691021243e+03
-1.313315653844852022e+03
-4.914384350128819392e+02
-7.226242292313102098e+02
-9.559380378583125548e+02
-1.679562661696986424e+03
-1.782240400838490586e+03
-5.680108948317580143e+03
-1.669162562743979606e+03
-3.069141468983132199e+03
-5.999864639252714369e+03
-2.101646686045538900e+03
-3.058575241809083764e+03
-3.095381426756516703e+03
-7.666282907764169067e+03
-5.291558518543038190e+03
-1.509028071617768910e+04
-1.041826335108543390e+04
-1.030473265026694753e+04
-4.151073513175234439e+03
-1.039540095323318019e+04
-3.153332733156845507e+02
-2.218507057885333040e+02
-6.126638785553861908e+02
-3.144359567244252389e+02
-3.162408749718107970e+02
-7.802106028516492188e+03
-1.523788246285913192e+04
-5.471405460072563073e+03
-1.076729321498212448e+04
-1.069698274292861788e+04
-4.327229874113565415e+02
-1.073691574020993357e+04
-2.169747665003180828e+03
-1.316582627356784769e+03
-1.194583861885732404e+03
-2.341485781627525739e+03
-2.603708712688498963e+03
-1.930681298266744079e+03
-1.483416432255313566e+03
-1.606283280740135979e+03
-8.857627539977867173e+02
-7.156284710700726919e+02
-1.106233055923097936e+03
-9.797959568959940952e+02
-2.927054406361573342e+02
-1.403483422357583663e+02
-5.786331205651783876e+02
-2.952578275317661678e+02
-2.868671926459918268e+03
-2.726108887693471843e+02
-3.814797897500820000e+03
-1.748275023006708807e+03
-2.555632135889119127e+03
-2.642869860920838505e+02
-2.829918786871461180e+03
-2.567524562433703977e+03
-3.408435359348089605e+03
-2.435380215673189923e+03
-1.561889957608663508e+03
-3.412334072056773493e+03
-3.395284150660884734e+03
-2.110386457189915745e+03
-9.629399948360570534e+02
-1.503586021658548589e+03
-6.812932612012982645e+02
-6.911353182172813376e+02
-1.105104908350027699e+03
-6.846001036566542552e+02
-4.019628318064172163e+03
-2.753120481032462067e+03
-5.411387360679994345e+03
-4.111167599379853527e+03
-1.970346404791177292e+03
-3.417924327337616432e+03
-2.731541901204853275e+03
-1.041854797405672343e+03
-1.517981760906082627e+03
-3.244423770245155993e+03
-1.877567335683439751e+03
-1.617107754303340243e+03
-4.559550136167183155e+03
-2.964294843537366887e+03
-2.427670511238130075e+03
-4.481490783968225514e+03
-4.515631118996858277e+03
-4.254412393593907836e+03
-2.154709883657079899e+03
-2.649851772452499063e+03
-1.415618301342661198e+03
-1.389619174722630305e+03
-1.435597531780931149e+03
-1.345849083939326874e+03
-4.868958041719234302e+02
-6.031617534573819057e+02
-1.088303197806657181e+03
-5.023864951669542620e+02
-5.114928431455722944e+02
-5.705773257569271664e+02
-1.330261015923447758e+03
-7.536635724252312230e+02
-1.596068589774234624e+03
-1.582983505879411496e+03
-1.371810459542013632e+03
-1.613335969160558761e+03
-8.516020178630483439e-01
-1.170201144997799148e+00
-3.115151913407114281e-01
-8.965270495205036605e-01
-7.773309082071044941e+03
-8.826324469650419502e-01
-4.929529411988084576e+03
-9.913808988138660425e+03
-5.765473903793351383e+03
-4.670741469591959127e-01
-5.449249822326270987e+03
-5.837296525689040209e+03
-7.114163912349020393e+03
-8.280830109151793295e+03
-1.228350160676800806e+04
-7.142365443818088352e+03
-2.769521894317760484e+02
-7.848221362524435790e+03
-8.505874912691756435e+02
-4.007721971843440087e+02
-1.124685856435904270e+03
-1.579265142797643239e+04
-1.057212539950164910e+03
-1.134246453533935664e+03
-6.688356087310206703e+02
-7.996726082611211268e+02
-4.421648206735109170e+02
-6.510952716702480529e+02
-6.931317787394510788e+02
-1.078917876113877128e+03
-7.258719286244670457e+02
-1.304161094162565632e+03
-8.950696695233712035e+02
-8.276539659076991029e+02
-5.387838741986524838e+02
-8.691655052028986574e+02
-7.996034180071170567e+02
-5.190123498453119737e+02
-1.324830119181749524e+03
-7.986757613822134090e+02
-5.620563810183546138e+02
-2.732948500163354311e+03
-3.385465893131235589e+03
-9.838613390945874926e+02
-1.978489108885265978e+03
-2.973567269022453274e+03
-6.224156627495508474e+02
-1.974241125000539569e+03
-1.195703830243392440e+04
-8.371599523362641776e+03
-8.390260863243674976e+03
-1.195465323467411145e+04
-1.192296429811867347e+04
-4.771548335934561692e+03
-3.340409052401769259e+03
-3.332991506178228974e+03
-2.333900524585388666e+03
-2.343928120125111491e+03
-5.822747749255011513e+03
-2.333006749206654149e+03
-2.331771608337785437e+03
-6.015236219428084951e+03
-5.555495022237623743e+03
-2.080975640253314850e+03
-4.545945486489777068e+03
-1.135754265131595844e+02
-3.377867882567628044e+02
-3.580755519408936038e+02
-6.677468366293152258e+02
-5.480274781787990150e+02
-1.652704341956692951e+04
-6.646307248247915140e+02
-1.153781528659010746e+03
-2.599959844092313233e+03
-7.092692596829591594e+02
-1.200417332436601100e+03
-1.115599882684258546e+03
-1.301802637234566873e+03
-8.243272107882684168e+02
-2.966369452057182571e+03
-1.804746046076072844e+03
-1.905708147605152817e+03
-1.662998112207136273e+03
-1.878411286149834950e+03
