5.089924242658731401e+01
5.089924242658731401e+01
5.089924242658731401e+01
4.397636854706979648e+01
4.771166786414624283e+01
9.198658269865179093e+00
7.436826147980723611e+00
7.436826147980723611e+00
8.622590577857755179e+00
7.947536484410203883e+00
4.115043801882666941e+01
7.436826147980723611e+00
5.274774626685106327e+00
5.274774626685106327e+00
5.274774626685106327e+00
5.792120491595554199e+00
2.712489120204113036e+00
2.193195765832227906e+01
1.564323585378997450e+01
1.564323585378997450e+01
1.127824423663815523e+01
2.408302730716046725e+01
3.762297230658349090e+00
1.564323585378997450e+01
2.411966293082582524e+01
2.411966293082582524e+01
2.411966293082582524e+01
2.512815191956657301e+01
2.106924569755139132e+01
5.249573696709150283e+01
4.771940470553919056e+01
4.771940470553919056e+01
4.585659357702361660e+01
5.469068358964490528e+01
2.192513189173422106e+01
4.771940470553919056e+01
3.903201449394432254e-01
3.903201449394432254e-01
3.903201449394432254e-01
6.456142536617911487e-01
6.149043605752962094e+01
1.595221461926419892e-01
2.884840981008821714e+01
2.884840981008821714e+01
2.513087386699036330e+01
2.638597384530798617e-01
7.058653464170522795e+01
2.884840981008821714e+01
1.043660434097390244e+01
1.043660434097390244e+01
1.043660434097390244e+01
1.370101434441205690e+01
3.095845744178985726e+01
1.001492335750020857e+01
3.171127279883900485e+01
3.171127279883900485e+01
2.970761067646500919e+01
1.314743800726409617e+01
3.304648428510591884e+01
3.171127279883900485e+01
1.972339864429774536e+01
1.972339864429774536e+01
1.972339864429774536e+01
1.772839858072818586e+01
2.200883190827022418e+01
1.746929594209228753e+01
1.750685935097849821e+01
1.750685935097849821e+01
1.949353683303933948e+01
1.570229588578781943e+01
1.976580894465314842e+01
1.750685935097849821e+01
1.039908148843269320e+00
1.039908148843269320e+00
1.039908148843269320e+00
9.841266589109537444e-01
1.305822234193488862e+00
2.183807112570865527e+01
2.597802699259576897e+01
2.597802699259576897e+01
2.742226691806326855e+01
2.066665983713003030e+01
1.237048904409322247e+00
2.597802699259576897e+01
4.274705910017961941e+01
4.274705910017961941e+01
4.274705910017961941e+01
4.194345835541125211e+01
1.320361074074397179e+00
8.102800754810165529e+01
2.280095666154092982e+00
2.280095666154092982e+00
2.502773976230573183e+00
7.950476434533176473e+01
1.202885115215151179e+00
2.280095666154092982e+00
1.181712255569084391e+01
1.181712255569084391e+01
1.181712255569084391e+01
1.416378095248957614e+01
6.139813273327914267e+00
1.706917702488678046e+01
1.095967482426808992e+01
1.095967482426808992e+01
8.868619172584764954e+00
2.045879470915161136e+01
7.587467186031755517e+00
1.095967482426808992e+01
3.683742654031350927e+00
3.683742654031350927e+00
3.683742654031350927e+00
2.548523683923954231e+00
5.341306630204291395e+01
4.169510916101420328e+00
5.484093996810926086e+01
5.484093996810926086e+01
6.045654757264199475e+01
2.884592741144695882e+00
4.845170424366933304e+01
5.484093996810926086e+01
7.156350773031984147e+01
7.156350773031984147e+01
7.156350773031984147e+01
6.174129435307003888e+01
5.314246811851779029e+01
4.130901665733908601e+01
2.606545095676203871e+01
2.606545095676203871e+01
3.067573362938831849e+01
3.563928373225993340e+01
4.515564038988354412e+01
2.606545095676203871e+01
2.120095609149753457e+01
2.120095609149753457e+01
2.120095609149753457e+01
2.021221927081744951e+01
1.053813917328642463e-01
2.515367671872589028e+00
9.061241862930903210e-03
9.061241862930903210e-03
1.250287698525508022e-02
2.398059913486816352e+00
7.637332427327472861e-02
9.061241862930903210e-03
1.047488245337629920e+01
1.047488245337629920e+01
1.047488245337629920e+01
7.209923517459885467e+00
2.224911608226074478e+01
2.898862818492510129e+01
5.420514284947487482e+01
5.420514284947487482e+01
6.157313520439601007e+01
1.995304415297037792e+01
1.958673229014638650e+01
5.420514284947487482e+01
4.910200664381621039e+01
4.910200664381621039e+01
4.910200664381621039e+01
6.164468324621177686e+01
3.861581754585707404e+00
2.523934920943823457e+01
4.152972743750004803e+00
4.152972743750004803e+00
1.984925200955270475e+00
3.168651942562287260e+01
8.079419701477283056e+00
4.152972743750004803e+00
6.674496717456883214e-03
6.674496717456883214e-03
6.674496717456883214e-03
7.502654253076918890e-03
2.850142811668475318e+01
2.046845660020110876e-03
8.822729900898092836e+00
8.822729900898092836e+00
8.740437955783322721e+00
2.300813970943588194e-03
2.876977141597204124e+01
8.822729900898092836e+00
4.341910697565610988e+00
4.341910697565610988e+00
4.341910697565610988e+00
4.566036137992997901e+00
6.219753863253796311e+00
3.434056642620075195e+01
5.150797434112621431e+01
5.150797434112621431e+01
4.919259873664366722e+01
3.611319490958099010e+01
6.512502502901013735e+00
5.150797434112621431e+01
5.000127304619971369e+01
5.000127304619971369e+01
5.000127304619971369e+01
5.114430162469250973e+01
6.873391826694091833e+01
1.134482665754111430e+01
1.600143694255759286e+01
1.600143694255759286e+01
1.559509069922188651e+01
1.160416927619074023e+01
7.052485170979086604e+01
1.600143694255759286e+01
3.063988778927900469e+01
3.063988778927900469e+01
3.063988778927900469e+01
3.348634792319555942e+01
9.422643948919150247e+00
5.069508706953435251e+01
2.111522541192403324e+01
2.111522541192403324e+01
1.559019271548441132e+01
5.540468474565085444e+01
1.276194942478925043e+01
2.111522541192403324e+01
4.927780170550898120e+00
4.927780170550898120e+00
4.927780170550898120e+00
2.765243272582326828e+00
2.327424876748533829e-03
2.635291134685915893e+01
5.537634861958613472e-03
5.537634861958613472e-03
1.244666347130737698e-02
1.478804010989678908e+01
1.035492697764618707e-03
5.537634861958613472e-03
4.638756350829741137e+01
4.638756350829741137e+01
4.638756350829741137e+01
4.919198256764096300e+01
3.628603781869339429e+01
3.145823272401778326e+01
2.609998831595537183e+01
2.609998831595537183e+01
2.460777277359666471e+01
3.336008013207835177e+01
3.848642344895115031e+01
2.609998831595537183e+01
2.851416877386903792e+01
2.851416877386903792e+01
2.851416877386903792e+01
2.877272702211372746e+01
1.440697666669531696e+00
3.012060081746729523e+01
1.558433110234813679e+00
1.558433110234813679e+00
1.521863732397392921e+00
3.039372572758492552e+01
1.475316677688957023e+00
1.558433110234813679e+00
1.202315325381475425e-01
1.202315325381475425e-01
1.202315325381475425e-01
1.220533085100310028e-01
3.534916587421199186e+00
1.889352654170890489e-01
5.574057500759706407e+00
5.574057500759706407e+00
5.554868923090456434e+00
1.917980562300486691e-01
3.547127500483449047e+00
5.574057500759706407e+00
2.167232630252862435e+01
2.167232630252862435e+01
2.167232630252862435e+01
2.429057777421097342e+01
2.200642294566835133e+01
2.389512900022387143e+01
2.718127645491109945e+01
2.718127645491109945e+01
2.426349196573690392e+01
2.678191908438645896e+01
2.465278562189611122e+01
2.718127645491109945e+01
3.426436323123410688e+01
3.426436323123410688e+01
3.426436323123410688e+01
3.076259989614672108e+01
3.679873458700533462e+01
3.559501811400047444e+01
3.431329199490829751e+01
3.431329199490829751e+01
3.822781165834534534e+01
3.195726396978349015e+01
3.303055210724817670e+01
3.431329199490829751e+01
6.674750559632447455e-02
6.674750559632447455e-02
6.674750559632447455e-02
4.872826978212556337e-02
6.029436855608370394e+00
5.403369500654837260e-02
3.637099802981052399e+00
3.637099802981052399e+00
4.880972692635346277e+00
3.944669458553020508e-02
4.492887991917771551e+00
3.637099802981052399e+00
5.981685772131536538e+01
5.981685772131536538e+01
5.981685772131536538e+01
5.816596704246865812e+01
7.126775353128921608e+01
5.416487116497062004e+01
6.268245814111526215e+01
6.268245814111526215e+01
6.453379256770284655e+01
5.266997015656611580e+01
6.922323638192729334e+01
6.268245814111526215e+01
2.063076154936767992e+01
2.063076154936767992e+01
2.063076154936767992e+01
2.686563317916321125e+01
5.097647959914451121e+01
1.802477061681597448e+01
5.401311456405068867e+01
5.401311456405068867e+01
4.453734533398941409e+01
2.347207951442680240e+01
6.182223956126283326e+01
5.401311456405068867e+01
1.809159188317913447e+01
1.809159188317913447e+01
1.809159188317913447e+01
1.705061627452163009e+01
1.221316825382285209e+01
1.108839502517430731e+01
7.045984842100038392e+00
7.045984842100038392e+00
7.485490220084973778e+00
1.045037771664228643e+01
1.149608053184743284e+01
7.045984842100038392e+00
9.715418975208285346e+00
9.715418975208285346e+00
9.715418975208285346e+00
9.719974382422467585e+00
9.278003310769603829e+00
6.412176523637469927e+01
6.125141475508189615e+01
6.125141475508189615e+01
6.123482185107938847e+01
6.415183092398829956e+01
9.280517387133619067e+00
6.125141475508189615e+01
2.853515696380472377e+01
2.853515696380472377e+01
2.853515696380472377e+01
2.864994917371294747e+01
2.302382024958984630e+01
1.264215814852108188e+01
1.024128116447639236e+01
1.024128116447639236e+01
1.020042669285625969e+01
1.269301545670826847e+01
2.311603462838957057e+01
1.024128116447639236e+01
5.978376058906172830e+01
5.978376058906172830e+01
5.978376058906172830e+01
5.271497900777566059e+01
8.039378605773650488e-01
1.615777313217884537e+00
1.293800967750320489e-02
1.293800967750320489e-02
2.172805028587473236e-02
1.424729162372315061e+00
4.787063580676187424e-01
1.293800967750320489e-02
2.318498395123171019e+00
2.318498395123171019e+00
2.318498395123171019e+00
3.779833006584139898e+00
1.996558561125040754e+01
3.305093456877712388e+00
3.257624323495343788e+01
3.257624323495343788e+01
2.846157948837824847e+01
5.388272583853988884e+00
2.285199152302703496e+01
3.257624323495343788e+01
1.929156014075888592e+01
1.929156014075888592e+01
1.929156014075888592e+01
2.028530990186139604e+01
1.222825231584550210e+01
2.671139096412769032e+00
2.010409663548164971e+00
2.010409663548164971e+00
1.693142628347839240e+00
2.808735217180809318e+00
1.451962534784785852e+01
2.010409663548164971e+00
6.222087019462836377e-01
6.222087019462836377e-01
6.222087019462836377e-01
5.090942044682963408e-01
5.849563118168689124e-01
4.542123524207870133e+01
3.482943633007866424e+01
3.482943633007866424e+01
4.270181076263142472e+01
3.716387692618562966e+01
4.771155661654611357e-01
3.482943633007866424e+01
2.207762926590496888e-01
2.207762926590496888e-01
2.207762926590496888e-01
2.869519791855895119e-01
1.210493905022814154e+01
7.024700220969763986e-01
4.190600073850677632e+01
4.190600073850677632e+01
3.851571515981681415e+01
9.130290246814211086e-01
1.317045737495927327e+01
4.190600073850677632e+01
4.745390939056177615e+01
4.745390939056177615e+01
4.745390939056177615e+01
4.855203474560482135e+01
1.704697971473828220e-04
2.005783798982508159e+01
8.752685206005645117e-05
8.752685206005645117e-05
7.205424415507935825e-05
2.052199406772987444e+01
2.070757231664750047e-04
8.752685206005645117e-05
6.384320720427020035e+01
6.384320720427020035e+01
6.384320720427020035e+01
6.051943101926065083e+01
5.828061851347085565e+01
5.028358797504468214e+01
4.352463269551780201e+01
4.352463269551780201e+01
4.590243405043279523e+01
4.766574655499290714e+01
5.526161229880349879e+01
4.352463269551780201e+01
5.377062346112112756e+00
5.377062346112112756e+00
5.377062346112112756e+00
8.729139895680898320e+00
9.498848651144520261e-01
2.743399156179649356e+00
8.670545326099126093e-01
8.670545326099126093e-01
4.846351352624757025e-01
4.453642803918826054e+00
1.699426883915428510e+00
8.670545326099126093e-01
1.054942490920491238e+01
1.054942490920491238e+01
1.054942490920491238e+01
1.094341392356039933e+01
5.625218214955732599e+00
3.537160116615766015e+01
1.954296945454731116e+01
1.954296945454731116e+01
1.886102577955746185e+01
3.669262315546722419e+01
5.828604925040425044e+00
1.954296945454731116e+01
2.633658437262176122e+01
2.633658437262176122e+01
2.633658437262176122e+01
2.926318267818156471e+01
4.032066446068639465e+01
3.934230505045965742e+01
6.620309368459052735e+01
6.620309368459052735e+01
6.023210370053150342e+01
4.371413708716010404e+01
4.431777345827962478e+01
6.620309368459052735e+01
4.838641477209953967e-01
4.838641477209953967e-01
4.838641477209953967e-01
4.108562112113219866e-01
4.808182211616776947e+00
1.774168541643649899e+00
1.689751209946926025e+01
1.689751209946926025e+01
1.763000144259485324e+01
1.506472774441514062e+00
4.608412390764343058e+00
1.689751209946926025e+01
3.170603201924015480e+01
3.170603201924015480e+01
3.170603201924015480e+01
3.929668773554347894e+01
3.888844606511034474e+00
4.212993295707253338e+01
1.092656262906334774e+01
1.092656262906334774e+01
5.167368860706442746e+00
5.221614671709201616e+01
8.223083215686850522e+00
1.092656262906334774e+01
3.891187177290363763e+01
3.891187177290363763e+01
3.891187177290363763e+01
3.820112908704405186e+01
4.139046640201576821e+01
2.408830157370224612e+01
2.515120995264050663e+01
2.515120995264050663e+01
2.562266967743832780e+01
2.364831800626536662e+01
4.062887761580390134e+01
2.515120995264050663e+01
2.366629659492363302e+01
2.366629659492363302e+01
2.366629659492363302e+01
2.218817190378630144e+01
2.395203180102832619e+01
5.772267462176493558e-01
5.482770370450070763e-01
5.482770370450070763e-01
5.841958975860567227e-01
5.411749244825926342e-01
2.247935851884528802e+01
5.482770370450070763e-01
2.928835294269560308e+01
2.928835294269560308e+01
2.928835294269560308e+01
3.249849460504936616e+01
1.450724051614491117e+01
5.806287513201055361e+01
3.203333122016950796e+01
3.203333122016950796e+01
2.875996804077850300e+01
6.442684018193995144e+01
1.615840601371382945e+01
3.203333122016950796e+01
3.218726409070238503e+01
3.218726409070238503e+01
3.218726409070238503e+01
2.034018846916047707e+01
7.260687275773567251e+01
1.303451190449931119e+01
2.368013361337194667e+01
2.368013361337194667e+01
2.940278318288469350e+01
8.236935826354242707e+00
5.847543198404093090e+01
2.368013361337194667e+01
3.849486763215258378e+01
3.849486763215258378e+01
3.849486763215258378e+01
3.639533363901711027e+01
4.018758555871336569e+01
7.352952244343750721e+00
7.258451330270530022e+00
7.258451330270530022e+00
7.676280387619405232e+00
6.951917661385287772e+00
3.800012755259278663e+01
7.258451330270530022e+00
1.502015658948572738e-02
1.502015658948572738e-02
1.502015658948572738e-02
1.324576643740543389e-02
1.086956954941416809e-01
4.866530734993376739e-02
3.149397554132936650e-01
3.149397554132936650e-01
3.521740534010190937e-01
4.291628325719362008e-02
9.720362821397951492e-02
3.149397554132936650e-01
5.425410966026542781e+01
5.425410966026542781e+01
5.425410966026542781e+01
5.744940466577763516e+01
9.034023311403284850e+00
1.557791267472967789e+01
3.123105131344244612e+00
3.123105131344244612e+00
2.593927485452428350e+00
1.649537361690644843e+01
1.087702131950926798e+01
3.123105131344244612e+00
1.420532046225835998e+01
1.420532046225835998e+01
1.420532046225835998e+01
1.449060479943969248e+01
2.043998963530064472e+01
3.570526494567641862e+01
5.245403118107009277e+01
5.245403118107009277e+01
5.137619016440432773e+01
3.642233098237544198e+01
2.086880810429670774e+01
5.245403118107009277e+01
2.523211876381159957e+00
2.523211876381159957e+00
2.523211876381159957e+00
2.625586183132571527e+00
2.978703238428847655e+00
6.308029690952901092e+01
7.729330045665743398e+01
7.729330045665743398e+01
7.446758096072119315e+01
6.563965457831426420e+01
3.091732018266297732e+00
7.729330045665743398e+01
7.646734745686410761e+00
7.646734745686410761e+00
7.646734745686410761e+00
3.257242230925726734e+00
2.882545017233964302e+01
6.760156804157553267e+00
1.964202125091536999e+01
1.964202125091536999e+01
2.548336899293794033e+01
2.879590957774917914e+00
2.221802403792066727e+01
1.964202125091536999e+01
3.184208792540802468e-01
3.184208792540802468e-01
3.184208792540802468e-01
2.890099843649767686e-01
5.214359935814459135e+01
2.884518553242844674e-01
4.646406782539494884e+01
4.646406782539494884e+01
4.723596647737804233e+01
2.618090446600377930e-01
5.129150344361778480e+01
4.646406782539494884e+01
8.799747586933943211e+00
8.799747586933943211e+00
8.799747586933943211e+00
8.368058907138497204e+00
5.887557808450615937e+00
5.447462791911488189e+00
3.463704369874614830e+00
3.463704369874614830e+00
3.644678643326572320e+00
5.180226942514308597e+00
5.595214751335915615e+00
3.463704369874614830e+00
1.570543753369090112e+01
1.570543753369090112e+01
1.570543753369090112e+01
1.440257200427633855e+01
7.825180783648170157e-01
1.333480545313378052e+01
4.059164461842176830e-01
4.059164461842176830e-01
6.644021420078632945e-01
1.222859887155537884e+01
4.780793699503008143e-01
4.059164461842176830e-01
6.732155339039644559e+01
6.732155339039644559e+01
6.732155339039644559e+01
7.141431678164978791e+01
5.540782554977214858e+01
6.271837025259154785e+01
5.464970218696291226e+01
5.464970218696291226e+01
5.161925628141166555e+01
6.653128657435749460e+01
5.866068950343725419e+01
5.464970218696291226e+01
1.983446780284038624e+01
1.983446780284038624e+01
1.983446780284038624e+01
1.947768381822598371e+01
2.696904092821216281e+01
2.336059541223423253e+01
3.109803780518655714e+01
3.109803780518655714e+01
3.176353709322766861e+01
2.294038316368838437e+01
2.640399436289424528e+01
3.109803780518655714e+01
1.488275556594640281e-04
1.488275556594640281e-04
1.488275556594640281e-04
1.089823884246614885e-04
2.737155552116426094e+01
1.597506790106173794e-04
2.474576116986476748e+01
2.474576116986476748e+01
2.938047702730475663e+01
1.169810958319761405e-04
2.305374331209623406e+01
2.474576116986476748e+01
4.407101888160108416e+01
4.407101888160108416e+01
4.407101888160108416e+01
4.193194939551216294e+01
3.696744890912935511e-02
4.864982603813106721e+01
3.171801212369834699e-02
3.171801212369834699e-02
4.080822282176616717e-02
4.628851556647446586e+01
2.873278745323262426e-02
3.171801212369834699e-02
1.898166042354883398e+00
1.898166042354883398e+00
1.898166042354883398e+00
3.157289951266637917e+00
5.074728157213209023e+00
3.066268222265581045e+00
9.706515062168000085e+00
9.706515062168000085e+00
8.197637792421335945e+00
5.100237613584567953e+00
6.008795038484953110e+00
9.706515062168000085e+00
8.982898447480357262e+00
8.982898447480357262e+00
8.982898447480357262e+00
9.034922596370432046e+00
1.171132553812863852e+00
3.128526700674192895e+01
4.154429685917241599e+00
4.154429685917241599e+00
4.078771997762043355e+00
3.146645455977288108e+01
1.192856048431683025e+00
4.154429685917241599e+00
5.836961540402950277e+01
5.836961540402950277e+01
5.836961540402950277e+01
5.845742193349145310e+01
4.973201911068434100e+01
2.322232010697947757e+01
1.981167851417645664e+01
1.981167851417645664e+01
1.978585706554108370e+01
2.325725388751810740e+01
4.979692167076784415e+01
1.981167851417645664e+01
1.796391311482324893e+00
1.796391311482324893e+00
1.796391311482324893e+00
3.338912114760765437e+00
6.427662853532864062e+01
7.185565245929299849e-02
3.069729985482610779e+00
3.069729985482610779e+00
2.571065141413146460e+00
1.335564845904306797e-01
7.674324963706526148e+01
3.069729985482610779e+00
3.039247299923180989e+01
3.039247299923180989e+01
3.039247299923180989e+01
2.539325823248234570e+01
2.175125306728923391e+01
3.437837109749172981e+01
2.049757620547323711e+01
2.049757620547323711e+01
2.460387642037634848e+01
2.872352160723412950e+01
1.812104563092561449e+01
2.049757620547323711e+01
