4.841349322242751896e+01
4.841349322242751896e+01
4.841349322242751896e+01
4.182870940901125323e+01
4.538158916811268995e+01
4.841349322242751896e+01
3.914078790068081304e+01
3.914078790068081304e+01
4.538158916811268995e+01
4.182870940901125323e+01
3.914078790068081304e+01
3.914078790068081304e+01
2.191712079490916665e+01
2.191712079490916665e+01
2.191712079490916665e+01
2.406673525552069393e+01
1.127061455889184316e+01
2.191712079490916665e+01
1.563265328029983614e+01
1.563265328029983614e+01
1.127061455889184316e+01
2.406673525552069393e+01
1.563265328029983614e+01
1.563265328029983614e+01
3.733655571634756143e+01
3.733655571634756143e+01
3.733655571634756143e+01
3.889766813427109327e+01
3.261459615518390365e+01
3.733655571634756143e+01
3.393948376524743793e+01
3.393948376524743793e+01
3.261459615518390365e+01
3.889766813427109327e+01
3.393948376524743793e+01
3.393948376524743793e+01
2.679515784739165407e-01
2.679515784739165407e-01
2.679515784739165407e-01
4.432088904372994964e-01
4.221268006861588873e+01
2.679515784739165407e-01
4.845707714927988974e+01
4.845707714927988974e+01
4.221268006861588873e+01
4.432088904372994964e-01
4.845707714927988974e+01
4.845707714927988974e+01
8.322565436924895366e+00
8.322565436924895366e+00
8.322565436924895366e+00
1.092573644724136273e+01
2.468751132722420394e+01
8.322565436924895366e+00
2.635258738738765416e+01
2.635258738738765416e+01
2.468751132722420394e+01
1.092573644724136273e+01
2.635258738738765416e+01
2.635258738738765416e+01
4.448841179916403377e+01
4.448841179916403377e+01
4.448841179916403377e+01
3.998845791352369616e+01
4.964347143268772555e+01
4.448841179916403377e+01
4.458407314743186589e+01
4.458407314743186589e+01
4.964347143268772555e+01
3.998845791352369616e+01
4.458407314743186589e+01
4.458407314743186589e+01
2.736572260810198998e+01
2.736572260810198998e+01
2.736572260810198998e+01
2.589780375214114017e+01
3.436338976300955750e+01
2.736572260810198998e+01
3.255358389909505235e+01
3.255358389909505235e+01
3.436338976300955750e+01
2.589780375214114017e+01
3.255358389909505235e+01
3.255358389909505235e+01
5.036915123543160178e+01
5.036915123543160178e+01
5.036915123543160178e+01
4.942226299801428269e+01
1.555790457293722229e+00
5.036915123543160178e+01
1.417367733886211179e+00
1.417367733886211179e+00
1.555790457293722229e+00
4.942226299801428269e+01
1.417367733886211179e+00
1.417367733886211179e+00
3.455263474147466241e+01
3.455263474147466241e+01
3.455263474147466241e+01
4.141413846757026107e+01
1.795248584537972292e+01
3.455263474147466241e+01
2.218534851071900249e+01
2.218534851071900249e+01
1.795248584537972292e+01
4.141413846757026107e+01
2.218534851071900249e+01
2.218534851071900249e+01
3.195810977732997937e+00
3.195810977732997937e+00
3.195810977732997937e+00
2.210957911835552903e+00
4.633821623115925092e+01
3.195810977732997937e+00
4.203401346245972547e+01
4.203401346245972547e+01
4.633821623115925092e+01
2.210957911835552903e+00
4.203401346245972547e+01
4.203401346245972547e+01
4.593245962340897393e+01
4.593245962340897393e+01
4.593245962340897393e+01
3.962815127308073926e+01
3.410906408250214383e+01
4.593245962340897393e+01
2.898278319158953309e+01
2.898278319158953309e+01
3.410906408250214383e+01
3.962815127308073926e+01
2.898278319158953309e+01
2.898278319158953309e+01
2.836851671223640281e+01
2.836851671223640281e+01
2.836851671223640281e+01
2.704551048079973441e+01
1.410084413000322057e-01
2.836851671223640281e+01
1.021934065928441770e-01
1.021934065928441770e-01
1.410084413000322057e-01
2.704551048079973441e+01
1.021934065928441770e-01
1.021934065928441770e-01
1.923153263799211743e+01
1.923153263799211743e+01
1.923153263799211743e+01
1.323717760658631981e+01
4.084863042683172552e+01
1.923153263799211743e+01
3.596058313648671145e+01
3.596058313648671145e+01
4.084863042683172552e+01
1.323717760658631981e+01
3.596058313648671145e+01
3.596058313648671145e+01
3.622835850941382319e+01
3.622835850941382319e+01
3.622835850941382319e+01
4.548257469482198445e+01
2.849145641508334936e+00
3.622835850941382319e+01
5.961143617131634542e+00
5.961143617131634542e+00
2.849145641508334936e+00
4.548257469482198445e+01
5.961143617131634542e+00
5.961143617131634542e+00
7.025713796811145113e-03
7.025713796811145113e-03
7.025713796811145113e-03
7.897449610047967833e-03
3.000119488028000347e+01
7.025713796811145113e-03
3.028365860749310556e+01
3.028365860749310556e+01
3.000119488028000347e+01
7.897449610047967833e-03
3.028365860749310556e+01
3.028365860749310556e+01
3.116171816911262482e+01
3.116171816911262482e+01
3.116171816911262482e+01
3.277025742650506146e+01
4.463892292318051602e+01
3.116171816911262482e+01
4.673996811699173293e+01
4.673996811699173293e+01
4.463892292318051602e+01
3.277025742650506146e+01
4.673996811699173293e+01
4.673996811699173293e+01
3.317166677894764604e+01
3.317166677894764604e+01
3.317166677894764604e+01
3.392997073431982358e+01
4.559921166518532232e+01
3.317166677894764604e+01
4.678734636196796259e+01
4.678734636196796259e+01
4.559921166518532232e+01
3.392997073431982358e+01
4.678734636196796259e+01
4.678734636196796259e+01
4.398024807640897649e+01
4.398024807640897649e+01
4.398024807640897649e+01
4.806603401956320454e+01
1.352518720888206261e+01
4.398024807640897649e+01
1.831839938517031996e+01
1.831839938517031996e+01
1.352518720888206261e+01
4.806603401956320454e+01
1.831839938517031996e+01
1.831839938517031996e+01
1.691440337106397251e+01
1.691440337106397251e+01
1.691440337106397251e+01
9.491584143930992923e+00
7.988790453039330830e-03
1.691440337106397251e+01
3.554286224546404725e-03
3.554286224546404725e-03
7.988790453039330830e-03
9.491584143930992923e+00
3.554286224546404725e-03
3.554286224546404725e-03
4.209354507019705949e+01
4.209354507019705949e+01
4.209354507019705949e+01
4.463836379190212256e+01
3.292710055933064694e+01
4.209354507019705949e+01
3.492380020669413199e+01
3.492380020669413199e+01
3.292710055933064694e+01
4.463836379190212256e+01
3.492380020669413199e+01
3.492380020669413199e+01
3.170556967659307901e+01
3.170556967659307901e+01
3.170556967659307901e+01
3.199306662662489131e+01
1.601945356210288107e+00
3.170556967659307901e+01
1.640439042444515882e+00
1.640439042444515882e+00
1.601945356210288107e+00
3.199306662662489131e+01
1.640439042444515882e+00
1.640439042444515882e+00
1.355980788926590241e+00
1.355980788926590241e+00
1.355980788926590241e+00
1.376526923267996860e+00
3.986707049151399929e+01
1.355980788926590241e+00
4.000478614046333092e+01
4.000478614046333092e+01
3.986707049151399929e+01
1.376526923267996860e+00
4.000478614046333092e+01
4.000478614046333092e+01
4.387065490254899203e+01
4.387065490254899203e+01
4.387065490254899203e+01
4.917070461381904778e+01
4.454695694464093236e+01
4.387065490254899203e+01
4.990391134331239442e+01
4.990391134331239442e+01
4.454695694464093236e+01
4.917070461381904778e+01
4.990391134331239442e+01
4.990391134331239442e+01
2.626265534802722357e+01
2.626265534802722357e+01
2.626265534802722357e+01
2.357865381094551793e+01
2.820517857518760252e+01
2.626265534802722357e+01
2.531697437636781345e+01
2.531697437636781345e+01
2.820517857518760252e+01
2.357865381094551793e+01
2.531697437636781345e+01
2.531697437636781345e+01
8.364263090898220454e-02
8.364263090898220454e-02
8.364263090898220454e-02
6.106236701741369483e-02
7.555607614053462484e+00
8.364263090898220454e-02
5.630127578041959069e+00
5.630127578041959069e+00
7.555607614053462484e+00
6.106236701741369483e-02
5.630127578041959069e+00
5.630127578041959069e+00
3.718373984704768986e+01
3.718373984704768986e+01
3.718373984704768986e+01
3.615750256450522215e+01
4.430191935419338023e+01
3.718373984704768986e+01
4.303099345318919688e+01
4.303099345318919688e+01
4.430191935419338023e+01
3.615750256450522215e+01
4.303099345318919688e+01
4.303099345318919688e+01
1.714450094913798850e+01
1.714450094913798850e+01
1.714450094913798850e+01
2.232578145199267539e+01
4.236228996103311317e+01
1.714450094913798850e+01
5.137529423233494441e+01
5.137529423233494441e+01
4.236228996103311317e+01
2.232578145199267539e+01
5.137529423233494441e+01
5.137529423233494441e+01
4.607318992529978630e+01
4.607318992529978630e+01
4.607318992529978630e+01
4.342217572848528562e+01
3.110282523403585486e+01
4.607318992529978630e+01
2.927664437493788085e+01
2.927664437493788085e+01
3.110282523403585486e+01
4.342217572848528562e+01
2.927664437493788085e+01
2.927664437493788085e+01
5.113325845033092776e+01
5.113325845033092776e+01
5.113325845033092776e+01
5.115723403131448777e+01
4.883109440809651858e+01
5.113325845033092776e+01
4.884432625294161312e+01
4.884432625294161312e+01
4.883109440809651858e+01
5.115723403131448777e+01
4.884432625294161312e+01
4.884432625294161312e+01
2.851585306795832864e+01
2.851585306795832864e+01
2.851585306795832864e+01
2.863056762149106049e+01
2.300824474640799977e+01
2.851585306795832864e+01
2.310039674262590381e+01
2.310039674262590381e+01
2.300824474640799977e+01
2.863056762149106049e+01
2.310039674262590381e+01
2.310039674262590381e+01
4.252001852199078513e+01
4.252001852199078513e+01
4.252001852199078513e+01
3.749248728603865999e+01
5.717849192734381081e-01
4.252001852199078513e+01
3.404704389799469433e-01
3.404704389799469433e-01
5.717849192734381081e-01
3.749248728603865999e+01
3.404704389799469433e-01
3.404704389799469433e-01
3.894414158096069389e+00
3.894414158096069389e+00
3.894414158096069389e+00
6.349038328878417126e+00
3.353647319432457152e+01
3.894414158096069389e+00
3.838480954533503819e+01
3.838480954533503819e+01
3.353647319432457152e+01
6.349038328878417126e+00
3.838480954533503819e+01
3.838480954533503819e+01
2.343080384596063226e+01
2.343080384596063226e+01
2.343080384596063226e+01
2.463777495428320208e+01
1.485197564639367229e+01
2.343080384596063226e+01
1.763499120651618668e+01
1.763499120651618668e+01
1.485197564639367229e+01
2.463777495428320208e+01
1.763499120651618668e+01
1.763499120651618668e+01
4.912123468043562013e+01
4.912123468043562013e+01
4.912123468043562013e+01
4.019123457115486531e+01
4.618028674410781775e+01
4.912123468043562013e+01
3.766663118338361471e+01
3.766663118338361471e+01
4.618028674410781775e+01
4.019123457115486531e+01
3.766663118338361471e+01
3.766663118338361471e+01
5.281675195914807830e-01
5.281675195914807830e-01
5.281675195914807830e-01
6.864809317292728252e-01
2.895888664476576579e+01
5.281675195914807830e-01
3.150794734269864961e+01
3.150794734269864961e+01
2.895888664476576579e+01
6.864809317292728252e-01
3.150794734269864961e+01
3.150794734269864961e+01
3.862188409233814212e+01
3.862188409233814212e+01
3.862188409233814212e+01
3.951562858517366550e+01
1.387423045061087715e-04
3.862188409233814212e+01
1.685352098738439016e-04
1.685352098738439016e-04
1.387423045061087715e-04
3.951562858517366550e+01
1.685352098738439016e-04
1.685352098738439016e-04
4.460355211554333010e+01
4.460355211554333010e+01
4.460355211554333010e+01
4.228142215402473880e+01
4.071729349176281687e+01
4.460355211554333010e+01
3.860808866121261218e+01
3.860808866121261218e+01
4.071729349176281687e+01
4.228142215402473880e+01
3.860808866121261218e+01
3.860808866121261218e+01
8.663276701292012660e+00
8.663276701292012660e+00
8.663276701292012660e+00
1.406399059799820428e+01
1.530411010913050873e+00
8.663276701292012660e+00
2.738038799125884104e+00
2.738038799125884104e+00
1.530411010913050873e+00
1.406399059799820428e+01
2.738038799125884104e+00
2.738038799125884104e+00
4.899063374487234057e+01
4.899063374487234057e+01
4.899063374487234057e+01
5.082028528208088147e+01
2.612303586932218735e+01
4.899063374487234057e+01
2.706754648559659415e+01
2.706754648559659415e+01
2.612303586932218735e+01
5.082028528208088147e+01
2.706754648559659415e+01
2.706754648559659415e+01
2.566892168198186752e+01
2.566892168198186752e+01
2.566892168198186752e+01
2.852132735604980596e+01
3.929848926357937700e+01
2.566892168198186752e+01
4.319426695296817087e+01
4.319426695296817087e+01
3.929848926357937700e+01
2.852132735604980596e+01
4.319426695296817087e+01
4.319426695296817087e+01
4.244378717891978070e+00
4.244378717891978070e+00
4.244378717891978070e+00
3.603964805395313054e+00
4.217660338517269025e+01
4.244378717891978070e+00
4.042425454904424953e+01
4.042425454904424953e+01
4.217660338517269025e+01
3.603964805395313054e+00
4.042425454904424953e+01
4.042425454904424953e+01
3.428879534653592742e+01
3.428879534653592742e+01
3.428879534653592742e+01
4.249778347360258834e+01
4.205628656598213055e+00
3.428879534653592742e+01
8.892932970266338444e+00
8.892932970266338444e+00
4.205628656598213055e+00
4.249778347360258834e+01
8.892932970266338444e+00
8.892932970266338444e+00
2.925674569799514657e+01
2.925674569799514657e+01
2.925674569799514657e+01
2.872235819440083660e+01
3.112033152536330149e+01
2.925674569799514657e+01
3.054771426411499746e+01
3.054771426411499746e+01
3.112033152536330149e+01
2.872235819440083660e+01
3.054771426411499746e+01
3.054771426411499746e+01
4.557006415385890108e+01
4.557006415385890108e+01
4.557006415385890108e+01
4.272389695856654157e+01
4.612025465878142683e+01
4.557006415385890108e+01
4.328458429195479340e+01
4.328458429195479340e+01
4.612025465878142683e+01
4.272389695856654157e+01
4.328458429195479340e+01
4.328458429195479340e+01
4.056516879928450692e+01
4.056516879928450692e+01
4.056516879928450692e+01
4.501130268253084665e+01
2.009292436145694793e+01
4.056516879928450692e+01
2.237983367504954302e+01
2.237983367504954302e+01
2.009292436145694793e+01
4.501130268253084665e+01
2.237983367504954302e+01
2.237983367504954302e+01
2.100060888760389233e+01
2.100060888760389233e+01
2.100060888760389233e+01
1.327097393358071109e+01
4.737241826582209114e+01
2.100060888760389233e+01
3.815234725045340980e+01
3.815234725045340980e+01
4.737241826582209114e+01
1.327097393358071109e+01
3.815234725045340980e+01
3.815234725045340980e+01
3.414648603563843210e+01
3.414648603563843210e+01
3.414648603563843210e+01
3.228411547593117348e+01
3.564799448590532194e+01
3.414648603563843210e+01
3.370763181280045018e+01
3.370763181280045018e+01
3.564799448590532194e+01
3.228411547593117348e+01
3.370763181280045018e+01
3.370763181280045018e+01
4.743158586250157543e-02
4.743158586250157543e-02
4.743158586250157543e-02
4.182830613964649141e-02
3.432460362845810575e-01
4.743158586250157543e-02
3.069556705557560661e-01
3.069556705557560661e-01
3.432460362845810575e-01
4.182830613964649141e-02
3.069556705557560661e-01
3.069556705557560661e-01
4.240767479559709585e+01
4.240767479559709585e+01
4.240767479559709585e+01
4.490527419070794934e+01
7.061435992311873022e+00
4.240767479559709585e+01
8.502013686169643591e+00
8.502013686169643591e+00
7.061435992311873022e+00
4.490527419070794934e+01
8.502013686169643591e+00
8.502013686169643591e+00
3.030976053770790202e+01
3.030976053770790202e+01
3.030976053770790202e+01
3.091846908237597447e+01
4.361261633521085912e+01
3.030976053770790202e+01
4.452758232587256515e+01
4.452758232587256515e+01
4.361261633521085912e+01
3.091846908237597447e+01
4.452758232587256515e+01
4.452758232587256515e+01
3.983977798461634023e+01
3.983977798461634023e+01
3.983977798461634023e+01
4.145619779084948675e+01
4.703167292921238385e+01
3.983977798461634023e+01
4.881631952855165224e+01
4.881631952855165224e+01
4.703167292921238385e+01
4.145619779084948675e+01
4.881631952855165224e+01
4.881631952855165224e+01
8.749034486361212615e+00
8.749034486361212615e+00
8.749034486361212615e+00
3.726783464651644007e+00
3.298072524157471719e+01
8.749034486361212615e+00
2.542081881893774664e+01
2.542081881893774664e+01
3.298072524157471719e+01
3.726783464651644007e+00
2.542081881893774664e+01
2.542081881893774664e+01
2.957439065449981030e-01
2.957439065449981030e-01
2.957439065449981030e-01
2.684275667061546966e-01
4.843008979693761518e+01
2.957439065449981030e-01
4.763867757829316929e+01
4.763867757829316929e+01
4.843008979693761518e+01
2.684275667061546966e-01
4.763867757829316929e+01
4.763867757829316929e+01
3.308141778169999014e+01
3.308141778169999014e+01
3.308141778169999014e+01
3.145854469052767044e+01
2.213344844850569970e+01
3.308141778169999014e+01
2.103442569672237994e+01
2.103442569672237994e+01
2.213344844850569970e+01
3.145854469052767044e+01
2.103442569672237994e+01
2.103442569672237994e+01
2.339415504913428734e+01
2.339415504913428734e+01
2.339415504913428734e+01
2.145346169768113853e+01
1.165605811028621819e+00
2.339415504913428734e+01
7.121267957303052398e-01
7.121267957303052398e-01
1.165605811028621819e+00
2.145346169768113853e+01
7.121267957303052398e-01
7.121267957303052398e-01
4.542568242814824941e+01
4.542568242814824941e+01
4.542568242814824941e+01
4.818730275182822709e+01
3.738681240556809371e+01
4.542568242814824941e+01
3.958170479143274179e+01
3.958170479143274179e+01
3.738681240556809371e+01
4.818730275182822709e+01
3.958170479143274179e+01
3.958170479143274179e+01
3.479695423585379643e+01
3.479695423585379643e+01
3.479695423585379643e+01
3.417102385505804563e+01
4.731362052625771497e+01
3.479695423585379643e+01
4.632232095271037764e+01
4.632232095271037764e+01
4.731362052625771497e+01
3.417102385505804563e+01
4.632232095271037764e+01
4.632232095271037764e+01
1.077928723708349132e-04
1.077928723708349132e-04
1.077928723708349132e-04
7.893380116386572931e-05
1.982467949440154342e+01
1.077928723708349132e-04
1.669737300662811563e+01
1.669737300662811563e+01
1.982467949440154342e+01
7.893380116386572931e-05
1.669737300662811563e+01
1.669737300662811563e+01
4.518513245411522661e+01
4.518513245411522661e+01
4.518513245411522661e+01
4.299198737804721304e+01
3.790198452042375932e-02
4.518513245411522661e+01
2.945915115641387777e-02
2.945915115641387777e-02
3.790198452042375932e-02
4.299198737804721304e+01
2.945915115641387777e-02
2.945915115641387777e-02
1.152720564873171405e+01
1.152720564873171405e+01
1.152720564873171405e+01
1.917362851764696074e+01
3.081787039401120509e+01
1.152720564873171405e+01
3.649028302274572866e+01
3.649028302274572866e+01
3.081787039401120509e+01
1.917362851764696074e+01
3.649028302274572866e+01
3.649028302274572866e+01
2.445410011192218036e+01
2.445410011192218036e+01
2.445410011192218036e+01
2.459572519570038196e+01
3.188168371568746107e+00
2.445410011192218036e+01
3.247306133761573399e+00
3.247306133761573399e+00
3.188168371568746107e+00
2.459572519570038196e+01
3.247306133761573399e+00
3.247306133761573399e+00
4.954924906077390290e+01
4.954924906077390290e+01
4.954924906077390290e+01
4.962378694435181359e+01
4.221689973719362143e+01
4.954924906077390290e+01
4.227199472269249014e+01
4.227199472269249014e+01
4.221689973719362143e+01
4.962378694435181359e+01
4.227199472269249014e+01
4.227199472269249014e+01
1.134551270828569436e+00
1.134551270828569436e+00
1.134551270828569436e+00
2.108764921525287495e+00
4.059534808658003158e+01
1.134551270828569436e+00
4.846892258201796722e+01
4.846892258201796722e+01
4.059534808658003158e+01
2.108764921525287495e+00
4.846892258201796722e+01
4.846892258201796722e+01
3.933411636732264327e+01
3.933411636732264327e+01
3.933411636732264327e+01
3.286410336819843536e+01
2.815059897578796466e+01
3.933411636732264327e+01
2.345236327305143931e+01
2.345236327305143931e+01
2.815059897578796466e+01
3.286410336819843536e+01
2.345236327305143931e+01
2.345236327305143931e+01
