3.290636752586407338e-02
3.290636752586407338e-02
3.290636752586407338e-02
2.843072857027103412e-02
3.474188644448818197e-02
3.290636752586407338e-02
2.996423954119105393e-02
2.996423954119105393e-02
3.474188644448818197e-02
2.843072857027103412e-02
2.996423954119105393e-02
2.996423954119105393e-02
3.706912608018463062e-02
3.706912608018463062e-02
3.706912608018463062e-02
4.070483764147263261e-02
2.644132447833863475e-02
3.706912608018463062e-02
3.667484640539551283e-02
3.667484640539551283e-02
2.644132447833863475e-02
4.070483764147263261e-02
3.667484640539551283e-02
3.667484640539551283e-02
3.620514493706430276e-02
3.620514493706430276e-02
3.620514493706430276e-02
3.771895091808105671e-02
3.765032745187175262e-02
3.620514493706430276e-02
3.917977923838088239e-02
3.917977923838088239e-02
3.765032745187175262e-02
3.771895091808105671e-02
3.917977923838088239e-02
3.917977923838088239e-02
1.771580684125068257e-03
1.771580684125068257e-03
1.771580684125068257e-03
2.930306713635037925e-03
2.417333146377430991e-02
1.771580684125068257e-03
2.774922098741869347e-02
2.774922098741869347e-02
2.417333146377430991e-02
2.930306713635037925e-03
2.774922098741869347e-02
2.774922098741869347e-02
2.241768467858557684e-02
2.241768467858557684e-02
2.241768467858557684e-02
2.942959312388245680e-02
3.820117806920573372e-02
2.241768467858557684e-02
4.077769808493254128e-02
4.077769808493254128e-02
3.820117806920573372e-02
2.942959312388245680e-02
4.077769808493254128e-02
4.077769808493254128e-02
3.555517426506616535e-02
3.555517426506616535e-02
3.555517426506616535e-02
3.195880752329566254e-02
3.252643500913200703e-02
3.555517426506616535e-02
2.921151393771129895e-02
2.921151393771129895e-02
3.252643500913200703e-02
3.195880752329566254e-02
2.921151393771129895e-02
2.921151393771129895e-02
3.373278595759875154e-02
3.373278595759875154e-02
3.373278595759875154e-02
3.192333282236196196e-02
3.163488125478439855e-02
3.373278595759875154e-02
2.996877689214734117e-02
2.996877689214734117e-02
3.163488125478439855e-02
3.192333282236196196e-02
2.996877689214734117e-02
2.996877689214734117e-02
2.978220324341853895e-02
2.978220324341853895e-02
2.978220324341853895e-02
2.922232845411043903e-02
7.543226459605926332e-03
2.978220324341853895e-02
6.872085982478599343e-03
6.872085982478599343e-03
7.543226459605926332e-03
2.922232845411043903e-02
6.872085982478599343e-03
6.872085982478599343e-03
3.027613120830200538e-02
3.027613120830200538e-02
3.027613120830200538e-02
3.628840172404842329e-02
3.347782908229319371e-02
3.027613120830200538e-02
4.137127927406807071e-02
4.137127927406807071e-02
3.347782908229319371e-02
3.628840172404842329e-02
4.137127927406807071e-02
4.137127927406807071e-02
1.223276929275788662e-02
1.223276929275788662e-02
1.223276929275788662e-02
8.462996791715035952e-03
3.271895232561995021e-02
1.223276929275788662e-02
2.967979767870060001e-02
2.967979767870060001e-02
3.271895232561995021e-02
8.462996791715035952e-03
2.967979767870060001e-02
2.967979767870060001e-02
2.904819580927049671e-02
2.904819580927049671e-02
2.904819580927049671e-02
2.506128143752141615e-02
3.493886205634022524e-02
2.904819580927049671e-02
2.968787010662179982e-02
2.968787010662179982e-02
3.493886205634022524e-02
2.506128143752141615e-02
2.968787010662179982e-02
2.968787010662179982e-02
4.045421278037276969e-02
4.045421278037276969e-02
4.045421278037276969e-02
3.856757287814578661e-02
1.465022766753581269e-03
4.045421278037276969e-02
1.061749678886692808e-03
1.061749678886692808e-03
1.465022766753581269e-03
3.856757287814578661e-02
1.061749678886692808e-03
1.061749678886692808e-03
3.996162626076284197e-02
3.996162626076284197e-02
3.996162626076284197e-02
2.750582359810144553e-02
3.414723546652600333e-02
3.996162626076284197e-02
3.006109353102337511e-02
3.006109353102337511e-02
3.414723546652600333e-02
2.750582359810144553e-02
3.006109353102337511e-02
3.006109353102337511e-02
2.661403747248030846e-02
2.661403747248030846e-02
2.661403747248030846e-02
3.341235973907950851e-02
9.009156178682481073e-03
2.661403747248030846e-02
1.884946598302493156e-02
1.884946598302493156e-02
9.009156178682481073e-03
3.341235973907950851e-02
1.884946598302493156e-02
1.884946598302493156e-02
1.703203344681489598e-04
1.703203344681489598e-04
1.703203344681489598e-04
1.914533238799507567e-04
3.967100149458512720e-02
1.703203344681489598e-04
4.004450724957766411e-02
4.004450724957766411e-02
3.967100149458512720e-02
1.914533238799507567e-04
4.004450724957766411e-02
4.004450724957766411e-02
3.382547426769348664e-02
3.382547426769348664e-02
3.382547426769348664e-02
3.557151416716967246e-02
2.728123631668786034e-02
3.382547426769348664e-02
2.856529755049150993e-02
2.856529755049150993e-02
2.728123631668786034e-02
3.557151416716967246e-02
2.856529755049150993e-02
2.856529755049150993e-02
3.829341042302759207e-02
3.829341042302759207e-02
3.829341042302759207e-02
3.916879738449619008e-02
3.349804346386432707e-02
3.829341042302759207e-02
3.437086968739611059e-02
3.437086968739611059e-02
3.349804346386432707e-02
3.916879738449619008e-02
3.437086968739611059e-02
3.437086968739611059e-02
2.518553934225281621e-02
2.518553934225281621e-02
2.518553934225281621e-02
2.752528791385151080e-02
2.810428510936532551e-02
2.518553934225281621e-02
3.806420651463962579e-02
3.806420651463962579e-02
2.810428510936532551e-02
2.752528791385151080e-02
3.806420651463962579e-02
3.806420651463962579e-02
3.968188474149905026e-02
3.968188474149905026e-02
3.968188474149905026e-02
2.226764608546860646e-02
1.936676473464080464e-04
3.968188474149905026e-02
8.616451453445829077e-05
8.616451453445829077e-05
1.936676473464080464e-04
2.226764608546860646e-02
8.616451453445829077e-05
8.616451453445829077e-05
3.222472349871545461e-02
3.222472349871545461e-02
3.222472349871545461e-02
3.417291007992506735e-02
3.574176451487722644e-02
3.222472349871545461e-02
3.790914540753773099e-02
3.790914540753773099e-02
3.574176451487722644e-02
3.417291007992506735e-02
3.790914540753773099e-02
3.790914540753773099e-02
2.918809636510295152e-02
2.918809636510295152e-02
2.918809636510295152e-02
2.945276559413108342e-02
6.131848253436510132e-03
2.918809636510295152e-02
6.279192506964654565e-03
6.279192506964654565e-03
6.131848253436510132e-03
2.945276559413108342e-02
6.279192506964654565e-03
6.279192506964654565e-03
6.574452309947104167e-03
6.574452309947104167e-03
6.574452309947104167e-03
6.674069930996348078e-03
3.493281094546681065e-02
6.574452309947104167e-03
3.505348183173128546e-02
3.505348183173128546e-02
3.493281094546681065e-02
6.674069930996348078e-03
3.505348183173128546e-02
3.505348183173128546e-02
2.874408183623193558e-02
2.874408183623193558e-02
2.874408183623193558e-02
3.221667787965212110e-02
2.817198858159110364e-02
2.874408183623193558e-02
3.155978582976277924e-02
3.155978582976277924e-02
2.817198858159110364e-02
3.221667787965212110e-02
3.155978582976277924e-02
3.155978582976277924e-02
4.063853825613496923e-02
4.063853825613496923e-02
4.063853825613496923e-02
3.648534438831027571e-02
4.022128852076663208e-02
4.063853825613496923e-02
3.610263725685249753e-02
3.610263725685249753e-02
4.022128852076663208e-02
3.648534438831027571e-02
3.610263725685249753e-02
3.610263725685249753e-02
8.690143471063087408e-04
8.690143471063087408e-04
8.690143471063087408e-04
6.344142027783241083e-04
2.035180502101942637e-02
8.690143471063087408e-04
1.516532680954063052e-02
1.516532680954063052e-02
2.035180502101942637e-02
6.344142027783241083e-04
1.516532680954063052e-02
1.516532680954063052e-02
3.808833787149571576e-02
3.808833787149571576e-02
3.808833787149571576e-02
3.703713450909625754e-02
3.540612935400070521e-02
3.808833787149571576e-02
3.439040435819316205e-02
3.439040435819316205e-02
3.540612935400070521e-02
3.703713450909625754e-02
3.439040435819316205e-02
3.439040435819316205e-02
3.197109734104985890e-02
3.197109734104985890e-02
3.197109734104985890e-02
4.163315888483482691e-02
2.504791719795010363e-02
3.197109734104985890e-02
3.037711410633255754e-02
3.037711410633255754e-02
2.504791719795010363e-02
4.163315888483482691e-02
3.037711410633255754e-02
3.037711410633255754e-02
3.253181989429817372e-02
3.253181989429817372e-02
3.253181989429817372e-02
3.065996520987487178e-02
3.833938395566823670e-02
3.253181989429817372e-02
3.608831355924545931e-02
3.608831355924545931e-02
3.833938395566823670e-02
3.065996520987487178e-02
3.608831355924545931e-02
3.608831355924545931e-02
3.125027254412890421e-02
3.125027254412890421e-02
3.125027254412890421e-02
3.126492530561618410e-02
3.319020860363399578e-02
3.125027254412890421e-02
3.319920221100534918e-02
3.319920221100534918e-02
3.319020860363399578e-02
3.126492530561618410e-02
3.319920221100534918e-02
3.319920221100534918e-02
3.770691314771348890e-02
3.770691314771348890e-02
3.770691314771348890e-02
3.785860181354189918e-02
3.891457885227568581e-02
3.770691314771348890e-02
3.907043846532922554e-02
3.907043846532922554e-02
3.891457885227568581e-02
3.785860181354189918e-02
3.907043846532922554e-02
3.907043846532922554e-02
3.554442509675300593e-02
3.554442509675300593e-02
3.554442509675300593e-02
3.134168216178780109e-02
3.780396160485541193e-03
3.554442509675300593e-02
2.251044224660806239e-03
2.251044224660806239e-03
3.780396160485541193e-03
3.134168216178780109e-02
2.251044224660806239e-03
2.251044224660806239e-03
1.231435306907847915e-02
1.231435306907847915e-02
1.231435306907847915e-02
2.007601052609776088e-02
3.252021643086019237e-02
1.231435306907847915e-02
3.722163349850670516e-02
3.722163349850670516e-02
3.252021643086019237e-02
2.007601052609776088e-02
3.722163349850670516e-02
3.722163349850670516e-02
3.786796581165354642e-02
3.786796581165354642e-02
3.786796581165354642e-02
3.981862618874052601e-02
3.273162676891167022e-02
3.786796581165354642e-02
3.886499439452602983e-02
3.886499439452602983e-02
3.273162676891167022e-02
3.981862618874052601e-02
3.886499439452602983e-02
3.886499439452602983e-02
3.277480212205879928e-02
3.277480212205879928e-02
3.277480212205879928e-02
2.681650346699240156e-02
3.462439493466377971e-02
3.277480212205879928e-02
2.824114802877871616e-02
2.824114802877871616e-02
3.462439493466377971e-02
2.681650346699240156e-02
2.824114802877871616e-02
2.824114802877871616e-02
2.954783326385906905e-03
2.954783326385906905e-03
2.954783326385906905e-03
3.840452764919009051e-03
3.240155149064700979e-02
2.954783326385906905e-03
3.525364737644604007e-02
3.525364737644604007e-02
3.240155149064700979e-02
3.840452764919009051e-03
3.525364737644604007e-02
3.525364737644604007e-02
3.647875711200768839e-02
3.647875711200768839e-02
3.647875711200768839e-02
3.732290775459141952e-02
1.009034941862609297e-05
3.647875711200768839e-02
1.225710617264319180e-05
1.225710617264319180e-05
1.009034941862609297e-05
3.732290775459141952e-02
1.225710617264319180e-05
1.225710617264319180e-05
3.488058816464776474e-02
3.488058816464776474e-02
3.488058816464776474e-02
3.306465075583557567e-02
3.655873714187458240e-02
3.488058816464776474e-02
3.466495053756463857e-02
3.466495053756463857e-02
3.655873714187458240e-02
3.306465075583557567e-02
3.466495053756463857e-02
3.466495053756463857e-02
2.172608577126523485e-02
2.172608577126523485e-02
2.172608577126523485e-02
3.527019585704879029e-02
6.547212880911447257e-03
2.172608577126523485e-02
1.171353496952249988e-02
1.171353496952249988e-02
6.547212880911447257e-03
3.527019585704879029e-02
1.171353496952249988e-02
1.171353496952249988e-02
2.850364145156208950e-02
2.850364145156208950e-02
2.850364145156208950e-02
2.956816598230160506e-02
3.877259498229638363e-02
2.850364145156208950e-02
4.017446602685950663e-02
4.017446602685950663e-02
3.877259498229638363e-02
2.956816598230160506e-02
4.017446602685950663e-02
4.017446602685950663e-02
3.060378143902458062e-02
3.060378143902458062e-02
3.060378143902458062e-02
3.400456316667636869e-02
2.529267209240828457e-02
3.060378143902458062e-02
2.780001091100123972e-02
2.780001091100123972e-02
2.529267209240828457e-02
3.400456316667636869e-02
2.780001091100123972e-02
2.780001091100123972e-02
1.469914707495057274e-02
1.469914707495057274e-02
1.469914707495057274e-02
1.248126339530844509e-02
3.446504873149964371e-02
1.469914707495057274e-02
3.303309871219142074e-02
3.303309871219142074e-02
3.446504873149964371e-02
1.248126339530844509e-02
3.303309871219142074e-02
3.303309871219142074e-02
2.933800671361362633e-02
2.933800671361362633e-02
2.933800671361362633e-02
3.636173987046210920e-02
1.223455609192207298e-02
2.933800671361362633e-02
2.587035045895661953e-02
2.587035045895661953e-02
1.223455609192207298e-02
3.636173987046210920e-02
2.587035045895661953e-02
2.587035045895661953e-02
4.014647780170860908e-02
4.014647780170860908e-02
4.014647780170860908e-02
3.941318448631332683e-02
3.970696207382877485e-02
4.014647780170860908e-02
3.897634993826475103e-02
3.897634993826475103e-02
3.970696207382877485e-02
3.941318448631332683e-02
3.897634993826475103e-02
3.897634993826475103e-02
2.832638020441889670e-02
2.832638020441889670e-02
2.832638020441889670e-02
2.655720090664586905e-02
2.772066395719394519e-02
2.832638020441889670e-02
2.601627906353405975e-02
2.601627906353405975e-02
2.772066395719394519e-02
2.655720090664586905e-02
2.601627906353405975e-02
2.601627906353405975e-02
2.920984251973682277e-02
2.920984251973682277e-02
2.920984251973682277e-02
3.241137906932914370e-02
3.564155097375955317e-02
2.920984251973682277e-02
3.969815286039830859e-02
3.969815286039830859e-02
3.564155097375955317e-02
3.241137906932914370e-02
3.969815286039830859e-02
3.969815286039830859e-02
4.127883810831231570e-02
4.127883810831231570e-02
4.127883810831231570e-02
2.608545244929869750e-02
3.281206459970361505e-02
4.127883810831231570e-02
2.642586822542227626e-02
2.642586822542227626e-02
3.281206459970361505e-02
2.608545244929869750e-02
2.642586822542227626e-02
2.642586822542227626e-02
3.599102612452008410e-02
3.599102612452008410e-02
3.599102612452008410e-02
3.402805320256249710e-02
3.551481393365411854e-02
3.599102612452008410e-02
3.358170043616483247e-02
3.358170043616483247e-02
3.551481393365411854e-02
3.402805320256249710e-02
3.358170043616483247e-02
3.358170043616483247e-02
6.899139761818410968e-04
6.899139761818410968e-04
6.899139761818410968e-04
6.084117256675853746e-04
2.773705343713786173e-03
6.899139761818410968e-04
2.480449863076816634e-03
2.480449863076816634e-03
2.773705343713786173e-03
6.084117256675853746e-04
2.480449863076816634e-03
2.480449863076816634e-03
2.548921099660230935e-02
2.548921099660230935e-02
2.548921099660230935e-02
2.699039771041800151e-02
1.770893038824294247e-02
2.548921099660230935e-02
2.132166441672637622e-02
2.132166441672637622e-02
1.770893038824294247e-02
2.699039771041800151e-02
2.132166441672637622e-02
2.132166441672637622e-02
3.867274071796861223e-02
3.867274071796861223e-02
3.867274071796861223e-02
3.944940233795977275e-02
3.410566282323430204e-02
3.867274071796861223e-02
3.482117874946046021e-02
3.482117874946046021e-02
3.410566282323430204e-02
3.944940233795977275e-02
3.482117874946046021e-02
3.482117874946046021e-02
3.255548762787852102e-02
3.255548762787852102e-02
3.255548762787852102e-02
3.387636183113339194e-02
2.736388243154174935e-02
3.255548762787852102e-02
2.840222227115732356e-02
2.840222227115732356e-02
2.736388243154174935e-02
3.387636183113339194e-02
2.840222227115732356e-02
2.840222227115732356e-02
2.545173668759625335e-02
2.545173668759625335e-02
2.545173668759625335e-02
1.084155189716841904e-02
3.932128195716806662e-02
2.545173668759625335e-02
3.030798070812249986e-02
3.030798070812249986e-02
3.932128195716806662e-02
1.084155189716841904e-02
3.030798070812249986e-02
3.030798070812249986e-02
2.389849749858570516e-03
2.389849749858570516e-03
2.389849749858570516e-03
2.169111650150744915e-03
3.231365457677239095e-02
2.389849749858570516e-03
3.178560639085448863e-02
3.178560639085448863e-02
3.231365457677239095e-02
2.169111650150744915e-03
3.178560639085448863e-02
3.178560639085448863e-02
3.295782593444581549e-02
3.295782593444581549e-02
3.295782593444581549e-02
3.134101588097401581e-02
3.577122981576678906e-02
3.295782593444581549e-02
3.399503142904627268e-02
3.399503142904627268e-02
3.577122981576678906e-02
3.134101588097401581e-02
3.399503142904627268e-02
3.399503142904627268e-02
4.149739254835350249e-02
4.149739254835350249e-02
4.149739254835350249e-02
3.805492097149647257e-02
6.520871670090192668e-03
4.149739254835350249e-02
3.983926129959750040e-03
3.983926129959750040e-03
6.520871670090192668e-03
3.805492097149647257e-02
3.983926129959750040e-03
3.983926129959750040e-03
3.146367614070874619e-02
3.146367614070874619e-02
3.146367614070874619e-02
3.337648675451306002e-02
3.531221950939135434e-02
3.146367614070874619e-02
3.738531739450554059e-02
3.738531739450554059e-02
3.531221950939135434e-02
3.337648675451306002e-02
3.738531739450554059e-02
3.738531739450554059e-02
3.893365508906718175e-02
3.893365508906718175e-02
3.893365508906718175e-02
3.823331340426074781e-02
3.406921370027558155e-02
3.893365508906718175e-02
3.335540662661413275e-02
3.335540662661413275e-02
3.406921370027558155e-02
3.823331340426074781e-02
3.335540662661413275e-02
3.335540662661413275e-02
7.839481626969811346e-06
7.839481626969811346e-06
7.839481626969811346e-06
5.740640084644780821e-06
3.896742898162465496e-02
7.839481626969811346e-06
3.282038920221742873e-02
3.282038920221742873e-02
3.896742898162465496e-02
5.740640084644780821e-06
3.282038920221742873e-02
3.282038920221742873e-02
3.387826238359154668e-02
3.387826238359154668e-02
3.387826238359154668e-02
3.223391743433717815e-02
5.513015930243455849e-04
3.387826238359154668e-02
4.284967440932927309e-04
4.284967440932927309e-04
5.513015930243455849e-04
3.223391743433717815e-02
4.284967440932927309e-04
4.284967440932927309e-04
2.540430996965666738e-02
2.540430996965666738e-02
2.540430996965666738e-02
4.225593061740377104e-02
3.248260384085502328e-02
2.540430996965666738e-02
3.846143138102316172e-02
3.846143138102316172e-02
3.248260384085502328e-02
4.225593061740377104e-02
3.846143138102316172e-02
3.846143138102316172e-02
3.629551037019990156e-02
3.629551037019990156e-02
3.629551037019990156e-02
3.650571457617866888e-02
1.104127574569262714e-02
3.629551037019990156e-02
1.124608184852492893e-02
1.124608184852492893e-02
1.104127574569262714e-02
3.650571457617866888e-02
1.124608184852492893e-02
1.124608184852492893e-02
3.189010398118995865e-02
3.189010398118995865e-02
3.189010398118995865e-02
3.193807687488451480e-02
3.612141153984481379e-02
3.189010398118995865e-02
3.616855163438929821e-02
3.616855163438929821e-02
3.612141153984481379e-02
3.193807687488451480e-02
3.616855163438929821e-02
3.616855163438929821e-02
4.853695276271954850e-03
4.853695276271954850e-03
4.853695276271954850e-03
9.021454209733850010e-03
2.523409360471175200e-02
4.853695276271954850e-03
3.012831240529477428e-02
3.012831240529477428e-02
2.523409360471175200e-02
9.021454209733850010e-03
3.012831240529477428e-02
3.012831240529477428e-02
3.531682726583402349e-02
3.531682726583402349e-02
3.531682726583402349e-02
2.950761245180555728e-02
3.862860922921161622e-02
3.531682726583402349e-02
3.218163056336389299e-02
3.218163056336389299e-02
3.862860922921161622e-02
2.950761245180555728e-02
3.218163056336389299e-02
3.218163056336389299e-02
