9.810859116873740238e-01
2.338805872688165186e-02
7.534037315716571870e-01
1.998908029557826954e-02
1.022708155196808466e+00
1.970615139301269692e-01
1.011204417675219680e-01
8.353745974476809444e-01
1.635224869834855044e+00
1.041265496755434811e-01
1.099429182383418357e+00
1.199155810246244347e-01
1.199155810246244347e-01
1.373727029394903099e+00
7.007763286101069689e-01
1.348420676532197771e+00
1.338489690870296345e+00
1.354468353669545877e+00
8.262367516245862076e-01
8.299424298300608349e-01
4.471716635339574308e-01
7.848804367968496010e-01
1.248289508672397463e-01
6.818796639845100538e-01
6.818796639845100538e-01
6.292042105458037771e-01
1.150444003752727484e+00
1.246739483258811010e+00
1.143103209062654058e+00
2.915371067707504538e-01
3.470144914915759271e-01
2.915371067707504538e-01
4.556078403715448366e-01
2.627944991749436854e-01
2.803148065869879302e-01
2.803148065869879302e-01
7.625049506570995561e-01
2.803148065869879302e-01
1.693491835071098572e+00
7.484591619670821760e-01
6.225675463424984457e-01
1.693491835071098572e+00
9.006064389496802880e-01
1.203119678535970793e+00
1.269514282026469425e-02
5.973408256725054599e-01
3.538697220693561296e-01
8.203864528105200282e-01
8.203864528105200282e-01
1.371603261589411593e+00
1.258117502584578107e+00
1.300665476950776833e+00
1.300665476950776833e+00
1.305883486841645791e+00
8.595021303548386893e-01
2.673727629691904917e-01
2.673727629691904917e-01
1.057491086625507865e-01
1.057491086625507865e-01
1.032824393056802903e-01
1.865621455461508482e+00
1.865621455461508482e+00
1.871911331375484933e+00
8.736419760661157108e-01
8.736419760661157108e-01
1.214010806956582700e+00
1.214010806956582700e+00
9.565743446278203166e-01
5.033680342452634404e-01
5.033680342452634404e-01
4.268921769951807832e-01
3.412335278747388179e-01
4.268921769951807832e-01
1.811582051932924653e+00
1.811582051932924653e+00
1.811582051932924653e+00
1.664191293217076817e+00
1.453672416325926919e+00
6.477974743146198700e-01
2.250439707069595840e-01
2.001803755484515279e-01
2.872680897808810863e-01
7.103740696702213198e-01
2.825481727415802280e-01
5.870045570961049952e-01
1.847983392985075746e+00
5.870045570961049952e-01
6.312044201185321723e-01
7.923377907399596909e-01
7.923377907399596909e-01
1.047204570508607491e+00
1.046100771521870865e+00
5.486755101707663229e-01
5.486755101707663229e-01
5.567317081165744641e-01
3.999666864755836992e-01
4.187690740269677143e-03
4.187690740269677143e-03
2.971751352274760484e-03
1.260102321839476458e+00
4.219314158417933336e-03
2.994192583367097371e-03
1.780362840947349534e+00
1.780362840947349534e+00
1.780362840947349534e+00
1.722940005944362252e-01
2.192406782453426572e-01
2.192406782453426572e-01
7.288514817448514815e-01
7.288514817448514815e-01
1.023630230423844933e+00
7.288514817448514815e-01
1.416353947837245997e+00
1.454529986927437069e+00
1.244751719936332934e+00
5.428275116217278207e-01
7.395344838544787303e-01
3.681939686642322629e-01
7.705127016376294158e-01
3.681939686642322629e-01
1.737667929526649502e+00
4.512456494511578042e-01
1.482337614072134768e-01
1.947308391233642522e-01
1.482337614072134768e-01
6.282905363728226444e-02
5.276853229806548473e-01
1.394068032934900891e+00
1.783565984344646638e-01
1.394068032934900891e+00
2.423776496228536581e-01
2.423776496228536581e-01
2.014425775358686943e-01
2.933485730770931613e-03
2.933485730770931613e-03
1.639169851168115644e+00
2.049570080019657237e+00
8.932040029508111489e-01
9.475753576668234368e-01
9.054579574790765362e-01
9.610207460617059549e-01
1.035773622972770536e+00
9.573707756189090423e-01
7.933880606076646469e-01
8.720440481978085634e-01
1.035773622972770536e+00
6.177900958357528394e-01
6.177900958357528394e-01
1.497191905364009479e+00
1.497191905364009479e+00
1.497191905364009479e+00
2.290394453913716655e-01
2.290394453913716655e-01
2.283800749723312040e-01
5.113778582572153959e-03
1.221258185889743594e-02
8.290866704121958586e-01
8.938855715678649672e-01
8.938855715678649672e-01
1.430697935495155448e-01
1.430697935495155448e-01
1.430697935495155448e-01
8.539756564817955198e-01
6.582227122233301753e-01
1.772469270996110735e+00
1.366174225263105502e+00
6.390037539825057511e-01
6.390037539825057511e-01
8.050529948501832234e-01
7.902231958433914016e-01
8.821340179883736532e-01
3.521628035603454471e-02
3.521628035603454471e-02
3.521628035603454471e-02
2.290976053262996914e-01
2.375561787966354588e-01
7.695319414238284139e-01
1.534429063303070606e+00
3.103019222725000303e-01
3.103019222725000303e-01
3.103019222725000303e-01
6.406443476660705905e-01
9.093151352649631036e-01
9.015682877143034180e-01
7.927609218710234273e-01
7.916471566884566435e-01
2.876376798002597528e-03
4.818400653803829869e-01
1.748261734618741575e-03
1.438216366297928372e+00
6.152025075008237254e-01
8.937476343256309796e-01
6.152025075008237254e-01
5.378433643410945875e-01
9.102415361298628049e-01
4.276060139195826393e-01
7.783780483283649909e-01
1.685095138924825875e-01
1.685095138924825875e-01
1.438570212144108795e-01
3.539385345330879895e-01
1.818786011386926138e-01
3.307300570391280004e-01
3.820190567461407283e-01
1.552702466351575661e-01
3.064195611379173512e-01
3.307300570391280004e-01
3.307300570391280004e-01
1.929143593144281743e+00
1.810184236052336360e+00
1.929143593144281743e+00
1.162957153769343943e+00
1.240957128740954873e+00
1.566914766406135362e+00
9.648274086146397810e-01
9.648274086146397810e-01
1.064420842056703842e+00
1.417526323583393699e+00
2.818444803567781709e-01
2.818444803567781709e-01
3.180360588879946881e-01
2.960032511019150547e-01
4.176848125637843689e-01
4.176848125637843689e-01
4.265483095321214724e-01
4.176848125637843689e-01
4.053370974063358334e-01
1.355843116993656228e+00
4.053370974063358334e-01
4.053370974063358334e-01
1.139960540833914404e+00
1.613494299453915648e+00
1.139960540833914404e+00
8.292061333750545549e-01
8.292061333750545549e-01
1.595686255363229611e+00
5.858479156604078364e-01
1.484680941177005664e-01
3.752234113698795226e-01
6.966597729532580940e-01
1.174082303897369783e+00
1.101809621924371374e+00
1.322769076656919562e+00
1.174082303897369783e+00
1.068370506551316046e+00
1.068370506551316046e+00
8.632262183887515761e-01
2.489304745996308577e-01
3.072404671867827730e-01
5.748948696898688038e-01
7.095594407670881010e-01
6.854197463968287884e-01
9.086767401532922506e-01
8.393248915167262902e-01
5.620743857901280144e-02
1.158212320929296879e-01
1.382825836383806128e-01
1.158212320929296879e-01
6.491831807585076719e-01
6.364013652150484202e-01
1.379180670182589052e+00
1.213723860350142569e+00
1.229790560990203785e+00
4.647242122377813200e-01
1.213723860350142569e+00
2.759463632258803423e-01
2.759463632258803423e-01
4.708760108817157120e-01
7.206912753939558325e-01
2.759463632258803423e-01
2.759463632258803423e-01
8.811393695322243536e-02
8.811393695322243536e-02
5.398761171603446707e-01
9.128970746241457102e-01
7.857225290641356441e-01
1.172680207575402145e+00
1.172680207575402145e+00
1.172680207575402145e+00
1.172680207575402145e+00
5.473207220061858669e-01
1.176018262132653591e+00
6.957727324829317272e-02
3.497959893707495715e-01
3.497959893707495715e-01
3.497959893707495715e-01
1.697398746324173313e+00
3.497959893707495715e-01
1.775929762153363178e+00
1.751855092527341951e+00
1.751855092527341951e+00
1.032101608869365306e+00
1.323756574640714723e+00
5.589939302737800819e-01
6.845440484980888085e-01
7.138019716841894624e-01
2.294028317483872703e-01
