3.549089788101119325e+01
2.728491364031940591e+01
3.803287519547163242e+01
3.689704058672761278e+01
3.162757530428985664e+00
3.051322598619546866e+01
2.963622297414717277e+00
2.126112686245539951e+00
2.240244444860412631e+00
2.613491214895446646e+01
2.650134494356161330e+00
2.278447645681187961e+00
3.786693786598151235e+01
9.598691864411652830e+01
4.072260167365561756e+01
3.481257553888035261e+01
3.572986968935260421e+01
5.611508070036219209e+01
5.234826841386164631e+01
1.233896847178194491e+02
1.442900284713482790e+02
1.405856657003951682e+02
8.951443371454014652e+01
1.326515941034473656e+02
3.229015191374609373e+01
5.452370198513636979e+01
3.154575730638935482e+01
5.233644073625209359e+01
6.742525030994652013e+01
3.530522775457141194e+01
1.178309144520333547e+02
2.036590087795266015e+02
1.216163629930516095e+02
9.440035513528398781e+01
1.819784510347972173e+02
1.989705925623895268e+02
8.551162302607458798e+01
2.637657283487051529e+01
8.687362790070993412e+01
6.226954162184162556e+01
5.804142934228340067e+01
7.156679962640139081e+01
3.588342164473690588e+01
1.089492527765192520e+01
1.522585188854271543e+01
1.633500119906432246e+01
1.322822725219596762e+01
1.107103169918478258e+01
3.814445367985443340e+02
1.544297296858356390e+02
3.832494451769153443e+02
2.548467952104613516e+02
3.651948274193566704e+02
4.127981877616035149e+02
2.656070033521759797e+02
1.070259024417030673e+02
1.607616462080628139e+02
1.121855712425988258e+02
9.936523128524844140e+01
1.075327693649109477e+02
4.333709641487914155e+01
7.091189341898538601e+01
3.949048344578216074e+01
3.457735088843242721e+01
3.543609410635672674e+01
4.173098356386190488e+01
2.479753514398983327e+01
4.452820061315212996e+01
5.087884815551197448e+01
4.964587181059622623e+01
4.213758848805230173e+01
4.057593050954729108e+01
3.255438893129029054e+01
6.734489987973979908e+01
3.112825036668682799e+01
2.955182742114951466e+01
1.559226849664653614e+01
3.163723315624305599e+01
1.389064781448209374e+01
3.005193916495057493e+01
2.998047192731761967e+01
5.682160569459520616e+01
2.957526213421865080e+01
2.874203738771257832e+01
3.724329808074569481e+00
1.903734997091469427e+00
3.621761381765748578e+00
4.008748086555960377e+00
6.707428630669072334e+01
3.391354944635185831e+00
7.769851014413666235e+01
4.084128063432607547e+01
3.035711195902889870e+01
1.814316948863056611e+00
4.361091075586160315e+01
3.971186373217507537e+01
6.487011557517153904e+01
2.900219913713809916e+01
7.164052513787613918e+01
7.928992125379386380e+01
9.105271382925407408e+01
6.702261525134424858e+01
1.269839320159957055e+02
5.140684377252869552e+01
4.647612153484671182e+01
4.047202836359367240e+01
5.498171331469520595e+01
5.680609915177853253e+01
2.838258314809531768e+01
8.986652570215616720e+01
3.402377446011274031e+01
2.829133824283647769e+01
1.303239473578259044e+01
2.495518668699259734e+01
1.369061316292135544e+01
3.616082751566278830e+01
4.338578675992587108e+01
9.418391577616162635e+01
4.918104703200191352e+01
4.324208983169079090e+01
1.309271230841853573e+01
2.107261863580091443e+01
1.280183206617248004e+01
1.125077533573946909e+01
2.872406187588297399e+01
1.460479643706868380e+01
2.617980961377183391e+01
4.309360887545449259e+01
5.042501834988390641e+01
1.975070779357331574e+01
3.777395236684517954e+01
4.213648569873296879e+01
8.369739290314549862e+01
5.012700387545545766e+01
8.157407193537672185e+01
8.753423131536051471e+01
1.015001318905684400e+02
8.672407411732771720e+01
1.071879117488222874e+02
6.586662575691586596e+01
6.138932686414663920e+01
5.294246852618934440e+01
6.195500272052058932e+01
6.419543144063379714e+01
1.063881087608880733e+02
4.701733285621217817e+01
1.056235913473341839e+02
1.193379512336809540e+02
1.018953186261506083e+01
1.080804026662445381e+02
1.067112718919325864e+01
4.750150346198565465e+00
4.541872802674977727e+00
5.319359145672309097e+01
4.642110346468738769e+00
4.715951447121984330e+00
2.766195473344815525e+01
4.126268314756307376e+01
2.712998408535385764e+01
2.748729216097461503e+01
5.289928526096092298e+01
2.327809020268017193e+01
4.291340449475019625e+01
6.526808887462679820e+01
6.512757818298707946e+01
3.384130353408792757e+01
7.606983274568142406e+01
6.401429130442492976e+01
7.024749009933991317e+01
2.574899999533246842e+02
6.514180697482997573e+01
1.209797887106257548e+02
8.627588318300841763e+01
6.170409086651048369e+01
1.218742270338330655e+02
4.817397025136032198e+02
2.576199402651371315e+02
3.612458637462949014e+02
5.086354831470461590e+02
4.467759634636641408e+02
6.020088936606151719e+01
3.818394834564910667e+01
5.461005144036410286e+01
3.888846969348964677e+01
6.780360592598051994e+01
7.351233021979004434e+01
4.853598841614265069e+01
3.393689670134941849e+01
4.763332836352218891e+01
2.731989281642450607e+01
2.520796419839884095e+01
3.078187395294579076e+01
8.884707335468652900e+01
7.653588985901338049e+01
7.106757189225531590e+01
1.809044608439747890e+02
6.702888548389890389e+01
7.886281010760616539e+01
9.701509393385570945e+01
1.044799526180601390e+02
4.099549858626451027e+01
1.106428745642739955e+02
9.415142312398782565e+01
8.357107919071678737e+01
5.731236185810932859e-01
5.389709159507445335e-01
8.578636180101422148e-01
5.581276559882355492e-01
4.449280680364611129e+01
6.575113393018808816e-01
6.414982554784751301e+01
4.030348123843046437e+01
7.186692024667509315e+01
9.015146182479819581e-01
5.259626258951758615e+01
6.034062798375825309e+01
7.508550982005785102e+01
7.188515416153953197e+01
3.525956429684148219e+01
7.527457049054088145e+01
5.825186078658428102e+01
9.062888151389989844e+01
3.310109555754981159e+01
6.748459331596082222e+01
3.160359767017797594e+01
4.083899138079362245e+01
2.624987920787991769e+01
3.168383884169384501e+01
1.284267568861686755e+02
1.546389869175316960e+02
1.476013890047670429e+02
1.014449839384383267e+02
3.306057530265811550e+01
9.578217838882314084e+01
2.637768229650572138e+01
2.763536369859240693e+01
3.412360686039356494e+01
1.047068515349122038e+02
4.258805816775569042e+01
3.176267223093656611e+01
9.867034105809945288e+01
7.367069381168515463e+01
7.347642824713425114e+01
8.072316490261358979e+01
1.470889633958984177e+02
1.044573522807997819e+02
9.493534604012332068e+01
9.518634719837626790e+01
8.658740633651538587e+01
4.751960527030979620e+01
6.696323184435048859e+01
7.089062248713098313e+01
5.117254305339920251e+01
3.016178669902352638e+01
7.235822209031019270e+01
6.151345828094056145e+01
6.720759157281441354e+00
5.478699825426004111e+01
1.086006336206952305e+01
4.526906621002869002e+00
6.006253371723645706e+00
5.497376227297073115e+01
5.988054930621678373e+00
6.411007455463771265e+00
7.848152284747137664e+00
2.207817832305692463e+01
6.252692446410327065e+00
7.909157633894226436e+00
2.705371139385674084e+01
7.374194999483645319e+00
2.076723743402958533e+01
7.332885397377810932e+01
5.713879060418937428e+01
1.670453622127529769e+01
6.235752666023016388e+01
5.859169707648619863e+01
5.216844000327508724e+01
7.352884285306434720e+01
7.844391750621505821e+01
4.737025624037882920e+01
7.156798949424292289e+01
5.407013103421186884e+01
1.014577315583762100e+02
9.510067621741578137e+01
1.572126879672181587e+02
1.040577689253784825e+02
1.379759383004048061e+02
1.430055616576394755e+02
1.338411190471649945e+02
1.976708643118881241e+02
1.002826118275958152e+02
1.026832566921761014e+02
9.717321274141677634e+01
1.168128327525371475e+02
4.871793850390994152e+01
9.602977860326602411e+01
9.384160589081648141e+01
9.916273666627193961e+01
8.243273351936572624e+01
7.194501347929438850e+01
2.092851124222358550e+01
3.246045836732589862e+01
2.658775922197084540e+01
2.519110714872603296e+01
1.999124461687625531e-01
2.016292671532247383e+01
2.486829218858739310e-01
3.036119578618253212e-01
3.790997172192026587e-01
4.777062048682441997e+01
3.999315951832144167e-01
3.853017231609072168e-01
1.259484344843051389e+02
7.718597108234726534e+01
9.318339780505456815e+01
1.350872724750979899e+02
9.376217125324849633e+01
1.197661607706798748e+02
7.075183844867216010e+01
5.860538985653825250e+01
4.038932460995110318e+01
5.819067141622546302e+01
4.555627302477791574e+01
4.332010907113293996e+01
4.055589559655591358e+01
2.116658204290049738e+01
5.159909554495348516e+01
3.785129926384669830e+01
1.257199446443839719e+02
4.428804950492626347e+01
1.581364828077035440e+02
6.486952536617370413e+01
9.114757418893368879e+01
2.744237692402703033e+01
7.556484590493980136e+01
8.251869640758962987e+01
7.102041214064645835e+00
7.122466618828369178e+00
5.571666738116801909e+00
7.853001535746074069e+00
6.102192647069954745e+01
8.318996595262305505e+00
6.919413302099752627e+01
8.845340646260547146e+01
5.623706274417027373e+01
7.237230379933540014e+00
5.924183840318740835e+01
6.939309940883002525e+01
5.229879286156612039e+01
5.936041487414634332e+01
9.534930282038997973e+01
2.896273941822590103e+01
6.787222690776863487e+01
4.510853572817664769e+01
5.910753505503578253e+01
3.679783385164684262e+01
1.210852680679581255e+02
5.167004570520280282e+01
7.774671901175722155e+01
6.705777438445720406e+01
2.745946065638557343e+01
1.442779408511478678e+01
1.771294875076827680e+01
3.420464359237595886e+01
3.704471117067139829e+01
2.589110123345470882e+01
2.802962585934967876e+01
2.283107549577058393e+01
1.174694502278893538e+01
1.084635444861663878e+01
1.549887304059254767e+01
1.461364794887648877e+01
1.138971214682963335e+02
1.144999807169654531e+02
1.494083348321191806e+02
1.323250986562246112e+02
4.218410499044389184e+01
1.326978460101763062e+02
6.829312799766204023e+01
5.233685153923916289e+01
6.481187265131866582e+01
2.033049520577291673e+02
5.892755315700525642e+01
6.865458295854618598e+01
1.658839098168135138e+02
1.477521697478173621e+02
8.175865308168455670e+01
1.208222619484321427e+02
1.956711176415886371e+02
1.492037987846564704e+02
6.313968826968633863e+01
1.141044475099950404e+02
7.725423346912823774e+01
4.770265200779154924e+01
6.251975897383225345e+01
5.623321483257812048e+01
3.890288312123086012e+00
4.084409893057745933e+00
8.815494380733310820e+00
3.821029701375821652e+00
1.347899011108165546e+01
4.969381510212195430e+00
3.720720923923799717e+01
1.723890764900831130e+01
4.093880739102274191e+01
1.160535008119008538e+01
3.056320831309344044e+01
3.904087052122959278e+01
6.835429688885307087e+01
7.100032460479455665e+01
6.493150998882109093e+01
4.924351357252810146e+01
1.128928428994596267e+01
7.332015304537672762e+01
9.928869094313457211e+00
1.085686947332868257e+01
1.194849518142094702e+01
5.211897136487164772e+01
9.614834671542308087e+00
1.031334066342270539e+01
4.346446523507804471e+01
5.348517427432290816e+01
5.363507903375830921e+01
5.712379772216394258e+01
8.023106684107163744e+01
3.884134683274616862e+01
1.339713300203362110e+02
1.335968933576196491e+02
1.088776921685687142e+02
7.751993721102411428e+01
1.844903879446050325e+02
1.648669805715471171e+02
1.121328524773597763e+02
6.849512667408821187e+01
9.245704132718439894e+01
1.009730873443945711e+02
2.958897220381759752e+01
1.148283734977475774e+02
2.387105234536964105e+01
1.768443734267693301e+01
1.526265432794329513e+01
5.208417913089538587e+01
1.424071993708310302e+01
1.458304744492576432e+01
1.139512948990828676e+02
4.235835541241046798e+01
1.258470102200925567e+02
1.290801962509329144e+02
7.595269571275456144e+01
1.110690858277464770e+02
9.247185788218976654e+01
3.112474277274748147e+01
3.043248030112933833e+01
5.171943527229890236e+01
3.531280672457121739e+01
3.441962782769211060e+01
1.703700162993020684e-01
3.277448315598840423e-01
1.082362505263369246e-01
1.754631770723611150e-01
4.010934346135761785e+01
1.785966562487301401e-01
3.645695971916228473e+01
1.103935147812136677e+02
5.154911607621915692e+01
2.255078468367227307e-01
6.711447949596544049e+01
7.035522965963636466e+01
7.680537375079892115e+01
9.150158730141660612e+01
1.099821794610403884e+02
6.736564888990838540e+01
6.174035228163720745e+01
6.924007435368149288e+01
6.988889544649362051e+01
5.814528225786097693e+01
9.495172313700487621e+01
1.036029793474583158e+02
9.235903187410544035e+01
8.326170321032491017e+01
9.875059311451299493e+01
1.681508848449949767e+02
7.986900903437090449e+01
9.719610544760044490e+01
1.251428983690783703e+00
1.009879549819118267e+02
1.031559436480327552e+00
2.171776438840320900e+00
1.762374077264837968e+00
1.368802376198410684e+02
1.717464741034631981e+00
1.756376812334669690e+00
1.989432465977611031e+01
5.080892913685402590e+01
2.319439466014887685e+01
3.285836215451961095e+01
2.349486386582200126e+01
1.919769630435016339e+01
4.366470182403490696e+01
9.565055580308082028e+01
6.732284205901395069e+01
9.415327274420073422e+01
1.152461255140243139e+02
1.112106168823404602e+02
6.320947954294243232e+01
4.629284887023763417e+01
4.554761212170088669e+01
7.707872203275779555e+01
8.892128716778273656e+01
7.063412838443655062e+01
8.722204261483223320e+01
8.864914424346056876e+01
5.240236796020240462e+01
4.542340402969506385e+01
5.712461335822769115e+01
6.383452771692486749e+01
8.571993089849994973e+00
5.632218898419325548e+00
1.577685716081173517e+01
8.000206170070718770e+00
8.052305169839684140e+01
8.496024020999898951e+00
1.112364139018401659e+02
3.971055997936815629e+01
9.649615798596714455e+01
9.587182082951571260e+00
7.372762700477119324e+01
7.307421780187394234e+01
5.462784241258200524e+01
5.909215536714054906e+01
3.041657647332879577e+01
5.467263285795004890e+01
1.538764574291738825e+02
5.869777505281646768e+01
9.224604572929300161e+01
1.792120711224530965e+02
9.957813857544728364e+01
3.538032459266455731e+01
9.285987973349585900e+01
9.977820999887998710e+01
4.472545445957466370e+01
5.262099137741356714e+01
6.778973226143789077e+01
4.967931905521239599e+01
2.372907447665321712e+01
3.601420197648320709e+01
3.220917031092445626e+01
2.500199391064611731e+01
3.406530082113879843e+01
7.131929860434378554e+01
4.705044582362700822e+01
3.788635083646276769e+01
8.159749206799897081e+01
6.032172106877532514e+01
7.142269232195441475e+01
3.526465686011179201e+01
4.248184423057422521e+01
6.318203773925545619e+01
1.898128376818806018e+01
1.603109134881995601e+01
2.127483037801441768e+01
1.766047606044855911e+01
1.811320422389051288e+01
1.402529812924870356e+01
1.008754203465659458e+02
1.072126764982248233e+02
1.133998032462886556e+02
1.362332181666489248e+02
7.909356205877283230e+01
1.283623860894624329e+02
1.527144430577253615e+02
1.443822979533285604e+02
1.202491988649577621e+02
2.071209706190935549e+02
1.275526182631864032e+02
1.623087009300212173e+02
2.251125552936385166e+00
1.645147200522005360e+00
2.352848749406015738e+00
2.138272293594868145e+00
1.169413956030881252e+02
2.124791667270852891e+00
8.554571669124636912e+01
5.981485055798066952e+01
8.431186601984590823e+01
1.541641659070112080e+00
6.623554777531330728e+01
6.251838766013211313e+01
3.294123855793694844e+01
7.357529344008730732e+01
2.065363596205749630e+01
4.760912176260618622e+01
2.459587571034548503e+00
3.677453017402572044e+01
1.870158586507434828e+00
6.662142541611647317e+00
3.850793178036845177e+00
7.453805810974080259e+01
3.747100387229550744e+00
4.183141323387648214e+00
5.959240778515182768e+01
9.249756632702394654e+01
5.402384755929748650e+01
4.985790107124190484e+01
6.276841552226247245e+01
6.537123787206519410e+01
5.222791049741474012e+01
8.942263155274071096e+01
9.689592097254545422e+01
7.696589442093841171e+01
7.390619621680230011e+01
8.107307143095323454e+01
1.069438177265611927e+02
3.273801594776353596e+01
1.476161374393828396e+02
1.087349841760093909e+02
1.066195030177580065e+02
8.429354753965553471e+01
1.179419607586525274e+02
2.615693554380412422e+01
3.559448404047567038e+01
3.630072875362878904e+01
4.591546025028252132e+01
3.619075056127423551e+01
1.431936857576392299e+02
7.458444504970481148e+01
1.312248119008799563e+02
1.965737374196935434e+02
7.951873903558986001e+01
1.512330657264814704e+02
1.059537971570571955e+02
6.022112013265618202e+01
4.008599391301710568e+01
9.909429824004259046e+01
5.225186901496619640e+01
5.518546644889550379e+01
2.583287305310365056e+01
5.500627655189666854e+01
3.236605593586579488e+01
2.456813294123575986e+01
5.360749800718477331e+01
2.964471338905460840e+01
7.333658613899662271e+01
1.246359008501704437e+02
1.641312424967854326e+02
7.522078693041753183e+01
1.360881297765337763e+02
1.561689864919270860e+02
3.020396531303122600e+01
7.899687754591464284e+01
3.495152304775557894e+01
2.766732472900145012e+01
3.010964956021168959e+01
2.857423662872939474e+01
3.019391848386974075e+01
6.824381523639365810e+01
8.612023454416899426e+01
7.913464718699101752e+01
8.338645108488577762e+01
7.888713154830365681e+01
2.586594867661554531e+01
1.712314800519935787e+01
2.178371299841849051e+01
2.561694052861586002e+01
3.060784151045827883e+01
2.552147973049914498e+01
2.518837265394057567e+01
1.979939016800549823e+01
1.683054321326699920e+01
1.408616234539906920e+01
1.689301490018246810e+01
1.666804271330670417e+01
6.376747216622041492e+01
2.251604638793252278e+01
5.467082407914088549e+01
7.761376961664888086e+01
6.097961510680345043e+01
5.436023207326710605e+01
5.424906022472038103e+01
2.234234396674461109e+01
1.571390181164784217e+01
2.000037476215236865e+01
2.243731859634964110e+01
1.912727295853997234e+01
5.229869770492245351e+01
1.237791467498415585e+02
5.593782244054517605e+01
3.727612838374043491e+01
4.948947914485769672e+01
5.129881085631357251e+01
3.701550364541122207e+01
8.190786229861679146e+01
1.228345744351191513e+02
9.252062146791436703e+01
8.927788169480720626e+01
8.757099827904873734e+01
4.111007432850844623e+01
5.796928677309824707e+01
4.502220891310998496e+01
4.315177366719814955e+01
8.004107649159143989e+01
4.177519889491416905e+01
9.344771194440856732e+01
1.203205560715591247e+02
1.256049971941747856e+02
6.771621082534397829e+01
1.296712221220274728e+02
1.317691875671885668e+02
1.324207760831693292e+02
6.333508274417793160e+01
1.094662876414702168e+02
1.739529516790257730e+02
3.481494765504022126e+01
1.425352772613051684e+02
3.375819621654705571e+01
1.953184123382304804e+01
1.481678634847101783e+01
7.403210095997054907e+01
1.500067396823217969e+01
1.614644836264611172e+01
1.073235312251097184e+02
4.115778476490492466e+01
1.242959708248021684e+02
6.870032484688616137e+01
9.851996102877411943e+01
1.322375313982830107e+02
8.995557111063861555e+01
2.978674215750996623e+01
5.394650406563435752e+01
3.761818736997383184e+01
2.801466822237912524e+01
3.451797128161027217e+01
1.019240328090110204e+01
1.459934257327835283e+01
8.052218821300261453e+00
1.106861081417799753e+01
6.665603404359932149e+00
7.873638917844658636e+00
4.373232019887775657e+00
7.929033453721003433e+00
5.829204772085619268e+00
9.679723659550752757e+00
8.112143056480473291e+00
6.266636387545008624e+00
8.167479243314340920e+01
2.344132525275831824e+02
7.511112622776305159e+01
7.805030509307997022e+01
4.168818237762899059e+01
7.531656157574992960e+01
3.378348656644681114e+01
1.054344058661648660e+02
1.014934301903442844e+02
1.900201145625031245e+02
1.051739810598076588e+02
9.698638202407359188e+01
3.797342271904903299e+01
2.181038021798589810e+01
5.763796768259096126e+01
4.145772809877615828e+01
6.658556673490973310e+01
4.683608567126673705e+01
1.358086004344310140e+02
5.139038261479372949e+01
7.166323592381496610e+01
4.461920345945369348e+01
6.330135067063122278e+01
7.807532929153951784e+01
