5.830134621323724425e-02
5.830134621323724425e-02
5.830134621323724425e-02
5.810200987664840971e-02
5.598045069398779883e-02
5.830134621323724425e-02
5.578951765386960110e-02
5.578951765386960110e-02
5.598045069398779883e-02
5.810200987664840971e-02
5.578951765386960110e-02
5.578951765386960110e-02
5.717668638004633902e-02
5.717668638004633902e-02
5.717668638004633902e-02
5.694546312322585485e-02
5.522353640666786967e-02
5.717668638004633902e-02
5.499860213878628862e-02
5.499860213878628862e-02
5.522353640666786967e-02
5.694546312322585485e-02
5.499860213878628862e-02
5.499860213878628862e-02
5.850975692832515590e-02
5.850975692832515590e-02
5.850975692832515590e-02
5.519732804222151484e-02
6.138590988762490652e-02
5.850975692832515590e-02
5.792186807179562635e-02
5.792186807179562635e-02
6.138590988762490652e-02
5.519732804222151484e-02
5.792186807179562635e-02
5.792186807179562635e-02
5.785225080756099120e-02
5.785225080756099120e-02
