-6.712592222129973152e+01
-6.712592222129973152e+01
-6.712592222129973152e+01
-4.515626634805273056e+02
-4.515626634805273056e+02
-4.515626634805273056e+02
-1.007936027350610573e+02
-1.720825389049490184e+02
-2.440374429207880667e+02
-2.440374429207880667e+02
-3.174445287307860895e+02
-1.720825389049490184e+02
-2.238454059003147734e+02
-2.238454059003147734e+02
-1.654812683887439277e+02
-1.574790164824098611e+02
-1.574790164824098611e+02
-1.574790164824098611e+02
-9.455435826636849583e+01
-9.935911137310228014e+01
-1.331274633633051110e+02
-1.759782064010345835e+02
-1.759782064010345835e+02
-1.134640733684674530e+02
-2.682878084820576419e+02
-2.682878084820576419e+02
-2.682878084820576419e+02
-1.396723385074501493e+02
-1.396723385074501493e+02
-1.396723385074501493e+02
-1.548408909420775501e+02
-1.548408909420775501e+02
-2.343746408653545075e+02
-2.742521385510373761e+02
-2.742521385510373761e+02
-1.371049077263453739e+02
-1.371049077263453739e+02
-1.296868147087680256e+02
-1.296868147087680256e+02
-1.296868147087680256e+02
-1.239011404139002224e+02
-8.380056372492848027e+01
-8.380056372492848027e+01
-1.653717853374992899e+02
-2.819713021907479060e+02
-1.697708551914476232e+02
-1.697708551914476232e+02
-2.512692915109685430e+02
-2.922912710733021981e+02
-2.703130038651045197e+02
-2.703130038651045197e+02
-2.703130038651045197e+02
-2.716991766851145940e+02
-2.716991766851145940e+02
-2.208203163693871431e+02
-1.393649701097301374e+02
-1.393649701097301374e+02
-1.340198961666738739e+02
-2.788006899164378751e+02
-1.340198961666738739e+02
-1.340198961666738739e+02
-3.369534515764489129e+02
-4.909667864574220744e+02
-4.909667864574220744e+02
-8.782345343200159959e+01
-8.782345343200159959e+01
-8.782345343200159959e+01
-1.732489430308107217e+02
-1.909685915886382759e+02
-2.004174906688465398e+02
-2.004174906688465398e+02
-9.687565241019454731e+01
-9.687565241019454731e+01
-1.199740699005080558e+02
-8.598222308629445365e+01
-7.131763186121806086e+01
-7.131763186121806086e+01
-1.240023027990268218e+02
-2.322127663816575307e+02
-2.880990056596617137e+02
-3.713478379028948666e+02
-4.809334947414706676e+02
-3.738298053562296559e+02
-8.035365127436388377e+01
-8.035365127436388377e+01
-2.225881170058505063e+02
-2.225881170058505063e+02
-2.225881170058505063e+02
-2.225881170058505063e+02
-1.574622044953557065e+02
-1.574622044953557065e+02
-1.714330886981747710e+02
-1.847349108738719679e+02
-1.206267930673049165e+02
-1.206267930673049165e+02
-1.206267930673049165e+02
-3.424869025479316065e+02
-1.093894684976128531e+02
-1.726817847658038545e+02
-1.304914611952980295e+02
-1.726817847658038545e+02
-1.093894684976128531e+02
-1.447571241958865471e+02
-1.447571241958865471e+02
-1.447571241958865471e+02
-1.250159575471666926e+02
-1.721960634616011703e+02
-1.250159575471666926e+02
-3.159580352219205679e+02
-4.351982814973823679e+02
-1.192092699849407325e+02
-1.026304103266792254e+02
-1.026304103266792254e+02
-1.192092699849407325e+02
-1.217607264341388174e+02
-1.217607264341388174e+02
-1.217607264341388174e+02
-2.538047041589876471e+02
-2.538047041589876471e+02
-1.566667666882892718e+02
-2.150420840914138125e+02
-1.600017436153748349e+02
-2.144774726421955506e+02
-1.690871794416374314e+02
-2.144774726421955506e+02
-3.221461607184931495e+02
-3.221461607184931495e+02
-1.298545891275434485e+02
-9.553775036729122405e+01
-9.553775036729122405e+01
-1.522862691473201266e+02
-3.478564282729355455e+02
-3.478564282729355455e+02
-3.858011240068516940e+02
-9.154715544434063190e+01
-1.070200580515180633e+02
-9.607681786659740908e+01
-9.607681786659740908e+01
-9.607681786659740908e+01
-1.632853471162841288e+02
-1.632853471162841288e+02
-6.183440784727072526e+01
-6.183440784727072526e+01
-6.911962088895249678e+01
-5.413461646801451366e+01
-5.413461646801451366e+01
-2.497110452745436362e+02
-2.497110452745436362e+02
-2.338752188152505767e+02
-2.952400435513604293e+02
-2.952400435513604293e+02
-1.279816356843606968e+02
-1.811117458525314134e+02
-4.132917161202827856e+02
-1.584521753964392303e+02
-1.241330442148129976e+02
-3.237769298049529993e+02
-1.448718569222114638e+02
-1.361722176153773773e+02
-1.974809997896660718e+02
-2.389373486886130991e+02
-3.259919163346634150e+02
-3.259919163346634150e+02
-3.797943065205142261e+02
-2.783720702874152835e+02
-2.783720702874152835e+02
-1.552450849359853748e+02
-9.143854442405327632e+01
-1.552450849359853748e+02
-1.552450849359853748e+02
-9.143854442405327632e+01
-8.319404570237900032e+01
-1.176856151929909231e+02
-1.227647666332627523e+02
-2.210882390648148714e+02
-2.306301074234220323e+02
-2.306301074234220323e+02
-2.306301074234220323e+02
-1.639294450708378292e+02
-1.185695954641498275e+02
-1.185695954641498275e+02
-1.185695954641498275e+02
-1.553580787951467244e+02
-1.639294450708378292e+02
-2.147916887500912537e+02
-1.904007488034954747e+02
-2.382305551738513998e+02
-1.686422552858556116e+02
-8.099393257998218587e+01
-8.099393257998218587e+01
-8.099393257998218587e+01
-1.998689773757623698e+02
-1.984601610938107683e+02
-2.065724665749546318e+02
-2.080388699715342398e+02
-2.080388699715342398e+02
-1.197389415388603879e+02
-7.987171481566315379e+01
-1.227805400811730010e+02
-1.227805400811730010e+02
-7.987171481566315379e+01
-4.113088912486883260e+02
-3.878667687217049433e+02
-3.878667687217049433e+02
-3.878667687217049433e+02
-2.303545453355292238e+02
-2.303545453355292238e+02
-2.075607008484969356e+02
-3.304112893254771279e+02
-2.075607008484969356e+02
-2.214049766484843644e+02
-2.214049766484843644e+02
-2.870111175456630122e+02
-9.076962681523998810e+01
-9.076962681523998810e+01
-1.406949551358284793e+02
-2.170625639283322244e+02
-2.068056901492170709e+02
-2.068056901492170709e+02
-6.859744827206981199e+01
-2.818954290298988781e+02
-2.914593477655877791e+02
-2.818954290298988781e+02
-2.810960684758320554e+02
-1.515541252649141484e+02
-1.465745831741273548e+02
-1.472724087552153094e+02
-1.472724087552153094e+02
-1.472724087552153094e+02
-1.143204767016502075e+02
-1.052055901132227973e+02
-1.143204767016502075e+02
-1.671527699132509213e+02
-1.671527699132509213e+02
-1.671527699132509213e+02
-1.753237923449615607e+02
-2.896939409131072125e+02
-2.896939409131072125e+02
-1.822955482743639948e+02
-2.450777138618767026e+02
-2.407455014649895588e+02
-1.300351214894277518e+02
-1.523673870253274458e+02
-1.300351214894277518e+02
-9.846341853761278173e+01
-2.205202452562624842e+02
-9.130403939559727178e+01
-2.205202452562624842e+02
-1.832091497316335449e+02
-1.832091497316335449e+02
-2.011345017406131603e+02
-1.937217931662708281e+02
-1.890355907348574931e+02
-1.890355907348574931e+02
-1.673772296408216675e+02
-3.119977814805278626e+02
-3.119977814805278626e+02
-2.237390657788521935e+02
-2.151267781935684695e+02
-2.151267781935684695e+02
-1.639818765901052586e+02
-1.627259076886404046e+02
-1.290943870990597873e+02
-1.957523464363978860e+02
-1.290943870990597873e+02
-2.705085274552161536e+02
-2.705085274552161536e+02
-3.830702936871528550e+02
-1.090802247406811460e+02
-2.883211599653754433e+02
-3.830702936871528550e+02
-1.467180929418377957e+02
-2.200344034100041881e+02
-1.745988904739336647e+02
-2.618474785976824819e+02
-6.689235745294166691e+01
-7.590391031941588551e+01
-1.443997583171162375e+02
