4.500666055369535457e+00
4.500666055369535457e+00
4.500666055369535457e+00
4.485277966723935528e+00
5.879466751341014152e+00
1.500222018456511819e+00
1.953137866599960581e+00
1.953137866599960581e+00
1.959822250447004421e+00
1.495092655574645102e+00
5.859413599799881744e+00
1.953137866599960581e+00
3.845521911439756746e+00
3.845521911439756746e+00
3.845521911439756746e+00
3.805492831227677897e+00
1.676407897554779325e+01
3.282762607326621840e+00
1.414595847244020277e+01
1.414595847244020277e+01
1.431079912546762856e+01
3.248591441291920123e+00
1.657097992485851989e+01
1.414595847244020277e+01
3.449921760273456783e+01
3.449921760273456783e+01
3.449921760273456783e+01
3.254610395238626097e+01
1.407393985522439195e+01
3.086772101297302484e+01
1.073614804364256337e+01
1.073614804364256337e+01
1.259247250204287383e+01
2.912019827318769671e+01
1.199922428407110075e+01
1.073614804364256337e+01
6.538069907566186778e+00
6.538069907566186778e+00
