9.300000000000000488e-01
9.300000000000000488e-01
9.300000000000000488e-01
9.300000000000000488e-01
3.182505389348009098e-03
9.300000000000000488e-01
3.812877731257281830e-03
3.812877731257281830e-03
3.182505389348009098e-03
9.300000000000000488e-01
3.812877731257281830e-03
3.812877731257281830e-03
5.079266397921159415e-01
5.079266397921159415e-01
5.079266397921159415e-01
4.915501694188891824e-01
9.300000000000000488e-01
5.079266397921159415e-01
9.300000000000000488e-01
9.300000000000000488e-01
9.300000000000000488e-01
4.915501694188891824e-01
9.300000000000000488e-01
9.300000000000000488e-01
9.300000000000000488e-01
9.300000000000000488e-01
9.300000000000000488e-01
9.300000000000000488e-01
9.300000000000000488e-01
9.300000000000000488e-01
9.300000000000000488e-01
9.300000000000000488e-01
9.300000000000000488e-01
9.300000000000000488e-01
9.300000000000000488e-01
9.300000000000000488e-01
9.300000000000000488e-01
9.300000000000000488e-01
9.300000000000000488e-01
9.300000000000000488e-01
9.300000000000000488e-01
9.300000000000000488e-01
9.300000000000000488e-01
9.300000000000000488e-01
9.300000000000000488e-01
9.300000000000000488e-01
9.300000000000000488e-01
9.300000000000000488e-01
8.891881514205067782e-01
8.891881514205067782e-01
8.891881514205067782e-01
7.456930085591659818e-01
9.300000000000000488e-01
8.891881514205067782e-01
9.300000000000000488e-01
9.300000000000000488e-01
9.300000000000000488e-01
7.456930085591659818e-01
9.300000000000000488e-01
9.300000000000000488e-01
9.300000000000000488e-01
9.300000000000000488e-01
9.300000000000000488e-01
9.300000000000000488e-01
9.300000000000000488e-01
9.300000000000000488e-01
9.300000000000000488e-01
9.300000000000000488e-01
9.300000000000000488e-01
9.300000000000000488e-01
9.300000000000000488e-01
9.300000000000000488e-01
5.464843793280932394e-02
5.464843793280932394e-02
5.464843793280932394e-02
7.466000401012401477e-02
6.655924676774676030e-01
5.464843793280932394e-02
8.255168702956462434e-01
8.255168702956462434e-01
6.655924676774676030e-01
7.466000401012401477e-02
8.255168702956462434e-01
8.255168702956462434e-01
9.300000000000000488e-01
9.300000000000000488e-01
9.300000000000000488e-01
9.300000000000000488e-01
9.300000000000000488e-01
9.300000000000000488e-01
9.300000000000000488e-01
9.300000000000000488e-01
9.300000000000000488e-01
9.300000000000000488e-01
9.300000000000000488e-01
9.300000000000000488e-01
9.300000000000000488e-01
9.300000000000000488e-01
9.300000000000000488e-01
9.300000000000000488e-01
9.300000000000000488e-01
9.300000000000000488e-01
9.300000000000000488e-01
9.300000000000000488e-01
9.300000000000000488e-01
9.300000000000000488e-01
9.300000000000000488e-01
9.300000000000000488e-01
9.300000000000000488e-01
9.300000000000000488e-01
9.300000000000000488e-01
9.300000000000000488e-01
9.300000000000000488e-01
9.300000000000000488e-01
9.300000000000000488e-01
9.300000000000000488e-01
9.300000000000000488e-01
9.300000000000000488e-01
