-2.969681717817723893e+03
-2.239561176820672245e+03
-3.198318158902964569e+03
-2.977147902456141310e+03
-1.775458022660757706e+03
-6.698119328483713616e+03
-4.214949202638082170e+03
-2.561456627907088659e+03
-2.824288428985602877e+03
-5.454306827152177902e+03
-1.348911560803162729e+03
-2.849486457651136334e+03
-4.321031636349249311e+03
-1.132695594969443846e+04
-4.668822459231599169e+03
-4.297679178633708034e+03
-4.305084495605438860e+03
-4.926139073999298716e+02
-5.283303091214307869e+02
-1.272482442598859052e+03
-1.372879869533232295e+03
-1.372264049788906959e+03
-1.216316237883318536e+04
-1.370831493829650299e+03
-4.903614321198382640e+03
-8.517989875941419086e+03
-4.781741097552803694e+03
-5.042402012089991331e+03
-5.094376981205995435e+03
-3.513233866775030492e+03
-3.598383862280902576e+03
-6.266511788861770583e+03
-6.071459198875842958e+03
-6.036404993159543665e+03
-8.583947853488218243e+03
-6.119378831435996290e+03
-3.148142156859345960e+03
-9.264725865720296270e+02
-3.200498978460500439e+03
-3.115114832729438149e+03
-3.106380449519228478e+03
-5.853473200409864148e+03
-5.755004734769638162e+03
-1.542411371557172970e+03
-1.655238765577995991e+03
-1.671243313756256612e+03
-8.668653306186682812e+02
-1.572032041238037209e+03
-1.169346508743446066e+04
-4.693391734813980293e+03
-1.174955058141120935e+04
-1.165576355293772758e+04
-1.169007812865924097e+04
-8.055821330676129946e+03
-8.067299061705415625e+03
-3.209112489550251212e+03
-3.249195700972024952e+03
-3.227794060114205422e+03
-4.674490760965202753e+03
-3.224752465437125011e+03
-4.521468063509511921e+03
-7.558601936902228772e+03
-4.094072862696981247e+03
-4.459845117184987430e+03
-4.467144376191208721e+03
-5.071128230352021092e+03
-4.444622541957195608e+03
-8.327246366050052529e+03
-7.630797668544298176e+03
-7.621932081704711891e+03
-6.724113059137768687e+03
-7.541117123935840027e+03
-3.743956838163235716e+03
-8.000975066430948573e+03
-3.567803824884300866e+03
-3.717022865704477681e+03
-3.474401204747121028e+03
-4.007755246926266409e+03
-3.503839769526933196e+03
-8.217427260371992816e+03
-7.854946081800709180e+03
-8.151315038085397646e+03
-7.315064070480741066e+03
-7.828981671694106808e+03
-1.971469447417813171e+03
-7.310844801889770679e+02
-1.895093336326905956e+03
-2.029297952712225651e+03
-3.176448473726966313e+03
-3.100052086117912950e+03
-5.072358939945746897e+03
-2.604691414427195014e+03
-2.482803705990399976e+03
-1.130088435641261412e+03
-1.554985548832981749e+03
-2.528116378975072621e+03
-8.730784563714716569e+03
-3.755734370535657945e+03
-9.683082233654571610e+03
-8.790105531371582401e+03
-8.824952913658444231e+03
-8.071639065613876483e+03
-9.074735601566433616e+03
-3.592298508037972624e+03
-3.950713130545364493e+03
-3.921020601153871667e+03
-4.312488999056854482e+03
-3.987728803290775431e+03
-2.694862720157192371e+02
-8.899818223927604777e+02
-3.273653506478926829e+02
-2.694159316217344440e+02
-2.460277834045388659e+02
-1.010013367903706694e+03
-1.126102253505415320e+03
-3.242331087271082197e+03
-3.928140066552603002e+03
-4.047065017732374599e+03
-1.043258145403644448e+03
-3.927428998808391498e+03
-3.819368928760137351e+03
-6.542648378130019410e+03
-3.720269190671251636e+03
-3.721679049399564065e+03
-4.184466606745043464e+03
-1.862095047807964420e+03
-1.946150787876004188e+03
-3.316594642205975561e+03
-3.268365109203373777e+03
-3.044979347082677123e+03
-6.710781504559956375e+03
-3.238275803450836065e+03
-9.298801188503743106e+03
-5.463738396991487207e+03
-9.053702163348678368e+03
-9.310637622729182112e+03
-9.346346530457774861e+03
-8.373661543296526361e+03
-8.202982859640951574e+03
-4.971605778909743094e+03
-4.831332801252354329e+03
-4.801357280003633605e+03
-5.372464152385541638e+03
-4.839610733310000796e+03
-9.447799813343124697e+03
-4.065314707422563970e+03
-9.377787933294250251e+03
-9.471396960486181342e+03
-7.764735740648891806e+03
-8.943800687635499344e+03
-7.360080582921322275e+03
-2.654538606031539985e+03
-2.594283212272930541e+03
-3.841710926181006471e+03
-2.762639527135645039e+03
-2.628732029898662859e+03
-3.543993223277394918e+03
-5.428993806366617719e+03
-3.469641139166646099e+03
-3.542127648650233823e+03
-3.689904641622283634e+03
-5.756494266116984363e+03
-5.907004689666089689e+03
-9.148153619684364457e+03
-8.970069792795013200e+03
-8.673638359219052290e+03
-5.466626379056539008e+03
-8.964306601645685078e+03
-2.804459237553282037e+03
-1.052814838362734918e+04
-2.592633774084375091e+03
-2.845465198264543233e+03
-2.822479176364240175e+03
-4.828201723695375222e+03
-4.563266875680078556e+03
-1.829355604769332422e+04
-1.688154373814595237e+04
-1.692821430137997959e+04
-9.805712065932486439e+03
-1.695051682808210171e+04
-6.901415962318616948e+03
-4.283522348523891196e+03
-6.227413488109964419e+03
-6.753835557983573381e+03
-6.932409168413207226e+03
-3.025647412153200548e+03
-2.695679109513674575e+03
-1.850151187690652478e+03
-1.710013483928903497e+03
-1.648876231496498121e+03
-3.761968233367794255e+03
-1.664571400660556947e+03
-6.558623898525044751e+03
-5.625333181834716015e+03
-5.200764058079436836e+03
-6.651255326813574356e+03
-6.500712637962830740e+03
-1.014729175923489311e+04
-8.148394533136301106e+03
-8.808006539972442624e+03
-6.786670747335432679e+03
-7.041434810261439452e+03
-4.517976375990169799e+03
-6.991392479225481111e+03
-6.276279672224782189e+02
-5.616722498081519461e+02
-1.291057916145322451e+03
-6.142030156373043610e+02
-3.186342307957939283e+03
-3.908332223490297679e+02
-2.712602291078695544e+03
-1.663055652262808053e+03
-2.563002727910836256e+03
-7.029108746010017512e+02
-4.539765732289049993e+03
-2.546649286704076076e+03
-7.661070728737607169e+03
-7.325336079084578159e+03
-3.441226149679394439e+03
-7.661690793310680419e+03
-7.590391462808412143e+03
-4.464139030491482117e+03
-1.985563473719006879e+03
-4.235633042532758736e+03
-1.894967453233738297e+03
-1.926910905768398379e+03
-3.221923240839417304e+03
-1.895319322769388009e+03
-3.121505901084669404e+03
-3.771948966061553620e+03
-3.600676188070881381e+03
-3.105732853982136021e+03
-2.958548432746599701e+03
-1.169145691531194097e+04
-1.260881506005236406e+04
-1.325077107108516611e+04
-1.549128694094604907e+04
-1.623851238915142130e+04
-4.165799335739480739e+03
-1.541308179913392814e+04
-5.072040043957666057e+03
-3.754139805246515607e+03
-3.734688118460326223e+03
-5.044326762602845520e+03
-5.113635791008490742e+03
-2.638401966633386110e+03
-1.954609097392103649e+03
-1.964751901498111920e+03
-1.455262239352830647e+03
-1.422444758099759156e+03
-2.778567372081142821e+03
-1.446275613826557219e+03
-5.042369783809563160e+03
-2.893905014458548521e+03
-7.249869923060955443e+03
-5.082164497813228991e+03
-3.854797054888235380e+03
-4.109632023649133771e+03
-4.953786772952102183e+03
-1.640348525401340794e+03
-2.549741095284884523e+03
-3.453954263067904776e+03
-3.135282737906499278e+03
-2.597946626803971412e+03
-1.933108385284232327e+03
-6.367681172363050791e+03
-1.452110576673508831e+03
-1.936717337430601447e+03
-2.333277640316423458e+03
-2.273740024572377024e+03
-2.167127636078363594e+03
-8.188124996461383489e+03
-6.469473969269878580e+03
-5.873505134077801813e+03
-5.435242905870369214e+03
-6.476205803349704183e+03
-4.030474481885794830e+03
-5.757947129148066779e+03
-6.181316353097789943e+03
-4.011891148791943579e+03
-4.081062704688399208e+03
-3.501711222726301003e+03
-5.399572210164892567e+03
-5.032041153087430757e+03
-7.676840001027353537e+03
-7.615943372796446056e+03
-8.831015472849388971e+03
-7.664920404563951706e+03
-8.437250084228597188e+03
-1.253881599009279125e+04
-6.266190257081215350e+03
-8.390565616386738839e+03
-8.379272645241608188e+03
-1.150590258468020875e+04
-8.353019113334497888e+03
-1.692124172794675542e+04
-1.263673073956091685e+04
-1.265435137011117331e+04
-9.208708056181287247e+03
-1.253771135316710024e+04
-1.912883176108294492e+03
-3.068435748244591196e+03
-2.488223089794537827e+03
-1.948057354667565960e+03
-1.585568307707735300e+02
-2.232982619919927401e+03
-2.886636668623871742e+02
-4.194627829650831359e+02
-6.483540975570321052e+02
-4.679098017733459528e+03
-5.793760072944869535e+02
-6.575446104988973275e+02
-2.049567217131278085e+03
-1.243994001741825514e+03
-1.502167501214648382e+03
-2.052269445929433459e+03
-2.035964542613768117e+03
-3.383964646987260039e+03
-2.462268254308103224e+03
-2.035727203539265020e+03
-1.475017336321092216e+03
-1.501796774506970905e+03
-8.984172564065090683e+02
-1.480857140762584095e+03
-1.255904073151402736e+04
-6.218557915116045478e+03
-1.621579821067202647e+04
-1.250715028437585715e+04
-1.307325390389381573e+04
-1.007047444643671224e+04
-1.335479894137154770e+04
-5.342136018972918464e+03
-6.885531008069114250e+03
-6.483720838700562126e+03
-8.582028080632409910e+03
-6.866363210754565443e+03
-9.097678233572143654e+03
-9.130677382832329386e+03
-6.647034957170080816e+03
-9.329972294085209796e+03
-1.181607404070676057e+04
-5.519637370817490591e+03
-5.423845901222585780e+03
-7.001163437106978563e+03
-5.396101750386708773e+03
-4.188964481843869180e+03
-9.266229715767685775e+03
-5.439998804644633310e+03
-1.698070836507057948e+03
-1.935903356443510120e+03
-3.179757452372784883e+03
-1.637865494960699834e+03
-1.716034182740053893e+03
-2.987568897610665772e+03
-5.548200117573132047e+03
-3.347820077060271160e+03
-6.424393715156646067e+03
-6.254422113494382756e+03
-3.584705123762613312e+03
-6.321366966776734444e+03
-2.737741738443278336e+03
-1.356420248122439943e+03
-1.683124122644043609e+03
-2.783546771852622896e+03
-2.798158235721923120e+03
-3.394211984375772772e+03
-2.197288005061052900e+03
-1.787325494064239592e+03
-1.051367590152324510e+03
-1.036269069397573048e+03
-8.811908756205424424e+02
-1.088848467965732425e+03
-6.031017752325076799e+03
-6.063617694314387336e+03
-7.971123644636142672e+03
-6.049111344052229470e+03
-5.818564788367023539e+03
-2.561266854628388501e+03
-3.310189493746555854e+03
-2.503732340090032721e+03
-3.321405798024973592e+03
-3.407620162187708502e+03
-7.815803007941072792e+03
-3.328324779149962069e+03
-4.597744169814546694e+03
-4.088103374132693716e+03
-2.214269230858832088e+03
-4.572425193896958262e+03
-4.608159426672280460e+03
-7.675950862792777116e+03
-3.670749645405382580e+03
-6.803052830055109553e+03
-3.292721577449428878e+03
-3.229998580943795787e+03
-1.954567956119700966e+03
-3.254584912203486056e+03
-1.282790300391914570e+03
-1.370874059795097310e+03
-3.742376976476521577e+03
-1.273757969639586918e+03
-1.777470323424214939e+03
-3.776037491461401032e+02
-1.212429217441909486e+03
-5.198714817567843056e+02
-1.278929842154516109e+03
-1.116513050771648295e+03
-4.657138002020088607e+03
-1.275361572124631039e+03
-4.510336622671803525e+03
-4.690064669431845687e+03
-4.274859957682710046e+03
-4.449410194654224142e+03
-3.827665808047103837e+03
-3.453558657127663082e+03
-2.709045177018997492e+03
-3.014577759158913523e+03
-2.912306619962595505e+03
-3.360460701805437111e+03
-3.658912543510918567e+03
-2.834545891705016857e+03
-6.112997008873448067e+03
-7.601887185084684461e+03
-7.636297271601079046e+03
-6.193547778254562218e+03
-6.269255891989972042e+03
-8.609725967823480460e+03
-1.112183121008166017e+04
-1.107252836929658224e+04
-1.363218690819237054e+04
-1.350952396254891755e+04
-9.706031280307914130e+03
-1.373690019713468246e+04
-8.508639065348639633e+03
-5.123415931503158390e+03
-6.971844554155587502e+03
-8.488179571416232648e+03
-8.020665480170900992e+03
-7.416403365754880724e+03
-5.646636499096611260e+03
-4.053348331793631132e+03
-3.272352498028976242e+03
-3.633933001817872992e+03
-3.718646037858663931e+03
-3.251028804024690999e+03
-5.585546548730767427e+03
-2.031746407321562856e+03
-6.186594995420746272e+03
-5.599636298516272291e+03
-5.526193075880504693e+03
-6.017151918624589598e+03
-6.621804666721748617e+03
-2.146780958115080921e+03
-2.368959577218475260e+03
-2.445364063663884735e+03
-2.221114195008257866e+03
-2.389976314720865957e+03
-3.154388574659808455e+02
-1.096299425042395569e+03
-1.302336038297014227e+02
-3.242503695716609968e+02
-4.654083595930893352e+03
-2.992364420940216405e+02
-2.665923298551812877e+03
-8.395820220400702965e+03
-5.197864665264198266e+03
-4.509273346324319505e+02
-5.788339224181894679e+03
-5.262934855577689632e+03
-2.433538032007150377e+03
-2.913935381241411051e+03
-3.529762715837751784e+03
-2.422835607358113521e+03
-2.414962195467879155e+03
-4.494755165625489099e+03
-6.459580712499808214e+03
-5.319430353361795824e+03
-7.766382190669200099e+03
-7.783054951180378339e+03
-4.187404592989776575e+03
-7.738509572142719662e+03
-8.343713036105016727e+03
-1.435884638701325639e+04
-6.695910232589571933e+03
-8.340419452118287154e+03
-2.853820819869065417e+03
-7.882720872747445355e+03
-1.904592446586732422e+03
-6.396481607744491157e+03
-4.592324519311611766e+03
-1.090750914432240825e+04
-4.790085351406383779e+03
-4.583145682507410129e+03
-8.384762356842941244e+02
-2.253099127817075896e+03
-9.918923802643222416e+02
-8.771084591549071092e+02
-8.530704783359325347e+02
-1.026038440279457291e+03
-1.276935554903247748e+03
-2.830502642440978434e+03
-3.260274175298028240e+03
-3.293882183225605786e+03
-2.693644631044554899e+03
-3.307001857269436186e+03
-4.940616983498227455e+03
-3.575156358998180167e+03
-3.498312355591426240e+03
-4.974673071715603328e+03
-4.995574140690949207e+03
-2.648173903646449162e+03
-1.915212118889219482e+03
-1.956519862789833724e+03
-1.379621408255897677e+03
-1.370036403861852705e+03
-2.594016805786051464e+03
-1.390964662454853396e+03
-4.972226117179493485e+03
-2.921370977102450070e+03
-1.026566699850561417e+04
-4.893259150397980193e+03
-6.228972263144620229e+03
-5.114412524726638367e+03
-1.198771706246473150e+04
-4.089987510017669592e+03
-7.846971919786725266e+03
-6.385226798554583183e+03
-7.554529702701081987e+03
-7.783966009332540125e+03
-1.150351580255654153e+04
-1.248589112799159921e+04
-6.153636111635638372e+03
-1.150392823587507701e+04
-1.183764131579711466e+04
-9.116413426397339208e+03
-5.122670745958153930e+03
-1.014080036666702836e+04
-5.552541165410500071e+03
-5.316289792898160158e+03
-7.015349458538423278e+03
-5.552813855739096653e+03
-2.942355385960763215e+03
-3.487111100181191432e+03
-4.557921514181714883e+03
-2.957969814626594143e+03
-2.810699029821916156e+03
-5.395558641682713642e+03
-8.145113349996956458e+03
-6.167387781069885932e+03
-9.614178310490264266e+03
-9.970254490985125813e+03
-5.276163646513451567e+03
-9.680933965490872652e+03
-6.207617257705356906e+02
-4.556863119209056663e+02
-5.405687938073220948e+02
-5.974276038200171115e+02
-6.042230246107419589e+02
-4.548778301324835411e+03
-3.654049899163056580e+03
-3.034455518750195552e+03
-2.744913901966398953e+03
-2.687086647856724994e+03
-3.646810789537292408e+02
-2.603411662861646619e+03
-9.369861455757298245e+03
-9.972945258985228065e+03
-1.057220017294271383e+04
-9.429043855100791916e+03
-9.307870710760671500e+03
-3.545052916899945103e+03
-4.001459558448831103e+03
-3.775837310702048399e+03
-4.234508239859698733e+03
-4.270992433389932557e+03
-1.126354399248592927e+04
-4.256975224582231021e+03
-3.738011968246137712e+03
-2.288813246549737869e+03
-3.999300121991435390e+03
-3.637007905187917004e+03
-7.724153223714705746e+03
-4.385937904450482165e+03
-9.697897718906537193e+03
-6.698288336167275702e+03
-7.086066917242269483e+03
-2.783051683185813999e+03
-5.810380218900066211e+03
-7.015638664743191839e+03
-3.705023305142733989e+03
-8.589659388207333905e+03
-2.220694547750131278e+03
-3.787331235341965566e+03
-1.976863293139603229e+03
-2.365767494575180081e+03
-6.752564834294554430e+02
-4.093364961557427250e+03
-2.131755607162764136e+03
-3.401636766759523198e+03
-3.327024645674384374e+03
-2.200579596647131893e+03
-6.547780249706145696e+03
-1.030298400228890023e+04
-5.907377468610457072e+03
-6.496709187345953069e+03
-6.561146871291607567e+03
-4.823192439396450027e+03
-4.329389896842075359e+03
-7.555482153088118139e+03
-6.859198692299372851e+03
-6.814813817570853644e+03
-9.272497692708968316e+03
-6.825692410856791867e+03
-3.447273705613932179e+03
-1.012010145801573458e+03
-4.804610123774114072e+03
-3.448571346856725995e+03
-3.447034195223715869e+03
-8.710037363517329140e+03
-1.216309311064258145e+04
-2.527568198661455426e+03
-3.583494582613749117e+03
-3.588075784028075759e+03
-1.430735042941228585e+03
-3.587373382100661729e+03
-4.150575023161316494e+03
-2.129161681440738448e+03
-3.795056743717757854e+03
-4.170005767113911133e+03
-4.094317590205987926e+03
-1.717323195282535607e+03
-1.561829102679678726e+03
-8.733927640300653366e+02
-7.841327888747856605e+02
-8.125368714801523993e+02
-1.923176703803352439e+03
-7.969334480600837196e+02
-5.100344412292949528e+03
-1.139790820294087098e+04
-6.522159607674732797e+03
-5.077281731153238979e+03
-5.344684149978415007e+03
-3.593290911706054430e+03
-4.732424027774861315e+03
-8.136551526262051084e+03
-1.026803418954537847e+04
-1.008911714984764512e+04
-1.469634782495027321e+04
-1.026018580729457244e+04
-2.767151794266691468e+03
-7.536882271046373717e+03
-3.236061082166376309e+03
-2.747892908041436385e+03
-2.766489353374987786e+03
-3.195670165249726779e+03
-3.714419389236767984e+03
-8.699933680387013737e+03
-1.014294534299762017e+04
-1.011774959257080445e+04
-8.736636441083954196e+03
-1.011677750773867047e+04
-3.479979393342126968e+03
-2.209151432417712840e+03
-2.877536280624407937e+03
-3.477000645330996576e+03
-3.528152997161605981e+03
-3.710022345781084823e+03
-3.114747439986293102e+03
-2.399305499482836694e+03
-1.977603472807810249e+03
-1.928998627801019211e+03
-1.853663118729886946e+03
-1.975113136361857869e+03
-7.258551864784140889e+03
-2.418227886214514456e+03
-6.176504844588917877e+03
-7.307735121386631363e+03
-7.246054253588704341e+03
-1.104470451687301284e+04
-9.456390620377815139e+03
-3.700753568576168618e+03
-3.039803276880741578e+03
-3.131935550381815119e+03
-2.069928745685206650e+03
-3.116131157563141187e+03
-1.987567582899829631e+03
-4.800639064123702155e+03
-2.132890822620457584e+03
-1.951684252254523699e+03
-1.982433757415578839e+03
-2.142885419002851904e+03
-2.252352166749997195e+03
-5.128483459990131450e+03
-5.541812530074197639e+03
-5.505829650170919194e+03
-5.097355024214282821e+03
-5.497654205209681095e+03
-4.007927689903396185e+03
-5.746712488698341986e+03
-4.414310917130714188e+03
-4.018828173276969665e+03
-4.122885128623424862e+03
-3.630215633277990037e+03
-4.106603412871382716e+03
-5.314239275324782284e+03
-5.828911714400876008e+03
-5.733263333378436982e+03
-6.445214181359443501e+03
-5.834237948488923394e+03
-1.357712753847028580e+04
-6.364439603510270899e+03
-1.115919979833541765e+04
-1.363745951194070221e+04
-1.290664929080353977e+04
-1.113221452705203228e+04
-8.701922935295289790e+03
-4.802505349649673917e+03
-3.824472372662064117e+03
-4.323756688169202789e+03
-4.678843875639603539e+03
-3.870487714987007166e+03
-1.142812873812266298e+04
-4.246435822003983048e+03
-1.329278160982564623e+04
-1.128372230906029836e+04
-1.140492960195865453e+04
-5.728726204697944013e+03
-6.585300489117288635e+03
-2.074194098368567666e+03
-2.491526828507685877e+03
-2.444532831665409503e+03
-4.795123507108604826e+03
-2.430927241981334646e+03
-8.616725771164126400e+02
-1.310267679318420051e+03
-6.454330152582599567e+02
-8.753208368339534218e+02
-7.803473215226151751e+02
-3.578966912311139367e+03
-2.364964860792204945e+03
-5.127269111219218757e+03
-3.720365058922452590e+03
-4.224791771258867811e+03
-9.247162904684461182e+02
-3.799979789288200664e+03
-2.985700240065583785e+03
-8.712473559928208488e+03
-2.737576864864386152e+03
-2.981588008430714126e+03
-2.903000028230358112e+03
-4.064828850584720385e+03
-3.594720164010902863e+03
-1.173963828626639770e+04
-1.078226767603483495e+04
-1.090439427827705003e+04
-7.906641105159817016e+03
-1.077023559497147107e+04
-4.854524481897668011e+03
-2.673450784345012835e+03
-7.563793377093378695e+03
-4.879857558336702823e+03
-4.986888529207386455e+03
-1.596328977661363069e+03
-2.518415839547855740e+03
-9.235085121593884878e+02
-1.427318590709604905e+03
-1.398740183185859223e+03
-4.372418636678184157e+03
-1.431281026749068133e+03
