3.375000000000000000e+00
3.375000000000000000e+00
3.375000000000000000e+00
3.375000000000000000e+00
3.375000000000000000e+00
1.125000000000000000e+00
1.125000000000000000e+00
1.125000000000000000e+00
1.125000000000000000e+00
1.125000000000000000e+00
3.375000000000000000e+00
1.125000000000000000e+00
1.537500000000000000e+01
1.537500000000000000e+01
1.537500000000000000e+01
1.537500000000000000e+01
1.537500000000000000e+01
1.312500000000000000e+01
1.312500000000000000e+01
1.312500000000000000e+01
1.312500000000000000e+01
1.312500000000000000e+01
1.537500000000000000e+01
1.312500000000000000e+01
2.137500000000000000e+01
2.137500000000000000e+01
2.137500000000000000e+01
2.137500000000000000e+01
2.137500000000000000e+01
1.912500000000000000e+01
1.912500000000000000e+01
1.912500000000000000e+01
1.912500000000000000e+01
1.912500000000000000e+01
2.137500000000000000e+01
1.912500000000000000e+01
9.375000000000000000e+00
9.375000000000000000e+00
9.375000000000000000e+00
9.375000000000000000e+00
9.375000000000000000e+00
7.125000000000000000e+00
7.125000000000000000e+00
7.125000000000000000e+00
7.125000000000000000e+00
7.125000000000000000e+00
9.375000000000000000e+00
7.125000000000000000e+00
6.375000000000000000e+00
6.375000000000000000e+00
6.375000000000000000e+00
6.375000000000000000e+00
6.375000000000000000e+00
1.612500000000000000e+01
1.612500000000000000e+01
1.612500000000000000e+01
1.612500000000000000e+01
1.612500000000000000e+01
6.375000000000000000e+00
1.612500000000000000e+01
1.837500000000000000e+01
1.837500000000000000e+01
1.837500000000000000e+01
1.837500000000000000e+01
1.837500000000000000e+01
4.125000000000000000e+00
4.125000000000000000e+00
4.125000000000000000e+00
4.125000000000000000e+00
4.125000000000000000e+00
1.837500000000000000e+01
4.125000000000000000e+00
1.237500000000000000e+01
1.237500000000000000e+01
1.237500000000000000e+01
1.237500000000000000e+01
1.237500000000000000e+01
1.012500000000000000e+01
1.012500000000000000e+01
1.012500000000000000e+01
1.012500000000000000e+01
1.012500000000000000e+01
1.237500000000000000e+01
1.012500000000000000e+01
3.750000000000000000e-01
3.750000000000000000e-01
3.750000000000000000e-01
3.750000000000000000e-01
3.750000000000000000e-01
2.212500000000000000e+01
2.212500000000000000e+01
2.212500000000000000e+01
2.212500000000000000e+01
2.212500000000000000e+01
3.750000000000000000e-01
2.212500000000000000e+01
1.687500000000000000e+01
1.687500000000000000e+01
1.687500000000000000e+01
1.687500000000000000e+01
1.687500000000000000e+01
8.625000000000000000e+00
8.625000000000000000e+00
8.625000000000000000e+00
8.625000000000000000e+00
8.625000000000000000e+00
1.687500000000000000e+01
8.625000000000000000e+00
4.875000000000000000e+00
4.875000000000000000e+00
4.875000000000000000e+00
4.875000000000000000e+00
4.875000000000000000e+00
2.062500000000000000e+01
2.062500000000000000e+01
2.062500000000000000e+01
2.062500000000000000e+01
2.062500000000000000e+01
4.875000000000000000e+00
2.062500000000000000e+01
1.087500000000000000e+01
1.087500000000000000e+01
1.087500000000000000e+01
1.087500000000000000e+01
1.087500000000000000e+01
1.462500000000000000e+01
1.462500000000000000e+01
1.462500000000000000e+01
1.462500000000000000e+01
1.462500000000000000e+01
1.087500000000000000e+01
1.462500000000000000e+01
2.287500000000000000e+01
2.287500000000000000e+01
2.287500000000000000e+01
2.287500000000000000e+01
2.287500000000000000e+01
2.625000000000000000e+00
2.625000000000000000e+00
2.625000000000000000e+00
2.625000000000000000e+00
2.625000000000000000e+00
2.287500000000000000e+01
2.625000000000000000e+00
1.987500000000000000e+01
1.987500000000000000e+01
1.987500000000000000e+01
1.987500000000000000e+01
1.987500000000000000e+01
2.362500000000000000e+01
2.362500000000000000e+01
2.362500000000000000e+01
2.362500000000000000e+01
2.362500000000000000e+01
1.987500000000000000e+01
2.362500000000000000e+01
7.875000000000000000e+00
7.875000000000000000e+00
7.875000000000000000e+00
7.875000000000000000e+00
7.875000000000000000e+00
1.162500000000000000e+01
1.162500000000000000e+01
1.162500000000000000e+01
1.162500000000000000e+01
1.162500000000000000e+01
7.875000000000000000e+00
1.162500000000000000e+01
1.875000000000000000e+00
1.875000000000000000e+00
1.875000000000000000e+00
1.875000000000000000e+00
1.875000000000000000e+00
5.625000000000000000e+00
5.625000000000000000e+00
5.625000000000000000e+00
5.625000000000000000e+00
5.625000000000000000e+00
1.875000000000000000e+00
5.625000000000000000e+00
1.387500000000000000e+01
1.387500000000000000e+01
1.387500000000000000e+01
1.387500000000000000e+01
1.387500000000000000e+01
1.762500000000000000e+01
1.762500000000000000e+01
1.762500000000000000e+01
1.762500000000000000e+01
1.762500000000000000e+01
1.387500000000000000e+01
1.762500000000000000e+01
1.012500000000000000e+01
1.012500000000000000e+01
1.012500000000000000e+01
1.012500000000000000e+01
1.012500000000000000e+01
3.375000000000000000e+00
3.375000000000000000e+00
3.375000000000000000e+00
3.375000000000000000e+00
3.375000000000000000e+00
1.012500000000000000e+01
3.375000000000000000e+00
2.212500000000000000e+01
2.212500000000000000e+01
2.212500000000000000e+01
2.212500000000000000e+01
2.212500000000000000e+01
1.537500000000000000e+01
1.537500000000000000e+01
1.537500000000000000e+01
1.537500000000000000e+01
1.537500000000000000e+01
2.212500000000000000e+01
1.537500000000000000e+01
1.612500000000000000e+01
1.612500000000000000e+01
1.612500000000000000e+01
1.612500000000000000e+01
1.612500000000000000e+01
2.137500000000000000e+01
2.137500000000000000e+01
2.137500000000000000e+01
2.137500000000000000e+01
2.137500000000000000e+01
1.612500000000000000e+01
2.137500000000000000e+01
4.125000000000000000e+00
4.125000000000000000e+00
4.125000000000000000e+00
4.125000000000000000e+00
4.125000000000000000e+00
9.375000000000000000e+00
9.375000000000000000e+00
9.375000000000000000e+00
9.375000000000000000e+00
9.375000000000000000e+00
4.125000000000000000e+00
9.375000000000000000e+00
1.125000000000000000e+00
1.125000000000000000e+00
1.125000000000000000e+00
1.125000000000000000e+00
1.125000000000000000e+00
1.237500000000000000e+01
1.237500000000000000e+01
1.237500000000000000e+01
1.237500000000000000e+01
1.237500000000000000e+01
1.125000000000000000e+00
1.237500000000000000e+01
1.312500000000000000e+01
1.312500000000000000e+01
1.312500000000000000e+01
1.312500000000000000e+01
1.312500000000000000e+01
3.750000000000000000e-01
3.750000000000000000e-01
3.750000000000000000e-01
3.750000000000000000e-01
3.750000000000000000e-01
1.312500000000000000e+01
3.750000000000000000e-01
1.912500000000000000e+01
1.912500000000000000e+01
1.912500000000000000e+01
1.912500000000000000e+01
1.912500000000000000e+01
6.375000000000000000e+00
6.375000000000000000e+00
6.375000000000000000e+00
6.375000000000000000e+00
6.375000000000000000e+00
1.912500000000000000e+01
6.375000000000000000e+00
7.125000000000000000e+00
7.125000000000000000e+00
7.125000000000000000e+00
7.125000000000000000e+00
7.125000000000000000e+00
1.837500000000000000e+01
1.837500000000000000e+01
1.837500000000000000e+01
1.837500000000000000e+01
1.837500000000000000e+01
7.125000000000000000e+00
1.837500000000000000e+01
2.362500000000000000e+01
2.362500000000000000e+01
2.362500000000000000e+01
2.362500000000000000e+01
2.362500000000000000e+01
1.087500000000000000e+01
1.087500000000000000e+01
1.087500000000000000e+01
1.087500000000000000e+01
1.087500000000000000e+01
2.362500000000000000e+01
1.087500000000000000e+01
1.162500000000000000e+01
1.162500000000000000e+01
1.162500000000000000e+01
1.162500000000000000e+01
1.162500000000000000e+01
2.287500000000000000e+01
2.287500000000000000e+01
2.287500000000000000e+01
2.287500000000000000e+01
2.287500000000000000e+01
1.162500000000000000e+01
2.287500000000000000e+01
5.625000000000000000e+00
5.625000000000000000e+00
5.625000000000000000e+00
5.625000000000000000e+00
5.625000000000000000e+00
1.687500000000000000e+01
1.687500000000000000e+01
1.687500000000000000e+01
1.687500000000000000e+01
1.687500000000000000e+01
5.625000000000000000e+00
1.687500000000000000e+01
1.762500000000000000e+01
1.762500000000000000e+01
1.762500000000000000e+01
1.762500000000000000e+01
1.762500000000000000e+01
4.875000000000000000e+00
4.875000000000000000e+00
4.875000000000000000e+00
4.875000000000000000e+00
4.875000000000000000e+00
1.762500000000000000e+01
4.875000000000000000e+00
1.462500000000000000e+01
1.462500000000000000e+01
1.462500000000000000e+01
1.462500000000000000e+01
1.462500000000000000e+01
1.987500000000000000e+01
1.987500000000000000e+01
1.987500000000000000e+01
1.987500000000000000e+01
1.987500000000000000e+01
1.462500000000000000e+01
1.987500000000000000e+01
2.625000000000000000e+00
2.625000000000000000e+00
2.625000000000000000e+00
2.625000000000000000e+00
2.625000000000000000e+00
7.875000000000000000e+00
7.875000000000000000e+00
7.875000000000000000e+00
7.875000000000000000e+00
7.875000000000000000e+00
2.625000000000000000e+00
7.875000000000000000e+00
8.625000000000000000e+00
8.625000000000000000e+00
8.625000000000000000e+00
8.625000000000000000e+00
8.625000000000000000e+00
1.875000000000000000e+00
1.875000000000000000e+00
1.875000000000000000e+00
1.875000000000000000e+00
1.875000000000000000e+00
8.625000000000000000e+00
1.875000000000000000e+00
2.062500000000000000e+01
2.062500000000000000e+01
2.062500000000000000e+01
2.062500000000000000e+01
2.062500000000000000e+01
1.387500000000000000e+01
1.387500000000000000e+01
1.387500000000000000e+01
1.387500000000000000e+01
1.387500000000000000e+01
2.062500000000000000e+01
1.387500000000000000e+01
