2.481542919387587087e+00
6.807464705058872134e+00
2.481542919387587087e+00
2.481542919387587087e+00
2.481542919387587087e+00
2.481542919387587087e+00
2.481542919387587087e+00
6.807464705058872134e+00
6.807464705058872134e+00
6.807464705058872134e+00
6.807464705058872134e+00
6.807464705058872134e+00
4.488655901938402693e+00
3.886621707825841820e+00
4.488655901938402693e+00
4.488655901938402693e+00
4.488655901938402693e+00
4.488655901938402693e+00
4.488655901938402693e+00
3.886621707825841820e+00
3.886621707825841820e+00
3.886621707825841820e+00
3.886621707825841820e+00
3.886621707825841820e+00
5.940077742319664900e+00
2.890076853889169239e+00
5.940077742319664900e+00
5.940077742319664900e+00
5.940077742319664900e+00
5.940077742319664900e+00
5.940077742319664900e+00
2.890076853889169239e+00
2.890076853889169239e+00
2.890076853889169239e+00
2.890076853889169239e+00
2.890076853889169239e+00
3.356200327611229550e+00
