2.780085667887117893e+02
2.445314330911271554e+02
3.120587431036571502e+02
2.780085667887117893e+02
2.780085667887117893e+02
2.780085667887117893e+02
3.120587431036571502e+02
2.445314330911271554e+02
2.744813677549291242e+02
2.744813677549291242e+02
2.744813677549291242e+02
2.744813677549291242e+02
1.153208030578710463e+02
3.253935716796874544e+02
1.281321943827807956e+02
1.153208030578710463e+02
1.153208030578710463e+02
1.153208030578710463e+02
1.281321943827807956e+02
3.253935716796874544e+02
3.615426815615060718e+02
3.615426815615060718e+02
3.615426815615060718e+02
3.615426815615060718e+02
2.662371591178153380e+02
2.979660742651587952e+02
2.352996644309192220e+02
2.662371591178153380e+02
2.662371591178153380e+02
2.662371591178153380e+02
2.352996644309192220e+02
2.979660742651587952e+02
2.633415918300290741e+02
2.633415918300290741e+02
2.633415918300290741e+02
2.633415918300290741e+02
3.101940672040334448e+02
1.154980237540627570e+02
2.870907178583352106e+02
3.101940672040334448e+02
3.101940672040334448e+02
3.101940672040334448e+02
2.870907178583352106e+02
1.154980237540627570e+02
1.068956954904061263e+02
1.068956954904061263e+02
1.068956954904061263e+02
1.068956954904061263e+02
4.552849091835675495e+02
2.279156007792151684e+02
3.961227367301287359e+02
4.552849091835675495e+02
4.552849091835675495e+02
4.552849091835675495e+02
3.961227367301287359e+02
2.279156007792151684e+02
1.982990204662217479e+02
1.982990204662217479e+02
1.982990204662217479e+02
1.982990204662217479e+02
1.430254422615573446e+02
3.698445524834991147e+02
1.521176206711434986e+02
1.430254422615573446e+02
1.430254422615573446e+02
1.430254422615573446e+02
1.521176206711434986e+02
3.698445524834991147e+02
3.933557026804271004e+02
3.933557026804271004e+02
3.933557026804271004e+02
3.933557026804271004e+02
1.870046399943609288e+02
3.446886630441919692e+02
1.928764306300901126e+02
1.870046399943609288e+02
1.870046399943609288e+02
1.870046399943609288e+02
1.928764306300901126e+02
3.446886630441919692e+02
3.555116012555964176e+02
3.555116012555964176e+02
3.555116012555964176e+02
3.555116012555964176e+02
2.978369495687369977e+02
1.145010357207384857e+02
2.695237144499324700e+02
2.978369495687369977e+02
2.978369495687369977e+02
2.978369495687369977e+02
2.695237144499324700e+02
1.145010357207384857e+02
1.036162386853064703e+02
1.036162386853064703e+02
1.036162386853064703e+02
1.036162386853064703e+02
3.936742235504159453e+02
1.863762181696943117e+02
3.769200357125586720e+02
3.936742235504159453e+02
3.936742235504159453e+02
3.936742235504159453e+02
3.769200357125586720e+02
1.863762181696943117e+02
1.784443242814864448e+02
1.784443242814864448e+02
1.784443242814864448e+02
1.784443242814864448e+02
6.589362146502790551e+01
1.336175528804026271e+02
1.087913202849526897e+02
6.589362146502790551e+01
6.589362146502790551e+01
6.589362146502790551e+01
1.087913202849526897e+02
1.336175528804026271e+02
2.206045087204455228e+02
2.206045087204455228e+02
