5.422025197831063792e-02
5.422025197831063792e-02
5.422025197831063792e-02
5.403486918528302430e-02
5.206181914540865263e-02
5.422025197831063792e-02
5.188425141809872854e-02
5.188425141809872854e-02
5.206181914540865263e-02
5.403486918528302430e-02
5.188425141809872854e-02
5.188425141809872854e-02
1.729553651107482506e-02
1.729553651107482506e-02
1.729553651107482506e-02
1.711550258219427315e-02
4.673978817034422223e-02
1.729553651107482506e-02
4.620141032457794616e-02
4.620141032457794616e-02
4.673978817034422223e-02
1.711550258219427315e-02
4.620141032457794616e-02
4.620141032457794616e-02
5.441407394334239755e-02
5.441407394334239755e-02
5.441407394334239755e-02
5.133351507926601359e-02
3.605602980075349462e-02
5.441407394334239755e-02
3.074081549465984206e-02
3.074081549465984206e-02
3.605602980075349462e-02
5.133351507926601359e-02
3.074081549465984206e-02
3.074081549465984206e-02
3.571256097581824995e-02
3.571256097581824995e-02
