1.134126844231192699e+01
1.134126844231192699e+01
1.134126844231192699e+01
1.065697044526124238e+01
1.010672716446830988e+00
9.750632066581887969e+00
7.987721409158906605e-01
7.987721409158906605e-01
8.689237758485685026e-01
9.162308280130714522e+00
9.290771318728485717e-01
7.987721409158906605e-01
2.056630802318768403e+01
2.056630802318768403e+01
2.056630802318768403e+01
2.105468138900823405e+01
1.940562261095140784e+01
3.047724742133091880e+01
2.944011555171830352e+01
2.944011555171830352e+01
2.875722570196489869e+01
3.120096875660021496e+01
1.986644254005390309e+01
2.944011555171830352e+01
1.605325839991913384e+01
1.605325839991913384e+01
1.605325839991913384e+01
1.411596192703530939e+01
3.352090039080979267e+01
1.755222290455862222e+01
3.253079469538562307e+01
3.253079469538562307e+01
3.665089671913357705e+01
1.543403239910688285e+01
2.975265617576637212e+01
3.253079469538562307e+01
3.117182668737525120e+01
3.117182668737525120e+01
3.117182668737525120e+01
3.316432032090631310e+01
2.115802872310712601e+01
2.608847540929084730e+01
1.881163189089226151e+01
1.881163189089226151e+01
1.770767936020267541e+01
2.775604278296023608e+01
2.247708690561363909e+01
1.881163189089226151e+01
2.903889818066391726e+01
2.903889818066391726e+01
2.903889818066391726e+01
3.281704432657711834e+01
2.780182801552789229e+01
3.142581263367968702e+01
3.404157720423480527e+01
3.404157720423480527e+01
3.008705883584564589e+01
3.551451159689264614e+01
3.145598511217356830e+01
3.404157720423480527e+01
1.922802686050122034e+01
1.922802686050122034e+01
1.922802686050122034e+01
1.970980818619915453e+01
1.572246933170952410e+01
1.851541841196306137e+01
1.551195566731860254e+01
1.551195566731860254e+01
1.513978008548874676e+01
1.897934447640454536e+01
1.610896894651830635e+01
1.551195566731860254e+01
2.023317520667815828e+01
2.023317520667815828e+01
2.023317520667815828e+01
2.058905056567295588e+01
9.690893016854840170e+00
1.966314535517291162e+01
1.012113727921007111e+01
1.012113727921007111e+01
9.417871197445709441e+00
2.000899462701282872e+01
1.041454661307407292e+01
1.012113727921007111e+01
1.652951265089911415e+00
1.652951265089911415e+00
1.652951265089911415e+00
1.313030370080706444e+00
2.976925571018802330e+01
1.505168643751707558e+00
2.617019727348699831e+01
2.617019727348699831e+01
2.710772615571590194e+01
1.195638481955896060e+00
2.873967702585141737e+01
2.617019727348699831e+01
1.859654671101220558e+01
1.859654671101220558e+01
1.859654671101220558e+01
1.760685800318123029e+01
2.610240525821157576e+01
1.921361144750089878e+01
2.553280667701725193e+01
2.553280667701725193e+01
2.696852702117531209e+01
1.819108320170656867e+01
2.471279453786162250e+01
2.553280667701725193e+01
4.567274680003354348e+01
4.567274680003354348e+01
4.567274680003354348e+01
4.568605585021941806e+01
2.097149726857868046e+01
4.015744151811171037e+01
1.844261510417716821e+01
1.844261510417716821e+01
1.843904153164637805e+01
4.016914340691732122e+01
2.097556164288142355e+01
1.844261510417716821e+01
2.850877630983238209e+00
2.850877630983238209e+00
2.850877630983238209e+00
4.623882839215772478e+00
6.254531799364383637e+00
3.180126965803013572e+00
1.100394350465519899e+01
1.100394350465519899e+01
6.976870917736022193e+00
5.157897464238911489e+00
9.864667897655255757e+00
1.100394350465519899e+01
2.245622766204398246e+01
2.245622766204398246e+01
2.245622766204398246e+01
2.227506365286099310e+01
2.723274872013886494e+01
2.326829408428917390e+01
2.798637378274337806e+01
2.798637378274337806e+01
2.821754461524124480e+01
2.308057878737474056e+01
2.700964577908993292e+01
2.798637378274337806e+01
2.754436746442003781e+01
2.754436746442003781e+01
2.754436746442003781e+01
2.712461107421713180e+01
2.638116357017782132e+00
2.798251008890922975e+01
2.443022107060795811e+00
2.443022107060795811e+00
2.680080334802521946e+00
2.755607671958573945e+01
2.404769923312027213e+00
2.443022107060795811e+00
1.150808192566924504e+01
1.150808192566924504e+01
1.150808192566924504e+01
1.168332825546172060e+01
2.200745805777698649e+01
9.684281957183619838e+00
1.859777194218442986e+01
1.859777194218442986e+01
1.851971774001867388e+01
9.831755261652055822e+00
2.210021187857006808e+01
1.859777194218442986e+01
3.480339574834638938e+01
3.480339574834638938e+01
3.480339574834638938e+01
3.006160707976039959e+01
4.274449808399005946e+01
3.057065655558944783e+01
3.265744898436599186e+01
3.265744898436599186e+01
3.754597338763409908e+01
2.640555744012697303e+01
3.717912041135118528e+01
3.265744898436599186e+01
1.465152917594710757e+01
1.465152917594710757e+01
1.465152917594710757e+01
1.620642650468192514e+01
1.650185771207180707e+01
1.789123154739161237e+01
2.229772785124471923e+01
2.229772785124471923e+01
2.015069920302034134e+01
1.978994312942120715e+01
1.826010743332366459e+01
2.229772785124471923e+01
2.544210446161489969e+01
2.544210446161489969e+01
2.544210446161489969e+01
2.134053991011231233e+01
1.919428341346737099e+01
2.258302696009264920e+01
1.430760969569582564e+01
1.430760969569582564e+01
1.703730996230958894e+01
1.894237911254961659e+01
1.611899508056088948e+01
1.430760969569582564e+01
3.727114888521271263e-01
3.727114888521271263e-01
3.727114888521271263e-01
4.451802471629059399e-01
2.893438645584383195e+01
4.275901782150781094e-01
3.418439352987693525e+01
3.418439352987693525e+01
3.319473595864067050e+01
5.107293628336272429e-01
2.979702728723288985e+01
3.418439352987693525e+01
3.101043688799434861e+01
3.101043688799434861e+01
3.101043688799434861e+01
3.099732354845800941e+01
2.405811263530970479e+01
3.742987451442392199e+01
2.902668706292022094e+01
2.902668706292022094e+01
2.903835699722576891e+01
3.741404659638835284e+01
2.404844416150464781e+01
2.902668706292022094e+01
2.006595084461133993e+01
2.006595084461133993e+01
2.006595084461133993e+01
2.151097948725244180e+01
5.165526989875700359e+00
1.496542099123045766e+01
4.866663435464678500e+00
4.866663435464678500e+00
3.852510486230616760e+00
1.604314026548642147e+01
6.525324568585521234e+00
4.866663435464678500e+00
1.715241206756274295e+01
1.715241206756274295e+01
1.715241206756274295e+01
1.777849918155354203e+01
2.556928945113851981e+01
1.815840029124708721e+01
2.807782388040335420e+01
2.807782388040335420e+01
2.706892716824221523e+01
1.882120738731354592e+01
2.652229257162477793e+01
2.807782388040335420e+01
2.918486772066703239e+01
2.918486772066703239e+01
2.918486772066703239e+01
2.836070486974382376e+01
3.833002139116698626e+00
3.124627390892941747e+01
3.541019746940198942e+00
3.541019746940198942e+00
4.103737453212462860e+00
3.036389820546598983e+01
3.307408531715723132e+00
3.541019746940198942e+00
4.953392185857191876e+00
4.953392185857191876e+00
4.953392185857191876e+00
4.830708020619598919e+00
1.707505636418512651e+01
4.654252180913988290e+00
1.592060764308369691e+01
1.592060764308369691e+01
1.604387767823904554e+01
4.538977027605717751e+00
1.694386346677557498e+01
1.592060764308369691e+01
2.718847824904686661e+01
2.718847824904686661e+01
2.718847824904686661e+01
2.744671425055138769e+01
3.729888655996003877e+01
2.817957718219085805e+01
3.909474193616294713e+01
3.909474193616294713e+01
3.865853921644260538e+01
2.844722663535111806e+01
3.771974767084947899e+01
3.909474193616294713e+01
2.971345281865900390e+01
2.971345281865900390e+01
2.971345281865900390e+01
3.149223369576301579e+01
2.157297916055313181e+01
2.593308109881600743e+01
1.994144645906021296e+01
1.994144645906021296e+01
1.882830048490274066e+01
2.748555192825774185e+01
2.284839299423440551e+01
1.994144645906021296e+01
1.806309742075974256e+01
1.806309742075974256e+01
1.806309742075974256e+01
1.747960311932292043e+01
1.725415606000403057e-01
1.740233241300605016e+01
1.358272389088806820e-01
1.358272389088806820e-01
1.662298288426347637e-01
1.684018287917093915e+01
1.409845870413478086e-01
1.358272389088806820e-01
3.279772826877958636e+01
3.279772826877958636e+01
3.279772826877958636e+01
3.215946065264644460e+01
2.441623214489442972e+01
3.118782708840431894e+01
2.276597654804282200e+01
2.276597654804282200e+01
2.321774301088330006e+01
3.058088931866136662e+01
2.394114570661227503e+01
2.276597654804282200e+01
1.029710862942935634e+01
1.029710862942935634e+01
1.029710862942935634e+01
1.069657073504928491e+01
3.192019083407944535e+01
1.124469944578164871e+01
3.512430651592186592e+01
3.512430651592186592e+01
3.485764451929540542e+01
1.168092202819060255e+01
3.216438122439114267e+01
3.512430651592186592e+01
1.599400767097131304e+00
1.599400767097131304e+00
1.599400767097131304e+00
1.040598042094628362e+00
1.374231901297626202e+01
1.873462732037004530e+00
1.168731234142506281e+01
1.168731234142506281e+01
1.609710527355964871e+01
1.218907537748208370e+00
9.977618451931819621e+00
1.168731234142506281e+01
2.350908029453201209e+01
2.350908029453201209e+01
2.350908029453201209e+01
2.715104109969299984e+01
3.050956905194708568e+01
2.027695345109567526e+01
3.039231918705653612e+01
3.039231918705653612e+01
2.631498568760303058e+01
2.341820222781369054e+01
3.523682558273811338e+01
3.039231918705653612e+01
2.111250989205570150e+01
2.111250989205570150e+01
2.111250989205570150e+01
2.070378697323354800e+01
2.848223571562651557e+01
1.990665941140445128e+01
2.630165994708030652e+01
2.630165994708030652e+01
2.685546003602652476e+01
1.952128088558126962e+01
2.789488905868818236e+01
2.630165994708030652e+01
3.716933416623888320e+01
3.716933416623888320e+01
3.716933416623888320e+01
3.585075580492512870e+01
1.376641546933177018e+01
4.330478696834558150e+01
1.410493266118063538e+01
1.410493266118063538e+01
1.603880463800821587e+01
4.176855404089036483e+01
1.210653583999721583e+01
1.410493266118063538e+01
2.634787359923866390e+01
2.634787359923866390e+01
2.634787359923866390e+01
2.887964104337983073e+01
3.107907138393110102e+01
2.369851804943358786e+01
3.062088913408496182e+01
3.062088913408496182e+01
2.795398009549462870e+01
2.597570889164566665e+01
3.404412523678687563e+01
3.062088913408496182e+01
4.880670667061824730e+00
4.880670667061824730e+00
4.880670667061824730e+00
5.062955630935151774e+00
1.691044631621925021e+01
6.234477402291997095e+00
2.175634414837306707e+01
2.175634414837306707e+01
2.160108776292596389e+01
6.467324804948243688e+00
1.703198902740899001e+01
2.175634414837306707e+01
2.922867107916015073e+01
2.922867107916015073e+01
2.922867107916015073e+01
3.050358350095173421e+01
4.827359686933899496e+00
3.135209832268025920e+01
6.474584934626518518e+00
6.474584934626518518e+00
5.178061470321332571e+00
3.271963157427975943e+01
6.036071700227619630e+00
6.474584934626518518e+00
1.547633125599050530e+01
1.547633125599050530e+01
1.547633125599050530e+01
1.235681185747092137e+01
2.856776359120689790e+01
1.383018396203024203e+01
2.348478811671848021e+01
2.348478811671848021e+01
2.552913990499193631e+01
1.104247371978869197e+01
2.628008140520277180e+01
2.348478811671848021e+01
2.020269714187416099e+01
2.020269714187416099e+01
2.020269714187416099e+01
2.043225706050279911e+01
5.330971530343920683e+00
2.068834246000646715e+01
5.858347806778454014e+00
5.858347806778454014e+00
5.459120823808405909e+00
2.092342068636055075e+01
5.720826920808367966e+00
5.858347806778454014e+00
3.138222280261118158e+01
3.138222280261118158e+01
3.138222280261118158e+01
3.021547397165617710e+01
2.091739651951755619e+01
3.058846150906475714e+01
1.959998503364332478e+01
1.959998503364332478e+01
2.038832565594653445e+01
2.945122365529985586e+01
2.010859869730159133e+01
1.959998503364332478e+01
1.314596762037878730e-01
1.314596762037878730e-01
1.314596762037878730e-01
9.330385964168123880e-02
3.094888066990335318e+01
1.378074564499143784e-01
3.051507872270170552e+01
3.051507872270170552e+01
3.244330617762781088e+01
9.780921378695303647e-02
2.910947253189764439e+01
3.051507872270170552e+01
2.548953693580911306e+01
2.548953693580911306e+01
2.548953693580911306e+01
2.623194135998381782e+01
2.048988128120772956e+01
2.297882747635188139e+01
1.900506666764632513e+01
1.900506666764632513e+01
1.847163595625589139e+01
2.364810535392778235e+01
2.108159562497371553e+01
1.900506666764632513e+01
3.545228853926803936e+01
3.545228853926803936e+01
3.545228853926803936e+01
3.552650482792689957e+01
4.492734678034893125e-01
3.625552015528273131e+01
4.661860699393926555e-01
4.661860699393926555e-01
4.594525188167013496e-01
3.633141793960605526e+01
4.558578388530046821e-01
4.661860699393926555e-01
2.184892048631129668e+01
2.184892048631129668e+01
2.184892048631129668e+01
1.866953484809632613e+01
2.580320876530977614e+01
2.108384915031437856e+01
2.127963835664177950e+01
2.127963835664177950e+01
2.489967234503440352e+01
1.801579426729175282e+01
2.205181431137272341e+01
2.127963835664177950e+01
2.571394465411684038e+01
2.571394465411684038e+01
2.571394465411684038e+01
2.475205509491265587e+01
3.617364156988210766e+01
2.873433037421646219e+01
3.887045384916500979e+01
3.887045384916500979e+01
4.042263377669163305e+01
2.765945630298922353e+01
3.478461777048065073e+01
3.887045384916500979e+01
2.065726453516367300e+00
2.065726453516367300e+00
2.065726453516367300e+00
2.720501033549469927e+00
1.940489175244484699e+01
2.047419005816896842e+00
2.055209099787849425e+01
2.055209099787849425e+01
1.923291639710820888e+01
2.696390662932256266e+00
2.073586204327244431e+01
2.055209099787849425e+01
1.074029442639681520e+01
1.074029442639681520e+01
1.074029442639681520e+01
1.072300395763161873e+01
3.025340897775590321e+01
1.154047750010453299e+01
3.249360924207326207e+01
3.249360924207326207e+01
3.250737565919619954e+01
1.152189884128670627e+01
3.024059708387234480e+01
3.249360924207326207e+01
3.112492462212918909e+01
3.112492462212918909e+01
3.112492462212918909e+01
3.084867861227164454e+01
1.651331805037951028e+01
2.506267036050673980e+01
1.319566595267964004e+01
1.319566595267964004e+01
1.329699113746980288e+01
2.484022925366009460e+01
1.638748394357632066e+01
1.319566595267964004e+01
1.494522127429988068e+01
1.494522127429988068e+01
1.494522127429988068e+01
2.172144662442647700e+01
7.780883285446807740e+00
1.157228623874168960e+01
1.335719476368559100e+01
1.335719476368559100e+01
6.024842785316969263e+00
1.681920884568422636e+01
1.725037103549101403e+01
1.335719476368559100e+01
2.978139718737258335e+01
2.978139718737258335e+01
2.978139718737258335e+01
2.753872810273616523e+01
2.335075064414939661e+01
3.789635959796313358e+01
2.746085350684439064e+01
2.746085350684439064e+01
2.971346299589527362e+01
3.504259845452516942e+01
2.158050520070383627e+01
2.746085350684439064e+01
4.753786578491269177e-01
4.753786578491269177e-01
4.753786578491269177e-01
6.417911630507651122e-01
2.469495475998036937e+01
4.487002556026561950e-01
2.456601435251042886e+01
2.456601435251042886e+01
2.330906600442280308e+01
6.057736378140039513e-01
2.602663757325852600e+01
2.456601435251042886e+01
2.148986540399196699e+01
2.148986540399196699e+01
2.148986540399196699e+01
1.985352709605225030e+01
1.604560367634648932e+00
2.399058864604961983e+01
1.243853820859029735e+00
1.243853820859029735e+00
1.791279145495545233e+00
2.216383363881433510e+01
1.114197387436893338e+00
1.243853820859029735e+00
1.702307163871125084e+01
1.702307163871125084e+01
1.702307163871125084e+01
1.778953712676560528e+01
1.793032491548532192e+01
1.867384297374660562e+01
2.055600571093780360e+01
2.055600571093780360e+01
1.966907494994115879e+01
1.951463460480424317e+01
1.873885082545731606e+01
2.055600571093780360e+01
3.851467456518251709e+01
3.851467456518251709e+01
3.851467456518251709e+01
3.843073476183444370e+01
3.839787608415022646e+01
3.035742149897314945e+01
3.019948815198043945e+01
3.019948815198043945e+01
3.026536046615470354e+01
3.029125980814889374e+01
3.831430341499704895e+01
3.019948815198043945e+01
3.537769841044452335e+01
3.537769841044452335e+01
3.537769841044452335e+01
3.377843189079539599e+01
1.964604760814224349e+01
3.736392258254979737e+01
1.986728051388751837e+01
1.986728051388751837e+01
2.074904346143107858e+01
3.567486780753955600e+01
1.881115818884263291e+01
1.986728051388751837e+01
1.376887364811270587e+01
1.376887364811270587e+01
1.376887364811270587e+01
1.389289907869694751e+01
2.857269747484401989e+01
1.580057751026529189e+01
3.309972200578308588e+01
3.309972200578308588e+01
3.278882010733800456e+01
1.594290385294757328e+01
2.884362231628525919e+01
3.309972200578308588e+01
2.456114640894034551e+01
2.456114640894034551e+01
2.456114640894034551e+01
2.487378307375620068e+01
2.448445108136788662e+01
2.323588979421640843e+01
2.345805557530886531e+01
2.345805557530886531e+01
2.316333275027661998e+01
2.353165738455365030e+01
2.479598339279566943e+01
2.345805557530886531e+01
5.610670806792714238e+00
5.610670806792714238e+00
5.610670806792714238e+00
5.741471786630794050e+00
6.639250891923470732e+00
5.535950877360193090e+00
6.703360716087876980e+00
6.703360716087876980e+00
6.550832880029290095e+00
5.665009919323147791e+00
6.793837429260170424e+00
6.703360716087876980e+00
1.804700946362814662e+01
1.804700946362814662e+01
1.804700946362814662e+01
1.729536636602671962e+01
1.725801029170875722e+01
1.538464030868327903e+01
1.410024922791968649e+01
1.410024922791968649e+01
1.471203754376022843e+01
1.474388269615982949e+01
1.654034973519384621e+01
1.410024922791968649e+01
3.000515325538404099e+01
3.000515325538404099e+01
3.000515325538404099e+01
3.282471660693616400e+01
2.839342988326117023e+01
2.943149158794009779e+01
3.047468097603531234e+01
3.047468097603531234e+01
2.785058238661118679e+01
3.219714835218209004e+01
3.106867588965695859e+01
3.047468097603531234e+01
1.621264633668429056e+01
1.621264633668429056e+01
1.621264633668429056e+01
1.616528367894109408e+01
3.156592846794663743e+01
1.647495258499721515e+01
3.196500777522175341e+01
3.196500777522175341e+01
3.207663721339100249e+01
1.642682364142968510e+01
3.145607633984710461e+01
3.196500777522175341e+01
2.459987322343623362e+01
2.459987322343623362e+01
2.459987322343623362e+01
2.278431144456109791e+01
6.467590086140659444e+00
2.647884912178140837e+01
5.348833485754139971e+00
5.348833485754139971e+00
6.961594497539693727e+00
2.452461196057897652e+01
4.969272834995861032e+00
5.348833485754139971e+00
1.995644049333795067e+01
1.995644049333795067e+01
1.995644049333795067e+01
2.173099138317256163e+01
1.831944697712954451e+01
2.458911290200184752e+01
2.456895681796251196e+01
2.456895681796251196e+01
2.257210899775695623e+01
2.677560664045473615e+01
1.994008188400898263e+01
2.456895681796251196e+01
6.068010332551454056e+00
6.068010332551454056e+00
6.068010332551454056e+00
4.749269144578987856e+00
3.968342815294327419e+00
4.687542377545787176e+00
2.375183756132722035e+00
2.375183756132722035e+00
3.065547699471353749e+00
3.668813854544612507e+00
3.074668645762221431e+00
2.375183756132722035e+00
3.842357556461377044e+01
3.842357556461377044e+01
3.842357556461377044e+01
3.883734344583623965e+01
1.961203668866892258e+01
3.543237158933217756e+01
1.827945083878199029e+01
1.827945083878199029e+01
1.808527606724093673e+01
3.581392840968980806e+01
1.982260371177204306e+01
1.827945083878199029e+01
2.084509555682876325e+01
2.084509555682876325e+01
2.084509555682876325e+01
2.064904875518602267e+01
3.655141943785126557e+01
2.571015756332177560e+01
4.456489721066461840e+01
4.456489721066461840e+01
4.508219932829055665e+01
2.546835516206730077e+01
3.613200496918826587e+01
4.456489721066461840e+01
