2.449593936220050061e+00
2.442834061760124520e+00
2.455012638571991701e+00
2.440006647878005808e+00
1.549123792217443375e-02
2.449379361459280258e+00
1.726023891927439685e-02
1.353602648560442955e-02
1.523211173696315500e-02
2.439004743151037324e+00
1.525596977764314376e-02
1.519037188912186406e-02
1.919389495446985228e+00
2.259146077807728581e+00
1.965445064498115624e+00
1.925669029583493952e+00
2.363987333575749528e+00
1.948721192304609939e+00
2.389678676347579245e+00
2.455562569825769259e+00
2.458065883566387111e+00
2.296877431807194725e+00
2.457224482706355850e+00
2.459952358282292195e+00
2.413090323909572010e+00
2.422074651528416389e+00
2.402065552658677383e+00
2.439703291271878793e+00
2.401370667155572125e+00
2.399191168163731458e+00
2.410314222171437315e+00
2.428688058578652775e+00
2.384464413234657520e+00
2.429173914587361871e+00
2.430747821884861271e+00
2.419578454348072505e+00
2.431870075044548773e+00
2.324720804281839470e+00
2.426510786650284413e+00
2.401006669420106654e+00
2.438602783411931263e+00
2.434103164209618253e+00
2.406861364698624772e+00
2.280318953461507814e+00
2.334709590586679706e+00
2.240271078526319126e+00
2.256741576652280479e+00
2.264158158962687128e+00
2.423912943593332425e+00
2.352321369163489884e+00
2.412905750535006000e+00
2.430831057680802765e+00
2.456762101521819730e+00
2.418113782235121967e+00
2.459160513586910124e+00
2.429815914067852134e+00
2.395388819561209637e+00
2.335120640377444268e+00
2.425316203381453928e+00
2.419620448232676413e+00
2.319146108753815660e+00
2.426864974370199324e+00
2.329281966445641228e+00
2.324366283524440302e+00
2.225702691861687121e+00
2.348622547519394477e+00
2.287816186574809674e+00
2.408166710836900926e+00
2.410808819253569713e+00
2.444549320141854665e+00
2.396092837994101110e+00
2.413495912517944486e+00
5.144131282602736333e-01
8.090668199407968775e-01
5.272279169539463295e-01
4.943068712009588417e-01
2.248502463846976607e+00
5.793983249638360311e-01
2.257042801254712572e+00
2.358212959308353174e+00
2.379996720338408256e+00
8.836643347620311006e-01
2.341101942548605930e+00
2.362305215620441601e+00
2.438399566163207854e+00
2.344765367901763042e+00
2.432077574806218223e+00
2.451348979152271124e+00
2.438126738235103286e+00
2.423130882713981027e+00
2.432675649028823273e+00
2.346083593654121113e+00
2.288547279073480656e+00
2.331525694142588367e+00
2.363390470838061752e+00
2.330819508766353465e+00
2.442145885441159070e+00
2.380588586321213285e+00
2.439627967332165248e+00
2.455290880977259782e+00
2.453414582617286843e+00
2.448239348326313181e+00
2.466450604882835407e+00
2.432920549468175153e+00
2.409673366019078333e+00
2.413249114305926923e+00
2.421833759354516058e+00
2.430005272554624618e+00
2.031539961176092479e+00
2.246907199198839411e+00
2.195479086495847998e+00
2.052347510405390540e+00
2.035138678309992954e+00
1.945093959872753242e+00
2.153714069125328923e+00
2.211267940773749885e+00
2.307662684202978820e+00
2.315696507536902260e+00
2.350233194806556902e+00
2.317307794650250941e+00
2.416215232212341135e+00
2.450261486784666154e+00
2.426073953702768016e+00
2.400257329011949103e+00
2.165278966744393685e+00
2.413837407908889343e+00
2.171842413886186929e+00
2.271372043307320343e+00
2.310818763998064185e+00
2.446166546798513419e+00
2.302163358540008975e+00
2.296820907616079044e+00
2.004441311432026307e+00
1.852317152674132883e+00
2.003320962162929764e+00
2.021275588796347389e+00
2.435038575957557683e+00
2.043654737577214497e+00
2.448921452527450526e+00
2.428561146308570784e+00
2.417386841777424689e+00
1.918062671100731587e+00
2.420930798422324060e+00
2.428365328874214413e+00
2.392328658971319744e+00
2.023597493421835480e+00
2.401369629102696912e+00
2.390024462184543008e+00
1.966108736979883753e+00
2.388738041528215561e+00
1.984355371803224966e+00
1.004233221146684674e+00
1.068415919135245140e+00
2.037403774996153327e+00
1.081373829650348561e+00
1.060373442665810684e+00
2.457001231003964392e+00
2.468583645565356477e+00
2.458645320678889856e+00
2.439462166981730018e+00
2.459507201183145586e+00
2.455548862072001182e+00
2.443193709845291384e+00
2.456780078495756747e+00
2.470592691229279048e+00
2.455936962571117377e+00
2.459791686962551349e+00
2.458431976635900185e+00
2.301758709078095322e+00
2.452726408265920810e+00
2.276331522135474295e+00
2.340477540706710879e+00
2.322158816800150127e+00
2.305399932632705706e+00
2.341301190951288191e+00
2.467196487960684692e+00
2.453053637944908161e+00
2.458132490805207571e+00
2.461946919348868335e+00
2.462693552286944865e+00
2.404447765147649463e+00
2.366854415494862085e+00
2.389629372619430647e+00
2.384031995077224408e+00
2.370472520322224774e+00
2.417371687298701666e+00
2.343247507515243466e+00
2.311656012715257891e+00
2.320534322686643947e+00
2.338966398892149190e+00
2.252019520520296858e+00
2.283705537698214272e+00
1.467699075200031178e+00
1.551197382512894629e+00
1.317972097496370898e+00
1.519800074819958269e+00
2.389776750330930177e+00
1.538145586896302985e+00
2.415433209326148578e+00
2.441697920140137423e+00
2.391264006582414670e+00
1.528252764404176123e+00
2.417222198217859219e+00
2.426132329585069414e+00
2.336329844338057793e+00
2.341580908014645690e+00
2.386499694806961891e+00
2.295788870655200764e+00
2.316279230224673302e+00
2.332613159681384829e+00
2.336387527454738322e+00
2.273518503048047368e+00
2.373521854668543707e+00
2.359027201957423436e+00
2.345116868983657898e+00
2.341586193790506254e+00
2.360270481202928039e+00
2.335625932279980166e+00
2.219522458816283628e+00
2.341357454960387052e+00
2.425356345872571762e+00
2.364241232602257270e+00
2.330359332878782386e+00
2.402595460483156753e+00
2.323869216841925933e+00
2.142497899067614231e+00
2.295116717789591032e+00
2.300782695637198838e+00
2.449119979300410588e+00
2.450086283068827697e+00
2.452336507935181764e+00
2.452937368906280113e+00
2.359577947502491391e+00
2.442907457238032265e+00
2.356587455539273179e+00
2.350093177085960328e+00
2.355336766285380357e+00
2.451457922804083367e+00
2.374060861969129466e+00
2.359210363433517088e+00
2.475383360503784491e+00
2.470122238078346744e+00
2.466652475028144664e+00
2.444574116806308428e+00
2.481102823344878860e+00
2.471285793641124329e+00
2.432324204355817532e+00
2.439277847639367724e+00
2.463746817507978637e+00
2.395087161652990737e+00
2.429627170853424278e+00
2.418165042683766419e+00
2.316442389490416254e+00
2.239456422306491223e+00
2.342363142503529172e+00
2.348748728427401566e+00
1.864766555984681995e+00
2.354980982634603759e+00
2.068884543798052533e+00
1.837911385103926154e+00
1.879803223656953515e+00
2.353230703089461251e+00
1.794049772548410804e+00
1.914546738610676480e+00
2.426456857148630686e+00
2.451227243824932955e+00
2.402081080438405181e+00
2.450613808679007466e+00
2.363836140081458481e+00
2.434310932589835996e+00
2.389476728834444508e+00
2.444803734038383691e+00
2.391778497831463124e+00
2.461041898887972756e+00
2.417608794454398247e+00
2.426379132907547920e+00
2.192538002143246789e+00
2.224905238644096617e+00
2.326260013043448982e+00
2.184148599362199406e+00
2.383089813574296389e+00
2.133316938676728558e+00
2.417071493369826296e+00
2.365633477236022131e+00
2.431348811343340355e+00
2.307908535551555840e+00
2.439788985120733056e+00
2.426597216721212646e+00
2.428496427574305283e+00
2.450980993821029852e+00
2.406490123034351392e+00
2.411847783311589222e+00
2.455677650962012848e+00
2.430794780565699309e+00
2.430639634122245596e+00
2.463813236613666469e+00
2.461485658570023105e+00
2.423219685703910553e+00
2.450863969975761947e+00
2.452457433907575091e+00
2.379272203895231641e+00
2.396863759406378858e+00
2.391092134558948867e+00
2.381126090641374482e+00
1.031794370851055742e+00
2.365988949841286715e+00
1.032378710088462714e+00
1.067002527658502897e+00
1.131604868641670869e+00
2.398252883698626103e+00
1.201858580837397827e+00
1.133435397875271367e+00
2.356859167340591199e+00
2.303957273121711058e+00
2.313546225876851548e+00
2.355604502710327619e+00
2.430734241625871483e+00
2.334353025926080516e+00
2.391702508332365973e+00
2.385934809824327374e+00
2.354136254956546992e+00
2.205973654600446032e+00
2.371126564870948084e+00
2.350721613035925639e+00
2.434938927311319112e+00
2.415430737837426456e+00
2.456866883794810885e+00
2.439190470074746209e+00
2.409978132485475655e+00
2.449245890720122887e+00
2.456412187921140688e+00
2.414554426410431276e+00
2.439159050230085501e+00
2.459062951553350640e+00
2.427224156677972644e+00
2.443188019815762946e+00
2.457792621214484718e+00
2.447804237773351765e+00
2.452038144903604167e+00
2.471179260701112490e+00
2.419774343212260259e+00
2.459309001553193319e+00
2.437092942793799288e+00
2.431576539785689217e+00
2.391943606189999461e+00
2.460892980874691105e+00
2.419516441950635866e+00
2.422364529462797123e+00
1.902928440752032602e+00
1.891431957319447577e+00
2.118514863320730246e+00
1.892094353321746025e+00
2.395864355509659482e+00
1.845885064761363381e+00
2.426006326062203566e+00
2.370797917597122328e+00
2.429808145063310221e+00
2.060095591983556851e+00
2.432636553132643265e+00
2.424184462519703764e+00
2.274181017197551391e+00
2.341250003572227900e+00
2.181950931332499177e+00
2.281139525293764958e+00
2.337871922756108667e+00
2.278322358751931009e+00
2.280083074692999645e+00
2.392649551892932269e+00
2.340917950777974710e+00
2.285153477349937123e+00
2.342890954459568409e+00
2.345857617836653475e+00
2.399409565057610827e+00
2.397489039369055330e+00
2.414331646749916516e+00
2.383182953963634443e+00
2.346240654142066617e+00
2.405292314681553911e+00
2.369682843278065221e+00
2.344627079369170364e+00
2.373869133437512602e+00
2.404443750281749281e+00
2.359118043536462928e+00
2.367226740067938540e+00
2.343529067566513469e+00
2.357144163941273352e+00
2.200160706221832019e+00
2.342647904269147929e+00
2.449161874831135677e+00
2.337357482455678426e+00
2.392690978769719035e+00
2.451113301542730216e+00
2.403666156443406088e+00
2.213001326290966020e+00
2.406023320290822554e+00
2.402213805468725205e+00
2.300603731171199318e+00
2.313712210080781873e+00
2.365550545089449397e+00
2.290166813801257639e+00
2.103281913003180570e+00
2.319550057013212374e+00
2.237010267253587870e+00
2.143089473025162839e+00
2.266139407403011230e+00
2.380658872616254307e+00
2.228671399845255863e+00
2.253720950604436890e+00
2.397597337473383217e+00
2.380262050477309099e+00
2.385275341977507679e+00
2.367247289741204241e+00
2.213363315329526237e+00
2.384167192610456620e+00
2.114973118443369771e+00
2.100128184531278919e+00
2.091341058277790044e+00
2.304961428118681432e+00
2.103469576922782913e+00
2.058566696921284134e+00
2.451821665223597346e+00
2.445441028007778517e+00
2.466100728369334583e+00
2.472370568415614311e+00
2.454720078951152740e+00
2.453320920523409665e+00
2.482359437880858444e+00
2.471493969999977836e+00
2.465026376575058631e+00
2.478694255313158123e+00
2.479338008052572651e+00
2.479987974904478865e+00
2.445228695734751323e+00
2.424287405302449905e+00
2.430312833617723545e+00
2.445582102947353675e+00
2.243238361396509895e+00
2.441016412217976939e+00
2.159466301621478124e+00
2.133553483759955682e+00
2.048533181968845707e+00
2.397291027473638536e+00
2.076735238827383423e+00
2.049405603015766353e+00
2.334231489549478233e+00
2.312851192649900689e+00
2.359082494563507382e+00
2.349028420631657621e+00
2.428557878473736942e+00
2.357296298904393961e+00
2.455004679826161773e+00
2.439434985717516824e+00
2.441336889546688038e+00
2.375302610536845993e+00
2.440229407910036841e+00
2.448868870900050787e+00
2.394570504278718204e+00
2.424436487870581747e+00
2.323854387189844051e+00
2.419576199415975459e+00
2.348150106720577224e+00
2.403499503902141843e+00
2.322311728291174049e+00
2.423745808048143768e+00
2.332581881961369508e+00
2.411053461435392453e+00
2.360009524026657868e+00
2.371708732538959641e+00
1.690121016247120522e+00
1.803179184587279993e+00
1.885671381778698530e+00
1.575541154933183918e+00
2.431918687967209891e+00
1.578456667156914239e+00
2.386361229469670331e+00
2.366336060601546443e+00
2.454107995363012495e+00
1.796051244318990658e+00
2.423612198265863160e+00
2.407547939123850345e+00
2.374111146376900905e+00
2.400471468795787988e+00
2.361103652524598751e+00
2.388223813683446384e+00
1.595871307887648749e+00
2.398452110057490039e+00
1.682303003668579100e+00
1.862084842789208272e+00
1.795434307826802467e+00
2.421498482511172501e+00
1.693761862581011579e+00
1.811501146225851899e+00
2.398088590491904259e+00
2.426975667569361228e+00
2.421349692684721777e+00
2.385576794908937703e+00
2.433026887357410128e+00
2.361034003710359652e+00
2.420289388160868249e+00
2.425988889936335546e+00
2.449428205207574649e+00
2.413183720354449058e+00
2.458577147333424140e+00
2.442993138853536195e+00
2.120642575727375245e+00
1.858666605886856615e+00
1.992288061335663940e+00
2.131890069445842695e+00
2.415524178657216581e+00
2.096509171767483526e+00
2.386206178344882023e+00
2.348366975948789737e+00
2.265183587291543343e+00
1.653636680884232657e+00
2.302604032254436106e+00
2.288894040511311623e+00
2.410305755699293506e+00
2.403899537610214576e+00
2.454775074091241294e+00
2.382268816460524352e+00
2.370208911509954941e+00
2.422070901885936767e+00
2.424390055543432787e+00
2.341539535656613769e+00
2.438592888943356130e+00
2.444447629405535949e+00
2.406736514081361467e+00
2.418954093506850533e+00
2.475392702071558482e+00
2.471375516699950037e+00
2.457583392170571646e+00
2.469867008079454695e+00
2.467862130905231766e+00
2.473041418471011443e+00
2.426238085172923054e+00
2.450015106119007857e+00
2.429814126371911964e+00
2.434129222403445869e+00
2.421780590462798699e+00
2.414483521069762606e+00
2.286655563642592703e+00
2.281697020428542722e+00
2.333519431273070044e+00
2.298817162382316592e+00
2.303032542197042787e+00
2.287447003969052872e+00
2.356049823184075631e+00
2.310671699463783924e+00
2.343477715867611888e+00
2.340067809762029771e+00
2.352037994664440301e+00
2.352602521484106646e+00
2.358706736162984985e+00
2.388368294916734413e+00
2.340318655712432250e+00
2.336345957211008795e+00
2.203031184115827212e+00
2.371171943663295867e+00
2.174896696806862817e+00
2.267784305169620929e+00
2.255095752755033267e+00
2.366454612382411504e+00
2.215278223458822193e+00
2.238996830002785376e+00
2.381723030506652794e+00
2.386537227306211317e+00
2.409340110350784769e+00
2.445823480602500766e+00
2.423192424008997037e+00
2.382242779345554506e+00
2.473707439311306544e+00
2.466871695037363477e+00
2.444061697470231387e+00
2.460643573161547693e+00
2.474701486853708055e+00
2.474816977125684492e+00
2.464663563843833671e+00
2.459059772609121008e+00
2.461397406990745385e+00
2.442800229967386549e+00
2.467882104233158014e+00
2.468091513188209962e+00
2.448620783949833069e+00
2.445526566141601688e+00
2.463279462114379648e+00
2.434698348574275251e+00
2.434223651864656723e+00
2.440533296286165221e+00
4.111122920927800378e-02
1.693715702478317819e-01
2.697009545185157647e-02
4.514762951781556288e-02
2.273077836419049591e-01
4.114780370743635618e-02
1.725868742733039363e-01
8.267949423427587430e-01
5.569373648070858884e-01
1.251666378129741020e-01
6.135059137011202868e-01
6.139245754656553755e-01
2.420614646156308947e+00
2.431337798387890103e+00
2.420512192628175629e+00
2.419527789409164686e+00
2.404604625018182062e+00
2.424068428547682785e+00
2.407364890348460129e+00
2.419921816577554896e+00
2.420903018607373891e+00
2.433347218607574636e+00
2.416178112469595796e+00
2.419818519489639552e+00
2.411071109147626235e+00
2.265363370875195681e+00
2.421976463827423931e+00
2.399193248491082286e+00
2.442321250742655714e+00
2.399394436223044824e+00
2.434997380571996217e+00
2.302388090213570049e+00
2.345614660732588508e+00
2.237935444022215670e+00
2.345407250478314776e+00
2.325731860190646927e+00
2.422210247034540576e+00
2.362170291728781901e+00
2.420396812871329573e+00
2.445070348585689501e+00
2.407439799859193652e+00
2.409638138715815447e+00
2.422145733489864838e+00
2.365127192223418273e+00
2.307268336005284581e+00
2.383655696362991350e+00
2.380921215951994352e+00
2.362056142493476507e+00
2.374155304006070111e+00
2.441485111426596966e+00
2.407059186579187493e+00
2.308151156473656762e+00
2.365028977404290522e+00
2.397189243123690083e+00
2.374710014013116766e+00
2.420723659544045336e+00
2.462537677825369364e+00
2.445809237931257041e+00
2.428383035845323334e+00
2.441735007926963519e+00
1.953497279306797729e+00
2.225704935570321119e+00
1.984967013698991645e+00
1.967286029019097437e+00
2.368413676573120075e+00
1.985306853213232747e+00
2.394619306300649786e+00
2.448814250086157163e+00
2.448479102160204146e+00
2.267458847106433861e+00
2.448758749817562030e+00
2.452443062932855966e+00
2.452927686843614730e+00
2.339076001813880978e+00
2.443605017738016638e+00
2.458976317524298238e+00
2.343067289785376595e+00
2.442968644633630504e+00
2.286454834495925237e+00
1.955545034064608778e+00
1.848710875483951188e+00
2.298318259903195049e+00
1.959213026516333445e+00
1.871560539807325396e+00
2.434451890835270582e+00
2.387772076078714445e+00
2.431680878007429492e+00
2.447724590281371793e+00
2.401845880050430093e+00
2.440118694728572901e+00
2.425296616994434551e+00
2.377491359812316407e+00
2.341155493629248685e+00
2.414390692193301380e+00
2.360722943763234660e+00
2.372429792615486921e+00
2.328443481651628399e+00
2.381426868505085004e+00
2.350755137050206223e+00
2.287009894783724295e+00
2.372395226912913380e+00
2.299457446572308328e+00
2.338087655427047107e+00
2.371220100117962026e+00
2.410601158032242619e+00
2.349155394114218698e+00
2.404893137458173680e+00
2.388203786394353489e+00
2.421101553748540081e+00
2.458288313326967511e+00
2.424379028842309491e+00
2.430449013715846984e+00
2.409808444744140576e+00
2.400994965772967671e+00
2.404374963726806147e+00
2.447058413043804226e+00
2.442352761871760425e+00
2.455682449912691467e+00
2.459743269537092214e+00
2.449277883831165070e+00
2.351065030553622481e+00
2.267857608189697949e+00
2.319374680109192344e+00
2.352236830914293364e+00
2.249477773641558098e+00
2.392169458049507647e+00
2.279598724566925139e+00
2.218115722855578120e+00
2.159955028916556774e+00
2.296106116514498918e+00
2.049904115391107950e+00
2.162182831646358938e+00
2.033253678268911013e+00
1.365682973637623920e+00
2.042174668566231421e+00
2.011784411233000558e+00
2.469661349036494258e+00
2.008186765353493719e+00
2.460588895334023807e+00
2.359957044151642869e+00
2.389362010894933164e+00
1.305666055168184680e+00
2.371210073478768887e+00
2.363071008513045079e+00
2.413178699389574966e+00
2.433504057197174220e+00
2.386157168246888283e+00
2.439550866200616674e+00
1.809114809464595020e+00
2.408252433489625144e+00
1.680839805596974879e+00
1.954460852079787259e+00
1.776557514914818059e+00
2.435645450168385295e+00
1.852539087414690977e+00
1.824703814146513725e+00
2.368294939277147293e+00
2.467830402676546075e+00
2.379860452599434684e+00
2.293045572745409100e+00
2.379296512576902778e+00
2.377451200201900150e+00
2.335186426446156815e+00
2.455253044525540940e+00
2.475224210302205741e+00
2.456260068860462553e+00
2.456143150376027595e+00
2.459297083733739342e+00
2.350948929387639108e+00
2.288141992397174196e+00
2.387750792976099046e+00
2.355790863083349063e+00
2.348586227736483512e+00
2.349748221643444879e+00
2.388799422974512421e+00
2.290039341024019848e+00
2.335639772394135782e+00
2.343419361145515190e+00
2.342213212956850921e+00
2.340946894092238662e+00
