4.921511455735843583e+02
4.921511455735843583e+02
4.921511455735843583e+02
4.997855490609625235e+02
2.795643188058917136e-02
5.066353816362055795e+02
3.509818425585082419e-02
3.509818425585082419e-02
2.877920261366366528e-02
5.144944691526727638e+02
3.409475969341838747e-02
3.509818425585082419e-02
8.272004377210669190e+01
8.272004377210669190e+01
8.272004377210669190e+01
7.908167218150407507e+01
9.418997063302276729e+02
6.842625744714104030e+01
7.665269174240471557e+02
7.665269174240471557e+02
7.791421384193173481e+02
6.541658603264298222e+01
9.266492502647382707e+02
7.665269174240471557e+02
6.138479187878109542e+02
6.138479187878109542e+02
6.138479187878109542e+02
5.431235025366091804e+02
4.965851683767112945e+02
8.899359891778880183e+02
6.279333494835475449e+02
6.279333494835475449e+02
7.199324124175434463e+02
7.874021181503017033e+02
4.331273084865505325e+02
6.279333494835475449e+02
1.846989520178424868e+02
1.846989520178424868e+02
1.846989520178424868e+02
2.322907434661422883e+02
2.377050333706912966e+02
1.579251303163505895e+02
2.475787790530081054e+02
2.475787790530081054e+02
2.032474898303292434e+02
1.986180513337652656e+02
2.895520234262122585e+02
2.475787790530081054e+02
1.196009404244564820e+02
1.196009404244564820e+02
1.196009404244564820e+02
9.275815944893480491e+01
3.947984630726611499e+02
1.579467595681942100e+02
4.585186561438843569e+02
4.585186561438843569e+02
5.213766522531389001e+02
1.224977885330512208e+02
3.472009342065006194e+02
4.585186561438843569e+02
4.967143345613997099e+02
4.967143345613997099e+02
4.967143345613997099e+02
4.939715389684754996e+02
1.878936445534274924e+02
1.782943886828875861e+02
6.640217518338079117e+01
6.640217518338079117e+01
6.744396157327342678e+01
1.773098689509287169e+02
1.849913084943212596e+02
6.640217518338079117e+01
3.893798600860296055e+00
3.893798600860296055e+00
3.893798600860296055e+00
5.738015254663452858e+00
1.343723668201143653e+02
2.502877396051506942e+00
1.157418813472015700e+02
1.157418813472015700e+02
8.637261297841642715e+01
3.688313174678023110e+00
1.800629852511550553e+02
1.157418813472015700e+02
2.765534798893220341e+02
2.765534798893220341e+02
2.765534798893220341e+02
2.685637955443464193e+02
2.747285736199723374e+02
8.726209671113117565e+02
8.416817450800198230e+02
8.416817450800198230e+02
8.668627626790813565e+02
8.474107760017410556e+02
2.667481350256214796e+02
8.416817450800198230e+02
4.247249820653403276e+02
4.247249820653403276e+02
4.247249820653403276e+02
3.637614043842147566e+02
6.289866285342935726e+02
2.879598886731679386e+02
3.737672513451961436e+02
3.737672513451961436e+02
4.264475299966752004e+02
2.466271067943891353e+02
5.512861178536496709e+02
3.737672513451961436e+02
1.507588909437158406e+02
1.507588909437158406e+02
1.507588909437158406e+02
1.485414484021086992e+02
1.541625401786287739e+02
3.132066114634051246e+02
3.156093284374565542e+02
3.156093284374565542e+02
3.202778059833693192e+02
3.085998008121455882e+02
