3.640625000000000000e+02
3.640625000000000000e+02
3.640625000000000000e+02
3.640625000000000000e+02
4.953125000000000000e+02
3.640625000000000000e+02
4.953125000000000000e+02
4.953125000000000000e+02
4.953125000000000000e+02
3.640625000000000000e+02
4.953125000000000000e+02
4.953125000000000000e+02
2.140625000000000000e+02
2.140625000000000000e+02
2.140625000000000000e+02
2.140625000000000000e+02
3.453125000000000000e+02
2.140625000000000000e+02
3.453125000000000000e+02
3.453125000000000000e+02
3.453125000000000000e+02
2.140625000000000000e+02
3.453125000000000000e+02
3.453125000000000000e+02
4.390625000000000000e+02
4.390625000000000000e+02
4.390625000000000000e+02
4.390625000000000000e+02
2.703125000000000000e+02
4.390625000000000000e+02
2.703125000000000000e+02
2.703125000000000000e+02
2.703125000000000000e+02
4.390625000000000000e+02
2.703125000000000000e+02
2.703125000000000000e+02
2.890625000000000000e+02
2.890625000000000000e+02
2.890625000000000000e+02
2.890625000000000000e+02
4.203125000000000000e+02
2.890625000000000000e+02
4.203125000000000000e+02
4.203125000000000000e+02
4.203125000000000000e+02
2.890625000000000000e+02
4.203125000000000000e+02
4.203125000000000000e+02
3.265625000000000000e+02
3.265625000000000000e+02
3.265625000000000000e+02
3.265625000000000000e+02
2.328125000000000000e+02
3.265625000000000000e+02
2.328125000000000000e+02
2.328125000000000000e+02
2.328125000000000000e+02
3.265625000000000000e+02
2.328125000000000000e+02
2.328125000000000000e+02
4.765625000000000000e+02
4.765625000000000000e+02
4.765625000000000000e+02
4.765625000000000000e+02
3.828125000000000000e+02
4.765625000000000000e+02
3.828125000000000000e+02
3.828125000000000000e+02
3.828125000000000000e+02
4.765625000000000000e+02
3.828125000000000000e+02
3.828125000000000000e+02
2.515625000000000000e+02
2.515625000000000000e+02
2.515625000000000000e+02
2.515625000000000000e+02
4.578125000000000000e+02
2.515625000000000000e+02
4.578125000000000000e+02
4.578125000000000000e+02
4.578125000000000000e+02
2.515625000000000000e+02
4.578125000000000000e+02
4.578125000000000000e+02
4.015625000000000000e+02
4.015625000000000000e+02
4.015625000000000000e+02
4.015625000000000000e+02
3.078125000000000000e+02
4.015625000000000000e+02
3.078125000000000000e+02
3.078125000000000000e+02
3.078125000000000000e+02
4.015625000000000000e+02
3.078125000000000000e+02
3.078125000000000000e+02
4.953125000000000000e+02
4.953125000000000000e+02
4.953125000000000000e+02
4.953125000000000000e+02
2.140625000000000000e+02
4.953125000000000000e+02
2.140625000000000000e+02
2.140625000000000000e+02
2.140625000000000000e+02
4.953125000000000000e+02
2.140625000000000000e+02
2.140625000000000000e+02
3.453125000000000000e+02
3.453125000000000000e+02
3.453125000000000000e+02
3.453125000000000000e+02
3.640625000000000000e+02
3.453125000000000000e+02
3.640625000000000000e+02
3.640625000000000000e+02
3.640625000000000000e+02
3.453125000000000000e+02
3.640625000000000000e+02
3.640625000000000000e+02
4.203125000000000000e+02
4.203125000000000000e+02
4.203125000000000000e+02
4.203125000000000000e+02
4.390625000000000000e+02
4.203125000000000000e+02
4.390625000000000000e+02
4.390625000000000000e+02
4.390625000000000000e+02
4.203125000000000000e+02
4.390625000000000000e+02
4.390625000000000000e+02
2.703125000000000000e+02
2.703125000000000000e+02
2.703125000000000000e+02
2.703125000000000000e+02
2.890625000000000000e+02
2.703125000000000000e+02
2.890625000000000000e+02
2.890625000000000000e+02
2.890625000000000000e+02
2.703125000000000000e+02
2.890625000000000000e+02
2.890625000000000000e+02
2.328125000000000000e+02
2.328125000000000000e+02
2.328125000000000000e+02
2.328125000000000000e+02
4.765625000000000000e+02
2.328125000000000000e+02
4.765625000000000000e+02
4.765625000000000000e+02
4.765625000000000000e+02
2.328125000000000000e+02
4.765625000000000000e+02
4.765625000000000000e+02
3.828125000000000000e+02
3.828125000000000000e+02
3.828125000000000000e+02
3.828125000000000000e+02
3.265625000000000000e+02
3.828125000000000000e+02
3.265625000000000000e+02
3.265625000000000000e+02
3.265625000000000000e+02
3.828125000000000000e+02
3.265625000000000000e+02
3.265625000000000000e+02
3.078125000000000000e+02
3.078125000000000000e+02
3.078125000000000000e+02
3.078125000000000000e+02
2.515625000000000000e+02
3.078125000000000000e+02
2.515625000000000000e+02
2.515625000000000000e+02
2.515625000000000000e+02
3.078125000000000000e+02
2.515625000000000000e+02
2.515625000000000000e+02
4.578125000000000000e+02
4.578125000000000000e+02
4.578125000000000000e+02
4.578125000000000000e+02
4.015625000000000000e+02
4.578125000000000000e+02
4.015625000000000000e+02
4.015625000000000000e+02
4.015625000000000000e+02
4.578125000000000000e+02
4.015625000000000000e+02
4.015625000000000000e+02
2.421875000000000000e+02
2.421875000000000000e+02
2.421875000000000000e+02
2.421875000000000000e+02
3.546875000000000000e+02
2.421875000000000000e+02
3.546875000000000000e+02
3.546875000000000000e+02
3.546875000000000000e+02
2.421875000000000000e+02
3.546875000000000000e+02
3.546875000000000000e+02
3.921875000000000000e+02
3.921875000000000000e+02
3.921875000000000000e+02
3.921875000000000000e+02
2.046875000000000000e+02
3.921875000000000000e+02
2.046875000000000000e+02
2.046875000000000000e+02
2.046875000000000000e+02
3.921875000000000000e+02
2.046875000000000000e+02
2.046875000000000000e+02
3.171875000000000000e+02
3.171875000000000000e+02
3.171875000000000000e+02
3.171875000000000000e+02
2.796875000000000000e+02
3.171875000000000000e+02
2.796875000000000000e+02
2.796875000000000000e+02
2.796875000000000000e+02
3.171875000000000000e+02
2.796875000000000000e+02
2.796875000000000000e+02
4.671875000000000000e+02
4.671875000000000000e+02
4.671875000000000000e+02
4.671875000000000000e+02
4.296875000000000000e+02
4.671875000000000000e+02
4.296875000000000000e+02
4.296875000000000000e+02
4.296875000000000000e+02
4.671875000000000000e+02
4.296875000000000000e+02
4.296875000000000000e+02
4.296875000000000000e+02
4.296875000000000000e+02
4.296875000000000000e+02
4.296875000000000000e+02
3.171875000000000000e+02
4.296875000000000000e+02
3.171875000000000000e+02
3.171875000000000000e+02
3.171875000000000000e+02
4.296875000000000000e+02
3.171875000000000000e+02
3.171875000000000000e+02
2.796875000000000000e+02
2.796875000000000000e+02
2.796875000000000000e+02
2.796875000000000000e+02
4.671875000000000000e+02
2.796875000000000000e+02
4.671875000000000000e+02
4.671875000000000000e+02
4.671875000000000000e+02
2.796875000000000000e+02
4.671875000000000000e+02
4.671875000000000000e+02
3.546875000000000000e+02
3.546875000000000000e+02
3.546875000000000000e+02
3.546875000000000000e+02
3.921875000000000000e+02
3.546875000000000000e+02
3.921875000000000000e+02
3.921875000000000000e+02
3.921875000000000000e+02
3.546875000000000000e+02
3.921875000000000000e+02
3.921875000000000000e+02
2.046875000000000000e+02
2.046875000000000000e+02
2.046875000000000000e+02
2.046875000000000000e+02
2.421875000000000000e+02
2.046875000000000000e+02
2.421875000000000000e+02
2.421875000000000000e+02
2.421875000000000000e+02
2.046875000000000000e+02
2.421875000000000000e+02
2.421875000000000000e+02
2.984375000000000000e+02
2.984375000000000000e+02
2.984375000000000000e+02
2.984375000000000000e+02
3.359375000000000000e+02
2.984375000000000000e+02
3.359375000000000000e+02
3.359375000000000000e+02
3.359375000000000000e+02
2.984375000000000000e+02
3.359375000000000000e+02
3.359375000000000000e+02
4.484375000000000000e+02
4.484375000000000000e+02
4.484375000000000000e+02
4.484375000000000000e+02
4.859375000000000000e+02
4.484375000000000000e+02
4.859375000000000000e+02
4.859375000000000000e+02
4.859375000000000000e+02
4.484375000000000000e+02
4.859375000000000000e+02
4.859375000000000000e+02
2.234375000000000000e+02
2.234375000000000000e+02
2.234375000000000000e+02
2.234375000000000000e+02
4.109375000000000000e+02
2.234375000000000000e+02
4.109375000000000000e+02
4.109375000000000000e+02
4.109375000000000000e+02
2.234375000000000000e+02
4.109375000000000000e+02
4.109375000000000000e+02
3.734375000000000000e+02
3.734375000000000000e+02
3.734375000000000000e+02
3.734375000000000000e+02
2.609375000000000000e+02
3.734375000000000000e+02
2.609375000000000000e+02
2.609375000000000000e+02
2.609375000000000000e+02
3.734375000000000000e+02
2.609375000000000000e+02
2.609375000000000000e+02
4.109375000000000000e+02
4.109375000000000000e+02
4.109375000000000000e+02
4.109375000000000000e+02
3.734375000000000000e+02
4.109375000000000000e+02
3.734375000000000000e+02
3.734375000000000000e+02
3.734375000000000000e+02
4.109375000000000000e+02
3.734375000000000000e+02
3.734375000000000000e+02
2.609375000000000000e+02
2.609375000000000000e+02
2.609375000000000000e+02
2.609375000000000000e+02
2.234375000000000000e+02
2.609375000000000000e+02
2.234375000000000000e+02
2.234375000000000000e+02
2.234375000000000000e+02
2.609375000000000000e+02
2.234375000000000000e+02
2.234375000000000000e+02
4.859375000000000000e+02
4.859375000000000000e+02
4.859375000000000000e+02
4.859375000000000000e+02
2.984375000000000000e+02
4.859375000000000000e+02
2.984375000000000000e+02
2.984375000000000000e+02
2.984375000000000000e+02
4.859375000000000000e+02
2.984375000000000000e+02
2.984375000000000000e+02
3.359375000000000000e+02
3.359375000000000000e+02
3.359375000000000000e+02
3.359375000000000000e+02
4.484375000000000000e+02
3.359375000000000000e+02
4.484375000000000000e+02
4.484375000000000000e+02
4.484375000000000000e+02
3.359375000000000000e+02
4.484375000000000000e+02
4.484375000000000000e+02
