1.572802792152101574e+02
1.572802792152101574e+02
1.572802792152101574e+02
1.173574956388859505e+02
1.088415515165625038e+02
1.183891556274490995e+02
6.096825824976864538e+01
6.096825824976864538e+01
8.192800423246707453e+01
8.833818762636143163e+01
8.099647835114190286e+01
6.096825824976864538e+01
4.906994459052711477e+00
4.906994459052711477e+00
4.906994459052711477e+00
6.004701951380330804e+00
1.617194144459527472e+00
6.302348333664858693e+00
2.552258182002105968e+00
2.552258182002105968e+00
2.077059777955128084e+00
7.712200136606966794e+00
1.987182569750717054e+00
2.552258182002105968e+00
4.054117026568550841e+01
4.054117026568550841e+01
4.054117026568550841e+01
4.816758256349603329e+01
2.297121340800054412e+01
5.055133576338562307e+01
3.418292446965702425e+01
3.418292446965702425e+01
2.864311795318586107e+01
6.006081282608764127e+01
2.741402853507147697e+01
3.418292446965702425e+01
5.702729663224485185e-02
5.702729663224485185e-02
5.702729663224485185e-02
7.156322115341338941e-02
2.026003531312196060e+02
4.439584330653589817e-02
1.931865748795783020e+02
1.931865748795783020e+02
1.577247048806562759e+02
5.571208422040977576e-02
2.481517928369478625e+02
1.931865748795783020e+02
1.490090628058965194e+00
1.490090628058965194e+00
1.490090628058965194e+00
1.820196634733096452e+00
9.760509746911663953e+00
1.469608282656092779e+00
1.166405685182779628e+01
1.166405685182779628e+01
9.626344664479889346e+00
1.795176749719583187e+00
1.182662210411807990e+01
1.166405685182779628e+01
8.254842361653419403e+01
8.254842361653419403e+01
8.254842361653419403e+01
6.248728124353425528e+01
1.523578847715008351e+02
8.109382584355563495e+01
1.140661109842728393e+02
1.140661109842728393e+02
1.496731643349986030e+02
6.138618377668784376e+01
1.161121398808517142e+02
1.140661109842728393e+02
1.217541225013145656e+01
1.217541225013145656e+01
1.217541225013145656e+01
1.142786992184718287e+01
3.162762135941816410e+01
1.592169294247959499e+01
3.881923361592821919e+01
3.881923361592821919e+01
4.135919716231607168e+01
1.494413759010785370e+01
2.968529629453334451e+01
3.881923361592821919e+01
2.115427873360225135e+02
2.115427873360225135e+02
2.115427873360225135e+02
2.027751919673070802e+02
2.004566813026817940e-01
2.605488384563365685e+02
2.330830614910923693e-01
2.330830614910923693e-01
2.468945225311022229e-01
2.497501399134013411e+02
1.892429872294449089e-01
2.330830614910923693e-01
4.016590142553663867e+01
4.016590142553663867e+01
4.016590142553663867e+01
5.550522367445184102e+01
3.291969047233308743e+00
4.236677273652495046e+01
4.878554355245999119e+00
4.878554355245999119e+00
3.472350912835133752e+00
5.854660579359989470e+01
4.625122960168285502e+00
4.878554355245999119e+00
4.791630289914942109e-01
4.791630289914942109e-01
4.791630289914942109e-01
3.934917070880955547e-01
1.328585874403345599e+02
4.994808959451971786e-01
1.158284779292454090e+02
1.158284779292454090e+02
1.384921671197834030e+02
4.101768678126792023e-01
1.111168110304286074e+02
1.158284779292454090e+02
1.839716153056901931e+02
1.839716153056901931e+02
1.839716153056901931e+02
1.498630816306406359e+02
4.002912004168403115e+01
1.536016978584016783e+02
2.728127989280681476e+01
2.728127989280681476e+01
3.342113832051714439e+01
1.251237792662174257e+02
3.267529721001576348e+01
2.728127989280681476e+01
1.366912007493882619e+01
1.366912007493882619e+01
1.366912007493882619e+01
1.151804391813237949e+01
1.521634659921781117e-02
1.083727049766065953e+01
9.978669069864550684e-03
9.978669069864550684e-03
1.206395606870256862e-02
9.131835616367899533e+00
1.258616048510553982e-02
9.978669069864550684e-03
3.012945787735019199e+00
3.012945787735019199e+00
3.012945787735019199e+00
2.468922767735351798e+00
6.121709981994622041e+01
3.987345276534429495e+00
6.689977261403389264e+01
6.689977261403389264e+01
8.101497040001393657e+01
3.267382896875295817e+00
5.055127512636002507e+01
6.689977261403389264e+01
8.883792878966325191e+01
8.883792878966325191e+01
8.883792878966325191e+01
1.249931558313587914e+02
6.861560412742087056e-01
7.338785421754788274e+01
8.129846707397706540e-01
8.129846707397706540e-01
5.668245558352158486e-01
1.032552156867746334e+02
9.841393382639329612e-01
8.129846707397706540e-01
7.917189351164779154e-04
7.917189351164779154e-04
7.917189351164779154e-04
8.515045191295652878e-04
1.764201229393828640e+01
6.375264833334934756e-04
1.513243612447427822e+01
1.513243612447427822e+01
1.420611476852708321e+01
6.856684330069532729e-04
1.879237416388200899e+01
1.513243612447427822e+01
1.995538338247276755e+01
1.995538338247276755e+01
1.995538338247276755e+01
2.152264225740770698e+01
1.230499288055935381e+02
2.742636435325075439e+01
1.822137793224795530e+02
1.822137793224795530e+02
1.691178824470965196e+02
2.958038024540271138e+01
1.325784845966428804e+02
1.822137793224795530e+02
3.075760212102731472e+01
3.075760212102731472e+01
3.075760212102731472e+01
3.463103109291895265e+01
1.309224007066820832e+02
2.165889023956585646e+01
1.029092544551534303e+02
1.029092544551534303e+02
9.219294454907837633e+01
2.438648170208762167e+01
1.461405394317475555e+02
1.029092544551534303e+02
1.724877054240910184e+02
1.724877054240910184e+02
1.724877054240910184e+02
1.970081182917002423e+02
2.618723179027597325e+00
1.976276139069544797e+02
3.480844651201397522e+00
3.480844651201397522e+00
3.000399431841335840e+00
2.257218521317860791e+02
3.038051692037968987e+00
3.480844651201397522e+00
2.232574094225383554e+00
2.232574094225383554e+00
2.232574094225383554e+00
1.521107190829157574e+00
6.911276517867141582e-04
3.270980649679050778e+00
6.746302760764912683e-04
6.746302760764912683e-04
1.012582373547976557e-03
2.228598907493881676e+00
4.604619344649067214e-04
6.746302760764912683e-04
9.161101942321184310e+01
9.161101942321184310e+01
9.161101942321184310e+01
1.039721293601346019e+02
2.982230778985249131e+01
8.241708199005796587e+01
3.058114068391959250e+01
3.058114068391959250e+01
2.682938801165940390e+01
9.353765042793470741e+01
3.399258267256401922e+01
3.058114068391959250e+01
3.892650268801094171e+01
3.892650268801094171e+01
3.892650268801094171e+01
3.929587383068239603e+01
3.183944024696757635e-01
3.951854075170692937e+01
3.263181264768534318e-01
3.263181264768534318e-01
3.232369028874655381e-01
3.989352970643422225e+01
3.214294654060391165e-01
3.263181264768534318e-01
1.417880815079858581e-01
1.417880815079858581e-01
1.417880815079858581e-01
1.429877125971968921e-01
4.529858381815805046e+01
1.446380931965886019e-01
4.655890036029998669e+01
4.655890036029998669e+01
4.620910811601047641e+01
1.458618374735224654e-01
4.564148360443200403e+01
4.655890036029998669e+01
1.152344861647409573e+02
1.152344861647409573e+02
1.152344861647409573e+02
1.468671818601145844e+02
1.283999661708046176e+02
1.172298885225719403e+02
1.663614245404192786e+02
1.663614245404192786e+02
1.306233422083942912e+02
1.494103365243589678e+02
1.635297407184546898e+02
1.663614245404192786e+02
1.173275781951454633e+01
1.173275781951454633e+01
1.173275781951454633e+01
9.173267673359660535e+00
1.539827725732092034e+01
1.189184606113507847e+01
1.222186480769610206e+01
1.222186480769610206e+01
1.560706745742018242e+01
9.297650963845891070e+00
1.205836159956638909e+01
1.222186480769610206e+01
1.160871733904969040e-02
1.160871733904969040e-02
1.160871733904969040e-02
1.011266337658438957e-02
1.240254301148896454e+00
1.106242475838852858e-02
1.033100069252937736e+00
1.033100069252937736e+00
1.181889392859536869e+00
9.636773335333359558e-03
1.084117356623452988e+00
1.033100069252937736e+00
5.066146519001878090e+01
5.066146519001878090e+01
5.066146519001878090e+01
4.557531285070533045e+01
1.117651661101388498e+02
4.875570474399927434e+01
9.713872274649860117e+01
9.713872274649860117e+01
1.075608338426728210e+02
4.386088101933083294e+01
1.009356760786093048e+02
9.713872274649860117e+01
4.235593689075042967e+00
4.235593689075042967e+00
4.235593689075042967e+00
6.333959929353991214e+00
1.755231236326494582e+02
4.058495695106748791e+00
2.383731265560572865e+02
2.383731265560572865e+02
1.681841776967895328e+02
6.069125367847900243e+00
2.487748629875943038e+02
2.383731265560572865e+02
1.032123389805564813e+02
1.032123389805564813e+02
1.032123389805564813e+02
9.203913678957957245e+01
1.724974309501182645e+01
9.765831177084045578e+01
1.448113991558340352e+01
1.448113991558340352e+01
1.632150579841926330e+01
8.708635812825689015e+01
1.530471185391042077e+01
1.448113991558340352e+01
1.706016153573112319e+02
1.706016153573112319e+02
1.706016153573112319e+02
1.714041031048319041e+02
1.256831021711286098e+02
2.398312563718723425e+02
1.776850771059944236e+02
1.776850771059944236e+02
1.766849407333257318e+02
2.409593913212855227e+02
1.263945393846764631e+02
1.776850771059944236e+02
1.560777020042507601e+01
1.560777020042507601e+01
1.560777020042507601e+01
1.573340949032848179e+01
6.853792484146742581e+00
1.307366728965495284e+01
5.788025162691753600e+00
5.788025162691753600e+00
5.740999608491919481e+00
1.317890758045964539e+01
6.909933123742138861e+00
5.788025162691753600e+00
8.737163072392047525e+01
8.737163072392047525e+01
8.737163072392047525e+01
6.873035202899576745e+01
8.146929863678779860e-02
5.622926729757259068e+01
4.013019749218785237e-02
4.013019749218785237e-02
5.243073674644758292e-02
4.423240477113588298e+01
6.235615302632265683e-02
4.013019749218785237e-02
6.246395369830450850e-01
6.246395369830450850e-01
6.246395369830450850e-01
8.250875720523972445e-01
3.335045860679529284e+01
6.769106279439693896e-01
4.680032202496526850e+01
4.680032202496526850e+01
3.614129196301247049e+01
8.941325571613847334e-01
4.318639754427297106e+01
4.680032202496526850e+01
7.266583739014980559e+00
7.266583739014980559e+00
7.266583739014980559e+00
8.072565011628755727e+00
2.544643669270877151e+00
5.683203624677084953e+00
2.215497073904511893e+00
2.215497073904511893e+00
1.990168784137923197e+00
6.313562518822489977e+00
2.832749990017211061e+00
2.215497073904511893e+00
1.204387135147421617e+02
1.204387135147421617e+02
1.204387135147421617e+02
8.181728082675194003e+01
8.410717930882411508e+01
1.653692180383765447e+02
7.822150934070118922e+01
7.822150934070118922e+01
1.154839508644476069e+02
1.123397897362138309e+02
5.696887284058614398e+01
7.822150934070118922e+01
7.823176871936524113e-02
7.823176871936524113e-02
7.823176871936524113e-02
8.804280432558724001e-02
1.882482515439195225e+01
1.032659347095621072e-01
2.781378867262738908e+01
2.781378867262738908e+01
2.484876920379738152e+01
1.162165017097751829e-01
2.107105202471771577e+01
2.781378867262738908e+01
5.446442929684036471e+01
5.446442929684036471e+01
5.446442929684036471e+01
5.959046466729904523e+01
1.738255234002825166e-05
4.391076825662216976e+01
1.560885711182472520e-05
1.560885711182472520e-05
1.401430690389820810e-05
4.804352341688817063e+01
1.936034208290706633e-05
1.560885711182472520e-05
1.107465490109150181e+02
1.107465490109150181e+02
1.107465490109150181e+02
9.663928839491880751e+01
7.151890220418184185e+01
1.020320664657938465e+02
5.736610032943440984e+01
5.736610032943440984e+01
6.589118530942654672e+01
8.903488537367931599e+01
6.226569608710852322e+01
5.736610032943440984e+01
1.432610851354252812e+00
1.432610851354252812e+00
1.432610851354252812e+00
2.053852963280087263e+00
2.282329334055731573e-01
1.289944210555489246e+00
2.974358097050151528e-01
2.974358097050151528e-01
2.055043425270098867e-01
1.849319888098667874e+00
3.303319361240029672e-01
2.974358097050151528e-01
1.664877732061159463e+02
1.664877732061159463e+02
1.664877732061159463e+02
1.799384829296441808e+02
8.392099872859386522e+00
1.983514618580042566e+02
1.105008739586631172e+01
1.105008739586631172e+01
9.998243389196112219e+00
2.143764700932125322e+02
9.274972954763288868e+00
1.105008739586631172e+01
1.720809756470965368e+01
1.720809756470965368e+01
1.720809756470965368e+01
1.937044071644907106e+01
1.231415036294869054e+02
1.972943054122389128e+01
1.593283733634791588e+02
1.593283733634791588e+02
1.411842147839904840e+02
2.220860052838299836e+01
1.389669198984978209e+02
1.593283733634791588e+02
4.685515453702423505e-01
4.685515453702423505e-01
4.685515453702423505e-01
4.270613468985879346e-01
5.842650113489981578e+01
5.244979985487786545e-01
6.011636452003620690e+01
6.011636452003620690e+01
6.540279977787291443e+01
4.780537465282699849e-01
5.370395230456568214e+01
6.011636452003620690e+01
5.102235053966887079e+01
5.102235053966887079e+01
5.102235053966887079e+01
7.679967569314746356e+01
8.492166929264338693e-01
5.564324266401624186e+01
1.443036010445495343e+00
1.443036010445495343e+00
9.261268839839223999e-01
8.375511802007402196e+01
1.323199109924070083e+00
1.443036010445495343e+00
1.799117397999480517e+01
1.799117397999480517e+01
1.799117397999480517e+01
1.660669679429283008e+01
2.287596920478558005e+01
1.556812024531537375e+01
1.828472608921674691e+01
1.828472608921674691e+01
1.979503059134644616e+01
1.437010463344530820e+01
2.113059785407538271e+01
1.828472608921674691e+01
1.399458475271423197e+02
1.399458475271423197e+02
1.399458475271423197e+02
1.272199086756328938e+02
1.549224067204458208e+02
1.159208093250577889e+02
1.166378465095960593e+02
1.166378465095960593e+02
1.283262853950474209e+02
1.053795810059963287e+02
1.408114934545901065e+02
1.166378465095960593e+02
8.884717629138832251e+01
8.884717629138832251e+01
8.884717629138832251e+01
1.053162647573606421e+02
4.637737643383526454e+00
1.088288705577246418e+02
6.787089886318041110e+00
6.787089886318041110e+00
5.680762976835242561e+00
1.290018504056023687e+02
5.540935677682597316e+00
6.787089886318041110e+00
5.369905112870345221e+00
5.369905112870345221e+00
5.369905112870345221e+00
3.722477255677603569e+00
1.614054572281846731e+02
4.134655374446495557e+00
8.764503415063676073e+01
8.764503415063676073e+01
1.242770453418290657e+02
2.866188557885950061e+00
1.138294426935656389e+02
8.764503415063676073e+01
3.387299757885929807e+01
3.387299757885929807e+01
3.387299757885929807e+01
3.093975440872719318e+01
4.068984284527247297e+01
2.519379535224765831e+01
2.765090557064791454e+01
2.765090557064791454e+01
3.026397563936635748e+01
2.301213050328819421e+01
3.717657638924432462e+01
2.765090557064791454e+01
4.240808835419137071e-03
4.240808835419137071e-03
4.240808835419137071e-03
3.885920584717884960e-03
3.274537574687143987e-02
5.335211115527300693e-03
3.778821690393786153e-02
3.778821690393786153e-02
4.119579529445115823e-02
4.888738800128951921e-03
3.003678779543779778e-02
3.778821690393786153e-02
1.722165855159346961e+02
1.722165855159346961e+02
1.722165855159346961e+02
1.867652503436486029e+02
1.591061833931986857e+00
1.298971515324968209e+02
1.302117062777314871e+00
1.302117062777314871e+00
1.200084181907743908e+00
1.408707178359943271e+02
1.726336196351824892e+00
1.302117062777314871e+00
1.592837005087670121e+01
1.592837005087670121e+01
1.592837005087670121e+01
1.702517959643956402e+01
7.759671893087565309e+01
1.982351731222646407e+01
1.027978716069184344e+02
1.027978716069184344e+02
9.657233578733431045e+01
2.118854229251212118e+01
8.259899157187480512e+01
1.027978716069184344e+02
5.137647214853196687e+01
5.137647214853196687e+01
5.137647214853196687e+01
5.515885071211802426e+01
1.461219431660598502e+02
8.267178513240929760e+01
2.509144299571919703e+02
2.509144299571919703e+02
2.351302334194973298e+02
8.875815063828127904e+01
1.559310495317565142e+02
2.509144299571919703e+02
1.274434399345336200e+00
1.274434399345336200e+00
1.274434399345336200e+00
7.978052619002982127e-01
2.546580298589155333e+01
1.235371275993754736e+00
1.579675757543982506e+01
1.579675757543982506e+01
2.468524197482973648e+01
7.733514607692545395e-01
1.629625979126401347e+01
1.579675757543982506e+01
3.742355585934405843e-02
3.742355585934405843e-02
3.742355585934405843e-02
3.532528829732814457e-02
1.623704499419751528e+02
3.634273114138465710e-02
1.503693726699895024e+02
1.503693726699895024e+02
1.576810506656726147e+02
3.430506336455332178e-02
1.548413242735579445e+02
1.503693726699895024e+02
2.746344178149485771e+01
2.746344178149485771e+01
2.746344178149485771e+01
2.581004874296628770e+01
5.527217059308992653e+00
2.643195101035889394e+01
4.996353600596274980e+00
4.996353600596274980e+00
5.319622052386590028e+00
2.484065724088304705e+01
5.191333253302470752e+00
4.996353600596274980e+00
6.764812384236772225e+00
6.764812384236772225e+00
6.764812384236772225e+00
5.020458277503669464e+00
1.341299556591763475e-01
6.543920551282102593e+00
9.439227517599596551e-02
9.439227517599596551e-02
1.297502020049991212e-01
4.856524945993346165e+00
9.757851231273845238e-02
9.439227517599596551e-02
1.441491353895539191e+02
1.441491353895539191e+02
1.441491353895539191e+02
1.709585347638274868e+02
5.401594775105753854e+01
1.404171189393389056e+02
6.288050761089693452e+01
6.288050761089693452e+01
5.261747661187156666e+01
1.665324238314306058e+02
6.455175033809686624e+01
6.288050761089693452e+01
2.921822675151172888e+01
2.921822675151172888e+01
2.921822675151172888e+01
2.634665258442290536e+01
1.184667540183061050e+02
3.020449600894671960e+01
1.112806104060555157e+02
1.112806104060555157e+02
1.224656317910759356e+02
2.723599106828527638e+01
1.076469578213679767e+02
1.112806104060555157e+02
1.602941115470818542e-05
1.602941115470818542e-05
1.602941115470818542e-05
1.397829400208834777e-05
4.470164450424263691e+00
1.645544201596289147e-05
4.028935055387874442e+00
4.028935055387874442e+00
4.588972807910622898e+00
1.434981012174518401e-05
3.924626057190129025e+00
4.028935055387874442e+00
1.069974358016053770e+02
1.069974358016053770e+02
1.069974358016053770e+02
9.579849604138588859e+01
4.547374019831532110e-03
1.101795156767460355e+02
4.117531458454271737e-03
4.117531458454271737e-03
4.682611908897154306e-03
9.864752194596242418e+01
3.998613582397831170e-03
4.117531458454271737e-03
1.795101498034082699e+00
1.795101498034082699e+00
1.795101498034082699e+00
2.669033761839430863e+00
2.123673743321335294e+01
1.865154239420778293e+00
3.207744641489509263e+01
3.207744641489509263e+01
2.206548816231435950e+01
2.773191176935603686e+00
3.087265969508682417e+01
3.207744641489509263e+01
7.902343872173402062e+00
7.902343872173402062e+00
7.902343872173402062e+00
7.970357692934565641e+00
4.416725756331233987e-01
1.047686314274573327e+01
5.907719172352857706e-01
5.907719172352857706e-01
5.855659034411997421e-01
1.056703531235216431e+01
4.455992959351473548e-01
5.907719172352857706e-01
1.913121821212914710e+02
1.913121821212914710e+02
1.913121821212914710e+02
1.925104568387521340e+02
7.895942914604816565e+01
1.537210165114938718e+02
6.386443315986094404e+01
6.386443315986094404e+01
6.344459394542114694e+01
1.546838407581552417e+02
7.948193646532912737e+01
6.386443315986094404e+01
2.638040639094107465e-01
2.638040639094107465e-01
2.638040639094107465e-01
3.539182466630287349e-01
1.620463427708022834e+02
1.639413267828199461e-01
1.328422145597336339e+02
1.328422145597336339e+02
1.007038786304354829e+02
2.199428851502103210e-01
2.137613300275917254e+02
1.328422145597336339e+02
5.366848596166032337e+01
5.366848596166032337e+01
5.366848596166032337e+01
4.135435911810105125e+01
1.340580230694308739e+01
5.536551318574446157e+01
1.061042941525819927e+01
1.061042941525819927e+01
1.382970119411915810e+01
4.266200683725050169e+01
1.028520552513533914e+01
1.061042941525819927e+01
