1.494125131860268141e+02
1.494125131860268141e+02
1.494125131860268141e+02
1.114868211839262671e+02
1.033968774235449501e+02
1.124668735618456310e+02
5.791839088235606425e+01
5.791839088235606425e+01
7.782964955154112374e+01
8.391917085480996263e+01
7.694472218670492225e+01
5.791839088235606425e+01
4.661527675149696570e+00
4.661527675149696570e+00
4.661527675149696570e+00
5.704323606020219373e+00
1.536295857555021627e+00
5.987080568557194837e+00
2.424584386391756219e+00
2.424584386391756219e+00
1.973157238850288486e+00
7.326406148016491038e+00
1.887776035161109034e+00
2.424584386391756219e+00
3.851314460479989776e+01
3.851314460479989776e+01
3.851314460479989776e+01
4.575805435250906328e+01
2.182210473778202342e+01
4.802256302573813684e+01
3.247296278048360563e+01
3.247296278048360563e+01
2.721027874711091243e+01
5.705633937781991705e+01
2.604267312098190956e+01
3.247296278048360563e+01
5.417457136104030652e-02
5.417457136104030652e-02
5.417457136104030652e-02
6.798335288805168464e-02
1.924655022534103068e+02
4.217499203677077535e-02
1.835225754479781983e+02
1.835225754479781983e+02
1.498347069660099748e+02
5.292515094542133564e-02
2.357382036089093162e+02
1.835225754479781983e+02
1.415550549147959192e+00
1.415550549147959192e+00
1.415550549147959192e+00
1.729143380500305360e+00
9.272251413461058078e+00
1.396092809640770760e+00
1.108057575223168811e+01
1.108057575223168811e+01
9.144797785784616551e+00
1.705375086610266600e+00
1.123500886376104724e+01
1.108057575223168811e+01
7.841903316571921323e+01
7.841903316571921323e+01
7.841903316571921323e+01
5.936142648871665273e+01
1.447363558928343537e+02
7.703719998218231524e+01
1.083600842811085840e+02
1.083600842811085840e+02
1.421859355246787402e+02
5.831541016292428736e+01
1.103037629229221608e+02
1.083600842811085840e+02
1.156635118175802646e+01
1.156635118175802646e+01
1.156635118175802646e+01
1.085620380321061162e+01
3.004548578490655331e+01
1.512522846845280355e+01
3.687734586594261543e+01
3.687734586594261543e+01
3.929025064180088123e+01
1.419657420419849281e+01
2.820032330925023345e+01
3.687734586594261543e+01
2.009605285748027654e+02
2.009605285748027654e+02
2.009605285748027654e+02
1.926315532192993203e+02
1.904290651555993197e-01
2.475150911790040880e+02
2.214233480017211153e-01
2.214233480017211153e-01
2.345439065043868065e-01
2.372566234631523514e+02
1.797763232992030391e-01
2.214233480017211153e-01
3.815664815904826668e+01
3.815664815904826668e+01
3.815664815904826668e+01
5.272863836161343443e+01
3.127292061865644346e+00
4.024742340063995272e+01
4.634510254998643219e+00
4.634510254998643219e+00
3.298650531008967768e+00
5.561787881978404613e+01
4.393756475518194371e+00
4.634510254998643219e+00
4.551934466589160344e-01
4.551934466589160344e-01
4.551934466589160344e-01
3.738077346203401152e-01
1.262124886022339183e+02
4.744949355631810084e-01
1.100342908359178153e+02
1.100342908359178153e+02
1.315642549033887292e+02
3.896582392685525309e-01
1.055583196832702981e+02
1.100342908359178153e+02
1.747686457251522540e+02
1.747686457251522540e+02
1.747686457251522540e+02
1.423663524248835870e+02
3.802670910743636057e+01
1.459179486530636325e+02
2.591656507767371309e+01
2.591656507767371309e+01
3.174928411192305333e+01
1.188646053579187054e+02
3.104075284968524073e+01
2.591656507767371309e+01
1.298533798152535290e+01
1.298533798152535290e+01
1.298533798152535290e+01
1.094186694849637753e+01
1.445516626905199789e-02
1.029514843953603531e+01
9.479497565871249087e-03
9.479497565871249087e-03
1.146047046829221962e-02
8.675025987054896248e+00
1.195655220619941395e-02
9.479497565871249087e-03
2.862226621703552798e+00
2.862226621703552798e+00
2.862226621703552798e+00
2.345417730882727536e+00
5.815478443767596417e+01
3.787882890850233331e+00
6.355318802657543387e+01
6.355318802657543387e+01
7.696228919198820506e+01
3.103935805551184757e+00
4.802250542201036865e+01
6.355318802657543387e+01
8.439391303815301626e+01
8.439391303815301626e+01
8.439391303815301626e+01
1.187405162109473906e+02
6.518318703152466975e-01
6.971671077064812039e+01
7.723160426917439203e-01
7.723160426917439203e-01
5.384698059125951897e-01
9.808999165252177477e+01
9.349088937847425118e-01
7.723160426917439203e-01
7.521141011636637251e-04
7.521141011636637251e-04
7.521141011636637251e-04
8.089089797349745736e-04
1.675949081250859507e+01
6.056349503752349664e-04
1.437545331980863494e+01
1.437545331980863494e+01
1.349547012992265138e+01
6.513686540937062156e-04
1.785230714599490298e+01
1.437545331980863494e+01
1.895713815898154664e+01
1.895713815898154664e+01
1.895713815898154664e+01
2.044599670174084949e+01
1.168944968939718052e+02
2.605439185396971169e+01
1.730987434759265398e+02
1.730987434759265398e+02
1.606579538592026779e+02
2.810065556544678245e+01
1.259463975828425930e+02
1.730987434759265398e+02
2.921898826355932854e+01
2.921898826355932854e+01
2.921898826355932854e+01
3.289865338257909144e+01
1.243731573948126936e+02
2.057542903446782034e+01
9.776133673571095528e+01
9.776133673571095528e+01
8.758109797255299611e+01
2.316657585461357272e+01
1.388300261406671439e+02
9.776133673571095528e+01
1.638592043603645152e+02
1.638592043603645152e+02
1.638592043603645152e+02
1.871529593620164746e+02
2.487724547981195578e+00
1.877415175464903996e+02
3.306719379830830974e+00
3.306719379830830974e+00
2.850307882909628887e+00
2.144303137629581215e+02
2.886076631866485442e+00
3.306719379830830974e+00
2.120892129367309309e+00
2.120892129367309309e+00
2.120892129367309309e+00
1.445015543850476369e+00
6.565547816997001438e-04
3.107353584886987097e+00
6.408826683353427509e-04
6.408826683353427509e-04
9.619290987693280420e-04
2.117115796804186267e+00
4.374278529907895448e-04
6.408826683353427509e-04
8.702828298534889484e+01
8.702828298534889484e+01
8.702828298534889484e+01
9.877104253956636626e+01
2.833048096126582749e+01
7.829426175384432440e+01
2.905135410795990936e+01
2.905135410795990936e+01
2.548727857088789150e+01
8.885853647824785639e+01
3.229214261402715636e+01
2.905135410795990936e+01
3.697924892541698227e+01
3.697924892541698227e+01
3.697924892541698227e+01
3.733014269926017192e+01
3.024670867494045901e-01
3.754167096230546008e+01
3.099944355283630881e-01
3.099944355283630881e-01
3.070673466239203231e-01
3.789790152358352060e+01
3.053503241346798291e-01
3.099944355283630881e-01
1.346952949450552772e-01
1.346952949450552772e-01
1.346952949450552772e-01
1.358349158614821361e-01
4.303257398709111214e+01
1.374027380595287673e-01
4.422984463609400052e+01
4.422984463609400052e+01
4.389755034864069216e+01
1.385652659290496080e-01
4.335832060385570230e+01
4.422984463609400052e+01
1.094700128298686650e+02
1.094700128298686650e+02
1.094700128298686650e+02
1.395203191128798892e+02
1.219769047607683348e+02
1.113655974676152880e+02
1.580393845393952574e+02
1.580393845393952574e+02
1.240890589557599526e+02
1.419362553745746993e+02
1.553493524621289623e+02
1.580393845393952574e+02
1.114584003260814526e+01
1.114584003260814526e+01
1.114584003260814526e+01
8.714385452796529208e+00
1.462799605412364023e+01
1.129697006694859240e+01
1.161048000327515339e+01
1.161048000327515339e+01
1.482634176333209552e+01
8.832546611478514720e+00
1.145515585607415332e+01
1.161048000327515339e+01
1.102800453526841043e-02
1.102800453526841043e-02
1.102800453526841043e-02
9.606788960695361590e-03
1.178211998663053928e+00
1.050903961596166662e-02
9.814204202201860516e-01
9.814204202201860516e-01
1.122766728137734038e+00
9.154704774309699311e-03
1.029885626156985312e+00
9.814204202201860516e-01
4.812718335379899059e+01
4.812718335379899059e+01
4.812718335379899059e+01
4.329545996638068317e+01
1.061742415418770946e+02
4.631675639378147480e+01
9.227946927392942200e+01
9.227946927392942200e+01
1.021802261860698167e+02
4.166679062595257221e+01
9.588648435955532534e+01
9.227946927392942200e+01
4.023712960565340779e+00
4.023712960565340779e+00
4.023712960565340779e+00
6.017110830337637495e+00
1.667427801824481435e+02
3.855474091134038161e+00
2.264486465086673093e+02
2.264486465086673093e+02
1.597709566208126830e+02
5.765524314783450954e+00
2.363300419926818563e+02
2.264486465086673093e+02
9.804925980447852396e+01
9.804925980447852396e+01
9.804925980447852396e+01
8.743498427025733122e+01
1.638684443147773351e+01
9.277306645177117161e+01
1.375673745864359176e+01
1.375673745864359176e+01
1.550504114368520980e+01
8.272996269517622636e+01
1.453911115297403001e+01
1.375673745864359176e+01
1.620674009991267042e+02
1.620674009991267042e+02
1.620674009991267042e+02
1.628297416675725913e+02
1.193959487744124033e+02
2.278338825639897038e+02
1.687965844067001058e+02
1.687965844067001058e+02
1.678464787118550987e+02
2.289055788660077724e+02
1.200717971552815300e+02
1.687965844067001058e+02
1.482700935242215046e+01
1.482700935242215046e+01
1.482700935242215046e+01
1.494636368058740672e+01
6.510939356298104386e+00
1.241967204058977003e+01
5.498485825793877346e+00
5.498485825793877346e+00
5.453812671142692636e+00
1.251964780624848750e+01
6.564271624626172752e+00
5.498485825793877346e+00
8.300096485561157067e+01
8.300096485561157067e+01
8.300096485561157067e+01
6.529219480060211822e+01
7.739389017849759855e-02
5.341646253083912654e+01
3.812273027411769433e-02
3.812273027411769433e-02
4.980794912477567310e-02
4.201972932712016728e+01
5.923685781055211541e-02
3.812273027411769433e-02
5.933926587724884794e-01
5.933926587724884794e-01
5.933926587724884794e-01
7.838135102126886355e-01
3.168214007001808596e+01
6.430489482095167464e-01
4.445918945818601031e+01
4.445918945818601031e+01
3.433336518047985919e+01
8.494045989334157998e-01
4.102604741508283581e+01
4.445918945818601031e+01
6.903081200900784253e+00
6.903081200900784253e+00
6.903081200900784253e+00
7.668744182445457191e+00
2.417350780948424926e+00
5.398907865295944575e+00
2.104669367450800799e+00
2.104669367450800799e+00
1.890612867590012902e+00
5.997733776932050453e+00
2.691044912611221918e+00
2.104669367450800799e+00
1.144139046606503456e+02
1.144139046606503456e+02
1.144139046606503456e+02
7.772446495752235762e+01
7.989981388781711757e+01
1.570968120988204078e+02
7.430856782627195400e+01
7.430856782627195400e+01
1.097069983433758438e+02
1.067201202784633551e+02
5.411907015271881960e+01
7.430856782627195400e+01
7.431831399125569948e-02
7.431831399125569948e-02
7.431831399125569948e-02
8.363856376571988938e-02
1.788313481283056916e+01
9.810017446845752109e-02
2.642243571500738497e+01
2.642243571500738497e+01
2.360573795293635513e+01
1.104029041707502712e-01
2.001699675379347099e+01
2.642243571500738497e+01
5.173990853200758266e+01
5.173990853200758266e+01
5.173990853200758266e+01
5.660951984756677291e+01
1.651301004595435968e-05
4.171418231127255183e+01
1.482804189232252482e-05
1.482804189232252482e-05
1.331325723428154163e-05
4.564020112277875540e+01
1.839186311966184675e-05
1.482804189232252482e-05
1.052065795976797489e+02
1.052065795976797489e+02
1.052065795976797489e+02
9.180501855440301995e+01
6.794125094355176486e+01
9.692802907196069384e+01
5.449642679089074448e+01
5.449642679089074448e+01
6.259505414799359357e+01
8.458101709438443550e+01
5.915092587623372822e+01
5.449642679089074448e+01
1.360946132512410811e+00
1.360946132512410811e+00
1.360946132512410811e+00
1.951111318529307415e+00
2.168158420248275098e-01
1.225416227199971564e+00
2.825569236098444126e-01
2.825569236098444126e-01
1.952242229020232367e-01
1.756809776435102943e+00
3.138074589399653669e-01
2.825569236098444126e-01
1.581593703835238784e+02
1.581593703835238784e+02
1.581593703835238784e+02
1.709371666042601419e+02
7.972294677811055941e+00
1.884291063420930925e+02
1.049731941588489903e+01
1.049731941588489903e+01
9.498092702272506571e+00
2.036524138012477465e+02
8.811003043855196282e+00
1.049731941588489903e+01
1.634728217118381366e+01
1.634728217118381366e+01
1.634728217118381366e+01
1.840145658061438638e+01
1.169814907920672908e+02
1.874248835011184511e+01
1.513581537676775497e+02
1.513581537676775497e+02
1.341216359630662112e+02
2.109764069499012606e+01
1.320152587174950725e+02
1.513581537676775497e+02
4.451127903656107998e-01
4.451127903656107998e-01
4.451127903656107998e-01
4.056980916050974550e-01
5.550378225922813158e+01
4.982605862301612287e-01
5.710911216183334460e+01
5.710911216183334460e+01
6.213109954391207879e+01
4.541396547818254970e-01
5.101747353123779760e+01
5.710911216183334460e+01
4.847001582670841913e+01
4.847001582670841913e+01
4.847001582670841913e+01
7.295785978026974306e+01
8.067355994202374259e-01
5.285975310912730407e+01
1.370849784947153482e+00
1.370849784947153482e+00
8.797984461601835449e-01
7.956536406225644953e+01
1.257007588273341137e+00
1.370849784947153482e+00
1.709118608468312317e+01
1.709118608468312317e+01
1.709118608468312317e+01
1.577596578626668311e+01
2.173162501686751114e+01
1.478934284095475604e+01
1.737005358548336176e+01
1.737005358548336176e+01
1.880480683277761145e+01
1.365125658946308818e+01
2.007356387116170637e+01
1.737005358548336176e+01
1.329452166114716078e+02
1.329452166114716078e+02
1.329452166114716078e+02
1.208558782917323811e+02
1.471725905652582469e+02
1.101220034592876402e+02
1.108031716790051462e+02
1.108031716790051462e+02
1.219069097815229270e+02
1.001080880270572777e+02
1.337675595917523310e+02
1.108031716790051462e+02
8.440269794418402682e+01
8.440269794418402682e+01
8.440269794418402682e+01
1.000479391013218020e+02
4.405740123637585270e+00
1.033848308151651310e+02
6.447573479613804892e+00
6.447573479613804892e+00
5.396589308070134372e+00
1.225486804253138473e+02
5.263756709586353111e+00
6.447573479613804892e+00
5.101281753109081052e+00
5.101281753109081052e+00
5.101281753109081052e+00
3.536264589711051620e+00
1.533313338883660322e+02
3.927823969646288660e+00
8.326069158869714215e+01
8.326069158869714215e+01
1.180602283293808483e+02
2.722810754378157228e+00
1.081352550508805450e+02
8.326069158869714215e+01
3.217853962782212562e+01
3.217853962782212562e+01
3.217853962782212562e+01
2.939202859146072555e+01
3.865438000868384449e+01
2.393350456304207796e+01
2.626770065385589703e+01
2.626770065385589703e+01
2.875005488190363678e+01
2.186097500218964385e+01
3.531686068772012277e+01
2.626770065385589703e+01
4.028667225180028802e-03
4.028667225180028802e-03
4.028667225180028802e-03
3.691531853205568762e-03
3.110732578790897582e-02
5.068323283291003081e-03
3.589790458542144180e-02
3.589790458542144180e-02
3.913502276543386060e-02
4.644185234677973562e-03
2.853423184995037762e-02
3.589790458542144180e-02
1.636016478521339366e+02
1.636016478521339366e+02
1.636016478521339366e+02
1.774225323664313976e+02
1.511470785964609709e+00
1.233991951376163740e+02
1.236980146415911141e+00
1.236980146415911141e+00
1.140051343679790774e+00
1.338238213412332129e+02
1.639978203166796211e+00
1.236980146415911141e+00
1.513157156214137800e+01
1.513157156214137800e+01
1.513157156214137800e+01
1.617351446500673973e+01
7.371503184189830904e+01
1.883186853803621119e+01
9.765552568702989333e+01
9.765552568702989333e+01
9.174141517441492510e+01
2.012860970535773575e+01
7.846707151694683091e+01
9.765552568702989333e+01
4.880642290722559551e+01
4.880642290722559551e+01
4.880642290722559551e+01
5.239959231044785781e+01
1.388123438324989536e+02
7.853622366289600620e+01
2.383626649205567674e+02
2.383626649205567674e+02
2.233680862685389457e+02
8.431812569752268871e+01
1.481307412913239432e+02
2.383626649205567674e+02
1.210682276551404479e+00
1.210682276551404479e+00
1.210682276551404479e+00
7.578959664132651763e-01
2.419190532600682531e+01
1.173573241254809441e+00
1.500654285021525780e+01
1.500654285021525780e+01
2.345039098651236031e+01
7.346654387071113179e-01
1.548105803915487400e+01
1.500654285021525780e+01
3.555148529238820465e-02
3.555148529238820465e-02
3.555148529238820465e-02
3.355818116461172645e-02
1.542480539456616953e+02
3.452472759441309325e-02
1.428473168342179065e+02
1.428473168342179065e+02
1.497932365031876998e+02
3.258899181689731139e-02
1.470955641750124698e+02
1.428473168342179065e+02
2.608961452628481936e+01
2.608961452628481936e+01
2.608961452628481936e+01
2.451893058292274219e+01
5.250724349401924229e+00
2.510972290088445291e+01
4.746416727870036212e+00
4.746416727870036212e+00
5.053514045199034577e+00
2.359803178168621329e+01
4.931642746518622111e+00
4.746416727870036212e+00
6.426410384087285266e+00
6.426410384087285266e+00
6.426410384087285266e+00
4.769315595892408943e+00
1.274202580804535689e-01
6.216568412361985985e+00
8.967040960103196678e-02
8.967040960103196678e-02
1.232595965921121917e-01
4.613582841740820228e+00
9.269725887026510069e-02
8.967040960103196678e-02
1.369382398073924207e+02
1.369382398073924207e+02
1.369382398073924207e+02
1.624065296496114570e+02
5.131386176246136444e+01
1.333929132104372570e+02
5.973498215692778501e+01
5.973498215692778501e+01
4.998534754207400255e+01
1.582018298528577418e+02
6.132262287870660344e+01
5.973498215692778501e+01
2.775661838576125717e+01
2.775661838576125717e+01
2.775661838576125717e+01
2.502869143111912820e+01
1.125405901819774783e+02
2.869355065194729448e+01
1.057139251825282571e+02
1.057139251825282571e+02
1.163394286691328148e+02
2.587354177478559691e+01
1.022620419112620311e+02
1.057139251825282571e+02
1.522755820035108637e-05
1.522755820035108637e-05
1.522755820035108637e-05
1.327904583668368781e-05
4.246549587941810699e+00
1.563227735517769602e-05
3.827392188597864120e+00
3.827392188597864120e+00
4.359414693269168417e+00
1.363197728749256022e-05
3.728301128698889411e+00
3.827392188597864120e+00
1.016450114874438810e+02
1.016450114874438810e+02
1.016450114874438810e+02
9.100628587643610956e+01
4.319896836972095949e-03
1.046679114573307032e+02
3.911556657960737170e-03
3.911556657960737170e-03
4.448369605357883373e-03
9.371279251960147860e+01
3.798587512604470993e-03
3.911556657960737170e-03
1.705303599304240469e+00
1.705303599304240469e+00
1.705303599304240469e+00
2.535518401446346104e+00
2.017439393928366798e+01
1.771852032447820635e+00
3.047280885661146854e+01
3.047280885661146854e+01
2.096168736130449162e+01
2.634465461014984022e+00
2.932829021410962866e+01
3.047280885661146854e+01
7.507038160747640632e+00
7.507038160747640632e+00
7.507038160747640632e+00
7.571649667937326633e+00
4.195784103383549124e-01
9.952770050221985798e+00
5.612192279559181651e-01
5.612192279559181651e-01
5.562736390458732361e-01
1.003843146020650146e+01
4.233087009496856457e-01
5.612192279559181651e-01
1.817420090838743931e+02
1.817420090838743931e+02
1.817420090838743931e+02
1.828803414794959110e+02
7.500957403758323494e+01
1.460312985270429635e+02
6.066968795597773578e+01
6.066968795597773578e+01
6.027085071791774595e+01
1.469459585922967335e+02
7.550594352599848946e+01
6.066968795597773578e+01
2.506075674208271264e-01
2.506075674208271264e-01
2.506075674208271264e-01
3.362138912785030964e-01
1.539401598649276934e+02
1.557403494697253421e-01
1.261969347562534693e+02
1.261969347562534693e+02
9.566628231353550404e+01
2.089404939491013025e-01
2.030681640494027818e+02
1.261969347562534693e+02
5.098378135156055180e+01
5.098378135156055180e+01
5.098378135156055180e+01
3.928565461521269242e+01
1.273519238362147021e+01
5.259591673026602621e+01
1.007965482276025249e+01
1.007965482276025249e+01
1.313788621393361744e+01
4.052788875324313267e+01
9.770699885664152262e+00
1.007965482276025249e+01
