1.788719077842947769e+01
1.788719077842947769e+01
1.788719077842947769e+01
1.334684757838636138e+01
1.237834524653321822e+01
1.346417633139964565e+01
6.933805510670176808e+00
6.933805510670176808e+00
9.317518058299551598e+00
1.004653617718536829e+01
9.211577369247821778e+00
6.933805510670176808e+00
5.580632643566922901e-01
5.580632643566922901e-01
5.580632643566922901e-01
6.829034759340678606e-01
1.839204529140303634e-01
7.167542400031452487e-01
2.902635298276117215e-01
2.902635298276117215e-01
2.362201077711006958e-01
8.770940378110539948e-01
2.259985416738969355e-01
2.902635298276117215e-01
4.610671156876862575e+00
4.610671156876862575e+00
4.610671156876862575e+00
5.478008704893534642e+00
2.612472960317498760e+00
5.749108479562507590e+00
3.887559803456082985e+00
3.887559803456082985e+00
3.257528012247744353e+00
6.830603446842554050e+00
3.117745980989532484e+00
3.887559803456082985e+00
6.485607347144162378e-03
6.485607347144162378e-03
6.485607347144162378e-03
8.138750744068196097e-03
2.304135767254438960e+01
5.049055882630145396e-03
2.003110421449513723e+01
2.003110421449513723e+01
1.793773447471696869e+01
6.336030709551461297e-03
2.573033051820087280e+01
2.003110421449513723e+01
1.694652086977152250e-01
1.694652086977152250e-01
1.694652086977152250e-01
2.070075448885494995e-01
1.110044443008881832e+00
1.671357900214579528e-01
1.326531280336858520e+00
1.326531280336858520e+00
1.094786100149653274e+00
2.041620803539989926e-01
1.345019521177790223e+00
1.326531280336858520e+00
9.388077189684734591e+00
9.388077189684734591e+00
9.388077189684734591e+00
7.106561142983928825e+00
1.732737610273938955e+01
9.222648516738749080e+00
1.297252458292866706e+01
1.297252458292866706e+01
1.702204788947526026e+01
6.981335395970996061e+00
1.320521560683770090e+01
1.297252458292866706e+01
1.384686769446346721e+00
1.384686769446346721e+00
1.384686769446346721e+00
1.299670184355752989e+00
3.596949979658566221e+00
1.810744236968299337e+00
4.414838535544642006e+00
4.414838535544642006e+00
4.703703819553509469e+00
1.699568702619061789e+00
3.376052997769432462e+00
4.414838535544642006e+00
2.185398251285405635e+01
2.185398251285405635e+01
2.185398251285405635e+01
2.150991080615136397e+01
2.279756190135978980e-02
2.691668116448047599e+01
2.650809884694296098e-02
2.650809884694296098e-02
2.807885037271727613e-02
2.649290172649530817e+01
2.152224953403833116e-02
2.650809884694296098e-02
4.567992536451997765e+00
4.567992536451997765e+00
4.567992536451997765e+00
6.312504848149496972e+00
3.743894573328834796e-01
4.818293497353476340e+00
5.548288247620567493e-01
5.548288247620567493e-01
3.949039481456441680e-01
6.658395524760428508e+00
5.260065481510409757e-01
5.548288247620567493e-01
5.449431140577555566e-02
5.449431140577555566e-02
5.449431140577555566e-02
4.475107285881511215e-02
1.510975763748578338e+01
5.680502425690384105e-02
1.317295526580651099e+01
1.317295526580651099e+01
1.575045407441098178e+01
4.664864485282849138e-02
1.263710623804488797e+01
1.317295526580651099e+01
2.092274630493203702e+01
2.092274630493203702e+01
2.092274630493203702e+01
1.704364682683868537e+01
4.552436646545665155e+00
1.746883262919722313e+01
3.102648727210396196e+00
3.102648727210396196e+00
3.800923295369872612e+00
1.423009243002722357e+01
3.716100186582793619e+00
3.102648727210396196e+00
1.554563355137061231e+00
1.554563355137061231e+00
1.554563355137061231e+00
1.309925503604008279e+00
1.730526522009086157e-03
1.232502421005080562e+00
1.134855293099068388e-03
1.134855293099068388e-03
1.372011067250231663e-03
1.038546514809552290e+00
1.431400394813397894e-03
1.134855293099068388e-03
3.426566660435449441e-01
3.426566660435449441e-01
3.426566660435449441e-01
2.807859496692677315e-01
6.962105795115120621e+00
4.534732899554999030e-01
7.608385499769964255e+00
7.608385499769964255e+00
9.213680435237456834e+00
3.715933206261373134e-01
5.749101583427464135e+00
7.608385499769964255e+00
1.010337080115995612e+01
1.010337080115995612e+01
1.010337080115995612e+01
1.421523687209517206e+01
7.803523795408404129e-02
8.346262835740830610e+00
9.245921979552687575e-02
9.245921979552687575e-02
6.446389222293899546e-02
1.174302176390470898e+01
1.119243186998482992e-01
9.245921979552687575e-02
9.004070762072971057e-05
9.004070762072971057e-05
9.004070762072971057e-05
9.684000981155707199e-05
2.006392926002351640e+00
7.250468965714190999e-05
1.720983541302697484e+00
1.720983541302697484e+00
1.615634753147960900e+00
7.797978318159090279e-05
2.137221421059628312e+00
1.720983541302697484e+00
2.269488275326462023e+00
2.269488275326462023e+00
2.269488275326462023e+00
2.447729683817278179e+00
1.399423731188901421e+01
3.119148910424054399e+00
2.072283091982610514e+01
2.072283091982610514e+01
1.923345916264550226e+01
3.364121092537048607e+00
1.507790206711361414e+01
2.072283091982610514e+01
3.498004325596576702e+00
3.498004325596576702e+00
3.498004325596576702e+00
3.938522128163024938e+00
1.488955875647975091e+01
2.463224910950644109e+00
1.170367624275719365e+01
1.170367624275719365e+01
1.048493044266580476e+01
2.773428765491004810e+00
1.662028909359583295e+01
1.170367624275719365e+01
1.958190351698290144e+01
1.958190351698290144e+01
1.958190351698290144e+01
2.059235911831583365e+01
2.978224691162174032e-01
2.243594613484275158e+01
3.958699250585636098e-01
3.958699250585636098e-01
3.412297925501600049e-01
2.359367461734161964e+01
3.455119133903364892e-01
3.958699250585636098e-01
2.539064589003277028e-01
2.539064589003277028e-01
2.539064589003277028e-01
1.729926641316060776e-01
7.860064988084918079e-05
3.720024862958289380e-01
7.672443432385358077e-05
7.672443432385358077e-05
1.151590916858953259e-04
2.534543683788647583e-01
5.236747104643974378e-05
7.672443432385358077e-05
1.041874919097249119e+01
1.041874919097249119e+01
1.041874919097249119e+01
1.182455500959222228e+01
3.391635057820699739e+00
9.373139953168800886e+00
3.477935697753778310e+00
3.477935697753778310e+00
3.051255912232958778e+00
1.063786131687328940e+01
3.865912588339857514e+00
3.477935697753778310e+00
4.427038045658323817e+00
4.427038045658323817e+00
4.427038045658323817e+00
4.469045932025121459e+00
3.621039743937828903e-02
4.494369422778603074e+00
3.711154768974165435e-02
3.711154768974165435e-02
3.676112591754374104e-02
4.537016212360104106e+00
3.655556944719870471e-02
3.711154768974165435e-02
1.612529222796282510e-02
1.612529222796282510e-02
1.612529222796282510e-02
1.626172401879841939e-02
5.151722865645274929e+00
1.644941870490680691e-02
5.295056299073737094e+00
5.295056299073737094e+00
5.255275084050204271e+00
1.658859284329687947e-02
5.190720214362925411e+00
5.295056299073737094e+00
1.310540169796238530e+01
1.310540169796238530e+01
1.310540169796238530e+01
1.670292877231942086e+01
1.460268701391626145e+01
1.333233506069766428e+01
1.891750741350337606e+01
1.891750741350337606e+01
1.485554739510961220e+01
1.699215697616911314e+01
1.859550728731608515e+01
1.891750741350337606e+01
1.334344512369553870e+00
1.334344512369553870e+00
1.334344512369553870e+00
1.043258504840675727e+00
1.751217154084343086e+00
1.352437319316937447e+00
1.389969731578984513e+00
1.389969731578984513e+00
1.774962471427858901e+00
1.057404382872413562e+00
1.371374818781941674e+00
1.389969731578984513e+00
1.320237621477740727e-03
1.320237621477740727e-03
1.320237621477740727e-03
1.150094213957299737e-03
1.410517924377680810e-01
1.258108792231729623e-03
1.174925306856202667e-01
1.174925306856202667e-01
1.344140610289319970e-01
1.095972133300485846e-03
1.232946309663916079e-01
1.174925306856202667e-01
5.761633292427386088e+00
5.761633292427386088e+00
5.761633292427386088e+00
5.183194738812097135e+00
1.271084244363154703e+01
5.544894735972438760e+00
1.104740450875010183e+01
1.104740450875010183e+01
1.223269163070497179e+01
4.988215626380294587e+00
1.147922488042763156e+01
1.104740450875010183e+01
4.817061156963557966e-01
4.817061156963557966e-01
4.817061156963557966e-01
7.203493674134190394e-01
1.996191521345824427e+01
4.615650934372748648e-01
2.372381298367295344e+01
2.372381298367295344e+01
1.912727067491644561e+01
6.902302300999659801e-01
2.475903391386959385e+01
2.372381298367295344e+01
1.173814547663016050e+01
1.173814547663016050e+01
1.173814547663016050e+01
1.046743817503323370e+01
1.961780886700855708e+00
1.110649639268593525e+01
1.646912846617839987e+00
1.646912846617839987e+00
1.856214202214711229e+00
9.904167959336378502e+00
1.740576136472883118e+00
1.646912846617839987e+00
1.754275467877479855e+01
1.754275467877479855e+01
1.754275467877479855e+01
1.757203490552286951e+01
1.429370317357888176e+01
2.466155367885732375e+01
2.020779012177332490e+01
2.020779012177332490e+01
2.009404649039349522e+01
2.470271573674953913e+01
1.437461359177690134e+01
2.020779012177332490e+01
1.775042393070034752e+00
1.775042393070034752e+00
1.775042393070034752e+00
1.789331113556685837e+00
7.794689476100765679e-01
1.486843628143534435e+00
6.582612316815206199e-01
6.582612316815206199e-01
6.529131037176655328e-01
1.498812408772573823e+00
7.858537171175865588e-01
6.582612316815206199e-01
9.936611475891366396e+00
9.936611475891366396e+00
9.936611475891366396e+00
7.816573858754780169e+00
9.265350332364750627e-03
6.394848969633058822e+00
4.563931995165215229e-03
4.563931995165215229e-03
5.962849223799096543e-03
5.030468324941195668e+00
7.091648177102873041e-03
4.563931995165215229e-03
7.103908145074722125e-02
7.103908145074722125e-02
7.103908145074722125e-02
9.383566003222833241e-02
3.792885024266743788e+00
7.698377445917796436e-02
5.322512731599553959e+00
5.322512731599553959e+00
4.110281260607058229e+00
1.016880165202809216e-01
4.911507887460592414e+00
5.322512731599553959e+00
8.264149217928425939e-01
8.264149217928425939e-01
8.264149217928425939e-01
9.180776582720754364e-01
2.893975455949546749e-01
6.463400750208613266e-01
2.519643214503516360e-01
2.519643214503516360e-01
2.263381582279606341e-01
7.180296082205726016e-01
3.221633363817929530e-01
2.519643214503516360e-01
1.369726870079505865e+01
1.369726870079505865e+01
1.369726870079505865e+01
9.304925693309192170e+00
9.565351547182542546e+00
1.880713059953725974e+01
8.895985355158984476e+00
8.895985355158984476e+00
1.313377284975841341e+01
1.277619330946598986e+01
6.478962919040316848e+00
8.895985355158984476e+00
8.897152135027048755e-03
8.897152135027048755e-03
8.897152135027048755e-03
1.001294278912633409e-02
2.140912011266466575e+00
1.174424081823570443e-02
3.163209950673167015e+00
3.163209950673167015e+00
2.826003854871736554e+00
1.321708448164675941e-02
2.396371174752399469e+00
3.163209950673167015e+00
6.194137258224384546e+00
6.194137258224384546e+00
6.194137258224384546e+00
6.777111634070385193e+00
1.976885032717136203e-06
4.993889208187825446e+00
1.775166005462267166e-06
1.775166005462267166e-06
1.593820804924196132e-06
5.463899691136331782e+00
2.201815345830880777e-06
1.775166005462267166e-06
1.259499703392792469e+01
1.259499703392792469e+01
1.259499703392792469e+01
1.099060477789646484e+01
8.133710433204306867e+00
1.160391530011064454e+01
6.524138855342815013e+00
6.524138855342815013e+00
7.493680759771836009e+00
1.012577030357018515e+01
7.081360679286686555e+00
6.524138855342815013e+00
1.629281416416994699e-01
1.629281416416994699e-01
1.629281416416994699e-01
2.335808403211483975e-01
2.595650288845160331e-02
1.467029325155551067e-01
3.382681604507058876e-02
3.382681604507058876e-02
2.337162293275518027e-02
2.103196777995402778e-01
3.756803072286640094e-02
3.382681604507058876e-02
1.744350486350422003e+01
1.744350486350422003e+01
1.744350486350422003e+01
1.797238936932769704e+01
9.544177579445241033e-01
2.078197469383995966e+01
1.256705687161986162e+00
1.256705687161986162e+00
1.137081443675533432e+00
2.141208111465357433e+01
1.054825255489377556e+00
1.256705687161986162e+00
1.957044618751047738e+00
1.957044618751047738e+00
1.957044618751047738e+00
2.202963844458099008e+00
1.400465194463035701e+01
2.243791083036915879e+00
1.812011667953463245e+01
1.812011667953463245e+01
1.605661559952125117e+01
2.525742429726685057e+00
1.580444681633531623e+01
1.812011667953463245e+01
5.328748730219045465e-02
5.328748730219045465e-02
5.328748730219045465e-02
4.856888494974998666e-02
6.644736247486340730e+00
5.965017235319824279e-02
6.836921236667703461e+00
6.836921236667703461e+00
7.438137590469781735e+00
5.436815479449624844e-02
6.107649638089815980e+00
6.836921236667703461e+00
5.802676105490419012e+00
5.802676105490419012e+00
5.802676105490419012e+00
8.734282884665631741e+00
9.657981963407584469e-02
6.328201488629173532e+00
1.641137754064092291e-01
1.641137754064092291e-01
1.053266712235770702e-01
9.525312277993842613e+00
1.504849497671225944e-01
1.641137754064092291e-01
2.046102428822251795e+00
2.046102428822251795e+00
2.046102428822251795e+00
1.888648438578830024e+00
2.601641015957111058e+00
1.770533078139120420e+00
2.079487558905080302e+00
2.079487558905080302e+00
2.251251653538644870e+00
1.634285012507606938e+00
2.403143210096531757e+00
2.079487558905080302e+00
1.591577841708788199e+01
1.591577841708788199e+01
1.591577841708788199e+01
1.446848129117101145e+01
1.761903436774971965e+01
1.318345594205133509e+01
1.326500323443320006e+01
1.326500323443320006e+01
1.459430743766392879e+01
1.198462184204293912e+01
1.601422670270951443e+01
1.326500323443320006e+01
1.010442250216408233e+01
1.010442250216408233e+01
1.010442250216408233e+01
1.197742100399527132e+01
5.274411923823861814e-01
1.237690306489977665e+01
7.718829864283424103e-01
7.718829864283424103e-01
6.460625047254128228e-01
1.467113817758457017e+01
6.301602085923190266e-01
7.718829864283424103e-01
6.107092236563551602e-01
6.107092236563551602e-01
6.107092236563551602e-01
4.233503473729252065e-01
1.835633952664661805e+01
4.702265907385992372e-01
9.967705134152614832e+00
9.967705134152614832e+00
1.413379497099627180e+01
3.259662419069487282e-01
1.294560874269613393e+01
9.967705134152614832e+00
3.852312400216935107e+00
3.852312400216935107e+00
3.852312400216935107e+00
3.518720163189648531e+00
4.627579410142070415e+00
2.865243030766332133e+00
3.144685561384014338e+00
3.144685561384014338e+00
3.441865112881468125e+00
2.617126384721126353e+00
4.228022214109608434e+00
3.144685561384014338e+00
4.822992244958807049e-04
4.822992244958807049e-04
4.822992244958807049e-04
4.419384502335820344e-04
3.724070086969959344e-03
6.067635404948175945e-04
4.297582941167893064e-03
4.297582941167893064e-03
4.685120431994464589e-03
5.559870825519256645e-04
3.416027466056530907e-03
4.297582941167893064e-03
1.958586884321436017e+01
1.958586884321436017e+01
1.958586884321436017e+01
2.124046117127514322e+01
1.809484743149353814e-01
1.477295909334598534e+01
1.480873281377900474e-01
1.480873281377900474e-01
1.364833202170672999e-01
1.602096218038158781e+01
1.963329735039478496e-01
1.480873281377900474e-01
1.811503611966507554e+00
1.811503611966507554e+00
1.811503611966507554e+00
1.936241701744696009e+00
8.824929115223207887e+00
2.254491394805479221e+00
1.169100888060749810e+01
1.169100888060749810e+01
1.098299038357473201e+01
2.409733122258682858e+00
9.393828188277604241e+00
1.169100888060749810e+01
5.842949691016238845e+00
5.842949691016238845e+00
5.842949691016238845e+00
6.273112501641278982e+00
1.601263533091714564e+01
9.402106863208871346e+00
2.639117575864159093e+01
2.639117575864159093e+01
2.576652487259255864e+01
1.009429778182886039e+01
1.640082531372994623e+01
2.639117575864159093e+01
1.449390308144790085e-01
1.449390308144790085e-01
1.449390308144790085e-01
9.073289413556349936e-02
2.896177948102791166e+00
1.404964551573301412e-01
1.796535572306942496e+00
1.796535572306942496e+00
2.807406210229908439e+00
8.795180925784505666e-02
1.853343021233644805e+00
1.796535572306942496e+00
4.256110725409771763e-03
4.256110725409771763e-03
4.256110725409771763e-03
4.017478696186242877e-03
1.846608633570299318e+01
4.133190560054977349e-03
1.710122635591524798e+01
1.710122635591524798e+01
1.793276976283070567e+01
3.901450430592416207e-03
1.760981301334023996e+01
1.710122635591524798e+01
3.123365656705820115e+00
3.123365656705820115e+00
3.123365656705820115e+00
2.935328371551842785e+00
6.286000158886341227e-01
3.006056148472738609e+00
5.682259117055012965e-01
5.682259117055012965e-01
6.049906256205164201e-01
2.825081296563980437e+00
5.904005814305939293e-01
5.682259117055012965e-01
7.693494079544056508e-01
7.693494079544056508e-01
7.693494079544056508e-01
5.709672913409291617e-01
1.525434795734996636e-02
7.442277946334453498e-01
1.073505618446136956e-02
1.073505618446136956e-02
1.475624679955894920e-02
5.523234614195925429e-01
1.109742095018158292e-02
1.073505618446136956e-02
1.639381045178904017e+01
1.639381045178904017e+01
1.639381045178904017e+01
1.944279309383131960e+01
6.143132294283253358e+00
1.596937522973624901e+01
7.151282039254086342e+00
7.151282039254086342e+00
5.984086797991128748e+00
1.893941980984863349e+01
7.341349335978449631e+00
7.151282039254086342e+00
3.322934055811109122e+00
3.322934055811109122e+00
3.322934055811109122e+00
2.996355318683841418e+00
1.347300145065988275e+01
3.435100606218234986e+00
1.265573483341517047e+01
1.265573483341517047e+01
1.392778630975388943e+01
3.097498114251228341e+00
1.224248634905875832e+01
1.265573483341517047e+01
1.822994826947272974e-06
1.822994826947272974e-06
1.822994826947272974e-06
1.589725125234587025e-06
5.083834078542224244e-01
1.871446516700024616e-06
4.582032173977466094e-01
4.582032173977466094e-01
5.218952592257632972e-01
1.631976955805606205e-06
4.463403509279021408e-01
4.582032173977466094e-01
1.216861742957148351e+01
1.216861742957148351e+01
1.216861742957148351e+01
1.089498304256047234e+01
5.171643071812032956e-04
1.253050939773717865e+01
4.682791199319916316e-04
4.682791199319916316e-04
5.325446583241387217e-04
1.121899740813847579e+01
4.547548132191542650e-04
4.682791199319916316e-04
2.041535221211317475e-01
2.041535221211317475e-01
2.041535221211317475e-01
3.035441972147405187e-01
2.415214265098825752e+00
2.121204888380539277e-01
3.648107738434056113e+00
3.648107738434056113e+00
2.509466529102682308e+00
3.153898244231205794e-01
3.511089607413058644e+00
3.648107738434056113e+00
8.987187277618281511e-01
8.987187277618281511e-01
8.987187277618281511e-01
9.064538118651582765e-01
5.023059255343682167e-02
1.191513969385590954e+00
6.718738066116161645e-02
6.718738066116161645e-02
6.659531048939813791e-02
1.201769080889101282e+00
5.067717107889663231e-02
6.718738066116161645e-02
2.175757518308277838e+01
2.175757518308277838e+01
2.175757518308277838e+01
2.189385271630649754e+01
8.979907588787281014e+00
1.748240251552967095e+01
7.263182044098358325e+00
7.263182044098358325e+00
7.215434518709779255e+00
1.759190270889188668e+01
9.039331364925903500e+00
7.263182044098358325e+00
3.000194075708570440e-02
3.000194075708570440e-02
3.000194075708570440e-02
4.025045752472596744e-02
1.842922623580773234e+01
1.864473920866208806e-02
1.510789558052377046e+01
1.510789558052377046e+01
1.145286299196884450e+01
2.501369126930920450e-02
2.431067461434535915e+01
1.510789558052377046e+01
6.103616117517965733e+00
6.103616117517965733e+00
6.103616117517965733e+00
4.703153597870916691e+00
1.524616719900961037e+00
6.296615836648969733e+00
1.206704210717278070e+00
1.206704210717278070e+00
1.572825944245655805e+00
4.851869917171184987e+00
1.169717108473070200e+00
1.206704210717278070e+00
