5.388451516728923890e-02
5.388451516728923890e-02
5.388451516728923890e-02
4.020689551991255689e-02
4.199954683103289399e-02
5.388451516728923890e-02
3.125474911242760723e-02
3.125474911242760723e-02
4.199954683103289399e-02
4.020689551991255689e-02
3.125474911242760723e-02
3.125474911242760723e-02
5.452188172651613665e-03
5.452188172651613665e-03
5.452188172651613665e-03
6.671856924398090506e-03
2.492437005583743662e-03
5.452188172651613665e-03
3.062667145231949117e-03
3.062667145231949117e-03
2.492437005583743662e-03
6.671856924398090506e-03
3.062667145231949117e-03
3.062667145231949117e-03
2.242512763547476959e-02
2.242512763547476959e-02
2.242512763547476959e-02
2.664363608153982529e-02
1.512666862682090357e-02
2.242512763547476959e-02
1.805228648617276249e-02
1.805228648617276249e-02
1.512666862682090357e-02
2.664363608153982529e-02
1.805228648617276249e-02
1.805228648617276249e-02
1.702385468154497101e-04
1.702385468154497101e-04
1.702385468154497101e-04
2.136313571578498868e-04
5.238467829837947093e-02
1.702385468154497101e-04
5.849807575848833124e-02
5.849807575848833124e-02
5.238467829837947093e-02
2.136313571578498868e-04
5.849807575848833124e-02
5.849807575848833124e-02
1.911886513593037467e-03
1.911886513593037467e-03
1.911886513593037467e-03
2.335434726253396345e-03
7.194288211751938104e-03
1.911886513593037467e-03
8.717180782020444649e-03
8.717180782020444649e-03
7.194288211751938104e-03
2.335434726253396345e-03
8.717180782020444649e-03
8.717180782020444649e-03
4.028540316508116836e-02
4.028540316508116836e-02
4.028540316508116836e-02
3.049513494381713916e-02
6.095681657914921170e-02
4.028540316508116836e-02
4.645526829113296591e-02
4.645526829113296591e-02
6.095681657914921170e-02
3.049513494381713916e-02
4.645526829113296591e-02
4.645526829113296591e-02
1.066849680866114973e-02
1.066849680866114973e-02
1.066849680866114973e-02
1.001347562500030063e-02
2.069717195356163969e-02
1.066849680866114973e-02
1.942611095909761026e-02
1.942611095909761026e-02
2.069717195356163969e-02
1.001347562500030063e-02
1.942611095909761026e-02
1.942611095909761026e-02
6.080846320735312782e-02
6.080846320735312782e-02
6.080846320735312782e-02
5.985108751139402161e-02
5.201584913368824782e-04
6.080846320735312782e-02
4.910604430526212608e-04
4.910604430526212608e-04
5.201584913368824782e-04
5.985108751139402161e-02
4.910604430526212608e-04
4.910604430526212608e-04
2.227621959820252906e-02
2.227621959820252906e-02
2.227621959820252906e-02
3.078348817122108713e-02
3.885556253343893686e-03
2.227621959820252906e-02
5.459096116189165147e-03
5.459096116189165147e-03
3.885556253343893686e-03
3.078348817122108713e-02
5.459096116189165147e-03
5.459096116189165147e-03
8.983580106551886796e-04
8.983580106551886796e-04
8.983580106551886796e-04
7.377372747913962629e-04
4.594858588684285622e-02
8.983580106551886796e-04
3.842928359746891620e-02
3.842928359746891620e-02
4.594858588684285622e-02
7.377372747913962629e-04
3.842928359746891620e-02
3.842928359746891620e-02
5.119748259636402316e-02
5.119748259636402316e-02
5.119748259636402316e-02
4.170541472320753867e-02
1.804318991112574891e-02
5.119748259636402316e-02
1.472844250257939261e-02
1.472844250257939261e-02
1.804318991112574891e-02
4.170541472320753867e-02
1.472844250257939261e-02
1.472844250257939261e-02
1.076472254485785589e-02
1.076472254485785589e-02
1.076472254485785589e-02
9.070704358322601371e-03
8.730614456774721222e-05
1.076472254485785589e-02
7.221504450496529087e-05
7.221504450496529087e-05
8.730614456774721222e-05
9.070704358322601371e-03
7.221504450496529087e-05
7.221504450496529087e-05
3.692849345719349634e-03
3.692849345719349634e-03
3.692849345719349634e-03
3.026061691709718178e-03
3.018504416630872836e-02
3.692849345719349634e-03
2.492591901348490888e-02
2.492591901348490888e-02
3.018504416630872836e-02
3.026061691709718178e-03
2.492591901348490888e-02
2.492591901348490888e-02
3.025507412894778980e-02
3.025507412894778980e-02
3.025507412894778980e-02
4.256827288536357834e-02
1.005842649978385631e-03
3.025507412894778980e-02
1.442659191791301589e-03
1.442659191791301589e-03
1.005842649978385631e-03
4.256827288536357834e-02
1.442659191791301589e-03
1.442659191791301589e-03
9.964251837260189177e-06
9.964251837260189177e-06
9.964251837260189177e-06
1.071668883089661800e-05
1.211100962147605188e-02
9.964251837260189177e-06
1.290071792928936326e-02
1.290071792928936326e-02
1.211100962147605188e-02
1.071668883089661800e-05
1.290071792928936326e-02
1.290071792928936326e-02
1.479092772344323126e-02
1.479092772344323126e-02
1.479092772344323126e-02
1.595257980993975561e-02
5.135048467684699691e-02
1.479092772344323126e-02
5.532688647480168975e-02
5.532688647480168975e-02
5.135048467684699691e-02
1.595257980993975561e-02
5.532688647480168975e-02
5.532688647480168975e-02
1.582551003949783305e-02
1.582551003949783305e-02
1.582551003949783305e-02
1.781848039007162543e-02
4.286714463862016655e-02
1.582551003949783305e-02
4.784992948167776650e-02
4.784992948167776650e-02
4.286714463862016655e-02
1.781848039007162543e-02
4.784992948167776650e-02
4.784992948167776650e-02
5.533406096567422550e-02
5.533406096567422550e-02
5.533406096567422550e-02
5.818938153237868116e-02
3.053730975043152281e-03
5.533406096567422550e-02
3.542716019034723024e-03
3.542716019034723024e-03
3.053730975043152281e-03
5.818938153237868116e-02
3.542716019034723024e-03
3.542716019034723024e-03
3.376851067534571409e-03
3.376851067534571409e-03
3.376851067534571409e-03
2.300731005735394668e-03
1.080201396197479284e-05
3.376851067534571409e-03
7.196812675906103109e-06
7.196812675906103109e-06
1.080201396197479284e-05
2.300731005735394668e-03
7.196812675906103109e-06
7.196812675906103109e-06
3.484384610714449937e-02
3.484384610714449937e-02
3.484384610714449937e-02
3.954533960724304631e-02
1.608305035930525373e-02
3.484384610714449937e-02
1.833206279065092287e-02
1.833206279065092287e-02
1.608305035930525373e-02
3.954533960724304631e-02
1.833206279065092287e-02
1.833206279065092287e-02
1.888724990004276086e-02
1.888724990004276086e-02
1.888724990004276086e-02
1.906646982980153213e-02
6.423359871144850497e-04
1.888724990004276086e-02
6.484589909489169761e-04
6.484589909489169761e-04
6.423359871144850497e-04
1.906646982980153213e-02
6.484589909489169761e-04
6.484589909489169761e-04
4.788522919091240315e-04
4.788522919091240315e-04
4.788522919091240315e-04
4.829037332602209012e-04
2.764773992989837115e-02
4.788522919091240315e-04
2.785702691668314954e-02
2.785702691668314954e-02
2.764773992989837115e-02
4.829037332602209012e-04
2.785702691668314954e-02
2.785702691668314954e-02
4.530578822068215272e-02
4.530578822068215272e-02
4.530578822068215272e-02
5.774255311391938289e-02
4.872605697510188488e-02
4.530578822068215272e-02
6.204924797054080232e-02
6.204924797054080232e-02
4.872605697510188488e-02
5.774255311391938289e-02
6.204924797054080232e-02
6.204924797054080232e-02
8.530734231099009607e-03
8.530734231099009607e-03
8.530734231099009607e-03
6.669762536307181043e-03
1.031777665679714170e-02
8.530734231099009607e-03
8.079831253335388250e-03
8.079831253335388250e-03
1.031777665679714170e-02
6.669762536307181043e-03
8.079831253335388250e-03
8.079831253335388250e-03
6.556200036167928065e-05
6.556200036167928065e-05
6.556200036167928065e-05
5.711280760734254428e-05
1.815988010335850165e-03
6.556200036167928065e-05
1.587371331509562821e-03
1.587371331509562821e-03
1.815988010335850165e-03
5.711280760734254428e-05
1.587371331509562821e-03
1.587371331509562821e-03
2.254939497650456509e-02
2.254939497650456509e-02
2.254939497650456509e-02
2.028555089738685868e-02
3.881330027704820579e-02
2.254939497650456509e-02
3.505248406686295448e-02
3.505248406686295448e-02
3.881330027704820579e-02
2.028555089738685868e-02
3.505248406686295448e-02
3.505248406686295448e-02
3.814819275886251453e-03
3.814819275886251453e-03
3.814819275886251453e-03
5.704728594131833197e-03
5.012489899713162833e-02
3.814819275886251453e-03
6.217059139508630122e-02
6.217059139508630122e-02
5.012489899713162833e-02
5.704728594131833197e-03
6.217059139508630122e-02
6.217059139508630122e-02
4.529974026895602912e-02
4.529974026895602912e-02
4.529974026895602912e-02
4.039583864030352189e-02
1.321697097684766675e-02
4.529974026895602912e-02
1.172666347944886431e-02
1.172666347944886431e-02
1.321697097684766675e-02
4.039583864030352189e-02
1.172666347944886431e-02
1.172666347944886431e-02
6.312752976994540077e-02
6.312752976994540077e-02
6.312752976994540077e-02
6.323289454415305377e-02
5.720433589816004138e-02
6.312752976994540077e-02
5.752814468892992333e-02
5.752814468892992333e-02
5.720433589816004138e-02
6.323289454415305377e-02
5.752814468892992333e-02
5.752814468892992333e-02
1.055638112268173640e-02
1.055638112268173640e-02
1.055638112268173640e-02
1.064135778566254256e-02
5.929244837240462036e-03
1.055638112268173640e-02
5.977812341764465569e-03
5.977812341764465569e-03
5.929244837240462036e-03
1.064135778566254256e-02
5.977812341764465569e-03
5.977812341764465569e-03
3.341294378782805330e-02
3.341294378782805330e-02
3.341294378782805330e-02
2.628408523264223404e-02
2.464136963732877698e-04
3.341294378782805330e-02
1.886036877196856662e-04
1.886036877196856662e-04
2.464136963732877698e-04
2.628408523264223404e-02
1.886036877196856662e-04
1.886036877196856662e-04
1.145539087069515115e-03
1.145539087069515115e-03
1.145539087069515115e-03
1.513144794846633945e-03
1.875637148163727605e-02
1.145539087069515115e-03
2.428812523522560704e-02
2.428812523522560704e-02
1.875637148163727605e-02
1.513144794846633945e-03
2.428812523522560704e-02
2.428812523522560704e-02
6.334186191537334067e-03
6.334186191537334067e-03
6.334186191537334067e-03
7.036749546063528725e-03
3.024726368459291007e-03
6.334186191537334067e-03
3.367187985307564489e-03
3.367187985307564489e-03
3.024726368459291007e-03
7.036749546063528725e-03
3.367187985307564489e-03
3.367187985307564489e-03
5.771497083838229153e-02
5.771497083838229153e-02
5.771497083838229153e-02
3.920734321372274650e-02
4.529082218466003174e-02
5.771497083838229153e-02
3.067713257164002630e-02
3.067713257164002630e-02
4.529082218466003174e-02
3.920734321372274650e-02
3.067713257164002630e-02
3.067713257164002630e-02
2.696270489439773284e-04
2.696270489439773284e-04
2.696270489439773284e-04
3.034409409330397441e-04
1.297601252369138397e-02
2.696270489439773284e-04
1.452434392976550796e-02
1.452434392976550796e-02
1.297601252369138397e-02
3.034409409330397441e-04
1.452434392976550796e-02
1.452434392976550796e-02
2.467348916557729130e-02
2.467348916557729130e-02
2.467348916557729130e-02
2.699568697079170534e-02
6.063479067421698986e-07
2.467348916557729130e-02
6.753382740433596662e-07
6.753382740433596662e-07
6.063479067421698986e-07
2.699568697079170534e-02
6.753382740433596662e-07
6.753382740433596662e-07
3.935986441457913626e-02
3.935986441457913626e-02
3.935986441457913626e-02
3.434607509052519519e-02
2.918382154042620247e-02
3.935986441457913626e-02
2.540798175996522579e-02
2.540798175996522579e-02
2.918382154042620247e-02
3.434607509052519519e-02
2.540798175996522579e-02
2.540798175996522579e-02
2.066423706704074992e-03
2.066423706704074992e-03
2.066423706704074992e-03
2.962514523322500645e-03
5.615889162835197793e-04
2.066423706704074992e-03
8.128132572877223893e-04
8.128132572877223893e-04
5.615889162835197793e-04
2.962514523322500645e-03
8.128132572877223893e-04
8.128132572877223893e-04
5.918556033305655273e-02
5.918556033305655273e-02
5.918556033305655273e-02
6.098005783075415714e-02
8.261034904843738563e-03
5.918556033305655273e-02
9.130119574551089773e-03
9.130119574551089773e-03
8.261034904843738563e-03
6.098005783075415714e-02
9.130119574551089773e-03
9.130119574551089773e-03
1.041709338088931888e-02
1.041709338088931888e-02
1.041709338088931888e-02
1.172608936074655099e-02
4.024107198257225598e-02
1.041709338088931888e-02
4.541261607181419635e-02
4.541261607181419635e-02
4.024107198257225598e-02
1.172608936074655099e-02
4.541261607181419635e-02
4.541261607181419635e-02
1.119046677358205392e-03
1.119046677358205392e-03
1.119046677358205392e-03
1.019955191690498451e-03
3.292531927395438845e-02
1.119046677358205392e-03
3.026400249123998090e-02
3.026400249123998090e-02
3.292531927395438845e-02
1.019955191690498451e-03
3.026400249123998090e-02
3.026400249123998090e-02
2.283504344145531953e-02
2.283504344145531953e-02
2.283504344145531953e-02
3.437168049283062521e-02
1.292227025114511341e-03
2.283504344145531953e-02
2.013471548185256487e-03
2.013471548185256487e-03
1.292227025114511341e-03
3.437168049283062521e-02
2.013471548185256487e-03
2.013471548185256487e-03
1.152214573639693054e-02
1.152214573639693054e-02
1.152214573639693054e-02
1.063548053488685974e-02
1.362242350551226902e-02
1.152214573639693054e-02
1.258307135824725254e-02
1.258307135824725254e-02
1.362242350551226902e-02
1.063548053488685974e-02
1.258307135824725254e-02
1.258307135824725254e-02
5.175167532028835532e-02
5.175167532028835532e-02
5.175167532028835532e-02
4.704565033114798539e-02
5.539609143392393992e-02
5.175167532028835532e-02
5.035040786858882567e-02
5.035040786858882567e-02
5.539609143392393992e-02
4.704565033114798539e-02
5.035040786858882567e-02
5.035040786858882567e-02
3.561468344293785421e-02
3.561468344293785421e-02
3.561468344293785421e-02
4.221637183408818300e-02
4.579616936125727178e-03
3.561468344293785421e-02
5.471495979877280709e-03
5.471495979877280709e-03
4.579616936125727178e-03
4.221637183408818300e-02
5.471495979877280709e-03
5.471495979877280709e-03
4.674409217857894080e-03
4.674409217857894080e-03
4.674409217857894080e-03
3.240351855659664472e-03
4.950975274449626734e-02
4.674409217857894080e-03
3.491621447987905413e-02
3.491621447987905413e-02
4.950975274449626734e-02
3.240351855659664472e-03
3.491621447987905413e-02
3.491621447987905413e-02
1.761182656641589045e-02
1.761182656641589045e-02
1.761182656641589045e-02
1.608672475429483162e-02
1.999691553078021197e-02
1.761182656641589045e-02
1.827033003312988901e-02
1.827033003312988901e-02
1.999691553078021197e-02
1.608672475429483162e-02
1.827033003312988901e-02
1.827033003312988901e-02
3.940262336938699989e-05
3.940262336938699989e-05
3.940262336938699989e-05
3.610525048056166043e-05
1.690261558999031394e-04
3.940262336938699989e-05
1.550448776612081833e-04
1.550448776612081833e-04
1.690261558999031394e-04
3.610525048056166043e-05
1.550448776612081833e-04
1.550448776612081833e-04
4.896978117172282735e-02
4.896978117172282735e-02
4.896978117172282735e-02
5.310669359986969207e-02
1.887676718282955707e-03
4.896978117172282735e-02
2.048169704208865991e-03
2.048169704208865991e-03
1.887676718282955707e-03
5.310669359986969207e-02
2.048169704208865991e-03
2.048169704208865991e-03
1.230175797238907548e-02
1.230175797238907548e-02
1.230175797238907548e-02
1.314884311218827984e-02
3.673086084585989314e-02
1.230175797238907548e-02
3.909871586371532759e-02
3.909871586371532759e-02
3.673086084585989314e-02
1.314884311218827984e-02
3.909871586371532759e-02
3.909871586371532759e-02
2.954025406611204482e-02
2.954025406611204482e-02
2.954025406611204482e-02
3.171503211275417816e-02
5.764012130199423073e-02
2.954025406611204482e-02
5.903747515631868614e-02
5.903747515631868614e-02
5.764012130199423073e-02
3.171503211275417816e-02
5.903747515631868614e-02
5.903747515631868614e-02
1.968988361083265359e-03
1.968988361083265359e-03
1.968988361083265359e-03
1.232601125565673146e-03
1.612475824782508629e-02
1.968988361083265359e-03
1.031867126371256022e-02
1.031867126371256022e-02
1.612475824782508629e-02
1.232601125565673146e-03
1.031867126371256022e-02
1.031867126371256022e-02
1.513313657088396678e-04
1.513313657088396678e-04
1.513313657088396678e-04
1.428465040090088657e-04
5.421343268136871035e-02
1.513313657088396678e-04
5.169955316868540124e-02
5.169955316868540124e-02
5.421343268136871035e-02
1.428465040090088657e-04
5.169955316868540124e-02
5.169955316868540124e-02
1.780568471901343083e-02
1.780568471901343083e-02
1.780568471901343083e-02
1.673372165644899240e-02
5.813271178922756015e-03
1.780568471901343083e-02
5.460004131876712748e-03
5.460004131876712748e-03
5.813271178922756015e-03
1.673372165644899240e-02
5.460004131876712748e-03
5.460004131876712748e-03
6.789096705181069460e-03
6.789096705181069460e-03
6.789096705181069460e-03
5.038480716733829967e-03
4.245438206353037880e-04
6.789096705181069460e-03
3.088523680304733690e-04
3.088523680304733690e-04
4.245438206353037880e-04
5.038480716733829967e-03
3.088523680304733690e-04
3.088523680304733690e-04
4.478890479578925832e-02
4.478890479578925832e-02
4.478890479578925832e-02
5.311891408069854825e-02
2.288647859610871971e-02
4.478890479578925832e-02
2.735048284745284289e-02
2.735048284745284289e-02
2.288647859610871971e-02
5.311891408069854825e-02
2.735048284745284289e-02
2.735048284745284289e-02
1.912045981523403937e-02
1.912045981523403937e-02
1.912045981523403937e-02
1.724129654720836513e-02
4.989223379865941055e-02
1.912045981523403937e-02
4.533548025219129307e-02
4.533548025219129307e-02
4.989223379865941055e-02
1.724129654720836513e-02
4.533548025219129307e-02
4.533548025219129307e-02
5.368553096246682511e-07
5.368553096246682511e-07
5.368553096246682511e-07
4.681595151617033729e-07
4.046331504520509804e-03
5.368553096246682511e-07
3.552517638845104683e-03
3.552517638845104683e-03
4.046331504520509804e-03
4.681595151617033729e-07
3.552517638845104683e-03
3.552517638845104683e-03
4.133857818743523482e-02
4.133857818743523482e-02
4.133857818743523482e-02
3.701185536995941355e-02
3.408353028392706541e-05
4.133857818743523482e-02
2.997045471408740731e-05
2.997045471408740731e-05
3.408353028392706541e-05
3.701185536995941355e-02
2.997045471408740731e-05
2.997045471408740731e-05
2.675022184333445633e-03
2.675022184333445633e-03
2.675022184333445633e-03
3.977337510705964557e-03
1.513529971299483121e-02
2.675022184333445633e-03
2.200276567396125538e-02
2.200276567396125538e-02
1.513529971299483121e-02
3.977337510705964557e-03
2.200276567396125538e-02
2.200276567396125538e-02
7.356542530139776465e-03
7.356542530139776465e-03
7.356542530139776465e-03
7.419858752916248974e-03
9.593896856087552605e-04
7.356542530139776465e-03
9.679192053567997351e-04
9.679192053567997351e-04
9.593896856087552605e-04
7.419858752916248974e-03
9.679192053567997351e-04
9.679192053567997351e-04
5.988602695724976749e-02
5.988602695724976749e-02
5.988602695724976749e-02
6.026112022750760439e-02
3.285839860662107675e-02
5.988602695724976749e-02
3.307583626995645038e-02
3.307583626995645038e-02
3.285839860662107675e-02
6.026112022750760439e-02
3.307583626995645038e-02
3.307583626995645038e-02
4.934912737852328564e-04
4.934912737852328564e-04
4.934912737852328564e-04
6.620654882009337650e-04
4.404537273206435982e-02
4.934912737852328564e-04
5.810188181836302423e-02
5.810188181836302423e-02
4.404537273206435982e-02
6.620654882009337650e-04
5.810188181836302423e-02
5.810188181836302423e-02
2.640097605286665511e-02
2.640097605286665511e-02
2.640097605286665511e-02
2.034332486179300445e-02
1.007865547023307530e-02
2.640097605286665511e-02
7.732550469932630496e-03
7.732550469932630496e-03
1.007865547023307530e-02
2.034332486179300445e-02
7.732550469932630496e-03
7.732550469932630496e-03
