-2.185157325505639164e+03
-3.957204432429537064e+03
-2.627672618800214877e+03
-2.219386444490520716e+03
-2.055106748572156903e+03
-1.664527124048672931e+03
-1.933909905417277741e+03
-2.931123728502027916e+03
-3.466653955615146060e+03
-3.602159882662871951e+03
-4.616752723254041484e+03
-3.503146075755193579e+03
-2.339866823993363596e+03
-4.808033826168117230e+03
-1.141607455244153243e+03
-2.270191161123034817e+03
-1.136493707727300716e+03
-2.885554586468093476e+03
-5.754944942225100704e+02
-3.121608028597978773e+03
-1.473640207701650525e+03
-2.967474439451218132e+03
-1.168373145870017197e+03
-1.413957353665390656e+03
-3.868719202338934338e+03
-3.470661823265886142e+03
-6.691602796128385307e+03
-3.833239197350990253e+03
-3.397468155022491374e+03
-4.752241096702834511e+03
-7.440211518225641157e+03
-3.620228156405660229e+03
-6.721940387703490160e+03
-7.393190678356645549e+03
-5.432335022916140588e+03
-6.652680358467911901e+03
-2.338274985964610053e+01
-1.918515284166561585e+01
-1.757643437337662107e+01
-2.150606510212931255e+01
-4.330781004691829366e+03
-1.992025124751841503e+01
-2.877525487320336197e+03
-3.018335754741925939e+03
-2.623850528651867080e+03
-1.129753395425603379e+01
-3.303501309327884428e+03
-2.589392342391368857e+03
-2.442045446476166148e+02
-2.024433251319400426e+02
-6.522614023298139045e+02
-2.355135890698422259e+02
-1.129118527669999594e+03
-2.420629238490792261e+02
-2.478345725221049634e+03
-9.208465041380246703e+02
-2.189029270980545334e+03
-5.198706138155514509e+02
-2.155154315666812181e+03
-2.132073353593684260e+03
-6.120769297101562188e+03
-5.556105822363944753e+03
-5.173377393003413999e+03
-6.164342319268149367e+03
-6.342168698287067855e+03
-6.015202916573859511e+03
-5.322345615341936536e+03
-5.700741323031003958e+03
-4.819859708890564434e+03
-4.651494236235413155e+03
-4.931285741137173318e+03
-4.845572931329067615e+03
-2.488233288390274083e+03
-2.200450290985658739e+03
-3.122827732788631238e+03
-2.513155873697554853e+03
-3.072486085801098397e+03
-3.177199580060518201e+03
-4.881702644453819630e+03
-3.584002870300032100e+03
-4.370786952679498427e+03
-3.578395603543024208e+03
-3.393031472922334160e+03
-4.391373742500773005e+03
-3.265286365765010487e+03
-2.929770742006838645e+03
-1.898756695736683241e+03
-3.277200515143323628e+03
-4.582442222787467756e+01
-3.996767737503997068e+03
-1.962311849827991850e+01
-4.295084597062733422e+01
-1.587499645440004059e+01
-2.080654396582489881e+03
-1.410534678482758864e+01
-1.601954358943097745e+01
-1.782878172962764893e+03
-1.578365658269577352e+03
-2.847590128383619685e+03
-1.734281057445514534e+03
-5.302722902927341693e+02
-1.874587862454010974e+03
-1.016650522662450953e+03
-4.245007593280915330e+02
-9.251496135157589151e+02
-2.610512403750772592e+03
-8.200912179747552955e+02
-8.555710552879305624e+02
-3.937476672472682822e+02
-3.289245667389695313e+02
-2.564793449614761016e+02
-4.134370727199610087e+02
-6.967165681032710381e+03
-4.041443496157051527e+02
-5.761570819187911184e+03
-6.606967004415470001e+03
-5.189531494547760303e+03
-2.308207719254284314e+02
-5.012335955162926439e+03
-5.218375642071846414e+03
-9.128557378810664886e+03
-8.322993530638401353e+03
-9.980369754715191448e+03
-9.160568557580421839e+03
-8.025643448870251632e+03
-7.641575861060011448e+03
-7.565147021630112249e+03
-6.204791437751243393e+03
-6.750067702522371292e+03
-7.644592307152181093e+03
-8.116430594239119273e+03
-6.843205074294744918e+03
-3.211840551629983111e+03
-2.799262166172413345e+03
-1.446019768367813640e+03
-3.266546158941680915e+03
-8.475647030425188078e+00
-2.615886630507840437e+03
-2.512947506114875384e+00
-6.050322870498973771e+00
-2.028145419326443211e+00
-1.046939123196135597e+03
-2.450340864538317565e+00
-2.073270597669202520e+00
-6.152580901505648399e+02
-2.841196931176144744e+02
-9.422948252910603060e+02
-6.521320481723049625e+02
-2.589856590921755469e+03
-7.501178464509209789e+02
-4.503976818262692177e+03
-2.063152332764535913e+03
-2.717776695844444021e+03
-5.718628008821564208e+02
-2.127955021409016354e+03
-2.762780821060183825e+03
-9.206438408699268621e+03
-6.106730218769474050e+03
-6.175652016743177228e+03
-9.133206467242529470e+03
-1.254639562131142611e+03
-7.630511356519334186e+03
-4.819888625429157401e+02
-4.706772417036966658e+02
-2.582171769896896194e+02
-3.323517675385632629e+03
-2.590160737855843536e+02
-2.283754681267473643e+02
-2.092995168028359831e-01
-3.141885714305275301e-01
-6.362527671093570758e-01
-2.084301259950800400e-01
-2.140094273723421793e+03
-1.801135920251179801e-01
-3.807407828472660185e+03
-2.354994248414344838e+03
-4.970572062256316713e+03
-8.183445366620902828e-01
-6.035907432461445751e+03
-4.951905561783845769e+03
-1.531652619268874332e+03
-2.042051172922516798e+03
-1.400412785634726333e+03
-1.516113463985776889e+03
-2.122679678029094248e+03
-2.036052859252602047e+03
-2.685255040289154749e+03
-3.656420280017974619e+03
-3.411345131588819186e+03
-2.473952348280832211e+03
-2.493312018228173201e+03
-3.403665797576339628e+03
-1.322258213598114935e+03
-2.815437887473097817e+03
-1.347641244964047928e+03
-1.302774126522437882e+03
-2.140966070290678999e+03
-9.875177118658732525e+02
-1.553933684800102810e+03
-2.792367302044045573e+03
-2.843948087619771741e+03
-2.084428095837867204e+03
-3.964843380329250522e+03
-2.832094924716898277e+03
-5.309674921329431527e+03
-2.496236190958215957e+03
-5.359497354510931473e+03
-5.279958433265846907e+03
-1.674863767594529463e+03
-6.073664674044758613e+03
-1.810299290300464918e+03
-4.917209812328150065e+02
-5.243108710264993988e+02
-2.845357722735666812e+03
-4.539883727803157853e+02
-4.999523429351028767e+02
-1.301313392833362741e+03
-3.687455394883143072e+02
-1.325640176343131088e+03
-1.403362800971622846e+03
-5.284415590734548029e-01
-1.721497152200026221e+03
-7.490653330994188064e-01
-1.830907761839009884e-01
-1.729746208647170158e-01
-5.360531246845729356e+02
-1.456239664190282779e-01
-1.869844486813164730e-01
-4.725363377356673482e+03
-8.154528282287771617e+03
-4.766539364393524011e+03
-4.703529312269289221e+03
-3.917282852289060884e+03
-4.266520368935390252e+03
-3.555225850036814791e+03
-6.490742921408123038e+03
-6.596080199644073218e+03
-7.393934304456344762e+03
-7.235635152335835301e+03
-6.550921337058569407e+03
-3.934398347294486030e+03
-4.979416042539482987e+03
-3.269014650526381047e+03
-3.931002267752979606e+03
-1.961407614947234208e+02
-3.990922547002055126e+03
-1.445657342074503902e+02
-2.948363539338919850e+02
-2.177004221448210899e+02
-4.211224936525669364e+03
-2.144044886815406130e+02
-2.165711790118043893e+02
-3.538604447717146968e+02
-4.978431253488460584e+01
-2.807436043999920798e+02
-3.532930470932864182e+02
-7.772959700811832590e+03
-3.592971293864961808e+02
-6.981137752438529787e+03
-2.638859757775670005e+03
-2.298368188719472528e+03
-3.989880746965930314e+01
-2.253999126339182112e+03
-2.297323394473804910e+03
-4.401513510753476112e+03
-2.894801231396469575e+03
-3.593979169143593936e+03
-4.377941365942609991e+03
-4.426331601239235169e+03
-4.476489190991422220e+03
-3.658202667015970292e+03
-2.946868166612202913e+03
-2.414820819813432990e+03
-2.369439881249566497e+03
-2.354818862388437083e+03
-2.394468451594904764e+03
-1.796754791041554427e+03
-5.999693666785691676e+03
-1.444328416702612685e+03
-1.871779225163942556e+03
-2.093734438873180807e+03
-1.815150289831824466e+03
-1.785032286153998029e+03
-6.860719397901933917e+03
-5.582401213731965072e+03
-5.159678122209410503e+03
-5.660550719188118819e+03
-5.726311760597101056e+03
-2.069997315318931719e+00
-1.055705687458609354e+01
-2.116001907666017701e+00
-2.181440040912753453e+00
-2.046061019737876450e+02
-2.003343358207882119e+00
-2.126810358976036071e+02
-9.646221501492632342e+02
-9.392654579063123492e+02
-1.100500669759849970e+01
-1.019583505136337635e+03
-9.842279247030519400e+02
-6.924558344256443888e+03
-4.274908551590518073e+03
-6.991551655023845342e+03
-6.961596745363424816e+03
-7.693292974309041711e+03
-6.684520668205990660e+03
-7.503693117675934445e+03
-4.795785583518089879e+03
-4.819538678633833115e+03
-4.203505491525932484e+03
-5.018494308115994500e+03
-4.839957859419003398e+03
-2.305696207071033314e+03
-4.042039935747636150e+02
-2.356182015075969957e+03
-2.127658395994094008e+03
-5.938224032416536829e+03
-2.231703631860367295e+03
-5.694155420130534367e+03
-1.890720683700837753e+03
-1.988174070131606641e+03
-3.625597138576720226e+02
-1.999110171566507915e+03
-1.919537306604978539e+03
-3.494324529722001898e+03
-4.369715188505734659e+03
-3.529972460800156568e+03
-3.506787572037122118e+03
-2.470057225624899729e+03
-3.310354916399531248e+03
-2.410769016757517875e+03
-3.130894958136218975e+03
-3.132944160759406259e+03
-4.192396929485672445e+03
-3.334634141318973889e+03
-3.169031595648700204e+03
-2.127092576975164775e+03
-4.976988870865083300e+03
-2.155389236994084513e+03
-2.125859319842241348e+03
-2.082973277154491370e+03
-2.958666593623163408e+03
-2.929846462834893373e+03
-6.883936950344330398e+03
-6.973617119068148895e+03
-7.048189089522412360e+03
-4.990162370517779891e+03
-6.972703039875837021e+03
-5.460686619974600944e+03
-3.238909349981030573e+03
-5.522722058184072011e+03
-5.456595311655592923e+03
-3.953474112074237382e+03
-4.650717125254876919e+03
-3.444184930291148703e+03
-1.875769302222173792e+03
-1.904210817835515400e+03
-2.802776820363777006e+03
-2.196637537503742806e+03
-1.901628060643566187e+03
-4.795935302413542558e+03
-2.991128204159749657e+03
-4.851565803262232293e+03
-4.853701293896745483e+03
-3.190872446940360518e+01
-3.143559929614098110e+03
-2.559623888051627461e+01
-1.116497543939417270e+01
-1.071158683681251311e+01
-2.029006229143445807e+03
-1.540518383188129725e+01
-1.139230143625367120e+01
-1.779334968149867109e+02
-8.731959604794974439e+02
-1.805960122682742224e+02
-1.661347113573274328e+02
-2.383120590146721042e+03
-1.881839293636155048e+02
-2.532308017233863211e+03
-6.726392180396725962e+03
-6.864066367892232847e+03
-8.800836724121984389e+02
-6.281828168351627028e+03
-6.784839105908344209e+03
-5.011417832202325826e+02
-1.681353744064577768e+03
-7.014721444722987371e+02
-4.897970083709652158e+02
-2.096268318845026499e+02
-4.130037832913042166e+02
-2.453432180337621276e+02
-6.489250602114852882e+02
-9.362518200646030664e+02
-1.820372432865521432e+03
-1.109491941514473638e+03
-9.162145789975095340e+02
-3.706550560585393669e+03
-2.103896488468260486e+03
-4.307910360797677640e+03
-3.739503725745889824e+03
-3.612273375917542580e+03
-5.060302202091396794e+03
-5.809591116772024179e+03
-2.794379521352277607e+03
-3.216537340907009366e+03
-3.393703067672104680e+03
-2.410457733161970282e+03
-3.277313720471569923e+03
-8.267226922396122291e+01
-3.022771422400078478e+01
-5.892482634540571240e+01
-7.911133000522249858e+01
-4.192607398119977006e+03
-9.943366583182444174e+01
-4.330046880844501175e+03
-2.804547547879882586e+03
-2.265954315067679545e+03
-2.473848145875019000e+01
-1.743948176370442752e+03
-2.224611084497565571e+03
-3.980150816808091804e+03
-8.837948563291622122e+03
-3.419908612376930705e+03
-3.959147617179141889e+03
-6.369845931383204783e-03
-3.254863637102502253e+03
-4.267087805241703315e-03
-2.194026180288313060e-02
-1.723257943978896700e-02
-6.229235063156088472e+03
-1.969412726429289884e-02
-1.708771092330389763e-02
-3.567383117774894799e+03
-5.556625638988176433e+03
-2.864755977239847653e+03
-3.592140848279720558e+03
-3.295707759749648631e+03
-3.302704279038128334e+03
-2.452711486741653061e+03
-4.893650507090776955e+03
-3.903011889736685589e+03
-4.187696485106402179e+03
-4.245198097687350128e+03
-3.933435138499350614e+03
-2.105737051372626865e+03
-4.895007132982256621e+02
-1.664305643431047883e+03
-1.983900555036170545e+03
-4.279448731698255983e+02
-1.938877538946228924e+03
-2.856765010503726785e+02
-7.609600928898515804e+01
-6.249509436237869409e+01
-3.281935737912617697e+02
-6.292577194696873022e+01
-5.836082897046864559e+01
-2.994479436173222894e+03
-2.406287534647521170e+03
-3.750721869127321952e+03
-2.977664183017338019e+03
-1.515573062943778496e+03
-3.557215657493262370e+03
-2.396392507707158529e+03
-1.255863428969094230e+03
-1.777898517751218378e+03
-3.567788426982353940e+03
-1.512375347139916357e+03
-1.754066232493639063e+03
-1.967144040013069798e+03
-7.070796832041732159e+03
-2.426479438690082588e+03
-1.918101898810154580e+03
-2.980642199385235472e+03
-2.206308718304189370e+03
-3.992882695025954945e+03
-9.695591196154684440e+03
-1.137303398473773268e+04
-9.504585419738657947e+03
-9.918012151545543020e+03
-1.135213253925142089e+04
-9.975937199765526486e+01
-3.894377569374833001e+02
-5.951646159373513711e+01
-1.018867521247219372e+02
-2.090238604833052705e+03
-1.085411324783104874e+02
-1.714394975927591076e+03
-5.125516361387522920e+03
-3.823802742080953522e+03
-2.607732054219478073e+02
-3.438553001076872079e+03
-3.836788023252885068e+03
-7.335413889970259333e+03
-4.177183765068592038e+03
-5.946658882021423778e+03
-7.234698199680718972e+03
-1.262503298414577102e+03
-7.978542360091619230e+03
-8.418263156906446056e+02
-4.595341197049216930e+02
-3.560114889495322927e+02
-3.544291093075547906e+03
-3.001631626176192071e+02
-3.177596385606163949e+02
-4.768441343264137686e+03
-8.840392531363395392e+02
-5.480242713534257746e+03
-4.800453148809999220e+03
-5.176761002453308720e+03
-4.207274743647998548e+03
-5.227983776776498416e+03
-9.246899106588758741e+02
-1.073697685423449457e+03
-9.449497978065713824e+02
-1.217296462816070061e+03
-1.084848035285407832e+03
-4.350655437131618783e+03
-4.802791625723234574e+03
-4.707382874871540480e+03
-4.359507651745663679e+03
-4.371335273985589083e+03
-3.612270719787306007e+03
-3.930725254546613087e+03
-4.009775308008617685e+03
-4.328408630290648944e+03
-4.318910299577262776e+03
-5.224144738191051147e+03
-4.334860120635315980e+03
-2.394393809764711932e+03
-5.069755268101582260e+03
-3.293094705519252329e+03
-2.372994670815327027e+03
-7.328293152082122788e+02
-2.904642462177725065e+03
-1.329843369518970121e+03
-2.584887778543255536e+03
-4.194639253934717090e+03
-8.349322353815199676e+03
-3.448238442290768489e+03
-4.058177133870466605e+03
-3.218081893717284402e+03
-1.377712496187991292e+03
-4.509648649307665437e+03
-3.494700389145881672e+03
-8.412859545781544512e+03
-2.632433271163810332e+03
-8.154799291159463792e+03
-3.864428623170644187e+03
-4.785605112096345692e+03
-1.776726051354773062e+03
-6.236869170683757147e+03
-4.830447152831970016e+03
-3.835647680766935082e+03
-1.951620370026278351e+03
-3.471269499004549743e+03
-3.867780634911303878e+03
-3.999388589518551726e+03
-2.915798689446679873e+03
-2.773898759965338741e+03
-1.602823462924624209e+03
-1.430208216395991940e+03
-1.362490742095337964e+03
-1.888206170543858889e+03
-1.445554134463040782e+03
-8.333030505190149873e-01
-3.481854507334748217e+00
-7.414353613525870301e-01
-8.369237331333260199e-01
-6.421720339169548097e+00
-9.756209125321829712e-01
-6.727294596618519584e+00
-3.152871328216624391e+01
-2.791703850328859104e+01
-3.644046447277881295e+00
-2.396627100299719970e+01
-2.806736134698057938e+01
-2.544347719805292400e+03
-3.972261314545360165e+03
-3.648009342503248263e+03
-2.535680103607905494e+03
-2.399519344793313280e+02
-1.934649942075251374e+03
-3.589171247682418766e+02
-4.192911592113039774e+02
-8.001564970107340287e+02
-4.270126721712297694e+03
-9.516410321010965845e+02
-7.761784136339192628e+02
-3.800570181899261570e+03
-6.180625175865932761e+03
-2.751600833202212925e+03
-3.781013938863467047e+03
-5.019040384029526649e+03
-4.622953797965714330e+03
-4.742270917972840834e+03
-9.363818707512729816e+03
-7.230569737041225380e+03
-5.532551901425009419e+03
-5.832825059115079966e+03
-7.218730641338017449e+03
-3.493181799523880727e+03
-2.793109036562641904e+03
-5.345787873953164308e+03
-3.483429452283272440e+03
-3.737199586927416931e+03
-5.524604618710440263e+03
-8.951286136365622951e+03
-4.814255305031850185e+03
-7.287225775856075416e+03
-6.805218200027296916e+03
-4.542744589538441687e+03
-7.265465421503230573e+03
-3.146608564459496620e+02
-2.065670208788892239e+02
-1.821918225550424495e+02
-3.604247320887899946e+02
-2.524670519768109443e+03
-3.079606174221987658e+02
-1.772065108695729123e+03
-1.941520839309593157e+03
-1.200521493898321296e+03
-1.341483607839061847e+02
-1.335073044389251436e+03
-1.300222819865769679e+03
-8.727235725033464675e+00
-5.692632158141125664e+00
-1.352589610908697004e+01
-8.789596435031544530e+00
-3.512483522354769775e+03
-8.565743803676454604e+00
-4.340345987414837509e+03
-2.705728449265063318e+03
-3.442036562003134804e+03
-8.725850291640263379e+00
-3.546567270650112732e+03
-3.447456281033309551e+03
-6.567195711745258450e+03
-5.265509108085029766e+03
-3.910731549296873709e+03
-6.588606165532756677e+03
-4.575626821629251936e+03
-6.327318685999896843e+03
-2.333978629345511308e+03
-3.394854325459603388e+03
-1.707457095754052261e+03
-3.006923220071557807e+03
-1.792834273335529815e+03
-1.734513803614784592e+03
-2.211088445468618374e+03
-1.585705971753385484e+03
-2.972817378878080035e+03
-2.299964292167152507e+03
-7.244790160133278789e+01
-2.151952172280130526e+03
-1.076337729616456471e+02
-4.932736149304718509e+01
-6.840350683994702763e+01
-2.178828564356096194e+03
-7.332319574934238915e+01
-7.164739012852946587e+01
-4.493174467943758827e+03
-3.520281838709550357e+03
-2.915331454056740313e+03
-4.467037237020163957e+03
-3.897725541346310820e+03
-4.381284698344095887e+03
-2.306993206958667997e+03
-2.857437779972112821e+03
-1.753144237650617697e+03
-2.186119947210785085e+03
-1.760511089636951965e+03
-1.721483776022312895e+03
-1.022726529038838180e+03
-1.183395274222829585e+03
-1.826205278578960360e+03
-1.035189381666394638e+03
-1.580397685101097295e+03
-1.052187749358034580e+03
-2.624390199138293610e+03
-1.843533903650678440e+03
-2.922736903789244025e+03
-2.174133294104801280e+03
-2.841554516916830835e+03
-2.934089571080471160e+03
-1.057262635168414178e-02
-1.271596683026669783e-02
-5.859787884211295310e-03
-1.102755200459357848e-02
-2.029394142780054153e+03
-1.073353112943403222e-02
-1.289753479160147663e+03
-2.494074837453536020e+03
-1.460401337491024833e+03
-7.463203787462428448e-03
-1.485945450023711828e+03
-1.513249483825637753e+03
-6.103328162435145714e+03
-6.713397675513491777e+03
-8.831268898027577961e+03
-6.121312109497889651e+03
-3.436737559126989527e+00
-6.279766435884653220e+03
-7.138608366537934735e+00
-4.273226489389987393e+00
-8.342726344062329602e+00
-9.999642103186994063e+03
-8.367794905220057089e+00
-8.525423028257387514e+00
-8.962232254782409200e+02
-1.060602473631131261e+03
-5.724537666187001150e+02
-8.274045792036084777e+02
-2.969031607853337391e+03
-9.242450566729795582e+02
-2.178164530620495952e+03
-3.366065730859844280e+03
-2.541872465370267491e+03
-6.457553091619074621e+02
-2.375481446553298611e+03
-2.461766882862967122e+03
-1.218208580151997694e+03
-8.579471795784899086e+02
-1.990028594845857697e+03
-1.215918508012998245e+03
-1.157575683404627398e+02
-1.530119583736047389e+03
-2.623035919769245652e+02
-9.058314921972805678e+01
-1.710537493673723475e+02
-1.793240136900362586e+03
-1.407381385590353204e+02
-1.705538686620218414e+02
-8.414234689003837047e+03
-6.806561290616602491e+03
-6.584447185557759440e+03
-8.413418893242147533e+03
-7.953116130036779396e+03
-6.780372599707839981e+03
-4.972787390277212580e+03
-5.148983818963286467e+03
-3.964260201246166616e+03
-4.288165138910162568e+03
-4.884626138542872468e+03
-3.963225124153536399e+03
-9.979555495390371789e+01
-2.145248580191934025e+02
-2.086919535887111010e+02
-9.011824764749425754e+01
-4.246244456598954457e+03
-7.227568375630242770e+01
-3.931745285179394614e+03
-3.980572417480344029e+03
-5.900594657084930986e+03
-2.917435601882844480e+02
-9.409753967115088017e+03
-5.879227020962852293e+03
-2.044365017932578212e+03
-3.391719659251150006e+03
-1.446277998276964354e+03
-2.098823367590545786e+03
-1.180815137578900703e+03
-2.103638255940115869e+03
-8.376808660018335786e+02
-2.400581577193739122e+03
-1.523748877239792137e+03
-2.581602062991289131e+03
-1.569776212628581334e+03
-1.611004584837625316e+03
