5.957432399143873791e-01
5.957432399143873791e-01
5.957432399143873791e-01
4.445244822110362426e-01
4.122679515914477455e-01
4.484321842264661351e-01
2.309344050181574570e-01
2.309344050181574570e-01
3.103253308342898142e-01
3.346057011552163174e-01
3.067969148791947487e-01
2.309344050181574570e-01
1.858661996192147864e-02
1.858661996192147864e-02
1.858661996192147864e-02
2.274449545159260011e-02
6.125577116204175727e-03
2.387191473782332429e-02
9.667394831893813545e-03
9.667394831893813545e-03
7.867447386214844463e-03
2.921212448996016869e-02
7.527012212286326130e-03
9.667394831893813545e-03
1.535610710033926130e-01
1.535610710033926130e-01
1.535610710033926130e-01
1.824482499548221448e-01
8.700992374079929981e-02
1.914773848313907623e-01
1.294774289244324250e-01
1.294774289244324250e-01
1.084938555286509565e-01
2.274972005609510184e-01
1.038383340879111827e-01
1.294774289244324250e-01
2.160069058166248920e-04
2.160069058166248920e-04
2.160069058166248920e-04
2.710658032995236547e-04
7.674057509590138659e-01
1.681617279810206848e-04
6.671475175518780665e-01
6.671475175518780665e-01
5.974266269680922337e-01
2.110251693439287924e-04
8.569635476503205673e-01
6.671475175518780665e-01
5.644136842555044949e-03
5.644136842555044949e-03
5.644136842555044949e-03
6.894506074556187511e-03
3.697067253984619162e-02
5.566554205543979006e-03
4.418089193461643971e-02
4.418089193461643971e-02
3.646248460115415063e-02
6.799736231606961709e-03
4.479665349468078123e-02
4.418089193461643971e-02
3.126753435365440814e-01
3.126753435365440814e-01
3.126753435365440814e-01
2.366881313233615003e-01
5.770982881844926027e-01
3.071656458530807599e-01
4.320574382324285923e-01
4.320574382324285923e-01
5.669291553530477756e-01
2.325174153529057930e-01
4.398073474383913939e-01
4.320574382324285923e-01
4.611779415308398661e-02
4.611779415308398661e-02
4.611779415308398661e-02
4.328626758886771481e-02
1.197985005714759937e-01
6.030788466172520845e-02
1.470387522246342227e-01
1.470387522246342227e-01
1.566595776703916809e-01
5.660511915467317245e-02
1.124413987600144105e-01
1.470387522246342227e-01
7.278595341500102567e-01
7.278595341500102567e-01
7.278595341500102567e-01
7.164000268493377899e-01
7.592859917188940228e-04
8.964756424473098173e-01
8.828675719214975357e-04
8.828675719214975357e-04
9.351823604568618468e-04
8.823614230306515704e-01
7.168109753218428366e-04
8.828675719214975357e-04
1.521396348526893594e-01
1.521396348526893594e-01
1.521396348526893594e-01
2.102416269158866591e-01
1.246925752982126594e-02
1.604760532007819263e-01
1.847889507950230964e-02
1.847889507950230964e-02
1.315250451775667496e-02
2.217617160619626826e-01
1.751895247796972366e-02
1.847889507950230964e-02
1.814964576378869402e-03
1.814964576378869402e-03
1.814964576378869402e-03
1.490460378311910536e-03
5.032392218979445664e-01
1.891924205059245532e-03
4.387328981117905591e-01
4.387328981117905591e-01
5.245779874907904317e-01
1.553660111667893142e-03
4.208861361547007740e-01
4.387328981117905591e-01
6.968441733532735327e-01
6.968441733532735327e-01
6.968441733532735327e-01
5.676485204609055257e-01
1.516215369374076805e-01
5.818095796568600875e-01
1.033355113142513382e-01
1.033355113142513382e-01
1.265919498874229221e-01
4.739414631149783119e-01
1.237668671634569173e-01
1.033355113142513382e-01
5.177563214444833722e-02
5.177563214444833722e-02
5.177563214444833722e-02
4.362782693102442572e-02
5.763618724426599249e-05
4.104920636153474439e-02
3.779701225975248932e-05
3.779701225975248932e-05
4.569562255621088337e-05
3.458939266642972049e-02
4.767361847838128415e-05
3.779701225975248932e-05
1.141237855265761665e-02
1.141237855265761665e-02
1.141237855265761665e-02
9.351738540192097715e-03
2.318769623685302539e-01
1.510319033990008102e-02
2.534016819240620944e-01
2.534016819240620944e-01
3.068669587089911110e-01
1.237613057872230873e-02
1.914771551516224746e-01
2.534016819240620944e-01
3.364986111960018844e-01
3.364986111960018844e-01
3.364986111960018844e-01
4.734466901613713086e-01
2.599008757837936376e-03
2.779771135966971340e-01
3.079407820000895028e-03
3.079407820000895028e-03
2.147007234735686873e-03
3.911081353506980496e-01
3.727704203158977575e-03
3.079407820000895028e-03
2.998857872463937161e-06
2.998857872463937161e-06
2.998857872463937161e-06
3.225312566579752876e-06
6.682407746885435373e-02
2.414810646366091898e-06
5.731835274946536080e-02
5.731835274946536080e-02
5.380965039626847690e-02
2.597161804549239274e-06
7.118139620515000210e-02
5.731835274946536080e-02
7.558662032727601898e-02
7.558662032727601898e-02
7.558662032727601898e-02
8.152305358259046009e-02
4.660861719197008091e-01
1.038850594645813336e-01
6.901858757643999365e-01
6.901858757643999365e-01
6.405814875152540111e-01
1.120439997514420805e-01
5.021782536923768969e-01
6.901858757643999365e-01
1.165030583046320484e-01
1.165030583046320484e-01
1.165030583046320484e-01
1.311747586399009124e-01
4.959053707403747735e-01
8.203913108911388419e-02
3.897977100002396056e-01
3.897977100002396056e-01
3.492066758589777442e-01
9.237064997472123340e-02
5.535483461647238146e-01
3.897977100002396056e-01
6.521866283757835614e-01
6.521866283757835614e-01
6.521866283757835614e-01
6.858404369131002598e-01
9.919149679141295653e-03
7.472421693536304144e-01
1.318467693783725685e-02
1.318467693783725685e-02
1.136485570525095842e-02
7.858009864227017971e-01
1.150747421782969196e-02
1.318467693783725685e-02
8.456501545389766283e-03
8.456501545389766283e-03
8.456501545389766283e-03
5.761620787064315914e-03
2.617840129253927705e-06
1.238975807812919133e-02
2.555351684391459866e-06
2.555351684391459866e-06
3.835440189372034383e-06
8.441444408954695833e-03
1.744128927441790111e-06
2.555351684391459866e-06
3.470024709732720258e-01
3.470024709732720258e-01
3.470024709732720258e-01
3.938236472803404720e-01
1.129603682871174047e-01
3.121778502304346503e-01
1.158346610409251853e-01
1.158346610409251853e-01
1.016238438712059600e-01
3.543001271231736582e-01
1.287564558980801854e-01
1.158346610409251853e-01
1.474450639686369635e-01
1.474450639686369635e-01
1.474450639686369635e-01
1.488441609333928939e-01
1.206008241111683303e-03
1.496875744472474234e-01
1.236021571681653747e-03
1.236021571681653747e-03
1.224350571774979060e-03
1.511079504532923945e-01
1.217504394577808690e-03
1.236021571681653747e-03
5.370621891078377220e-04
5.370621891078377220e-04
5.370621891078377220e-04
5.416061288525702471e-04
1.715811112621240808e-01
5.478574089894023592e-04
1.763549142072851905e-01
1.763549142072851905e-01
1.750299778201566958e-01
5.524926842063906766e-04
1.728799405283239221e-01
1.763549142072851905e-01
4.364829874425441014e-01
4.364829874425441014e-01
4.364829874425441014e-01
5.563007084869083796e-01
4.863509413460869735e-01
4.440411344112461522e-01
6.300585316737178365e-01
6.300585316737178365e-01
4.947726026680969724e-01
5.659336211879804068e-01
6.193341311345907929e-01
6.300585316737178365e-01
4.444111614886108591e-02
4.444111614886108591e-02
4.444111614886108591e-02
3.474632822117155323e-02
5.832530071887903622e-02
4.504370755426936185e-02
4.629374626407942173e-02
4.629374626407942173e-02
5.911615225405026514e-02
3.521746487501794393e-02
4.567443193278740432e-02
4.629374626407942173e-02
4.397127798427113700e-05
4.397127798427113700e-05
4.397127798427113700e-05
3.830455333746211113e-05
4.697811571615923519e-03
4.190204137324661841e-05
3.913156725582690385e-03
3.913156725582690385e-03
4.476738085892822440e-03
3.650198612158154956e-05
4.106399033018871651e-03
3.913156725582690385e-03
1.918945309717697556e-01
1.918945309717697556e-01
1.918945309717697556e-01
1.726293002102280427e-01
4.233419631517584825e-01
1.846759279258097797e-01
3.679402001248993082e-01
3.679402001248993082e-01
4.074168736288084069e-01
1.661354080393104005e-01
3.823222274913449237e-01
3.679402001248993082e-01
1.604350093909594904e-02
1.604350093909594904e-02
1.604350093909594904e-02
2.399165253666674796e-02
6.648431378337467113e-01
1.537269253746127891e-02
7.901353200224131568e-01
7.901353200224131568e-01
6.370448184818133797e-01
2.298851723896639526e-02
8.246139521688456986e-01
7.901353200224131568e-01
3.909457277811876907e-01
3.909457277811876907e-01
3.909457277811876907e-01
3.486240857629719914e-01
6.533824768362550550e-02
3.699082895149354289e-01
5.485138539942847891e-02
5.485138539942847891e-02
6.182228816701786089e-02
3.298640452734847295e-01
5.797089546953815287e-02
5.485138539942847891e-02
5.842715962955803422e-01
5.842715962955803422e-01
5.842715962955803422e-01
5.852467911914360776e-01
4.760600557395130994e-01
8.213673165314679947e-01
6.730321439391615534e-01
6.730321439391615534e-01
6.692438464743879489e-01
8.227382426894100931e-01
4.787548240391973908e-01
6.730321439391615534e-01
5.911881409059233788e-02
5.911881409059233788e-02
5.911881409059233788e-02
5.959470819506031136e-02
2.596066436669697622e-02
4.952018744857733523e-02
2.192377124667845706e-02
2.192377124667845706e-02
2.174564874996388203e-02
4.991881461357448868e-02
2.617331280991129147e-02
2.192377124667845706e-02
3.309445953669065132e-01
3.309445953669065132e-01
3.309445953669065132e-01
2.603355156954131888e-01
3.085878545333805580e-04
2.129841455331576983e-01
1.520043961753610618e-04
1.520043961753610618e-04
1.985961440066310495e-04
1.675426586158599851e-01
2.361914463647918241e-04
1.520043961753610618e-04
2.365997716927468238e-03
2.365997716927468238e-03
2.365997716927468238e-03
3.125250958608770478e-03
1.263242306167108864e-01
2.563989157674537080e-03
1.772693665811675146e-01
1.772693665811675146e-01
1.368952959402850444e-01
3.386778235479797998e-03
1.635806124050155630e-01
1.772693665811675146e-01
2.752422720375828982e-02
2.752422720375828982e-02
2.752422720375828982e-02
3.057710768599752188e-02
9.638552725893579504e-03
2.152673022550745732e-02
8.391817533733610460e-03
8.391817533733610460e-03
7.538323338150230458e-03
2.391439161434047098e-02
1.072983634910218073e-02
8.391817533733610460e-03
4.561954604761052634e-01
4.561954604761052634e-01
4.561954604761052634e-01
3.099059348312803719e-01
3.185795685989190051e-01
6.263823680112325931e-01
2.962859402217813409e-01
2.962859402217813409e-01
4.374279050710546124e-01
4.255185115559030895e-01
2.157856092935992731e-01
2.962859402217813409e-01
2.963248005004845745e-04
2.963248005004845745e-04
2.963248005004845745e-04
3.334868539259395331e-04
7.130431344767583501e-02
3.911487366606396774e-04
1.053525379075159890e-01
1.053525379075159890e-01
9.412169375093211443e-02
4.402026471822401968e-04
7.981252871781513436e-02
1.053525379075159890e-01
2.062993258359495374e-01
2.062993258359495374e-01
2.062993258359495374e-01
2.257156247816947681e-01
6.584130000723185160e-08
1.663243699646236584e-01
5.912293107284820233e-08
5.912293107284820233e-08
5.308312422728380753e-08
1.819783410869719176e-01
7.333273424915505926e-08
5.912293107284820233e-08
4.194836647436444577e-01
4.194836647436444577e-01
4.194836647436444577e-01
3.660484522196991164e-01
2.708979328294523481e-01
3.864751140752921144e-01
2.172902199947648882e-01
2.172902199947648882e-01
2.495813741805774089e-01
3.372446395860178581e-01
2.358488152968088725e-01
2.172902199947648882e-01
5.426416041355519582e-03
5.426416041355519582e-03
5.426416041355519582e-03
7.779545056491203765e-03
8.644963493239501626e-04
4.886026062133392960e-03
1.126621683432825699e-03
1.126621683432825699e-03
7.784054265696979929e-04
7.004818577836478648e-03
1.251225003259497180e-03
1.126621683432825699e-03
5.809660237636710134e-01
5.809660237636710134e-01
5.809660237636710134e-01
5.985808282873504860e-01
3.178743573503827607e-02
6.921556933835124603e-01
4.185531014694375551e-02
4.185531014694375551e-02
3.787115549294033795e-02
7.131417523614845821e-01
3.513156554502506329e-02
4.185531014694375551e-02
6.518050353875264047e-02
6.518050353875264047e-02
6.518050353875264047e-02
7.337098566055284821e-02
4.664330372899369581e-01
7.473076046750760926e-02
6.035009718412867041e-01
6.035009718412867041e-01
5.347748742554955248e-01
8.412131322986461657e-02
5.263762470053394704e-01
6.035009718412867041e-01
1.774770601238649746e-03
1.774770601238649746e-03
1.774770601238649746e-03
1.617614819308908769e-03
2.213067859279380656e-01
1.986683508849233955e-03
2.277076182070842392e-01
2.277076182070842392e-01
2.477314767850052335e-01
1.810762857435345430e-03
2.034188055983286170e-01
2.277076182070842392e-01
1.932614856116709190e-01
1.932614856116709190e-01
1.932614856116709190e-01
2.909003458672983489e-01
3.216646782150736194e-03
2.107644126104637472e-01
5.465904259996976801e-03
5.465904259996976801e-03
3.507965736005897762e-03
3.172460375684876821e-01
5.011988335291344375e-03
5.465904259996976801e-03
6.814662543954211338e-02
6.814662543954211338e-02
6.814662543954211338e-02
6.290252917831240520e-02
8.664915956559904320e-02
5.896862874734789400e-02
6.925853651640567765e-02
6.925853651640567765e-02
7.497923908538367543e-02
5.443080807685618527e-02
8.003807527382288123e-02
6.925853651640567765e-02
5.300842103942675632e-01
5.300842103942675632e-01
5.300842103942675632e-01
4.818811420872943230e-01
5.868121354787584343e-01
4.390826292107022910e-01
4.417986089736287147e-01
4.417986089736287147e-01
4.860718547098727971e-01
3.991547657632952273e-01
5.333630875173860364e-01
4.417986089736287147e-01
3.365336387065472890e-01
3.365336387065472890e-01
3.365336387065472890e-01
3.989149376851048312e-01
1.756673413430095629e-02
4.122199188975779194e-01
2.570800953966170116e-02
2.570800953966170116e-02
2.151748558619193466e-02
4.886307469636825829e-01
2.098785041106808122e-02
2.570800953966170116e-02
2.034002410179367934e-02
2.034002410179367934e-02
2.034002410179367934e-02
1.409992830550958233e-02
6.113685104628349132e-01
1.566116871735551141e-02
3.319801876487132319e-01
3.319801876487132319e-01
4.707342205161123561e-01
1.085649431829970903e-02
4.311609905977064061e-01
3.319801876487132319e-01
1.283034937624291660e-01
1.283034937624291660e-01
1.283034937624291660e-01
1.171930112636019594e-01
1.541242101629332617e-01
9.542857721120173720e-02
1.047355724024651019e-01
1.047355724024651019e-01
1.146333093382670559e-01
8.716490873342636059e-02
1.408167265315440064e-01
1.047355724024651019e-01
1.606325477088695197e-05
1.606325477088695197e-05
1.606325477088695197e-05
1.471901582792945936e-05
1.240323093079087342e-04
2.020861084079326106e-05
1.431334867999298341e-04
1.431334867999298341e-04
1.560406471938206472e-04
1.851747152545964083e-05
1.137727715589186104e-04
1.431334867999298341e-04
6.523186958605948771e-01
6.523186958605948771e-01
6.523186958605948771e-01
7.074258508334768658e-01
6.026593649123577166e-03
4.920219514852950948e-01
4.932134159460118197e-03
4.932134159460118197e-03
4.545655960601742256e-03
5.335874164989705681e-01
6.538983297383776407e-03
4.932134159460118197e-03
6.033317608547902194e-02
6.033317608547902194e-02
6.033317608547902194e-02
6.448765034953192476e-02
2.939193710315806118e-01
7.508714054306342423e-02
3.893758161734388046e-01
3.893758161734388046e-01
3.657948504104823750e-01
8.025755611186288774e-02
3.128668838726929025e-01
3.893758161734388046e-01
1.946028206833052276e-01
1.946028206833052276e-01
1.946028206833052276e-01
2.089296420196929127e-01
5.333100859589391396e-01
3.131426099320190337e-01
8.789733808040497420e-01
8.789733808040497420e-01
8.581690215684449896e-01
3.361964290367647212e-01
5.462389779760182806e-01
8.789733808040497420e-01
4.827278295236603345e-03
4.827278295236603345e-03
4.827278295236603345e-03
3.021911544898035068e-03
9.645888253464750262e-02
4.679315742125900526e-03
5.983465686284571844e-02
5.983465686284571844e-02
9.350228843396864165e-02
2.929285903675106321e-03
6.172666182293571474e-02
5.983465686284571844e-02
1.417522306547800868e-04
1.417522306547800868e-04
1.417522306547800868e-04
1.338044528288507326e-04
6.150236914472271277e-01
1.376583034156528751e-04
5.695662399971773704e-01
5.695662399971773704e-01
5.972612743657187417e-01
1.299400642994976308e-04
5.865050129338964524e-01
5.695662399971773704e-01
1.040255006396609699e-01
1.040255006396609699e-01
1.040255006396609699e-01
9.776281004335862779e-02
2.093588729021262848e-02
1.001184395827723200e-01
1.892509281283934544e-02
1.892509281283934544e-02
2.014956288494642797e-02
9.409096741262217012e-02
1.966363302016965742e-02
1.892509281283934544e-02
2.562362724244482068e-02
2.562362724244482068e-02
2.562362724244482068e-02
1.901639604799098063e-02
5.080548861731879699e-04
2.478693737330376137e-02
3.575372584333512188e-04
3.575372584333512188e-04
4.914653388695737436e-04
1.839545250356678166e-02
3.696060266505107081e-04
3.575372584333512188e-04
5.460053439396850283e-01
5.460053439396850283e-01
5.460053439396850283e-01
6.475534752316843834e-01
2.046005759961116999e-01
5.318692832551623617e-01
2.381775866529254604e-01
2.381775866529254604e-01
1.993034737049501903e-01
6.307883367143591880e-01
2.445078879593155785e-01
2.381775866529254604e-01
1.106722416589878272e-01
1.106722416589878272e-01
1.106722416589878272e-01
9.979534783293393663e-02
4.487261099303875289e-01
1.144080135293333994e-01
4.215065723035861245e-01
4.215065723035861245e-01
4.638729828394301258e-01
1.031639671690667281e-01
4.077430923916322558e-01
4.215065723035861245e-01
6.071589765020060502e-08
6.071589765020060502e-08
6.071589765020060502e-08
5.294671524511531018e-08
1.693200359214729056e-02
6.232960921565444350e-08
1.526072331049947370e-02
1.526072331049947370e-02
1.738202362117446595e-02
5.435393691275957157e-08
1.486562367786518381e-02
1.526072331049947370e-02
4.052828452813150295e-01
4.052828452813150295e-01
4.052828452813150295e-01
3.628637149895244662e-01
1.722445652560210803e-05
4.173358667023207014e-01
1.559630707517041415e-05
1.559630707517041415e-05
1.773670802078730423e-05
3.736552009371682526e-01
1.514587221379365040e-05
1.559630707517041415e-05
6.799451194708801792e-03
6.799451194708801792e-03
6.799451194708801792e-03
1.010971514453756943e-02
8.044010874600586447e-02
7.064795631575485936e-03
1.215023393316921330e-01
1.215023393316921330e-01
8.357923494097194150e-02
1.050424061359269377e-02
1.169388711877788201e-01
1.215023393316921330e-01
2.993234730264207263e-02
2.993234730264207263e-02
2.993234730264207263e-02
3.018996875487621120e-02
1.672958952654015783e-03
3.968406226096889838e-02
2.237714593211044545e-03
2.237714593211044545e-03
2.217995353518672618e-03
4.002561468406665851e-02
1.687832508872494277e-03
2.237714593211044545e-03
7.246486322425571558e-01
7.246486322425571558e-01
7.246486322425571558e-01
7.291874343482597221e-01
2.990810187772616757e-01
5.822615325738441650e-01
2.419044810690544056e-01
2.419044810690544056e-01
2.403142221052383121e-01
5.859084998798297361e-01
3.010601620291725178e-01
2.419044810690544056e-01
9.992319985707145621e-04
9.992319985707145621e-04
9.992319985707145621e-04
1.340564780174054085e-03
6.137960444898495904e-01
6.209738287647657232e-04
5.031772050132813368e-01
5.031772050132813368e-01
3.814442295410106487e-01
8.330954627580085129e-04
8.096810862396456310e-01
5.031772050132813368e-01
2.032844668615476080e-01
2.032844668615476080e-01
2.032844668615476080e-01
1.566412522188481982e-01
5.077824212825849531e-02
2.097124341931380642e-01
4.018998203887687304e-02
4.018998203887687304e-02
5.238387824298604278e-02
1.615943352929620491e-01
3.895810519477336392e-02
4.018998203887687304e-02
