2.144516127108823333e+00
2.279784586653379019e+00
2.191215774425204987e+00
2.178108627210764592e+00
2.016884328556687755e+00
2.170200358952850461e+00
2.142458786451107766e+00
2.243374742075048722e+00
2.254475140681268641e+00
2.342598947630398776e+00
2.260004086048218230e+00
2.278207125107701625e+00
1.198734545466168422e+00
1.503787065026573666e+00
9.237578639693436733e-01
1.163039084850861826e+00
5.822358153839570782e-01
1.150997393393454749e+00
3.625731918340760473e-01
7.601693658155695976e-01
5.668040286707849429e-01
1.141375254602891909e+00
5.771781315341126817e-01
5.438483018023637650e-01
2.046632709190297827e+00
2.011699051927833715e+00
2.196487950544423029e+00
2.027863050568741610e+00
1.797331129717971043e+00
2.016205580368536587e+00
1.958608336154687768e+00
1.682868957701106893e+00
1.938808807562308223e+00
2.132417483113464129e+00
1.953724074511636655e+00
1.918832142053699341e+00
1.279790864673571379e-02
1.158880052974419275e-02
1.110592800103716096e-02
1.177075656968806089e-02
2.370334541478228196e+00
1.400485795398318835e-02
2.335520750657928080e+00
2.341969566275017733e+00
2.350354898218482536e+00
1.011994165720191304e-02
2.303712942532058605e+00
2.319488442230725145e+00
1.876875727015367423e-01
1.713928834807746659e-01
2.984818334266882700e-01
1.810079903899006748e-01
8.678033246945286994e-01
1.886345076622635009e-01
1.149924178858531487e+00
7.904741264294382619e-01
1.118836001366454225e+00
2.657113664490989846e-01
1.086380955614346666e+00
1.089725229889776159e+00
2.309528803674958386e+00
2.293149201661457859e+00
2.280645775727746294e+00
2.325970062097253876e+00
2.393068677395806976e+00
2.310407837172576251e+00
2.388403742017156439e+00
2.395047510283588643e+00
2.365829805914604123e+00
2.283187555402681479e+00
2.377870919229329250e+00
2.378451150046034357e+00
1.727055189566662374e+00
1.676328763806918642e+00
1.816954163499616914e+00
1.744353680223944103e+00
2.132578590646142747e+00
1.686374581568633513e+00
2.172009382088967211e+00
2.087903463203572230e+00
2.134433003945529261e+00
1.747476086129856609e+00
2.166787626045871384e+00
2.144486370562467492e+00
2.316583922619367630e+00
2.298459408445919561e+00
2.213091957009973854e+00
2.325036512625212382e+00
3.251050839197840853e-02
2.302209040863269607e+00
1.856980096623293136e-02
2.735797850462354242e-02
1.661228208988334287e-02
2.177286644873812183e+00
1.817985215573917832e-02
1.676354245641733381e-02
1.972780080536818970e+00
1.929366092327507110e+00
2.118309281127916499e+00
1.919006680358465777e+00
5.867538384923575157e-01
1.966504487070203089e+00
7.169943171947331662e-01
4.919462167720664580e-01
7.207854473487885771e-01
2.033854117494056979e+00
6.739443925963025661e-01
6.665766885864689018e-01
1.327492476747547112e-01
1.216082346519099938e-01
1.078301388804181471e-01
1.393873917987216715e-01
2.348930748081476949e+00
1.307118632687576387e-01
2.323769743572639879e+00
2.343328800201874618e+00
2.295265549635362223e+00
1.020891705729682353e-01
2.310896734740303771e+00
2.308022959083631864e+00
2.404459219435056916e+00
2.395962795843238347e+00
2.411985261618869725e+00
2.412890954124767173e+00
2.113952027877688433e+00
2.410754577886743188e+00
2.189778544210116085e+00
2.139353275861432646e+00
2.135385058031605610e+00
2.418368067824876011e+00
2.143770767871472138e+00
2.164849081326178482e+00
1.447003044645422065e+00
1.387919615321140610e+00
1.116132338777868993e+00
1.471649093870696090e+00
3.818460742748001641e-03
1.486466175090816577e+00
2.446501706241986998e-03
3.783728230999394183e-03
2.173033736213952644e-03
1.121731219462067886e+00
2.081484760549788277e-03
2.221382604079676516e-03
4.952424175631192083e-01
3.474882880913932048e-01
5.965676213951764950e-01
5.249235357932566792e-01
2.084664728124080657e+00
4.562443226611797020e-01
2.154648801143524750e+00
1.906679086929926603e+00
1.975479141851995024e+00
4.156717646711401426e-01
2.046980233500181878e+00
2.008191435984521434e+00
2.376667294902524485e+00
2.322365848296256363e+00
2.324804438756798763e+00
2.357762268607232592e+00
3.238886398664565514e-01
2.384540021856478287e+00
2.196417258986798626e-01
2.166802543950028248e-01
1.733437300710442552e-01
2.231110097030435391e+00
1.436400308510565327e-01
1.533106974653043741e-01
1.323116820468706425e-04
1.621443057218728914e-04
2.299797730956638225e-04
1.317620842174660120e-04
1.352891193542331116e+00
1.413999493150905188e-04
1.709079075198244979e+00
1.509294432875457392e+00
1.821463554888683722e+00
2.998819311344286731e-04
1.781081861478663653e+00
1.814623225469441214e+00
1.669176848871096963e+00
1.787537863833048801e+00
1.631811606567760808e+00
1.652242461841523236e+00
2.313271123988029476e+00
1.614443898587581305e+00
2.276624083176136626e+00
2.328823486758921035e+00
2.323153997723097941e+00
1.684781828395137460e+00
2.333657597674462902e+00
2.317924308312389492e+00
1.250437393656971041e+00
1.575049757852968524e+00
1.258331870937711594e+00
1.232011619621204535e+00
2.024675668723787236e+00
1.326193353584750101e+00
2.060485950059641524e+00
2.218386152753840435e+00
2.230804386014839658e+00
1.635033831584256969e+00
2.190027595795926096e+00
2.221506717078129522e+00
2.416208322519123541e+00
2.332738153375391921e+00
2.416930175380720414e+00
2.402685606563982557e+00
7.621596113334934142e-01
2.412280309298002745e+00
7.125263701062023447e-01
4.010602078096801026e-01
4.237925298755914616e-01
2.299859519140611486e+00
4.204347914438917866e-01
4.041039008305971625e-01
5.943839631863473416e-01
3.366474697236030433e-01
5.991290982330521597e-01
6.409957417049499950e-01
2.413693656918148960e-04
5.366849276518207423e-01
2.310693588555988887e-04
1.140887839105534908e-04
1.066518623484873427e-04
3.305170653332371589e-01
1.315500464940991244e-04
1.152899748088728776e-04
2.251090297403629314e+00
2.343850662423674347e+00
2.252841741747824589e+00
2.240688885248404816e+00
1.866133187392313930e+00
2.259238135014944415e+00
1.867777662463418586e+00
2.073748019041189217e+00
2.090823143059901579e+00
2.343726651906997471e+00
2.063372078356151107e+00
2.076508702945433882e+00
2.107058158377946633e+00
2.170699394176976771e+00
2.052180880338555280e+00
2.105239395641491207e+00
1.050427422993695237e-01
2.105309647413530882e+00
8.939405206473123588e-02
1.266038142015513679e-01
1.095785641110892938e-01
2.119701823023193210e+00
1.095609325705324127e-01
1.090101644735086278e-01
1.063189522583950775e-01
4.035642431775819661e-02
9.497332721681712997e-02
1.061484750898512436e-01
2.335420484395152485e+00
1.058252870035891330e-01
2.315128107559616844e+00
2.096976261003100639e+00
2.056411000082959628e+00
3.569852166136726346e-02
2.057249763906375595e+00
2.055476194950274671e+00
2.363292406764129439e+00
2.302406663604844361e+00
2.336761249081861891e+00
2.350635880615439710e+00
2.376617915058511610e+00
2.362637419741889566e+00
2.338033158354488439e+00
2.303923792949491567e+00
2.286207684329295553e+00
2.243243730393035040e+00
2.268005779347078477e+00
2.266939281376278981e+00
1.010358687184490734e+00
1.508415556164012683e+00
9.303338779542705828e-01
1.052546741528129992e+00
1.177357527872003873e+00
1.007048032611541410e+00
1.134409313453053736e+00
1.701815248599848784e+00
1.586170658203472694e+00
1.466059089964921736e+00
1.630184365673200020e+00
1.627061070430023015e+00
1.910476801605510413e-03
4.322928170620906480e-03
1.931501108106689580e-03
2.013331399714919732e-03
1.888385112362458151e-01
1.940266045844225937e-03
2.037237118936645053e-01
4.145016800527975276e-01
3.991759215072142042e-01
4.676988441051689940e-03
4.129190118415585475e-01
4.182844003358014429e-01
2.043076878052554335e+00
1.875416933287522570e+00
2.046086962935679043e+00
2.054004983086787473e+00
2.269890469611280270e+00
2.049345620471668905e+00
2.281801647062772442e+00
2.186165667164619464e+00
2.179147710688594142e+00
1.900609161896427812e+00
2.183747031694077023e+00
2.188380214882284402e+00
9.328846213909552931e-01
4.454407376973515409e-01
9.406189050702905563e-01
8.608505279703088098e-01
2.402605278712204306e+00
9.423485610784930744e-01
2.372375259580240314e+00
2.174532540011890447e+00
2.256170720962197951e+00
4.114310830700880772e-01
2.173727398961772472e+00
2.178282039796502367e+00
2.291973140376598383e+00
2.328459087262080729e+00
2.293738388094357816e+00
2.300147812760535704e+00
1.620142825364822681e+00
2.294791609997959281e+00
1.655581538076484005e+00
1.763219520385315153e+00
1.747900961466201553e+00
2.338980284321352965e+00
1.760313223582020248e+00
1.768034503241346478e+00
2.267044437461965600e+00
2.389682478937050103e+00
2.269562220157200549e+00
2.265730038289396120e+00
2.220022312366964456e+00
2.243091685713284988e+00
2.194515244187422276e+00
2.351190239636384405e+00
2.353161465251126572e+00
2.378324860984597500e+00
2.367178181792617853e+00
2.352853020451991295e+00
1.753789916973581553e+00
1.535216052896518413e+00
1.758304709880763150e+00
1.752475925569852544e+00
1.269723666142945850e+00
1.783173796387751198e+00
1.309094047905259961e+00
1.061435399584108596e+00
1.068168603644444437e+00
1.572219932002086429e+00
1.032142705998544630e+00
1.066719803901560404e+00
2.151635877457296786e+00
2.010669929101556175e+00
2.154632310643660897e+00
2.177551860875505785e+00
1.431544673626381284e-02
2.191417991728850101e+00
1.766344513691722740e-02
1.166195990857060889e-02
1.107550061031885996e-02
2.097939368982061570e+00
1.025105162125788776e-02
1.177934170094544625e-02
1.425053437518151722e-01
3.054350944785316213e-01
1.435345464608379362e-01
1.330558021669277224e-01
1.908619933738542551e+00
1.390766130631309883e-01
1.857218288989266108e+00
2.171138557333959884e+00
2.198678236108635442e+00
2.819059013675380143e-01
2.180560392213497067e+00
2.173300384658177542e+00
6.264707536636479057e-01
1.023494252936217430e+00
7.217935691116481589e-01
6.122887997976267371e-01
2.620517461444535900e-01
6.601327557866776274e-01
3.227852654874584504e-01
5.050773870755719264e-01
5.998165511883115641e-01
1.166234864552071926e+00
5.559207143342673740e-01
5.869795466830882713e-01
2.348951876525700033e+00
2.253854680021091017e+00
2.367776701852296828e+00
2.369835282235666529e+00
2.289205606720565278e+00
2.335565651366241280e+00
2.325578949183810362e+00
2.180210200220775718e+00
2.176564137016959943e+00
2.296448511521599123e+00
2.239602569698661672e+00
2.217690253121880062e+00
3.906937486693289746e-02
2.367601042507607931e-02
3.306090450763757987e-02
3.738654130591890362e-02
1.981348179318513703e+00
3.559886269991991564e-02
1.840496886480900596e+00
1.664148550273707228e+00
1.596321082172525996e+00
1.742778273636887837e-02
1.621722738437814115e+00
1.567195574157938420e+00
2.001447795001023433e+00
2.223477875496910450e+00
1.949821256413694526e+00
1.990886183263144371e+00
3.203123369100679445e-06
2.030109474430880745e+00
3.017545317468080436e-06
6.846444153865487861e-06
6.096900613756674458e-06
2.203908428943592401e+00
5.617636639291153004e-06
6.045646014864040973e-06
2.124274954830634332e+00
2.233696943930470802e+00
2.060732272906950602e+00
2.139017477602522810e+00
1.962500023502921298e+00
2.134637746069121267e+00
1.915022684509685158e+00
2.135205015032035192e+00
2.057213982727480239e+00
2.207266595121957664e+00
2.061503301954248801e+00
2.073249581522126572e+00
6.425981483143273776e-01
3.341054056856227472e-01
5.810646027251211709e-01
6.054178617767097537e-01
1.305939803359031925e-01
6.571174788358408181e-01
1.107702563605123952e-01
5.768320248359897623e-02
5.419876784507141054e-02
2.846253373267148001e-01
4.913768914143203798e-02
5.061333298058811464e-02
2.358796419110932518e+00
2.328592901725475173e+00
2.384454053122745609e+00
2.345550791690216741e+00
1.193839660606028641e+00
2.351940112202450361e+00
1.278730399038960464e+00
1.020082743724704866e+00
1.165480274736198085e+00
2.338821363853500479e+00
1.181165110524367012e+00
1.149857302956724503e+00
1.511845976989248275e+00
2.014179862680574029e+00
1.600919031194900644e+00
1.474154703563193891e+00
2.290768660720448935e+00
1.478958466254063575e+00
2.297722689213952840e+00
2.408920658958547900e+00
2.425749228947198244e+00
2.027228687114972061e+00
2.425358218118158771e+00
2.421291169177013369e+00
1.000695191495509923e-01
1.941547766084631421e-01
7.774304216798537392e-02
1.022035132004445318e-01
2.096737057430435591e+00
9.726486632462022497e-02
2.000547429867166382e+00
2.282764909160528877e+00
2.217662053281792556e+00
1.512386702934866156e-01
2.232348878647834489e+00
2.225193028922684224e+00
2.296459110195518960e+00
2.177915783268430605e+00
2.257757908776531153e+00
2.264928583360314107e+00
3.952452097161490707e-01
2.290370176530700075e+00
2.930723686852623744e-01
2.196965791236162036e-01
2.064143076649933017e-01
2.054968490761547084e+00
1.897951652440065529e-01
1.842360087616894682e-01
1.576545877297807596e+00
8.919584821949350095e-01
1.634843719087239355e+00
1.587129645960387192e+00
1.711544848444567890e+00
1.607512533386489917e+00
1.802328735849973995e+00
1.078183138916296580e+00
1.129600081619529517e+00
9.941488961184536954e-01
1.108193841269356827e+00
1.141330977834684290e+00
2.377658109476251447e+00
2.388228383745242933e+00
2.386054730053914330e+00
2.382495895453112134e+00
2.388959758735542227e+00
2.383272049464967512e+00
2.405316215285463244e+00
2.407136731557852016e+00
2.409989432804709342e+00
2.404700912564648352e+00
2.409369857742823307e+00
2.413581520540529990e+00
2.187823805123166210e+00
2.332783373736849963e+00
2.257567089610681421e+00
2.168270820392052656e+00
6.696064007374733507e-01
2.166750732555487335e+00
7.442801641299396920e-01
9.710209881977323043e-01
1.182227950742029021e+00
2.353194555926687581e+00
1.190431438217385729e+00
1.143767114710387389e+00
9.031725624888035098e-01
6.378105356720027430e-01
1.026148817377293909e+00
9.808070800676754741e-01
2.361115771682544384e+00
9.595294528779773069e-01
2.409951005925239365e+00
2.323516048240996668e+00
2.332873791251843354e+00
8.661135932346605282e-01
2.340958547603360973e+00
2.354733267562156840e+00
1.889049283949284064e+00
1.616620604187881227e+00
1.851874261625705120e+00
1.904874703557546622e+00
1.969691374196894884e+00
1.930732690788881323e+00
1.989636793536794901e+00
1.785083321518497801e+00
1.725403415031180776e+00
1.643709043487111776e+00
1.694262753078235706e+00
1.743916732977568440e+00
7.311339496304966558e-04
1.497931958148838137e-03
6.897489867710254697e-04
7.343107098481760700e-04
5.634370055498059797e-03
6.804123166759593576e-04
4.974567284136110525e-03
1.078163935619897568e-02
1.012212500513240063e-02
1.321253816356998808e-03
1.093215372334064260e-02
1.017662887433034777e-02
2.276119696926900193e+00
2.348245736477435397e+00
2.335391296993846399e+00
2.268365830661410065e+00
2.146559293499059051e-01
2.294543920870195652e+00
3.046304010661495809e-01
3.286221129961241494e-01
4.487878555149922288e-01
2.395007753325557598e+00
4.025909174448953909e-01
4.353391455960674006e-01
1.736313226689598199e+00
1.923712985266783804e+00
1.603038329264511841e+00
1.727378840052265385e+00
2.292978628729003265e+00
1.697029892541085827e+00
2.219910459925497292e+00
2.341809098554687107e+00
2.305951500613622418e+00
1.764424771945327208e+00
2.315079868530516283e+00
2.302175811906428837e+00
2.242977889051555707e+00
2.192735230509220035e+00
2.319539330997810733e+00
2.236715890540622365e+00
2.399662119387353076e+00
2.204509475206680946e+00
2.413695181106987775e+00
2.348736982634775039e+00
2.402446413154459393e+00
2.243538564367917765e+00
2.409921188467498254e+00
2.395272477987366422e+00
1.962974195722740345e-01
1.600891037331197420e-01
1.510322925401127447e-01
2.248466671646865978e-01
1.574985569855271272e+00
1.981924188426617828e-01
1.515446451288239738e+00
1.552254150061483484e+00
1.275439248866760744e+00
1.425198010902283263e-01
1.374911924576799116e+00
1.381362370567830844e+00
5.636677588580284864e-03
4.548617716519323499e-03
7.007068751967944487e-03
5.676954627900519454e-03
2.268614917083467297e+00
5.696906053795912014e-03
2.315379430722826815e+00
2.226270921728847885e+00
2.271606635008785791e+00
5.758712628853626322e-03
2.272994381212690929e+00
2.275183433072099248e+00
2.225824036220240831e+00
2.173860931174282918e+00
2.094531822197929216e+00
2.233080695646632918e+00
1.550820259877687013e+00
2.228211032683794723e+00
1.298827799703941022e+00
1.456257834243777305e+00
1.157404110207658432e+00
2.038250508691535234e+00
1.169633030124977990e+00
1.175744568052585759e+00
1.007138402599788485e+00
8.864622021765098392e-01
1.121227742702771035e+00
1.047620852977161121e+00
3.299961339855345815e-02
1.013289154174187523e+00
4.196545211826819416e-02
2.850645316925607894e-02
3.273227785791429922e-02
1.042607685891553837e+00
3.394075577525978299e-02
3.428453291099173988e-02
2.271118579381094182e+00
2.220013480123277816e+00
2.176771419102959904e+00
2.257907262707847806e+00
1.970143148777156128e+00
2.273421623235221123e+00
1.768329482480099468e+00
1.849894421651327114e+00
1.676587289170972994e+00
2.090655655925076850e+00
1.640043253294276804e+00
1.646309388245698724e+00
1.329026041371419886e+00
1.392046642634676701e+00
1.575697077504096599e+00
1.345221432046738608e+00
2.053715846401697132e+00
1.322663813360266172e+00
2.190452321817982551e+00
2.097767473045324405e+00
2.208234079046225595e+00
1.642636812847198202e+00
2.219366956944036406e+00
2.216811432268836590e+00
4.059712260449160681e-06
4.452553613839432223e-06
3.027835485936063647e-06
4.234396126999981039e-06
7.792535183479294414e-01
4.014791588350796640e-06
6.491799577813405220e-01
8.507016363349914068e-01
6.703135820289554125e-01
3.425556205515835999e-06
7.001654033512507702e-01
6.945704964563310657e-01
2.311408763290903057e+00
2.326307712998362920e+00
2.363248811019874829e+00
2.318219515020628396e+00
1.301536653426100610e-03
2.309542912456770569e+00
1.855121706685802481e-03
1.437981204677773496e-03
1.983725616585541723e-03
2.377705486036635563e+00
2.048859225063826613e-03
2.027167062170163840e-03
5.934889130629037446e-01
6.381808678575069393e-01
4.878446026645941180e-01
5.479164458305382235e-01
1.966125505009091112e+00
5.890576628921549984e-01
1.786512365268048352e+00
1.949341795848324121e+00
1.894365737100606628e+00
4.812581075144273801e-01
1.839447760582413771e+00
1.834665939837091697e+00
1.090476108745353168e+00
9.561114028878748838e-01
1.289900114048474711e+00
1.088426156877036366e+00
1.036200735558619052e-01
1.033105153601738380e+00
1.282406337170620692e-01
7.614125232250759656e-02
1.041135994965402267e-01
1.091473797592054096e+00
1.135695781920490061e-01
1.038093420350967022e-01
2.398132518741025176e+00
2.376320220520842241e+00
2.372847684585586148e+00
2.397900009616063866e+00
2.266709584614996054e+00
2.405035520000197380e+00
2.230282167878228083e+00
2.237216989286484381e+00
2.177913966184389150e+00
2.355863205548835104e+00
2.156256983150452555e+00
2.177345308038435956e+00
5.477447130123641594e-02
7.992809382830450005e-02
7.866104559240796879e-02
4.946291818072906521e-02
2.330622794105877027e+00
6.383402682143451967e-02
2.384692693635385385e+00
2.386494281005829610e+00
2.429392374367797203e+00
1.201166359633452640e-01
2.407615410478056273e+00
2.420594892881602789e+00
1.891254706042575062e+00
2.065062483324823006e+00
1.757483631753146147e+00
1.941634461698000580e+00
1.092379377617611391e+00
1.886438514930422139e+00
9.867295146692628416e-01
1.416803858069909161e+00
1.181284727812986990e+00
2.001384306727987727e+00
1.255448553276342860e+00
1.248929624120671322e+00
