1.508166959634000115e+01
2.588130131319392646e+01
1.774067125956891644e+01
1.691648807124851928e+01
1.043686040307505003e+01
1.645089994687554125e+01
1.498050228381669058e+01
2.185457854202246608e+01
2.295567083244504047e+01
3.720748547045327115e+01
2.354211003882218023e+01
2.567944446157239113e+01
2.303016923429366258e+00
3.773759133800763887e+00
1.465126840054505220e+00
2.174781386038358022e+00
7.590034010105979334e-01
2.133052574836793003e+00
4.240767338194748048e-01
1.092303685887088260e+00
7.329883222871933501e-01
2.100240074512413013e+00
7.504310994686821390e-01
6.950487305042037933e-01
1.128573206910817284e+01
1.029948364768750757e+01
1.809226317772523629e+01
1.073768454794488036e+01
6.394659012703165502e+00
1.041871039926631681e+01
9.044322562354349060e+00
5.148711989225655650e+00
8.637024394220027546e+00
1.450298494318549025e+01
8.941104592724975930e+00
8.254207953079012228e+00
1.286376033860248992e-02
1.164277082924565325e-02
1.115548480546361791e-02
1.182643902362138372e-02
4.570096324226985729e+01
1.408375434561081642e-02
3.549871427551145331e+01
3.704934408948570024e+01
3.926548330412458654e+01
1.016107344537862424e-02
2.934112126710536117e+01
3.212382174989917161e+01
2.029219435117783354e-01
1.840079443467590448e-01
3.389500004572738034e-01
1.951364964171806160e-01
1.329195399402642863e+00
2.040292938174360360e-01
2.129369626600467136e+00
1.155984443772168246e+00
2.025168630360648869e+00
2.973109231044270828e-01
1.921276032480304208e+00
1.931760485590701570e+00
3.031336034312660388e+01
2.771501512298226189e+01
2.599272687013651506e+01
3.341336108786469339e+01
5.594872996787305652e+01
3.046549765977968605e+01
5.350546212724127315e+01
5.705075498340195850e+01
4.408262621295785522e+01
2.632675859131616392e+01
4.867536266187078553e+01
4.891965557359912964e+01
5.585958939935244061e+00
5.087978947628204018e+00
6.650191196570590435e+00
5.771065227780447060e+00
1.451044043947023354e+01
5.181667581194454364e+00
1.655542310876496614e+01
1.266634924570465159e+01
1.459672937506846147e+01
5.805383901831069338e+00
1.625680643498671785e+01
1.508019800784654585e+01
3.157552974230141629e+01
2.851112263195327046e+01
1.928398324029303268e+01
3.322173882549527946e+01
3.293885192069435919e-02
2.909901760565032447e+01
1.870876820700391116e-02
2.766067456064494681e-02
1.672340767621188079e-02
1.686703238561698726e+01
1.831302337875935493e-02
1.687670781964097436e-02
9.354635550120701026e+00
8.452731542877570448e+00
1.387451394801812832e+01
8.257438663591130990e+00
7.666993540836298804e-01
9.215187566764862837e+00
1.005316926509538966e+00
6.124664350140887059e-01
1.012786015990517541e+00
1.090781981469141471e+01
9.226778060095918166e-01
9.089236026901941212e-01
1.401934792336226032e-01
1.278261180765903060e-01
1.126907213331744123e-01
1.476178167845708378e-01
3.887175448099025488e+01
1.379231394889485485e-01
3.296496570284554650e+01
3.739246273758842420e+01
2.802734890912878640e+01
1.064355368432965271e-01
3.055072491168705184e+01
3.005597633012126835e+01
6.291709166539181552e+01
5.757466320012409966e+01
6.851083426432067824e+01
6.924915001309904028e+01
1.368969778714395957e+01
6.753160332491279405e+01
1.764689791228749982e+01
1.482997856816421312e+01
1.464137102077887498e+01
7.406317611828627889e+01
1.504488244172222267e+01
1.614831528653118653e+01
3.435439763826690474e+00
3.120097329389404539e+00
2.016327807299475250e+00
3.577691926703208569e+00
3.824301921450191325e-03
3.666543085584760497e+00
2.448898199691570705e-03
3.789463551086830542e-03
2.174924209686495986e-03
2.034674287232025591e+00
2.083219236186991275e-03
2.223358175749375922e-03
6.175839187513233464e-01
4.035846659613287479e-01
7.835419163044398116e-01
6.644344476102137520e-01
1.254808385709936580e+01
5.580954804432111116e-01
1.559751933884972530e+01
8.033928372185750177e+00
9.415636724281467806e+00
4.985680249703528522e-01
1.129630749512230814e+01
1.020819676048441771e+01
4.817593380896278177e+01
3.268467558211267487e+01
3.317441980635531706e+01
4.144052083649732054e+01
3.720956631633274836e-01
5.163131113043321108e+01
2.407973874031261452e-01
2.372425662372467658e-01
1.862584219158609222e-01
2.074371399214434319e+01
1.523961032394125226e-01
1.633265823683082985e-01
1.323186849699804779e-04
1.621548227143322543e-04
2.300009313204625966e-04
1.317690290822288719e-04
2.948480531938658888e+00
1.414079473457254899e-04
5.402180615042605716e+00
3.808635186274576867e+00
6.711001185020601056e+00
2.999179071188960797e-04
6.193618459613409399e+00
6.619071775201118335e+00
5.022659896402317692e+00
6.272396009176043563e+00
4.698898358099051542e+00
4.872390947506557879e+00
3.097098817003188387e+01
4.557712086260324647e+00
2.547973966427304404e+01
3.401201839353807088e+01
3.284148309563634172e+01
5.166659328380849736e+00
3.507310170240634761e+01
3.182638339621525958e+01
2.501750187044453622e+00
4.257120237616512703e+00
2.533551118622992870e+00
2.429067250705318592e+00
1.064891662124508720e+01
2.824556662792125472e+00
1.172025075386808268e+01
1.969351094101867261e+01
2.071731735326318002e+01
4.725716135750593239e+00
1.766308521414452315e+01
1.994219298371155702e+01
7.208974671352555674e+01
3.486656103066412982e+01
7.273791013938715366e+01
6.172482614670192902e+01
1.096417738222668081e+00
6.874968122872900267e+01
9.965550794566643278e-01
4.776937972469891824e-01
5.102964611843407994e-01
2.872806527276726740e+01
5.054359316481950026e-01
4.820180506451898217e-01
7.797792835803984968e-01
3.890344557950893289e-01
7.879665811025537980e-01
8.620148916345501400e-01
2.413926716102266022e-04
6.833912386384456417e-01
2.310907180492217646e-04
1.140939906484113325e-04
1.066564123904924856e-04
3.808707826779992867e-01
1.315569690242558416e-04
1.152952917653861565e-04
2.260950732256078766e+01
3.752578619294502715e+01
2.278744151297233245e+01
2.160232205429041130e+01
7.360115525354473220e+00
2.345926061790535400e+01
7.385762696004652739e+00
1.216268845470525584e+01
1.277456867120656980e+01
3.749402378120449697e+01
1.181424718893272896e+01
1.225827258663758457e+01
1.340566169843396693e+01
1.647961889374401778e+01
1.145652781579548218e+01
1.333238026032594092e+01
1.096499133352172861e-01
1.333519829923063682e+01
9.270910924004294174e-02
1.333572276713672622e-01
1.146017209203332582e-01
1.393447268058076283e+01
1.145824359877404969e-01
1.139801629996314708e-01
1.110412688009385224e-01
4.101856943496819813e-02
9.872377746533533838e-02
1.108553245525904507e-01
3.547556443783766866e+01
1.105028868916006352e-01
3.130719436306675263e+01
1.300777136740344631e+01
1.158961899679403373e+01
3.621565986868850034e-02
1.161631093671142523e+01
1.155998942913949179e+01
4.321801647635233223e+01
2.913062132571605645e+01
3.578747748219588942e+01
3.934405214419962959e+01
4.815565234177994114e+01
4.300001891531145759e+01
3.608814518146285621e+01
2.937536159545363645e+01
2.673397868811441924e+01
2.184215144801457953e+01
2.444032628231030557e+01
2.431704594797330543e+01
1.695640887662503538e+00
3.803043617567862800e+00
1.481738480699602789e+00
1.817928723030653337e+00
2.225388857311069390e+00
1.686336959609485930e+00
2.076774037470808132e+00
5.330267352309651763e+00
4.339351412937691777e+00
3.544832871336871527e+00
4.685430743420969435e+00
4.659721932757479479e+00
1.911937886797044706e-03
4.330416201896784140e-03
1.932994540545500883e-03
2.014954107864659269e-03
2.042679753819971744e-01
1.941773068385555185e-03
2.217979092377303230e-01
4.968856556826323212e-01
4.750230226245297227e-01
4.685754528959510182e-03
4.946130674664212523e-01
5.023313468026983086e-01
1.117844983060162356e+01
7.506675385705178449e+00
1.126915728268530614e+01
1.151360948661945294e+01
2.466097846726293241e+01
1.136872131707994882e+01
2.614366259353952415e+01
1.741496578316811394e+01
1.697936856992161481e+01
7.927253142164359723e+00
1.726266035850814973e+01
1.755649287524871482e+01
1.488219428710753078e+00
5.420149540954632972e-01
1.508000366505484857e+00
1.312953062944822724e+00
6.167185569566574799e+01
1.512450952651769542e+00
4.647169607901768984e+01
1.670314860425166970e+01
2.313268867735541789e+01
4.924796588408373310e-01
1.665576110317557479e+01
1.692695395695862715e+01
2.754419723161994327e+01
3.393445694817290104e+01
2.780132433396848413e+01
2.877311282568648210e+01
4.603425624268496996e+00
2.795684438115731396e+01
4.901543525899485942e+00
5.982852318873287167e+00
5.810075774307922991e+00
3.631512256842734132e+01
5.949522418484160191e+00
6.038653840483922508e+00
2.432915115615479706e+01
5.415464506253364618e+01
2.462228873348648506e+01
2.417862304822799047e+01
1.982320744141521018e+01
2.182774516213153859e+01
1.795928603990481776e+01
3.949993323507927556e+01
4.006375896619287857e+01
4.886628608420019759e+01
4.455552208479426923e+01
3.997453817399534870e+01
5.875657394834111535e+00
3.978134320916134836e+00
5.926641079243247567e+00
5.860934736134754353e+00
2.580159495879718268e+00
6.218989301039558271e+00
2.748105435199633906e+00
1.844608506418908833e+00
1.865039079257615251e+00
4.236510317027047279e+00
1.757907104145100208e+00
1.860626775569249158e+00
1.544099792590971987e+01
1.027256472001519505e+01
1.559665522460457510e+01
1.688296191434036331e+01
1.439789163659910450e-02
1.775393520191283869e+01
1.778913208033094939e-02
1.171661538813885579e-02
1.112478563836983257e-02
1.304491914360337113e+01
1.029325831017329808e-02
1.183510560212713662e-02
1.511194769563169726e-01
3.479449317152398247e-01
1.522773718635087870e-01
1.405354235735043478e-01
8.068499610598625083e+00
1.472692991994681289e-01
7.223363146366232002e+00
1.650496436837352832e+01
1.824194681222333259e+01
3.177343800938647322e-01
1.706551362965979735e+01
1.663072347349011793e+01
8.359500590779388451e-01
1.732966930490389856e+00
1.014777526070266722e+00
8.108878091786312359e-01
2.927366011401176804e-01
8.969842224525993446e-01
3.706401352732521248e-01
6.329536090815585103e-01
7.891561095895990308e-01
2.185982437156011926e+00
7.148894574841082594e-01
7.670847764138476466e-01
3.887754151618711518e+01
2.289150450041272933e+01
4.476852292716434789e+01
4.551608383091792120e+01
2.714974496126577463e+01
3.550909026568715632e+01
3.333283078936637622e+01
1.704408803631277891e+01
1.682376930114187985e+01
2.820476195836413069e+01
2.150177295439262792e+01
1.963880345653911519e+01
3.968963455117750783e-02
2.390237558246589844e-02
3.350397317068658926e-02
3.795413077713068184e-02
9.550473459801544607e+00
3.611309676934423840e-02
6.976831681127459994e+00
4.977405227982340641e+00
4.416173296402185144e+00
1.755012665409822967e-02
4.616203815732593085e+00
4.200225499421271991e+00
1.003629998489893715e+01
2.010216975850033094e+01
8.859944514140567051e+00
9.776233318630248803e+00
3.203127473105665145e-06
1.080097045993885629e+01
3.017548959704373700e-06
6.846462903435855427e-06
6.096915482671773426e-06
1.860833475502526468e+01
5.617649262456082757e-06
6.045660634833690183e-06
1.413450462074652414e+01
2.096950159808974234e+01
1.172822487179002948e+01
1.481385763080834828e+01
9.127907485190313253e+00
1.460631006010384958e+01
8.184174983369040035e+00
1.463291097066165491e+01
1.161517020907491116e+01
1.885048441978754852e+01
1.175324301837251006e+01
1.214556267406227263e+01
8.649153490010008660e-01
3.856436580093422495e-01
7.570142845224276940e-01
7.988804622961098723e-01
1.377918972646328954e-01
8.914261642960507048e-01
1.159058234723979175e-01
5.904557768903812009e-02
5.539980838643043803e-02
3.211932298883232173e-01
5.012285770168223298e-02
5.165919050479892555e-02
4.176233357998290074e+01
3.396290067865238882e+01
5.159103624066911919e+01
3.796637770693003233e+01
2.285017437369027515e+00
3.971264849630275506e+01
2.617625129686155905e+00
1.723209083817434317e+00
2.183332798819836551e+00
3.627685125911599329e+01
2.239031435910064260e+00
2.129140322491165360e+00
3.824924915001834069e+00
1.036484342638649281e+01
4.451542983171363765e+00
3.592536585885698130e+00
2.737124214527664634e+01
3.621200552019046448e+00
2.839817624978588029e+01
6.612148900655181194e+01
8.167421006383182203e+01
1.071992225344671468e+01
8.123326362832298742e+01
7.690659179725385286e+01
1.042421019567303930e-01
2.105028284627142865e-01
8.023822773696095978e-02
1.065598287459959548e-01
1.299857261908426054e+01
1.012022350709934210e-01
1.001370074707546465e+01
2.627067409251352359e+01
1.963659223865478509e+01
1.609770524368098199e-01
2.085129390986739750e+01
2.024323673631111831e+01
2.820636080054324069e+01
1.690486268909245737e+01
2.330063591935537914e+01
2.408766467375279063e+01
4.694670509133817005e-01
2.731446006376716795e+01
3.319913672369376179e-01
2.408633179166796145e-01
2.249908389675766285e-01
1.154394940640299794e+01
2.053878106268149928e-01
1.988933344014611471e-01
4.268067678025389888e+00
1.386715567226826318e+00
4.724128331364708444e+00
4.346536282334774626e+00
5.426893479826031985e+00
4.502899462235864902e+00
6.458373837590092315e+00
1.895784134418178946e+00
2.060712472448340549e+00
1.650476752907197975e+00
1.990567857308616517e+00
2.100090160324221245e+00
4.858634477727617451e+01
5.341759526635632227e+01
5.235089467037323629e+01
5.068963132480233469e+01
5.378590075839953499e+01
5.104330279382617164e+01
6.350919068500697762e+01
6.480325245760241160e+01
6.693629170161494812e+01
6.308299946198111030e+01
6.646160421181606637e+01
6.982249443744520079e+01
1.752074502338616568e+01
3.487666606288493654e+01
2.328032821518844386e+01
1.634066999287351507e+01
9.145661362223683755e-01
1.625472989911568433e+01
1.059793466081543123e+00
1.587695090485826244e+00
2.242853669964645746e+00
4.007335304867060444e+01
2.272564172961176521e+00
2.108353084334304572e+00
1.414010902606485764e+00
8.562642898183395745e-01
1.740590959039824304e+00
1.614026545278014257e+00
4.250151007581657581e+01
1.557201880085623547e+00
6.690666094294310540e+01
3.291398488478235862e+01
3.489688733930506714e+01
1.325235324879982191e+00
3.679793085901214766e+01
4.052430360422857092e+01
7.729957729489226104e+00
4.575102758372778133e+00
7.143190556938812996e+00
8.001990147892080074e+00
9.285589929892115180e+00
8.479024965725059815e+00
9.746180604029486716e+00
6.242277510261935447e+00
5.568716182439134244e+00
4.798920947912555413e+00
5.256871143635816424e+00
5.766285305603217282e+00
7.313478349229370241e-04
1.498830016301338141e-03
6.899393407555133063e-04
7.345264581061177042e-04
5.647097189620333552e-03
6.805975514586440648e-04
4.984485547629505416e-03
1.082833825134012912e-02
1.016327457943420713e-02
1.321952470255545811e-03
1.098016847922989210e-02
1.021822370248035884e-02
2.541670331962746587e+01
3.868500432820243873e+01
3.546883084466296765e+01
2.448220222796274470e+01
2.348179559772419489e-01
2.792012690240883188e+01
3.469010425557602639e-01
3.783566588788991880e-01
5.469788397090299403e-01
5.702820515766153875e+01
4.798669472653032675e-01
5.271315439863727415e-01
5.683983562930813527e+00
8.345290350492014397e+00
4.467967755941168129e+00
5.589346142710862608e+00
2.769011980081311819e+01
5.283602330824994198e+00
1.981429277343783113e+01
3.700922551737674837e+01
2.970844283652698792e+01
5.996751605582154809e+00
3.129837527874248337e+01
2.909370985030275847e+01
2.181697404140330576e+01
1.784076347365799720e+01
3.213358544860641075e+01
2.123861458191921869e+01
5.978953573504347929e+01
1.865127043200983437e+01
6.991774074919062798e+01
3.881875794140324132e+01
6.156735213022754749e+01
2.187013574612522504e+01
6.688368628170564989e+01
5.717867738955973778e+01
2.130238308972893790e-01
1.710418802576282593e-01
1.607432618810191727e-01
2.470675975105389166e-01
4.256651351938496752e+00
2.152573704086632733e-01
3.848054921114059113e+00
4.094594954338716342e+00
2.603870913889811955e+00
1.511357350489489770e-01
3.055120649242565545e+00
3.087153369024925098e+00
5.649415161311625161e-03
4.556908770906486356e-03
7.026763558110145878e-03
5.689875092997065398e-03
2.451124861300827362e+01
5.709917599451508514e-03
3.135321594700968717e+01
2.033279525680803701e+01
2.486506815879010546e+01
5.772008363837097082e-03
2.503235815654364416e+01
2.530044231350796125e+01
2.029557957538727919e+01
1.666360411067431713e+01
1.291427994147283087e+01
2.091531653224225806e+01
4.084632747423174060e+00
2.049578257983006679e+01
2.703250623398985475e+00
3.488068897716407601e+00
2.155160981437744816e+00
1.103547782432700330e+01
2.197951874577237952e+00
2.219633274079849450e+00
1.686590378427745174e+00
1.373476040307614054e+00
2.033018391486721477e+00
1.803284037650616511e+00
3.344102982084845577e-02
1.703910947140738541e+00
4.268191852147978221e-02
2.883524944442055968e-02
3.316652421235431053e-02
1.788481515578331127e+00
3.440788765998382265e-02
3.476124209038159579e-02
2.480671621619490708e+01
1.982250325034171112e+01
1.683616137117172329e+01
2.331655306932084670e+01
9.295638738228593212e+00
2.508427388015233817e+01
6.042096271946626018e+00
7.113823059133823179e+00
5.090361331327257766e+00
1.276831893603995560e+01
4.767807391409125906e+00
4.821153488096221906e+00
2.837437228168479209e+00
3.141031690054438830e+00
4.261852470533218806e+00
2.912293034739594333e+00
1.150453040872605293e+01
2.808594155963463290e+00
1.769075070020372920e+01
1.303827595027953201e+01
1.892128175754361763e+01
4.789792813189804654e+00
1.977107660573535597e+01
1.957009996933652118e+01
4.059718852965321578e-06
4.452561543947029727e-06
3.027839153055597215e-06
4.234403299056352958e-06
1.132144575997877878e+00
4.014798035781749415e-06
8.768815213973207845e-01
1.289490208497803714e+00
9.158858800136254752e-01
3.425560899296394625e-06
9.725413166506281515e-01
9.617801402561535484e-01
3.064045821567350103e+01
3.348317523414894481e+01
4.320344175148893129e+01
3.188212853656560597e+01
1.302214605441944298e-03
3.031579110875245675e+01
1.856499319560268174e-03
1.438808796680474166e-03
1.985300933512918180e-03
4.860613548758450264e+01
2.050539731962302929e-03
2.028812158643496840e-03
7.782395249748755850e-01
8.569318802776491051e-01
6.061219269031379309e-01
7.017072151704798477e-01
9.206871293985360083e+00
7.706376736930697913e-01
6.259787410118252460e+00
8.850053359558174293e+00
7.819759602237427387e+00
5.959876660134584281e-01
6.961780048631235118e+00
6.893777313113469418e+00
1.934121364510354990e+00
1.548219548800834344e+00
2.664862894839051144e+00
1.927681931377043689e+00
1.081006317199650624e-01
1.760700768937820238e+00
1.351745834127799917e-01
7.853309562228520668e-02
1.086378714310727717e-01
1.937262146288306619e+00
1.189743236951458227e-01
1.083066383825051215e-01
5.885422141351276792e+01
4.803372528896879601e+01
4.665364678676947108e+01
5.871450135790923497e+01
2.429064199738123975e+01
6.331408122292646823e+01
2.067236480374148400e+01
2.128388154938110333e+01
1.690475321440987955e+01
4.086158594200993122e+01
1.568218754603980791e+01
1.687055358471129551e+01
5.600145125507590554e-02
8.256789149990848009e-02
8.121647472075350926e-02
5.046130351148159915e-02
3.439988842953786730e+01
6.550664807347633678e-02
5.170298328916648245e+01
5.256330478661623573e+01
8.601735126396162912e+01
1.261791205595141352e-01
6.515197564162410515e+01
7.621030248320103340e+01
7.767019822640499171e+00
1.186988017905953363e+01
5.917322859503822308e+00
8.693384210290579617e+00
1.940116818849895175e+00
7.686428177269391426e+00
1.630127469336067447e+00
3.269961466871041722e+00
2.239461301327569043e+00
1.003470374946744137e+01
2.521889626542504370e+00
2.495722159600429091e+00
