3.367782197955577345e-02
3.367782197955577345e-02
3.367782197955577345e-02
2.512930969994534719e-02
2.624971676939556048e-02
3.367782197955577345e-02
1.953421819526725278e-02
1.953421819526725278e-02
2.624971676939556048e-02
2.512930969994534719e-02
1.953421819526725278e-02
1.953421819526725278e-02
3.407617607907258324e-03
3.407617607907258324e-03
3.407617607907258324e-03
4.169910577748806892e-03
1.557773128489839789e-03
3.407617607907258324e-03
1.914166965769968252e-03
1.914166965769968252e-03
1.557773128489839789e-03
4.169910577748806892e-03
1.914166965769968252e-03
1.914166965769968252e-03
1.401570477217173143e-02
1.401570477217173143e-02
1.401570477217173143e-02
1.665227255096238951e-02
9.454167891763065601e-03
1.401570477217173143e-02
1.128267905385797742e-02
1.128267905385797742e-02
9.454167891763065601e-03
1.665227255096238951e-02
1.128267905385797742e-02
1.128267905385797742e-02
1.063990917596560756e-04
1.063990917596560756e-04
1.063990917596560756e-04
1.335195982236561793e-04
3.274042393648717020e-02
1.063990917596560756e-04
3.656129734905520789e-02
3.656129734905520789e-02
3.274042393648717020e-02
1.335195982236561793e-04
3.656129734905520789e-02
3.656129734905520789e-02
1.194929070995648336e-03
1.194929070995648336e-03
1.194929070995648336e-03
1.459646703908372770e-03
4.496430132344961424e-03
1.194929070995648336e-03
5.448237988762778122e-03
5.448237988762778122e-03
4.496430132344961424e-03
1.459646703908372770e-03
5.448237988762778122e-03
5.448237988762778122e-03
2.517837697817573023e-02
2.517837697817573023e-02
2.517837697817573023e-02
1.905945933988571067e-02
3.809801036196825558e-02
2.517837697817573023e-02
2.903454268195810456e-02
2.903454268195810456e-02
3.809801036196825558e-02
1.905945933988571067e-02
2.903454268195810456e-02
2.903454268195810456e-02
6.667810505413218798e-03
6.667810505413218798e-03
6.667810505413218798e-03
6.258422265625188108e-03
1.293573247097602394e-02
6.667810505413218798e-03
1.214131934943600555e-02
1.214131934943600555e-02
1.293573247097602394e-02
6.258422265625188108e-03
1.214131934943600555e-02
1.214131934943600555e-02
3.800528950459570315e-02
3.800528950459570315e-02
3.800528950459570315e-02
3.740692969462126177e-02
3.250990570855515354e-04
3.800528950459570315e-02
3.069127769078882880e-04
3.069127769078882880e-04
3.250990570855515354e-04
3.740692969462126177e-02
3.069127769078882880e-04
3.069127769078882880e-04
1.392263724887658066e-02
1.392263724887658066e-02
1.392263724887658066e-02
1.923968010701317816e-02
2.428472658339933445e-03
1.392263724887658066e-02
3.411935072618228326e-03
3.411935072618228326e-03
2.428472658339933445e-03
1.923968010701317816e-02
3.411935072618228326e-03
3.411935072618228326e-03
5.614737566594929247e-04
5.614737566594929247e-04
5.614737566594929247e-04
4.610857967446226643e-04
2.871786617927678600e-02
5.614737566594929247e-04
2.401830224841807263e-02
2.401830224841807263e-02
2.871786617927678600e-02
4.610857967446226643e-04
2.401830224841807263e-02
2.401830224841807263e-02
3.199842662272751187e-02
3.199842662272751187e-02
3.199842662272751187e-02
2.606588420200471254e-02
1.127699369445359263e-02
3.199842662272751187e-02
9.205276564112119947e-03
9.205276564112119947e-03
1.127699369445359263e-02
2.606588420200471254e-02
9.205276564112119947e-03
9.205276564112119947e-03
6.727951590536160147e-03
6.727951590536160147e-03
6.727951590536160147e-03
5.669190223951625640e-03
5.456634035484200595e-05
6.727951590536160147e-03
4.513440281560330680e-05
4.513440281560330680e-05
5.456634035484200595e-05
5.669190223951625640e-03
4.513440281560330680e-05
4.513440281560330680e-05
2.308030841074593630e-03
2.308030841074593630e-03
2.308030841074593630e-03
1.891288557318573753e-03
1.886565260394295479e-02
2.308030841074593630e-03
1.557869938342806848e-02
1.557869938342806848e-02
1.886565260394295479e-02
1.891288557318573753e-03
1.557869938342806848e-02
1.557869938342806848e-02
1.890942133059236863e-02
1.890942133059236863e-02
1.890942133059236863e-02
2.660517055335223646e-02
6.286516562364909654e-04
1.890942133059236863e-02
9.016619948695634660e-04
9.016619948695634660e-04
6.286516562364909654e-04
2.660517055335223646e-02
9.016619948695634660e-04
9.016619948695634660e-04
6.227657398287618024e-06
6.227657398287618024e-06
6.227657398287618024e-06
6.697930519310386038e-06
7.569381013422532209e-03
6.227657398287618024e-06
8.062948705805851601e-03
8.062948705805851601e-03
7.569381013422532209e-03
6.697930519310386038e-06
8.062948705805851601e-03
8.062948705805851601e-03
9.244329827152019535e-03
9.244329827152019535e-03
9.244329827152019535e-03
9.970362381212346387e-03
3.209405292302937307e-02
9.244329827152019535e-03
3.457930404675105263e-02
3.457930404675105263e-02
3.209405292302937307e-02
9.970362381212346387e-03
3.457930404675105263e-02
3.457930404675105263e-02
9.890943774686146092e-03
9.890943774686146092e-03
9.890943774686146092e-03
1.113655024379476589e-02
2.679196539913760583e-02
9.890943774686146092e-03
2.990620592604860406e-02
2.990620592604860406e-02
2.679196539913760583e-02
1.113655024379476589e-02
2.990620592604860406e-02
2.990620592604860406e-02
3.458378810354639094e-02
3.458378810354639094e-02
3.458378810354639094e-02
3.636836345773667573e-02
1.908581859401970067e-03
3.458378810354639094e-02
2.214197511896701890e-03
2.214197511896701890e-03
1.908581859401970067e-03
3.636836345773667573e-02
2.214197511896701890e-03
2.214197511896701890e-03
2.110531917209106968e-03
2.110531917209106968e-03
2.110531917209106968e-03
1.437956878584621722e-03
6.751258726234245740e-06
2.110531917209106968e-03
4.498007922441314867e-06
4.498007922441314867e-06
6.751258726234245740e-06
1.437956878584621722e-03
4.498007922441314867e-06
4.498007922441314867e-06
2.177740381696531211e-02
2.177740381696531211e-02
2.177740381696531211e-02
2.471583725452690394e-02
1.005190647456578358e-02
2.177740381696531211e-02
1.145753924415682592e-02
1.145753924415682592e-02
1.005190647456578358e-02
2.471583725452690394e-02
1.145753924415682592e-02
1.145753924415682592e-02
1.180453118752672510e-02
1.180453118752672510e-02
1.180453118752672510e-02
1.191654364362595801e-02
4.014599919465531696e-04
1.180453118752672510e-02
4.052868693430730965e-04
4.052868693430730965e-04
4.014599919465531696e-04
1.191654364362595801e-02
4.052868693430730965e-04
4.052868693430730965e-04
2.992826824432025332e-04
2.992826824432025332e-04
2.992826824432025332e-04
3.018148332876380768e-04
1.727983745618648370e-02
2.992826824432025332e-04
1.741064182292696716e-02
1.741064182292696716e-02
1.727983745618648370e-02
3.018148332876380768e-04
1.741064182292696716e-02
1.741064182292696716e-02
2.831611763792634545e-02
2.831611763792634545e-02
2.831611763792634545e-02
3.608909569619961344e-02
3.045378560943867718e-02
2.831611763792634545e-02
3.878077998158799972e-02
3.878077998158799972e-02
3.045378560943867718e-02
3.608909569619961344e-02
3.878077998158799972e-02
3.878077998158799972e-02
5.331708894436881438e-03
5.331708894436881438e-03
5.331708894436881438e-03
4.168601585191987827e-03
6.448610410498213999e-03
5.331708894436881438e-03
5.049894533334617873e-03
5.049894533334617873e-03
6.448610410498213999e-03
4.168601585191987827e-03
5.049894533334617873e-03
5.049894533334617873e-03
4.097625022604955210e-05
4.097625022604955210e-05
4.097625022604955210e-05
3.569550475458908764e-05
1.134992506459906380e-03
4.097625022604955210e-05
9.921070821934767359e-04
9.921070821934767359e-04
1.134992506459906380e-03
3.569550475458908764e-05
9.921070821934767359e-04
9.921070821934767359e-04
1.409337186031535405e-02
1.409337186031535405e-02
1.409337186031535405e-02
1.267846931086678668e-02
2.425831267315512949e-02
1.409337186031535405e-02
2.190780254178934655e-02
2.190780254178934655e-02
2.425831267315512949e-02
1.267846931086678668e-02
2.190780254178934655e-02
2.190780254178934655e-02
2.384262047428906996e-03
2.384262047428906996e-03
2.384262047428906996e-03
3.565455371332395748e-03
3.132806187320726771e-02
2.384262047428906996e-03
3.885661962192894087e-02
3.885661962192894087e-02
3.132806187320726771e-02
3.565455371332395748e-03
3.885661962192894087e-02
3.885661962192894087e-02
2.831233766809751820e-02
2.831233766809751820e-02
2.831233766809751820e-02
2.524739915018970118e-02
8.260606860529791720e-03
2.831233766809751820e-02
7.329164674655540626e-03
7.329164674655540626e-03
8.260606860529791720e-03
2.524739915018970118e-02
7.329164674655540626e-03
7.329164674655540626e-03
3.945470610621587548e-02
3.945470610621587548e-02
3.945470610621587548e-02
3.952055909009565687e-02
3.575270993635002587e-02
3.945470610621587548e-02
3.595509043058120469e-02
3.595509043058120469e-02
3.575270993635002587e-02
3.952055909009565687e-02
3.595509043058120469e-02
3.595509043058120469e-02
6.597738201676085247e-03
6.597738201676085247e-03
6.597738201676085247e-03
6.650848616039088668e-03
3.705778023275288664e-03
6.597738201676085247e-03
3.736132713602791089e-03
3.736132713602791089e-03
3.705778023275288664e-03
6.650848616039088668e-03
3.736132713602791089e-03
3.736132713602791089e-03
2.088308986739253331e-02
2.088308986739253331e-02
2.088308986739253331e-02
1.642755327040139671e-02
1.540085602333048629e-04
2.088308986739253331e-02
1.178773048248035380e-04
1.178773048248035380e-04
1.540085602333048629e-04
1.642755327040139671e-02
1.178773048248035380e-04
1.178773048248035380e-04
7.159619294184469199e-04
7.159619294184469199e-04
7.159619294184469199e-04
9.457154967791462155e-04
1.172273217602329796e-02
7.159619294184469199e-04
1.518007827201600483e-02
1.518007827201600483e-02
1.172273217602329796e-02
9.457154967791462155e-04
1.518007827201600483e-02
1.518007827201600483e-02
3.958866369710834117e-03
3.958866369710834117e-03
3.958866369710834117e-03
4.397968466289705128e-03
1.890453980287056879e-03
3.958866369710834117e-03
2.104492490817227914e-03
2.104492490817227914e-03
1.890453980287056879e-03
4.397968466289705128e-03
2.104492490817227914e-03
2.104492490817227914e-03
3.607185677398893481e-02
3.607185677398893481e-02
3.607185677398893481e-02
2.450458950857671570e-02
2.830676386541251810e-02
3.607185677398893481e-02
1.917320785727501600e-02
1.917320785727501600e-02
2.830676386541251810e-02
2.450458950857671570e-02
1.917320785727501600e-02
1.917320785727501600e-02
1.685169055899858235e-04
1.685169055899858235e-04
1.685169055899858235e-04
1.896505880831498333e-04
8.110007827307114114e-03
1.685169055899858235e-04
9.077714956103441826e-03
9.077714956103441826e-03
8.110007827307114114e-03
1.896505880831498333e-04
9.077714956103441826e-03
9.077714956103441826e-03
1.542093072848580750e-02
1.542093072848580750e-02
1.542093072848580750e-02
1.687230435674481541e-02
3.789674417138561734e-07
1.542093072848580750e-02
4.220864212770997649e-07
4.220864212770997649e-07
3.789674417138561734e-07
1.687230435674481541e-02
4.220864212770997649e-07
4.220864212770997649e-07
2.459991525911196103e-02
2.459991525911196103e-02
2.459991525911196103e-02
2.146629693157824786e-02
1.823988846276637654e-02
2.459991525911196103e-02
1.587998859997826612e-02
1.587998859997826612e-02
1.823988846276637654e-02
2.146629693157824786e-02
1.587998859997826612e-02
1.587998859997826612e-02
1.291514816690046870e-03
1.291514816690046870e-03
1.291514816690046870e-03
1.851571577076562957e-03
3.509930726771998350e-04
1.291514816690046870e-03
5.080082858048265339e-04
5.080082858048265339e-04
3.509930726771998350e-04
1.851571577076562957e-03
5.080082858048265339e-04
5.080082858048265339e-04
3.699097520816034546e-02
3.699097520816034546e-02
3.699097520816034546e-02
3.811253614422134561e-02
5.163146815527337036e-03
3.699097520816034546e-02
5.706324734094431542e-03
5.706324734094431542e-03
5.163146815527337036e-03
3.811253614422134561e-02
5.706324734094431542e-03
5.706324734094431542e-03
6.510683363055824735e-03
6.510683363055824735e-03
6.510683363055824735e-03
7.328805850466594586e-03
2.515066998910766086e-02
6.510683363055824735e-03
2.838288504488387098e-02
2.838288504488387098e-02
2.515066998910766086e-02
7.328805850466594586e-03
2.838288504488387098e-02
2.838288504488387098e-02
6.994041733488783703e-04
6.994041733488783703e-04
6.994041733488783703e-04
6.374719948065614775e-04
2.057832454622149365e-02
6.994041733488783703e-04
1.891500155702498936e-02
1.891500155702498936e-02
2.057832454622149365e-02
6.374719948065614775e-04
1.891500155702498936e-02
1.891500155702498936e-02
1.427190215090957427e-02
1.427190215090957427e-02
1.427190215090957427e-02
2.148230030801914076e-02
8.076418906965695610e-04
1.427190215090957427e-02
1.258419717615785359e-03
1.258419717615785359e-03
8.076418906965695610e-04
2.148230030801914076e-02
1.258419717615785359e-03
1.258419717615785359e-03
7.201341085248081156e-03
7.201341085248081156e-03
7.201341085248081156e-03
6.647175334304287336e-03
8.514014690945167704e-03
7.201341085248081156e-03
7.864419598904532835e-03
7.864419598904532835e-03
8.514014690945167704e-03
6.647175334304287336e-03
7.864419598904532835e-03
7.864419598904532835e-03
3.234479707518022468e-02
3.234479707518022468e-02
3.234479707518022468e-02
2.940353145696749174e-02
3.462255714620246505e-02
3.234479707518022468e-02
3.146900491786801257e-02
3.146900491786801257e-02
3.462255714620246505e-02
2.940353145696749174e-02
3.146900491786801257e-02
3.146900491786801257e-02
2.225917715183615975e-02
2.225917715183615975e-02
2.225917715183615975e-02
2.638523239630511524e-02
2.862260585078579486e-03
2.225917715183615975e-02
3.419684987423300335e-03
3.419684987423300335e-03
2.862260585078579486e-03
2.638523239630511524e-02
3.419684987423300335e-03
3.419684987423300335e-03
2.921505761161184017e-03
2.921505761161184017e-03
2.921505761161184017e-03
2.025219909787290187e-03
3.094359546531016622e-02
2.921505761161184017e-03
2.182263404992440883e-02
2.182263404992440883e-02
3.094359546531016622e-02
2.025219909787290187e-03
2.182263404992440883e-02
2.182263404992440883e-02
1.100739160400993066e-02
1.100739160400993066e-02
1.100739160400993066e-02
1.005420297143426976e-02
1.249807220673763292e-02
1.100739160400993066e-02
1.141895627070618063e-02
1.141895627070618063e-02
1.249807220673763292e-02
1.005420297143426976e-02
1.141895627070618063e-02
1.141895627070618063e-02
2.462663960586687409e-05
2.462663960586687409e-05
2.462663960586687409e-05
2.256578155035103946e-05
1.056413474374394553e-04
2.462663960586687409e-05
9.690304853825511115e-05
9.690304853825511115e-05
1.056413474374394553e-04
2.256578155035103946e-05
9.690304853825511115e-05
9.690304853825511115e-05
3.060611323232676623e-02
3.060611323232676623e-02
3.060611323232676623e-02
3.319168349991855754e-02
1.179797948926847263e-03
3.060611323232676623e-02
1.280106065130541190e-03
1.280106065130541190e-03
1.179797948926847263e-03
3.319168349991855754e-02
1.280106065130541190e-03
1.280106065130541190e-03
7.688598732743172175e-03
7.688598732743172175e-03
7.688598732743172175e-03
8.218026945117674897e-03
2.295678802866243234e-02
7.688598732743172175e-03
2.443669741482207974e-02
2.443669741482207974e-02
2.295678802866243234e-02
8.218026945117674897e-03
2.443669741482207974e-02
2.443669741482207974e-02
1.846265879132002671e-02
1.846265879132002671e-02
1.846265879132002671e-02
1.982189507047136048e-02
3.602507581374639334e-02
1.846265879132002671e-02
3.689842197269917884e-02
3.689842197269917884e-02
3.602507581374639334e-02
1.982189507047136048e-02
3.689842197269917884e-02
3.689842197269917884e-02
1.230617725677040850e-03
1.230617725677040850e-03
1.230617725677040850e-03
7.703757034785457163e-04
1.007797390489067850e-02
1.230617725677040850e-03
6.449169539820350135e-03
6.449169539820350135e-03
1.007797390489067850e-02
7.703757034785457163e-04
6.449169539820350135e-03
6.449169539820350135e-03
9.458210356802479912e-05
9.458210356802479912e-05
9.458210356802479912e-05
8.927906500563054107e-05
3.388339542585544484e-02
9.458210356802479912e-05
3.231222073042837317e-02
3.231222073042837317e-02
3.388339542585544484e-02
8.927906500563054107e-05
3.231222073042837317e-02
3.231222073042837317e-02
1.112855294938339470e-02
1.112855294938339470e-02
1.112855294938339470e-02
1.045857603528061938e-02
3.633294486826722618e-03
1.112855294938339470e-02
3.412502582422945359e-03
3.412502582422945359e-03
3.633294486826722618e-03
1.045857603528061938e-02
3.412502582422945359e-03
3.412502582422945359e-03
4.243185440738168196e-03
4.243185440738168196e-03
4.243185440738168196e-03
3.149050447958643729e-03
2.653398878970648607e-04
4.243185440738168196e-03
1.930327300190458556e-04
1.930327300190458556e-04
2.653398878970648607e-04
3.149050447958643729e-03
1.930327300190458556e-04
1.930327300190458556e-04
2.799306549736828645e-02
2.799306549736828645e-02
2.799306549736828645e-02
3.319932130043659613e-02
1.430404912256794982e-02
2.799306549736828645e-02
1.709405177965802811e-02
1.709405177965802811e-02
1.430404912256794982e-02
3.319932130043659613e-02
1.709405177965802811e-02
1.709405177965802811e-02
1.195028738452127461e-02
1.195028738452127461e-02
1.195028738452127461e-02
1.077581034200522821e-02
3.118264612416213333e-02
1.195028738452127461e-02
2.833467515761955990e-02
2.833467515761955990e-02
3.118264612416213333e-02
1.077581034200522821e-02
2.833467515761955990e-02
2.833467515761955990e-02
3.355345685154176834e-07
3.355345685154176834e-07
3.355345685154176834e-07
2.925996969760646213e-07
2.528957190325318519e-03
3.355345685154176834e-07
2.220323524278190481e-03
2.220323524278190481e-03
2.528957190325318519e-03
2.925996969760646213e-07
2.220323524278190481e-03
2.220323524278190481e-03
2.583661136714702350e-02
2.583661136714702350e-02
2.583661136714702350e-02
2.313240960622463260e-02
2.130220642745441503e-05
2.583661136714702350e-02
1.873153419630463042e-05
1.873153419630463042e-05
2.130220642745441503e-05
2.313240960622463260e-02
1.873153419630463042e-05
1.873153419630463042e-05
1.671888865208403466e-03
1.671888865208403466e-03
1.671888865208403466e-03
2.485835944191227848e-03
9.459562320621769937e-03
1.671888865208403466e-03
1.375172854622578461e-02
1.375172854622578461e-02
9.459562320621769937e-03
2.485835944191227848e-03
1.375172854622578461e-02
1.375172854622578461e-02
4.597839081337359857e-03
4.597839081337359857e-03
4.597839081337359857e-03
4.637411720572655500e-03
5.996185535054720378e-04
4.597839081337359857e-03
6.049495033479998073e-04
6.049495033479998073e-04
5.996185535054720378e-04
4.637411720572655500e-03
6.049495033479998073e-04
6.049495033479998073e-04
3.742876684828110728e-02
3.742876684828110728e-02
3.742876684828110728e-02
3.766320014219225187e-02
2.053649912913817210e-02
3.742876684828110728e-02
2.067239766872278062e-02
2.067239766872278062e-02
2.053649912913817210e-02
3.766320014219225187e-02
2.067239766872278062e-02
2.067239766872278062e-02
3.084320461157705217e-04
3.084320461157705217e-04
3.084320461157705217e-04
4.137909301255835760e-04
2.752835795754022402e-02
3.084320461157705217e-04
3.631367613647688841e-02
3.631367613647688841e-02
2.752835795754022402e-02
4.137909301255835760e-04
3.631367613647688841e-02
3.631367613647688841e-02
1.650061003304165858e-02
1.650061003304165858e-02
1.650061003304165858e-02
1.271457803862062821e-02
6.299159668895671846e-03
1.650061003304165858e-02
4.832844043707894277e-03
4.832844043707894277e-03
6.299159668895671846e-03
1.271457803862062821e-02
4.832844043707894277e-03
4.832844043707894277e-03
