1.126797188625949886e+01
1.126797188625949886e+01
1.126797188625949886e+01
8.407798918587527481e+00
7.797694336919050784e+00
1.229096532853672841e+01
6.329623218593487088e+00
6.329623218593487088e+00
8.505629203288203044e+00
9.171123787030721175e+00
5.802800233447395151e+00
6.329623218593487088e+00
4.973315570379859274e-01
4.973315570379859274e-01
4.973315570379859274e-01
6.085859268741702355e-01
1.639051538794759066e-01
4.606281210942231308e-01
1.865402908060691256e-01
1.865402908060691256e-01
1.518088325599573907e-01
5.636718363299509926e-01
2.014040589977877660e-01
1.865402908060691256e-01
3.427389016165112157e+00
3.427389016165112157e+00
3.427389016165112157e+00
4.072133150854940986e+00
1.942008185915758967e+00
3.164081281248458222e+00
2.139558724205074203e+00
2.139558724205074203e+00
1.792814215166789182e+00
3.759293216090156431e+00
2.317607993903138652e+00
2.139558724205074203e+00
3.503369332937931232e-03
3.503369332937931232e-03
3.503369332937931232e-03
4.396357694665184793e-03
1.244638806183525581e+01
3.835627512351849622e-03
1.521707349134775455e+01
1.521707349134775455e+01
1.362679864510554495e+01
4.813306541579037527e-03
1.389890661566412788e+01
1.521707349134775455e+01
9.872929327970714208e-02
9.872929327970714208e-02
9.872929327970714208e-02
1.206012063919837257e-01
6.467044428147017410e-01
9.926806159228397652e-02
7.878754683462136921e-01
7.878754683462136921e-01
6.502335257222853215e-01
1.212593303013533436e-01
7.835993464013224497e-01
7.878754683462136921e-01
7.623661551597701092e+00
7.623661551597701092e+00
7.623661551597701092e+00
5.770938591064584067e+00
1.407083136573178805e+01
7.661923341066196436e+00
1.077721748954208181e+01
1.077721748954208181e+01
1.414145034372793397e+01
5.799901896414970892e+00
1.072339867561178295e+01
1.077721748954208181e+01
1.361526045331432622e+00
1.361526045331432622e+00
1.361526045331432622e+00
1.277931475469064937e+00
3.536786217014017186e+00
1.262983750132535166e+00
3.079324631283870684e+00
3.079324631283870684e+00
3.280806514938213514e+00
1.185439450706527120e+00
3.319584030343730507e+00
3.079324631283870684e+00
1.492955125549007711e+01
1.492955125549007711e+01
1.492955125549007711e+01
1.469449862022049125e+01
1.557415764867422711e-02
1.375860605898105149e+01
1.354975701420793772e-02
1.354975701420793772e-02
1.435265508799389578e-02
1.354198892451692338e+01
1.470292782392776214e-02
1.354975701420793772e-02
3.883574519800067737e+00
3.883574519800067737e+00
3.883574519800067737e+00
5.366708195943960646e+00
3.182950377824111388e-01
3.825682725716091248e+00
4.405292147079524767e-01
4.405292147079524767e-01
3.135502670328596531e-01
5.286707576873988401e+00
4.471954827741509986e-01
4.405292147079524767e-01
3.300178521536960979e-02
3.300178521536960979e-02
3.300178521536960979e-02
2.710127454674925856e-02
9.150477606654323637e+00
3.246734334953366163e-02
7.529102700647253954e+00
7.529102700647253954e+00
9.002291734481783436e+00
2.666238750955493911e-02
7.653038547571488159e+00
7.529102700647253954e+00
1.089203084011179357e+01
1.089203084011179357e+01
1.089203084011179357e+01
8.872636706498722603e+00
2.369922171265918198e+00
1.169088218522577449e+01
2.076423851662052567e+00
2.076423851662052567e+00
2.543738748001923344e+00
9.523380160289883989e+00
1.934539436042569394e+00
2.076423851662052567e+00
1.107308644523532726e+00
1.107308644523532726e+00
1.107308644523532726e+00
9.330541782227168568e-01
1.232646434811244304e-03
1.181797712460432859e+00
1.088167752453092149e-03
1.088167752453092149e-03
1.315567022922738052e-03
9.958210828379578938e-01
1.019580209268170033e-03
1.088167752453092149e-03
2.660864857578859044e-01
2.660864857578859044e-01
2.660864857578859044e-01
2.180414216374575997e-01
5.406351161606689715e+00
2.404558483464799279e-01
4.034373865931052627e+00
4.034373865931052627e+00
4.885587298131267353e+00
1.970386991476644478e-01
4.464405301850772112e+00
4.034373865931052627e+00
5.666143931556609559e+00
5.666143931556609559e+00
5.666143931556609559e+00
7.972149070210754473e+00
4.376350217002285964e-02
6.072543220440669742e+00
6.727113911776583244e-02
6.727113911776583244e-02
4.690240163601070572e-02
8.543944589729319361e+00
6.276908090139025898e-02
6.727113911776583244e-02
5.904430424092802957e-05
5.904430424092802957e-05
5.904430424092802957e-05
6.350295497557408573e-05
1.315694617247262110e+00
6.310018775549640108e-05
1.497756698136869291e+00
1.497756698136869291e+00
1.406072583029108536e+00
6.786511304523043183e-05
1.401485563027948356e+00
1.497756698136869291e+00
2.122900085135933868e+00
2.122900085135933868e+00
2.122900085135933868e+00
2.289628728492979715e+00
1.309033754604797473e+01
1.926383146682424607e+00
1.279839898059731951e+01
1.279839898059731951e+01
1.187856452107885552e+01
2.077677713431509865e+00
1.410400746720858933e+01
1.279839898059731951e+01
1.854829416112957041e+00
1.854829416112957041e+00
1.854829416112957041e+00
2.088415570521824360e+00
7.895242259241855187e+00
2.094162243998499928e+00
9.950125461383588998e+00
9.950125461383588998e+00
8.913983195918223856e+00
2.357888547363350185e+00
8.812968265796893519e+00
9.950125461383588998e+00
1.424732934795276229e+01
1.424732934795276229e+01
1.424732934795276229e+01
1.498251291839515531e+01
2.166885768300941262e-01
1.358722142449549075e+01
2.397390462047852833e-01
2.397390462047852833e-01
2.066489516487770295e-01
1.428834243568958939e+01
2.513862873159489197e-01
2.397390462047852833e-01
2.209725371518191372e-01
2.209725371518191372e-01
2.209725371518191372e-01
1.505539798687025588e-01
6.840544782191303587e-05
1.936582556744620154e-01
3.994145379703583325e-05
3.994145379703583325e-05
5.994989184887063145e-05
1.319440936055749358e-01
4.557494516474187000e-05
3.994145379703583325e-05
6.434608743406204034e+00
6.434608743406204034e+00
6.434608743406204034e+00
7.302832965547930044e+00
2.094670309983633683e+00
6.676446387453685460e+00
2.477318309667861040e+00
2.477318309667861040e+00
2.173396173983018542e+00
7.577301855528255636e+00
2.387583623159839963e+00
2.477318309667861040e+00
2.962761239969706750e+00
2.962761239969706750e+00
2.962761239969706750e+00
2.990874695561680952e+00
2.423353061591653618e-02
2.947188250534912068e+00
2.433594282571296258e-02
2.433594282571296258e-02
2.410615331964365005e-02
2.975153935006823236e+00
2.446453433337855352e-02
2.433594282571296258e-02
1.546190347619926658e-02
1.546190347619926658e-02
1.546190347619926658e-02
1.559272251198249963e-02
4.939782830515507150e+00
1.538693667146617816e-02
4.953044080602802879e+00
4.953044080602802879e+00
4.915832368306946698e+00
1.551712143313652321e-02
4.977175842262256289e+00
4.953044080602802879e+00
1.040557386489710900e+01
1.040557386489710900e+01
1.040557386489710900e+01
1.326197877074670295e+01
1.159440525755913143e+01
1.035308673317001116e+01
1.469019448849182652e+01
1.469019448849182652e+01
1.153592149837850478e+01
1.319508354365592417e+01
1.476466949223576464e+01
1.469019448849182652e+01
7.626547474698617268e-01
7.626547474698617268e-01
7.626547474698617268e-01
5.962823275243422927e-01
1.000921474201101891e+00
7.584700849323042782e-01
7.795189065741728873e-01
7.795189065741728873e-01
9.954294496513016455e-01
5.930105452059645232e-01
7.838197005414786478e-01
7.795189065741728873e-01
9.208581909015388107e-04
9.208581909015388107e-04
9.208581909015388107e-04
8.021841371598138369e-04
9.838281858857965412e-02
9.352278895892091092e-04
8.733926047896893585e-02
8.733926047896893585e-02
9.991805112832342906e-02
8.147019650478733513e-04
8.599730001066210883e-02
8.733926047896893585e-02
2.945089784376038189e+00
2.945089784376038189e+00
2.945089784376038189e+00
2.649417812787591142e+00
6.497215343564738177e+00
2.995218972195204721e+00
5.967542605174465997e+00
5.967542605174465997e+00
6.607806243029670235e+00
2.694514286196741715e+00
5.867667415129705688e+00
5.967542605174465997e+00
2.861028888916404278e-01
2.861028888916404278e-01
2.861028888916404278e-01
4.278418486140967980e-01
1.185611189952263622e+01
2.907612805696589975e-01
1.494473117921180361e+01
1.494473117921180361e+01
1.204915578391106479e+01
4.348080659592381547e-01
1.470529623375046491e+01
1.494473117921180361e+01
9.751729196335681138e+00
9.751729196335681138e+00
9.751729196335681138e+00
8.696060435231085961e+00
1.629793734260838400e+00
9.897822517629098371e+00
1.467686161457851357e+00
1.467686161457851357e+00
1.654210119792835831e+00
8.826338494185858252e+00
1.446022897082089864e+00
1.467686161457851357e+00
1.601415372294314210e+01
1.601415372294314210e+01
1.601415372294314210e+01
1.604088259539060957e+01
1.304821073333273773e+01
1.436765566574947783e+01
1.177292290729776170e+01
1.177292290729776170e+01
1.170665663100721687e+01
1.439163640443245562e+01
1.312207096215862379e+01
1.177292290729776170e+01
1.140745874595531673e+00
1.140745874595531673e+00
1.140745874595531673e+00
1.149928640602716490e+00
5.009322536931842818e-01
1.207403004053969164e+00
5.345461846427659314e-01
5.345461846427659314e-01
5.302031954760529908e-01
1.217122346029701152e+00
5.050354793425380073e-01
5.345461846427659314e-01
5.468716842215338936e+00
5.468716842215338936e+00
5.468716842215338936e+00
4.301932224431447516e+00
5.099281332933795763e-03
6.287886632727484049e+00
4.487594174835267923e-03
4.487594174835267923e-03
5.863112656036222926e-03
4.946327065261677980e+00
3.902961881853109997e-03
4.487594174835267923e-03
5.396641700918359402e-02
5.396641700918359402e-02
5.396641700918359402e-02
7.128434456380419726e-02
2.881349402432533235e+00
5.259147644844006098e-02
3.636075328040356602e+00
3.636075328040356602e+00
2.807939226574379443e+00
6.946818291886651398e-02
3.731136120930300670e+00
3.636075328040356602e+00
5.704464511803557514e-01
5.704464511803557514e-01
5.704464511803557514e-01
6.337181581052770962e-01
1.997614013391800503e-01
6.120957357515420805e-01
2.386147674911125727e-01
2.386147674911125727e-01
2.143463276429532771e-01
6.799870197140066574e-01
2.223785257177197383e-01
2.386147674911125727e-01
1.364055942917542730e+01
1.364055942917542730e+01
1.364055942917542730e+01
9.266401548819588996e+00
9.525749190619665185e+00
1.245870590462593164e+01
5.893108716675369507e+00
5.893108716675369507e+00
8.700413520674279866e+00
8.463536432676376009e+00
6.452138792565523140e+00
5.893108716675369507e+00
7.307515913576764256e-03
7.307515913576764256e-03
7.307515913576764256e-03
8.223950502679806471e-03
1.758399581626326702e+00
6.649016356909021215e-03
1.790855196847272124e+00
1.790855196847272124e+00
1.599945551742602667e+00
7.482868605066607219e-03
1.968216371775750151e+00
1.790855196847272124e+00
3.643550665355221874e+00
3.643550665355221874e+00
3.643550665355221874e+00
3.986471170091927529e+00
1.162854563276514060e-06
3.921154525572762672e+00
1.393843540731489047e-06
1.393843540731489047e-06
1.251453006192819849e-06
4.290202306860836146e+00
1.295164352007135799e-06
1.393843540731489047e-06
6.867230303977239103e+00
6.867230303977239103e+00
6.867230303977239103e+00
5.992459862157644146e+00
4.434781732795451958e+00
7.096456350285241577e+00
3.989883191382717964e+00
3.989883191382717964e+00
4.582813390079306437e+00
6.192486338780430977e+00
3.861004057340745810e+00
3.989883191382717964e+00
1.224321046675130170e-01
1.224321046675130170e-01
1.224321046675130170e-01
1.755239678202112907e-01
1.950497468651029090e-02
1.261848128565555560e-01
2.909574048036003141e-02
2.909574048036003141e-02
2.010282831674815168e-02
1.809040128108690970e-01
2.823043964823036475e-02
2.909574048036003141e-02
1.573256610072408179e+01
1.573256610072408179e+01
1.573256610072408179e+01
1.620957519451723883e+01
8.608040976892674667e-01
1.496041561725296098e+01
9.046704976539883258e-01
9.046704976539883258e-01
8.185560438149475093e-01
1.541401322178019484e+01
9.513631685006457284e-01
9.046704976539883258e-01
1.245181068315100337e+00
1.245181068315100337e+00
1.245181068315100337e+00
1.401648611901586960e+00
8.910541590474732487e+00
1.178859839643190854e+00
9.520083221937230888e+00
9.520083221937230888e+00
8.435945500436131894e+00
1.326993559336921980e+00
1.005567158885352974e+01
9.520083221937230888e+00
5.046421382046049203e-02
5.046421382046049203e-02
5.046421382046049203e-02
4.599561208855830474e-02
6.292685351668497518e+00
4.899259640649809844e-02
5.615382313193219233e+00
5.615382313193219233e+00
6.109180554049975065e+00
4.465430626823582716e-02
5.784054622976245064e+00
5.615382313193219233e+00
3.843958794005718715e+00
3.843958794005718715e+00
3.843958794005718715e+00
5.785989583681327986e+00
6.397890219214909246e-02
3.722410689847435172e+00
9.653593884798582214e-02
9.653593884798582214e-02
6.195585390148825033e-02
5.603033391311957878e+00
9.968813276955271196e-02
9.653593884798582214e-02
1.158403401948819411e+00
1.158403401948819411e+00
1.158403401948819411e+00
1.069260632076157735e+00
1.472922255054959439e+00
1.222139490089057201e+00
1.435400386621356050e+00
1.435400386621356050e+00
1.553963369500899416e+00
1.128092028614048115e+00
1.360542478583736559e+00
1.435400386621356050e+00
1.249691852711807627e+01
1.249691852711807627e+01
1.249691852711807627e+01
1.136051452643805959e+01
1.383429897364383621e+01
1.312887395200394636e+01
1.321008362323997964e+01
1.321008362323997964e+01
1.453388425676109641e+01
1.193500325091027570e+01
1.257421918890833190e+01
1.321008362323997964e+01
7.273917057049701818e+00
7.273917057049701818e+00
7.273917057049701818e+00
8.622241095101411901e+00
3.796915147836691373e-01
6.748317889056433039e+00
4.208574421451904968e-01
4.208574421451904968e-01
3.522557408122040101e-01
7.999214641777955492e+00
4.536363249826462218e-01
4.208574421451904968e-01
3.208590063981031082e-01
3.208590063981031082e-01
3.208590063981031082e-01
2.224229904423436488e-01
9.644191758499191636e+00
3.533510576789236635e-01
7.490216889377087739e+00
7.490216889377087739e+00
1.062081877201809732e+01
2.449468375757455352e-01
6.801461313342413106e+00
7.490216889377087739e+00
2.355908853931516056e+00
2.355908853931516056e+00
2.355908853931516056e+00
2.151898165501588078e+00
2.830028868897276784e+00
2.584206885537261744e+00
2.836240414274623589e+00
2.836240414274623589e+00
3.104271235735236445e+00
2.360426655294473708e+00
2.585676843933797819e+00
2.836240414274623589e+00
4.148440412220228530e-04
4.148440412220228530e-04
4.148440412220228530e-04
3.801281929447988405e-04
3.203215361350562028e-03
3.860568462921179457e-04
2.734362245287630649e-03
2.734362245287630649e-03
2.980935237142840182e-03
3.537500283786170082e-04
2.938256101127986394e-03
2.734362245287630649e-03
1.130178627877547548e+01
1.130178627877547548e+01
1.130178627877547548e+01
1.225654856274344873e+01
1.044141059326254978e-01
1.241495811471505739e+01
1.244502177616413630e-01
1.244502177616413630e-01
1.146983954362493507e-01
1.346375991228863178e+01
1.132915431927270650e-01
1.244502177616413630e-01
1.454538906718699121e+00
1.454538906718699121e+00
1.454538906718699121e+00
1.554696810646466476e+00
7.085938257220602665e+00
1.352080820207696377e+00
7.011421251271229060e+00
7.011421251271229060e+00
6.586802983756006036e+00
1.445183576185834928e+00
7.542733281137520507e+00
7.011421251271229060e+00
5.673171626660090006e+00
5.673171626660090006e+00
5.673171626660090006e+00
6.090835235134168357e+00
1.554735762436698465e+01
4.849978645766243268e+00
1.361361243052188996e+01
1.361361243052188996e+01
1.329139279374541438e+01
5.207038103071169211e+00
1.592426800571655221e+01
1.361361243052188996e+01
9.799950349259066440e-02
9.799950349259066440e-02
9.799950349259066440e-02
6.134840646969988431e-02
1.958230294112814907e+00
9.902702122252607375e-02
1.266263736310223154e+00
1.266263736310223154e+00
1.978762197589751359e+00
6.199164008930355130e-02
1.253124812976264879e+00
1.266263736310223154e+00
2.654655944121558832e-03
2.654655944121558832e-03
2.654655944121558832e-03
2.505814437002394212e-03
1.151781732629057942e+01
2.683085994393275605e-03
1.110136594376985109e+01
1.110136594376985109e+01
1.164116744491216515e+01
2.532650468456235180e-03
1.098373557615374807e+01
1.110136594376985109e+01
2.750543851681177099e+00
2.750543851681177099e+00
2.750543851681177099e+00
2.584951713131319995e+00
5.535669207212585707e-01
2.777676220131792828e+00
5.250559286488963862e-01
5.250559286488963862e-01
5.590275068689405380e-01
2.610450620289212154e+00
5.199271772091025312e-01
5.250559286488963862e-01
5.657824722750712798e-01
5.657824722750712798e-01
5.657824722750712798e-01
4.198915113771250485e-01
1.121810533812112910e-02
5.715928185885508217e-01
8.244896342799089284e-03
8.244896342799089284e-03
1.133331052772956239e-02
4.242036193245152798e-01
8.161085452402148943e-03
8.244896342799089284e-03
8.773683497772266193e+00
8.773683497772266193e+00
8.773683497772266193e+00
1.040544621518011326e+01
3.287698036614973507e+00
8.871850585859229810e+00
3.972923476145837185e+00
3.972923476145837185e+00
3.324483469192483831e+00
1.052187078821709321e+01
3.928963050407017210e+00
3.972923476145837185e+00
2.552128873230878003e+00
2.552128873230878003e+00
2.552128873230878003e+00
2.301305049944883940e+00
1.034773348907685886e+01
2.526186013020145005e+00
9.307075391850725410e+00
9.307075391850725410e+00
1.024254687165295152e+01
2.277911860110628073e+00
9.402655113461516834e+00
9.307075391850725410e+00
1.012772102277017345e-06
1.012772102277017345e-06
1.012772102277017345e-06
8.831781820371532150e-07
2.824344453009066114e-01
1.001565771961365772e-06
2.452224282409008471e-01
2.452224282409008471e-01
2.793093062104401447e-01
8.734058093451792415e-07
2.479661756897501013e-01
2.452224282409008471e-01
7.899332615329225149e+00
7.899332615329225149e+00
7.899332615329225149e+00
7.072545043811723886e+00
3.357203809590456858e-04
7.815631077683352856e+00
2.920788554239946914e-04
2.920788554239946914e-04
3.321630789091485408e-04
6.997604169175308364e+00
2.952068752946666679e-04
2.920788554239946914e-04
1.886433105849088521e-01
1.886433105849088521e-01
1.886433105849088521e-01
2.804829506563776831e-01
2.231722529233699071e+00
1.868006408844457567e-01
3.212649882563977766e+00
3.212649882563977766e+00
2.209923041768656837e+00
2.777431904546059926e-01
3.244340633563375764e+00
3.212649882563977766e+00
7.552688186281291127e-01
7.552688186281291127e-01
7.552688186281291127e-01
7.617692593692055869e-01
4.221298513641197347e-02
6.875485758619706012e-01
3.876965698798998800e-02
3.876965698798998800e-02
3.842801013040741259e-02
6.934661626387164102e-01
4.258828257367436310e-02
3.876965698798998800e-02
1.304861937688230356e+01
1.304861937688230356e+01
1.304861937688230356e+01
1.313034878127105287e+01
5.385498851764044304e+00
1.403741868013725558e+01
5.831940273225929339e+00
5.831940273225929339e+00
5.793601606430873296e+00
1.412534138174626186e+01
5.421136933225109367e+00
5.831940273225929339e+00
1.547618785027810723e-02
1.547618785027810723e-02
1.547618785027810723e-02
2.076277820677919009e-02
9.506523910233170227e+00
1.810298069615275118e-02
1.466890681563676146e+01
1.466890681563676146e+01
1.112007818071121790e+01
2.428687068883506397e-02
1.254040764045367773e+01
1.466890681563676146e+01
4.302051052652975827e+00
4.302051052652975827e+00
4.302051052652975827e+00
3.314954036581355901e+00
1.074605420533797373e+00
4.257412390628042331e+00
8.159045417109156428e-01
8.159045417109156428e-01
1.063455169737078210e+00
3.280557626344454913e+00
8.244592420171900082e-01
8.159045417109156428e-01
