5.820312500000000000e+00 6.089843750000000000e+01 1.125703125000000000e+03 9.195312500000000000e+02 1.556250000000000000e+01
2.058593750000000000e+01 6.089843750000000000e+01 1.125703125000000000e+03 9.195312500000000000e+02 1.556250000000000000e+01
5.820312500000000000e+00 7.816406250000000000e+01 1.125703125000000000e+03 9.195312500000000000e+02 1.556250000000000000e+01
5.820312500000000000e+00 6.089843750000000000e+01 5.346093750000000000e+02 9.195312500000000000e+02 1.556250000000000000e+01
5.820312500000000000e+00 6.089843750000000000e+01 1.125703125000000000e+03 8.164062500000000000e+02 1.556250000000000000e+01
5.820312500000000000e+00 6.089843750000000000e+01 1.125703125000000000e+03 9.195312500000000000e+02 2.812500000000000000e+00
5.820312500000000000e+00 7.816406250000000000e+01 5.346093750000000000e+02 8.164062500000000000e+02 2.812500000000000000e+00
2.058593750000000000e+01 6.089843750000000000e+01 5.346093750000000000e+02 8.164062500000000000e+02 2.812500000000000000e+00
2.058593750000000000e+01 7.816406250000000000e+01 1.125703125000000000e+03 8.164062500000000000e+02 2.812500000000000000e+00
2.058593750000000000e+01 7.816406250000000000e+01 5.346093750000000000e+02 9.195312500000000000e+02 2.812500000000000000e+00
2.058593750000000000e+01 7.816406250000000000e+01 5.346093750000000000e+02 8.164062500000000000e+02 1.556250000000000000e+01
2.058593750000000000e+01 7.816406250000000000e+01 5.346093750000000000e+02 8.164062500000000000e+02 2.812500000000000000e+00
2.332031250000000000e+01 9.339843750000000000e+01 6.407031250000000000e+02 3.695312500000000000e+02 3.562500000000000000e+00
3.808593750000000000e+01 9.339843750000000000e+01 6.407031250000000000e+02 3.695312500000000000e+02 3.562500000000000000e+00
2.332031250000000000e+01 4.566406250000000000e+01 6.407031250000000000e+02 3.695312500000000000e+02 3.562500000000000000e+00
2.332031250000000000e+01 9.339843750000000000e+01 1.019609375000000000e+03 3.695312500000000000e+02 3.562500000000000000e+00
2.332031250000000000e+01 9.339843750000000000e+01 6.407031250000000000e+02 2.664062500000000000e+02 3.562500000000000000e+00
2.332031250000000000e+01 9.339843750000000000e+01 6.407031250000000000e+02 3.695312500000000000e+02 1.481250000000000000e+01
2.332031250000000000e+01 4.566406250000000000e+01 1.019609375000000000e+03 2.664062500000000000e+02 1.481250000000000000e+01
3.808593750000000000e+01 9.339843750000000000e+01 1.019609375000000000e+03 2.664062500000000000e+02 1.481250000000000000e+01
3.808593750000000000e+01 4.566406250000000000e+01 6.407031250000000000e+02 2.664062500000000000e+02 1.481250000000000000e+01
3.808593750000000000e+01 4.566406250000000000e+01 1.019609375000000000e+03 3.695312500000000000e+02 1.481250000000000000e+01
3.808593750000000000e+01 4.566406250000000000e+01 1.019609375000000000e+03 2.664062500000000000e+02 3.562500000000000000e+00
3.808593750000000000e+01 4.566406250000000000e+01 1.019609375000000000e+03 2.664062500000000000e+02 1.481250000000000000e+01
3.207031250000000000e+01 4.464843750000000000e+01 8.832031250000000000e+02 6.445312500000000000e+02 9.562500000000000000e+00
2.933593750000000000e+01 4.464843750000000000e+01 8.832031250000000000e+02 6.445312500000000000e+02 9.562500000000000000e+00
3.207031250000000000e+01 9.441406250000000000e+01 8.832031250000000000e+02 6.445312500000000000e+02 9.562500000000000000e+00
3.207031250000000000e+01 4.464843750000000000e+01 1.262109375000000000e+03 6.445312500000000000e+02 9.562500000000000000e+00
3.207031250000000000e+01 4.464843750000000000e+01 8.832031250000000000e+02 5.414062500000000000e+02 9.562500000000000000e+00
3.207031250000000000e+01 4.464843750000000000e+01 8.832031250000000000e+02 6.445312500000000000e+02 2.081250000000000000e+01
3.207031250000000000e+01 9.441406250000000000e+01 1.262109375000000000e+03 5.414062500000000000e+02 2.081250000000000000e+01
2.933593750000000000e+01 4.464843750000000000e+01 1.262109375000000000e+03 5.414062500000000000e+02 2.081250000000000000e+01
2.933593750000000000e+01 9.441406250000000000e+01 8.832031250000000000e+02 5.414062500000000000e+02 2.081250000000000000e+01
2.933593750000000000e+01 9.441406250000000000e+01 1.262109375000000000e+03 6.445312500000000000e+02 2.081250000000000000e+01
2.933593750000000000e+01 9.441406250000000000e+01 1.262109375000000000e+03 5.414062500000000000e+02 9.562500000000000000e+00
2.933593750000000000e+01 9.441406250000000000e+01 1.262109375000000000e+03 5.414062500000000000e+02 2.081250000000000000e+01
1.457031250000000000e+01 7.714843750000000000e+01 3.982031250000000000e+02 9.453125000000000000e+01 2.156250000000000000e+01
1.183593750000000000e+01 7.714843750000000000e+01 3.982031250000000000e+02 9.453125000000000000e+01 2.156250000000000000e+01
1.457031250000000000e+01 6.191406250000000000e+01 3.982031250000000000e+02 9.453125000000000000e+01 2.156250000000000000e+01
1.457031250000000000e+01 7.714843750000000000e+01 7.771093750000000000e+02 9.453125000000000000e+01 2.156250000000000000e+01
1.457031250000000000e+01 7.714843750000000000e+01 3.982031250000000000e+02 1.091406250000000000e+03 2.156250000000000000e+01
1.457031250000000000e+01 7.714843750000000000e+01 3.982031250000000000e+02 9.453125000000000000e+01 8.812500000000000000e+00
1.457031250000000000e+01 6.191406250000000000e+01 7.771093750000000000e+02 1.091406250000000000e+03 8.812500000000000000e+00
1.183593750000000000e+01 7.714843750000000000e+01 7.771093750000000000e+02 1.091406250000000000e+03 8.812500000000000000e+00
1.183593750000000000e+01 6.191406250000000000e+01 3.982031250000000000e+02 1.091406250000000000e+03 8.812500000000000000e+00
1.183593750000000000e+01 6.191406250000000000e+01 7.771093750000000000e+02 9.453125000000000000e+01 8.812500000000000000e+00
1.183593750000000000e+01 6.191406250000000000e+01 7.771093750000000000e+02 1.091406250000000000e+03 2.156250000000000000e+01
1.183593750000000000e+01 6.191406250000000000e+01 7.771093750000000000e+02 1.091406250000000000e+03 8.812500000000000000e+00
1.894531250000000000e+01 3.652343750000000000e+01 7.619531250000000000e+02 2.320312500000000000e+02 1.856250000000000000e+01
1.621093750000000000e+01 3.652343750000000000e+01 7.619531250000000000e+02 2.320312500000000000e+02 1.856250000000000000e+01
1.894531250000000000e+01 8.628906250000000000e+01 7.619531250000000000e+02 2.320312500000000000e+02 1.856250000000000000e+01
1.894531250000000000e+01 3.652343750000000000e+01 1.140859375000000000e+03 2.320312500000000000e+02 1.856250000000000000e+01
1.894531250000000000e+01 3.652343750000000000e+01 7.619531250000000000e+02 4.039062500000000000e+02 1.856250000000000000e+01
1.894531250000000000e+01 3.652343750000000000e+01 7.619531250000000000e+02 2.320312500000000000e+02 1.781250000000000000e+01
1.894531250000000000e+01 8.628906250000000000e+01 1.140859375000000000e+03 4.039062500000000000e+02 1.781250000000000000e+01
1.621093750000000000e+01 3.652343750000000000e+01 1.140859375000000000e+03 4.039062500000000000e+02 1.781250000000000000e+01
1.621093750000000000e+01 8.628906250000000000e+01 7.619531250000000000e+02 4.039062500000000000e+02 1.781250000000000000e+01
1.621093750000000000e+01 8.628906250000000000e+01 1.140859375000000000e+03 2.320312500000000000e+02 1.781250000000000000e+01
1.621093750000000000e+01 8.628906250000000000e+01 1.140859375000000000e+03 4.039062500000000000e+02 1.856250000000000000e+01
1.621093750000000000e+01 8.628906250000000000e+01 1.140859375000000000e+03 4.039062500000000000e+02 1.781250000000000000e+01
3.644531250000000000e+01 6.902343750000000000e+01 1.246953125000000000e+03 7.820312500000000000e+02 6.562500000000000000e+00
3.371093750000000000e+01 6.902343750000000000e+01 1.246953125000000000e+03 7.820312500000000000e+02 6.562500000000000000e+00
3.644531250000000000e+01 5.378906250000000000e+01 1.246953125000000000e+03 7.820312500000000000e+02 6.562500000000000000e+00
3.644531250000000000e+01 6.902343750000000000e+01 6.558593750000000000e+02 7.820312500000000000e+02 6.562500000000000000e+00
3.644531250000000000e+01 6.902343750000000000e+01 1.246953125000000000e+03 9.539062500000000000e+02 6.562500000000000000e+00
3.644531250000000000e+01 6.902343750000000000e+01 1.246953125000000000e+03 7.820312500000000000e+02 5.812500000000000000e+00
3.644531250000000000e+01 5.378906250000000000e+01 6.558593750000000000e+02 9.539062500000000000e+02 5.812500000000000000e+00
3.371093750000000000e+01 6.902343750000000000e+01 6.558593750000000000e+02 9.539062500000000000e+02 5.812500000000000000e+00
3.371093750000000000e+01 5.378906250000000000e+01 1.246953125000000000e+03 9.539062500000000000e+02 5.812500000000000000e+00
3.371093750000000000e+01 5.378906250000000000e+01 6.558593750000000000e+02 7.820312500000000000e+02 5.812500000000000000e+00
3.371093750000000000e+01 5.378906250000000000e+01 6.558593750000000000e+02 9.539062500000000000e+02 6.562500000000000000e+00
3.371093750000000000e+01 5.378906250000000000e+01 6.558593750000000000e+02 9.539062500000000000e+02 5.812500000000000000e+00
2.769531250000000000e+01 5.277343750000000000e+01 5.194531250000000000e+02 5.070312500000000000e+02 5.625000000000000000e-01
2.496093750000000000e+01 5.277343750000000000e+01 5.194531250000000000e+02 5.070312500000000000e+02 5.625000000000000000e-01
2.769531250000000000e+01 7.003906250000000000e+01 5.194531250000000000e+02 5.070312500000000000e+02 5.625000000000000000e-01
2.769531250000000000e+01 5.277343750000000000e+01 4.133593750000000000e+02 5.070312500000000000e+02 5.625000000000000000e-01
2.769531250000000000e+01 5.277343750000000000e+01 5.194531250000000000e+02 6.789062500000000000e+02 5.625000000000000000e-01
2.769531250000000000e+01 5.277343750000000000e+01 5.194531250000000000e+02 5.070312500000000000e+02 1.181250000000000000e+01
2.769531250000000000e+01 7.003906250000000000e+01 4.133593750000000000e+02 6.789062500000000000e+02 1.181250000000000000e+01
2.496093750000000000e+01 5.277343750000000000e+01 4.133593750000000000e+02 6.789062500000000000e+02 1.181250000000000000e+01
2.496093750000000000e+01 7.003906250000000000e+01 5.194531250000000000e+02 6.789062500000000000e+02 1.181250000000000000e+01
2.496093750000000000e+01 7.003906250000000000e+01 4.133593750000000000e+02 5.070312500000000000e+02 1.181250000000000000e+01
2.496093750000000000e+01 7.003906250000000000e+01 4.133593750000000000e+02 6.789062500000000000e+02 5.625000000000000000e-01
2.496093750000000000e+01 7.003906250000000000e+01 4.133593750000000000e+02 6.789062500000000000e+02 1.181250000000000000e+01
1.019531250000000000e+01 8.527343750000000000e+01 1.004453125000000000e+03 1.057031250000000000e+03 1.256250000000000000e+01
7.460937500000000000e+00 8.527343750000000000e+01 1.004453125000000000e+03 1.057031250000000000e+03 1.256250000000000000e+01
1.019531250000000000e+01 3.753906250000000000e+01 1.004453125000000000e+03 1.057031250000000000e+03 1.256250000000000000e+01
1.019531250000000000e+01 8.527343750000000000e+01 8.983593750000000000e+02 1.057031250000000000e+03 1.256250000000000000e+01
1.019531250000000000e+01 8.527343750000000000e+01 1.004453125000000000e+03 1.289062500000000000e+02 1.256250000000000000e+01
1.019531250000000000e+01 8.527343750000000000e+01 1.004453125000000000e+03 1.057031250000000000e+03 2.381250000000000000e+01
1.019531250000000000e+01 3.753906250000000000e+01 8.983593750000000000e+02 1.289062500000000000e+02 2.381250000000000000e+01
7.460937500000000000e+00 8.527343750000000000e+01 8.983593750000000000e+02 1.289062500000000000e+02 2.381250000000000000e+01
7.460937500000000000e+00 3.753906250000000000e+01 1.004453125000000000e+03 1.289062500000000000e+02 2.381250000000000000e+01
7.460937500000000000e+00 3.753906250000000000e+01 8.983593750000000000e+02 1.057031250000000000e+03 2.381250000000000000e+01
7.460937500000000000e+00 3.753906250000000000e+01 8.983593750000000000e+02 1.289062500000000000e+02 1.256250000000000000e+01
7.460937500000000000e+00 3.753906250000000000e+01 8.983593750000000000e+02 1.289062500000000000e+02 2.381250000000000000e+01
1.238281250000000000e+01 4.871093750000000000e+01 4.588281250000000000e+02 7.132812500000000000e+02 5.062500000000000000e+00
9.648437500000000000e+00 4.871093750000000000e+01 4.588281250000000000e+02 7.132812500000000000e+02 5.062500000000000000e+00
1.238281250000000000e+01 9.035156250000000000e+01 4.588281250000000000e+02 7.132812500000000000e+02 5.062500000000000000e+00
1.238281250000000000e+01 4.871093750000000000e+01 1.080234375000000000e+03 7.132812500000000000e+02 5.062500000000000000e+00
1.238281250000000000e+01 4.871093750000000000e+01 4.588281250000000000e+02 3.351562500000000000e+02 5.062500000000000000e+00
1.238281250000000000e+01 4.871093750000000000e+01 4.588281250000000000e+02 7.132812500000000000e+02 7.312500000000000000e+00
1.238281250000000000e+01 9.035156250000000000e+01 1.080234375000000000e+03 3.351562500000000000e+02 7.312500000000000000e+00
9.648437500000000000e+00 4.871093750000000000e+01 1.080234375000000000e+03 3.351562500000000000e+02 7.312500000000000000e+00
9.648437500000000000e+00 9.035156250000000000e+01 4.588281250000000000e+02 3.351562500000000000e+02 7.312500000000000000e+00
9.648437500000000000e+00 9.035156250000000000e+01 1.080234375000000000e+03 7.132812500000000000e+02 7.312500000000000000e+00
9.648437500000000000e+00 9.035156250000000000e+01 1.080234375000000000e+03 3.351562500000000000e+02 5.062500000000000000e+00
9.648437500000000000e+00 9.035156250000000000e+01 1.080234375000000000e+03 3.351562500000000000e+02 7.312500000000000000e+00
2.988281250000000000e+01 8.121093750000000000e+01 9.438281250000000000e+02 1.632812500000000000e+02 1.706250000000000000e+01
2.714843750000000000e+01 8.121093750000000000e+01 9.438281250000000000e+02 1.632812500000000000e+02 1.706250000000000000e+01
2.988281250000000000e+01 5.785156250000000000e+01 9.438281250000000000e+02 1.632812500000000000e+02 1.706250000000000000e+01
2.988281250000000000e+01 8.121093750000000000e+01 5.952343750000000000e+02 1.632812500000000000e+02 1.706250000000000000e+01
2.988281250000000000e+01 8.121093750000000000e+01 9.438281250000000000e+02 8.851562500000000000e+02 1.706250000000000000e+01
2.988281250000000000e+01 8.121093750000000000e+01 9.438281250000000000e+02 1.632812500000000000e+02 1.931250000000000000e+01
2.988281250000000000e+01 5.785156250000000000e+01 5.952343750000000000e+02 8.851562500000000000e+02 1.931250000000000000e+01
2.714843750000000000e+01 8.121093750000000000e+01 5.952343750000000000e+02 8.851562500000000000e+02 1.931250000000000000e+01
2.714843750000000000e+01 5.785156250000000000e+01 9.438281250000000000e+02 8.851562500000000000e+02 1.931250000000000000e+01
2.714843750000000000e+01 5.785156250000000000e+01 5.952343750000000000e+02 1.632812500000000000e+02 1.931250000000000000e+01
2.714843750000000000e+01 5.785156250000000000e+01 5.952343750000000000e+02 8.851562500000000000e+02 1.706250000000000000e+01
2.714843750000000000e+01 5.785156250000000000e+01 5.952343750000000000e+02 8.851562500000000000e+02 1.931250000000000000e+01
3.863281250000000000e+01 6.496093750000000000e+01 7.013281250000000000e+02 9.882812500000000000e+02 2.306250000000000000e+01
3.589843750000000000e+01 6.496093750000000000e+01 7.013281250000000000e+02 9.882812500000000000e+02 2.306250000000000000e+01
3.863281250000000000e+01 7.410156250000000000e+01 7.013281250000000000e+02 9.882812500000000000e+02 2.306250000000000000e+01
3.863281250000000000e+01 6.496093750000000000e+01 3.527343750000000000e+02 9.882812500000000000e+02 2.306250000000000000e+01
3.863281250000000000e+01 6.496093750000000000e+01 7.013281250000000000e+02 6.101562500000000000e+02 2.306250000000000000e+01
3.863281250000000000e+01 6.496093750000000000e+01 7.013281250000000000e+02 9.882812500000000000e+02 1.331250000000000000e+01
3.863281250000000000e+01 7.410156250000000000e+01 3.527343750000000000e+02 6.101562500000000000e+02 1.331250000000000000e+01
3.589843750000000000e+01 6.496093750000000000e+01 3.527343750000000000e+02 6.101562500000000000e+02 1.331250000000000000e+01
3.589843750000000000e+01 7.410156250000000000e+01 7.013281250000000000e+02 6.101562500000000000e+02 1.331250000000000000e+01
3.589843750000000000e+01 7.410156250000000000e+01 3.527343750000000000e+02 9.882812500000000000e+02 1.331250000000000000e+01
3.589843750000000000e+01 7.410156250000000000e+01 3.527343750000000000e+02 6.101562500000000000e+02 2.306250000000000000e+01
3.589843750000000000e+01 7.410156250000000000e+01 3.527343750000000000e+02 6.101562500000000000e+02 1.331250000000000000e+01
2.113281250000000000e+01 9.746093750000000000e+01 1.186328125000000000e+03 4.382812500000000000e+02 1.106250000000000000e+01
1.839843750000000000e+01 9.746093750000000000e+01 1.186328125000000000e+03 4.382812500000000000e+02 1.106250000000000000e+01
2.113281250000000000e+01 4.160156250000000000e+01 1.186328125000000000e+03 4.382812500000000000e+02 1.106250000000000000e+01
2.113281250000000000e+01 9.746093750000000000e+01 8.377343750000000000e+02 4.382812500000000000e+02 1.106250000000000000e+01
2.113281250000000000e+01 9.746093750000000000e+01 1.186328125000000000e+03 6.015625000000000000e+01 1.106250000000000000e+01
2.113281250000000000e+01 9.746093750000000000e+01 1.186328125000000000e+03 4.382812500000000000e+02 1.312500000000000000e+00
2.113281250000000000e+01 4.160156250000000000e+01 8.377343750000000000e+02 6.015625000000000000e+01 1.312500000000000000e+00
1.839843750000000000e+01 9.746093750000000000e+01 8.377343750000000000e+02 6.015625000000000000e+01 1.312500000000000000e+00
1.839843750000000000e+01 4.160156250000000000e+01 1.186328125000000000e+03 6.015625000000000000e+01 1.312500000000000000e+00
1.839843750000000000e+01 4.160156250000000000e+01 8.377343750000000000e+02 4.382812500000000000e+02 1.312500000000000000e+00
1.839843750000000000e+01 4.160156250000000000e+01 8.377343750000000000e+02 6.015625000000000000e+01 1.106250000000000000e+01
1.839843750000000000e+01 4.160156250000000000e+01 8.377343750000000000e+02 6.015625000000000000e+01 1.312500000000000000e+00
1.675781250000000000e+01 5.683593750000000000e+01 8.225781250000000000e+02 3.007812500000000000e+02 8.062500000000000000e+00
5.273437500000000000e+00 5.683593750000000000e+01 8.225781250000000000e+02 3.007812500000000000e+02 8.062500000000000000e+00
1.675781250000000000e+01 8.222656250000000000e+01 8.225781250000000000e+02 3.007812500000000000e+02 8.062500000000000000e+00
1.675781250000000000e+01 5.683593750000000000e+01 4.739843750000000000e+02 3.007812500000000000e+02 8.062500000000000000e+00
1.675781250000000000e+01 5.683593750000000000e+01 8.225781250000000000e+02 7.476562500000000000e+02 8.062500000000000000e+00
1.675781250000000000e+01 5.683593750000000000e+01 8.225781250000000000e+02 3.007812500000000000e+02 2.231250000000000000e+01
1.675781250000000000e+01 8.222656250000000000e+01 4.739843750000000000e+02 7.476562500000000000e+02 2.231250000000000000e+01
5.273437500000000000e+00 5.683593750000000000e+01 4.739843750000000000e+02 7.476562500000000000e+02 2.231250000000000000e+01
5.273437500000000000e+00 8.222656250000000000e+01 8.225781250000000000e+02 7.476562500000000000e+02 2.231250000000000000e+01
5.273437500000000000e+00 8.222656250000000000e+01 4.739843750000000000e+02 3.007812500000000000e+02 2.231250000000000000e+01
5.273437500000000000e+00 8.222656250000000000e+01 4.739843750000000000e+02 7.476562500000000000e+02 8.062500000000000000e+00
5.273437500000000000e+00 8.222656250000000000e+01 4.739843750000000000e+02 7.476562500000000000e+02 2.231250000000000000e+01
3.425781250000000000e+01 8.933593750000000000e+01 3.375781250000000000e+02 8.507812500000000000e+02 2.006250000000000000e+01
2.277343750000000000e+01 8.933593750000000000e+01 3.375781250000000000e+02 8.507812500000000000e+02 2.006250000000000000e+01
3.425781250000000000e+01 4.972656250000000000e+01 3.375781250000000000e+02 8.507812500000000000e+02 2.006250000000000000e+01
3.425781250000000000e+01 8.933593750000000000e+01 9.589843750000000000e+02 8.507812500000000000e+02 2.006250000000000000e+01
3.425781250000000000e+01 8.933593750000000000e+01 3.375781250000000000e+02 1.976562500000000000e+02 2.006250000000000000e+01
3.425781250000000000e+01 8.933593750000000000e+01 3.375781250000000000e+02 8.507812500000000000e+02 1.031250000000000000e+01
3.425781250000000000e+01 4.972656250000000000e+01 9.589843750000000000e+02 1.976562500000000000e+02 1.031250000000000000e+01
2.277343750000000000e+01 8.933593750000000000e+01 9.589843750000000000e+02 1.976562500000000000e+02 1.031250000000000000e+01
2.277343750000000000e+01 4.972656250000000000e+01 3.375781250000000000e+02 1.976562500000000000e+02 1.031250000000000000e+01
2.277343750000000000e+01 4.972656250000000000e+01 9.589843750000000000e+02 8.507812500000000000e+02 1.031250000000000000e+01
2.277343750000000000e+01 4.972656250000000000e+01 9.589843750000000000e+02 1.976562500000000000e+02 2.006250000000000000e+01
2.277343750000000000e+01 4.972656250000000000e+01 9.589843750000000000e+02 1.976562500000000000e+02 1.031250000000000000e+01
2.550781250000000000e+01 4.058593750000000000e+01 1.065078125000000000e+03 2.578125000000000000e+01 1.406250000000000000e+01
3.152343750000000000e+01 4.058593750000000000e+01 1.065078125000000000e+03 2.578125000000000000e+01 1.406250000000000000e+01
2.550781250000000000e+01 9.847656250000000000e+01 1.065078125000000000e+03 2.578125000000000000e+01 1.406250000000000000e+01
2.550781250000000000e+01 4.058593750000000000e+01 1.201484375000000000e+03 2.578125000000000000e+01 1.406250000000000000e+01
2.550781250000000000e+01 4.058593750000000000e+01 1.065078125000000000e+03 4.726562500000000000e+02 1.406250000000000000e+01
2.550781250000000000e+01 4.058593750000000000e+01 1.065078125000000000e+03 2.578125000000000000e+01 4.312500000000000000e+00
2.550781250000000000e+01 9.847656250000000000e+01 1.201484375000000000e+03 4.726562500000000000e+02 4.312500000000000000e+00
3.152343750000000000e+01 4.058593750000000000e+01 1.201484375000000000e+03 4.726562500000000000e+02 4.312500000000000000e+00
3.152343750000000000e+01 9.847656250000000000e+01 1.065078125000000000e+03 4.726562500000000000e+02 4.312500000000000000e+00
3.152343750000000000e+01 9.847656250000000000e+01 1.201484375000000000e+03 2.578125000000000000e+01 4.312500000000000000e+00
3.152343750000000000e+01 9.847656250000000000e+01 1.201484375000000000e+03 4.726562500000000000e+02 1.406250000000000000e+01
3.152343750000000000e+01 9.847656250000000000e+01 1.201484375000000000e+03 4.726562500000000000e+02 4.312500000000000000e+00
8.007812500000000000e+00 7.308593750000000000e+01 5.800781250000000000e+02 5.757812500000000000e+02 2.062500000000000000e+00
1.402343750000000000e+01 7.308593750000000000e+01 5.800781250000000000e+02 5.757812500000000000e+02 2.062500000000000000e+00
8.007812500000000000e+00 6.597656250000000000e+01 5.800781250000000000e+02 5.757812500000000000e+02 2.062500000000000000e+00
8.007812500000000000e+00 7.308593750000000000e+01 7.164843750000000000e+02 5.757812500000000000e+02 2.062500000000000000e+00
8.007812500000000000e+00 7.308593750000000000e+01 5.800781250000000000e+02 1.022656250000000000e+03 2.062500000000000000e+00
8.007812500000000000e+00 7.308593750000000000e+01 5.800781250000000000e+02 5.757812500000000000e+02 1.631250000000000000e+01
8.007812500000000000e+00 6.597656250000000000e+01 7.164843750000000000e+02 1.022656250000000000e+03 1.631250000000000000e+01
1.402343750000000000e+01 7.308593750000000000e+01 7.164843750000000000e+02 1.022656250000000000e+03 1.631250000000000000e+01
1.402343750000000000e+01 6.597656250000000000e+01 5.800781250000000000e+02 1.022656250000000000e+03 1.631250000000000000e+01
1.402343750000000000e+01 6.597656250000000000e+01 7.164843750000000000e+02 5.757812500000000000e+02 1.631250000000000000e+01
1.402343750000000000e+01 6.597656250000000000e+01 7.164843750000000000e+02 1.022656250000000000e+03 2.062500000000000000e+00
1.402343750000000000e+01 6.597656250000000000e+01 7.164843750000000000e+02 1.022656250000000000e+03 1.631250000000000000e+01
9.101562500000000000e+00 4.261718750000000000e+01 9.741406250000000000e+02 5.414062500000000000e+02 2.231250000000000000e+01
2.386718750000000000e+01 4.261718750000000000e+01 9.741406250000000000e+02 5.414062500000000000e+02 2.231250000000000000e+01
9.101562500000000000e+00 4.363281250000000000e+01 9.741406250000000000e+02 5.414062500000000000e+02 2.231250000000000000e+01
9.101562500000000000e+00 4.261718750000000000e+01 1.231796875000000000e+03 5.414062500000000000e+02 2.231250000000000000e+01
9.101562500000000000e+00 4.261718750000000000e+01 9.741406250000000000e+02 8.507812500000000000e+02 2.231250000000000000e+01
9.101562500000000000e+00 4.261718750000000000e+01 9.741406250000000000e+02 5.414062500000000000e+02 5.062500000000000000e+00
9.101562500000000000e+00 4.363281250000000000e+01 1.231796875000000000e+03 8.507812500000000000e+02 5.062500000000000000e+00
2.386718750000000000e+01 4.261718750000000000e+01 1.231796875000000000e+03 8.507812500000000000e+02 5.062500000000000000e+00
2.386718750000000000e+01 4.363281250000000000e+01 9.741406250000000000e+02 8.507812500000000000e+02 5.062500000000000000e+00
2.386718750000000000e+01 4.363281250000000000e+01 1.231796875000000000e+03 5.414062500000000000e+02 5.062500000000000000e+00
2.386718750000000000e+01 4.363281250000000000e+01 1.231796875000000000e+03 8.507812500000000000e+02 2.231250000000000000e+01
2.386718750000000000e+01 4.363281250000000000e+01 1.231796875000000000e+03 8.507812500000000000e+02 5.062500000000000000e+00
2.660156250000000000e+01 7.511718750000000000e+01 4.891406250000000000e+02 1.091406250000000000e+03 1.031250000000000000e+01
6.367187500000000000e+00 7.511718750000000000e+01 4.891406250000000000e+02 1.091406250000000000e+03 1.031250000000000000e+01
2.660156250000000000e+01 7.613281250000000000e+01 4.891406250000000000e+02 1.091406250000000000e+03 1.031250000000000000e+01
2.660156250000000000e+01 7.511718750000000000e+01 7.467968750000000000e+02 1.091406250000000000e+03 1.031250000000000000e+01
2.660156250000000000e+01 7.511718750000000000e+01 4.891406250000000000e+02 3.007812500000000000e+02 1.031250000000000000e+01
2.660156250000000000e+01 7.511718750000000000e+01 4.891406250000000000e+02 1.091406250000000000e+03 1.706250000000000000e+01
2.660156250000000000e+01 7.613281250000000000e+01 7.467968750000000000e+02 3.007812500000000000e+02 1.706250000000000000e+01
6.367187500000000000e+00 7.511718750000000000e+01 7.467968750000000000e+02 3.007812500000000000e+02 1.706250000000000000e+01
6.367187500000000000e+00 7.613281250000000000e+01 4.891406250000000000e+02 3.007812500000000000e+02 1.706250000000000000e+01
6.367187500000000000e+00 7.613281250000000000e+01 7.467968750000000000e+02 1.091406250000000000e+03 1.706250000000000000e+01
6.367187500000000000e+00 7.613281250000000000e+01 7.467968750000000000e+02 3.007812500000000000e+02 1.031250000000000000e+01
6.367187500000000000e+00 7.613281250000000000e+01 7.467968750000000000e+02 3.007812500000000000e+02 1.706250000000000000e+01
3.535156250000000000e+01 5.886718750000000000e+01 1.216640625000000000e+03 2.664062500000000000e+02 4.312500000000000000e+00
1.511718750000000000e+01 5.886718750000000000e+01 1.216640625000000000e+03 2.664062500000000000e+02 4.312500000000000000e+00
3.535156250000000000e+01 5.988281250000000000e+01 1.216640625000000000e+03 2.664062500000000000e+02 4.312500000000000000e+00
3.535156250000000000e+01 5.886718750000000000e+01 5.042968750000000000e+02 2.664062500000000000e+02 4.312500000000000000e+00
3.535156250000000000e+01 5.886718750000000000e+01 1.216640625000000000e+03 2.578125000000000000e+01 4.312500000000000000e+00
3.535156250000000000e+01 5.886718750000000000e+01 1.216640625000000000e+03 2.664062500000000000e+02 2.306250000000000000e+01
3.535156250000000000e+01 5.988281250000000000e+01 5.042968750000000000e+02 2.578125000000000000e+01 2.306250000000000000e+01
1.511718750000000000e+01 5.886718750000000000e+01 5.042968750000000000e+02 2.578125000000000000e+01 2.306250000000000000e+01
1.511718750000000000e+01 5.988281250000000000e+01 1.216640625000000000e+03 2.578125000000000000e+01 2.306250000000000000e+01
1.511718750000000000e+01 5.988281250000000000e+01 5.042968750000000000e+02 2.664062500000000000e+02 2.306250000000000000e+01
1.511718750000000000e+01 5.988281250000000000e+01 5.042968750000000000e+02 2.578125000000000000e+01 4.312500000000000000e+00
1.511718750000000000e+01 5.988281250000000000e+01 5.042968750000000000e+02 2.578125000000000000e+01 2.306250000000000000e+01
1.785156250000000000e+01 9.136718750000000000e+01 7.316406250000000000e+02 8.164062500000000000e+02 1.631250000000000000e+01
3.261718750000000000e+01 9.136718750000000000e+01 7.316406250000000000e+02 8.164062500000000000e+02 1.631250000000000000e+01
1.785156250000000000e+01 9.238281250000000000e+01 7.316406250000000000e+02 8.164062500000000000e+02 1.631250000000000000e+01
1.785156250000000000e+01 9.136718750000000000e+01 9.892968750000000000e+02 8.164062500000000000e+02 1.631250000000000000e+01
1.785156250000000000e+01 9.136718750000000000e+01 7.316406250000000000e+02 5.757812500000000000e+02 1.631250000000000000e+01
1.785156250000000000e+01 9.136718750000000000e+01 7.316406250000000000e+02 8.164062500000000000e+02 1.106250000000000000e+01
1.785156250000000000e+01 9.238281250000000000e+01 9.892968750000000000e+02 5.757812500000000000e+02 1.106250000000000000e+01
3.261718750000000000e+01 9.136718750000000000e+01 9.892968750000000000e+02 5.757812500000000000e+02 1.106250000000000000e+01
3.261718750000000000e+01 9.238281250000000000e+01 7.316406250000000000e+02 5.757812500000000000e+02 1.106250000000000000e+01
3.261718750000000000e+01 9.238281250000000000e+01 9.892968750000000000e+02 8.164062500000000000e+02 1.106250000000000000e+01
3.261718750000000000e+01 9.238281250000000000e+01 9.892968750000000000e+02 5.757812500000000000e+02 1.631250000000000000e+01
3.261718750000000000e+01 9.238281250000000000e+01 9.892968750000000000e+02 5.757812500000000000e+02 1.106250000000000000e+01
2.222656250000000000e+01 6.699218750000000000e+01 3.678906250000000000e+02 6.789062500000000000e+02 1.331250000000000000e+01
2.824218750000000000e+01 6.699218750000000000e+01 3.678906250000000000e+02 6.789062500000000000e+02 1.331250000000000000e+01
2.222656250000000000e+01 5.175781250000000000e+01 3.678906250000000000e+02 6.789062500000000000e+02 1.331250000000000000e+01
2.222656250000000000e+01 6.699218750000000000e+01 3.830468750000000000e+02 6.789062500000000000e+02 1.331250000000000000e+01
2.222656250000000000e+01 6.699218750000000000e+01 3.678906250000000000e+02 1.632812500000000000e+02 1.331250000000000000e+01
2.222656250000000000e+01 6.699218750000000000e+01 3.678906250000000000e+02 6.789062500000000000e+02 1.406250000000000000e+01
2.222656250000000000e+01 5.175781250000000000e+01 3.830468750000000000e+02 1.632812500000000000e+02 1.406250000000000000e+01
2.824218750000000000e+01 6.699218750000000000e+01 3.830468750000000000e+02 1.632812500000000000e+02 1.406250000000000000e+01
2.824218750000000000e+01 5.175781250000000000e+01 3.678906250000000000e+02 1.632812500000000000e+02 1.406250000000000000e+01
2.824218750000000000e+01 5.175781250000000000e+01 3.830468750000000000e+02 6.789062500000000000e+02 1.406250000000000000e+01
2.824218750000000000e+01 5.175781250000000000e+01 3.830468750000000000e+02 1.632812500000000000e+02 1.331250000000000000e+01
2.824218750000000000e+01 5.175781250000000000e+01 3.830468750000000000e+02 1.632812500000000000e+02 1.406250000000000000e+01
3.972656250000000000e+01 9.949218750000000000e+01 8.528906250000000000e+02 1.289062500000000000e+02 1.312500000000000000e+00
1.074218750000000000e+01 9.949218750000000000e+01 8.528906250000000000e+02 1.289062500000000000e+02 1.312500000000000000e+00
3.972656250000000000e+01 8.425781250000000000e+01 8.528906250000000000e+02 1.289062500000000000e+02 1.312500000000000000e+00
3.972656250000000000e+01 9.949218750000000000e+01 8.680468750000000000e+02 1.289062500000000000e+02 1.312500000000000000e+00
3.972656250000000000e+01 9.949218750000000000e+01 8.528906250000000000e+02 7.132812500000000000e+02 1.312500000000000000e+00
3.972656250000000000e+01 9.949218750000000000e+01 8.528906250000000000e+02 1.289062500000000000e+02 2.062500000000000000e+00
3.972656250000000000e+01 8.425781250000000000e+01 8.680468750000000000e+02 7.132812500000000000e+02 2.062500000000000000e+00
1.074218750000000000e+01 9.949218750000000000e+01 8.680468750000000000e+02 7.132812500000000000e+02 2.062500000000000000e+00
1.074218750000000000e+01 8.425781250000000000e+01 8.528906250000000000e+02 7.132812500000000000e+02 2.062500000000000000e+00
1.074218750000000000e+01 8.425781250000000000e+01 8.680468750000000000e+02 1.289062500000000000e+02 2.062500000000000000e+00
1.074218750000000000e+01 8.425781250000000000e+01 8.680468750000000000e+02 7.132812500000000000e+02 1.312500000000000000e+00
1.074218750000000000e+01 8.425781250000000000e+01 8.680468750000000000e+02 7.132812500000000000e+02 2.062500000000000000e+00
3.097656250000000000e+01 5.074218750000000000e+01 6.103906250000000000e+02 9.539062500000000000e+02 7.312500000000000000e+00
1.949218750000000000e+01 5.074218750000000000e+01 6.103906250000000000e+02 9.539062500000000000e+02 7.312500000000000000e+00
3.097656250000000000e+01 3.550781250000000000e+01 6.103906250000000000e+02 9.539062500000000000e+02 7.312500000000000000e+00
3.097656250000000000e+01 5.074218750000000000e+01 1.110546875000000000e+03 9.539062500000000000e+02 7.312500000000000000e+00
3.097656250000000000e+01 5.074218750000000000e+01 6.103906250000000000e+02 9.882812500000000000e+02 7.312500000000000000e+00
3.097656250000000000e+01 5.074218750000000000e+01 6.103906250000000000e+02 9.539062500000000000e+02 8.062500000000000000e+00
3.097656250000000000e+01 3.550781250000000000e+01 1.110546875000000000e+03 9.882812500000000000e+02 8.062500000000000000e+00
1.949218750000000000e+01 5.074218750000000000e+01 1.110546875000000000e+03 9.882812500000000000e+02 8.062500000000000000e+00
1.949218750000000000e+01 3.550781250000000000e+01 6.103906250000000000e+02 9.882812500000000000e+02 8.062500000000000000e+00
1.949218750000000000e+01 3.550781250000000000e+01 1.110546875000000000e+03 9.539062500000000000e+02 8.062500000000000000e+00
1.949218750000000000e+01 3.550781250000000000e+01 1.110546875000000000e+03 9.882812500000000000e+02 7.312500000000000000e+00
1.949218750000000000e+01 3.550781250000000000e+01 1.110546875000000000e+03 9.882812500000000000e+02 8.062500000000000000e+00
1.347656250000000000e+01 8.324218750000000000e+01 1.095390625000000000e+03 4.039062500000000000e+02 1.931250000000000000e+01
3.699218750000000000e+01 8.324218750000000000e+01 1.095390625000000000e+03 4.039062500000000000e+02 1.931250000000000000e+01
1.347656250000000000e+01 6.800781250000000000e+01 1.095390625000000000e+03 4.039062500000000000e+02 1.931250000000000000e+01
1.347656250000000000e+01 8.324218750000000000e+01 6.255468750000000000e+02 4.039062500000000000e+02 1.931250000000000000e+01
1.347656250000000000e+01 8.324218750000000000e+01 1.095390625000000000e+03 4.382812500000000000e+02 1.931250000000000000e+01
1.347656250000000000e+01 8.324218750000000000e+01 1.095390625000000000e+03 4.039062500000000000e+02 2.006250000000000000e+01
1.347656250000000000e+01 6.800781250000000000e+01 6.255468750000000000e+02 4.382812500000000000e+02 2.006250000000000000e+01
3.699218750000000000e+01 8.324218750000000000e+01 6.255468750000000000e+02 4.382812500000000000e+02 2.006250000000000000e+01
3.699218750000000000e+01 6.800781250000000000e+01 1.095390625000000000e+03 4.382812500000000000e+02 2.006250000000000000e+01
3.699218750000000000e+01 6.800781250000000000e+01 6.255468750000000000e+02 4.039062500000000000e+02 2.006250000000000000e+01
3.699218750000000000e+01 6.800781250000000000e+01 6.255468750000000000e+02 4.382812500000000000e+02 1.931250000000000000e+01
3.699218750000000000e+01 6.800781250000000000e+01 6.255468750000000000e+02 4.382812500000000000e+02 2.006250000000000000e+01
1.128906250000000000e+01 5.480468750000000000e+01 6.710156250000000000e+02 6.015625000000000000e+01 1.181250000000000000e+01
3.480468750000000000e+01 5.480468750000000000e+01 6.710156250000000000e+02 6.015625000000000000e+01 1.181250000000000000e+01
1.128906250000000000e+01 5.582031250000000000e+01 6.710156250000000000e+02 6.015625000000000000e+01 1.181250000000000000e+01
1.128906250000000000e+01 5.480468750000000000e+01 4.436718750000000000e+02 6.015625000000000000e+01 1.181250000000000000e+01
1.128906250000000000e+01 5.480468750000000000e+01 6.710156250000000000e+02 2.320312500000000000e+02 1.181250000000000000e+01
1.128906250000000000e+01 5.480468750000000000e+01 6.710156250000000000e+02 6.015625000000000000e+01 9.562500000000000000e+00
1.128906250000000000e+01 5.582031250000000000e+01 4.436718750000000000e+02 2.320312500000000000e+02 9.562500000000000000e+00
3.480468750000000000e+01 5.480468750000000000e+01 4.436718750000000000e+02 2.320312500000000000e+02 9.562500000000000000e+00
3.480468750000000000e+01 5.582031250000000000e+01 6.710156250000000000e+02 2.320312500000000000e+02 9.562500000000000000e+00
3.480468750000000000e+01 5.582031250000000000e+01 4.436718750000000000e+02 6.015625000000000000e+01 9.562500000000000000e+00
3.480468750000000000e+01 5.582031250000000000e+01 4.436718750000000000e+02 2.320312500000000000e+02 1.181250000000000000e+01
3.480468750000000000e+01 5.582031250000000000e+01 4.436718750000000000e+02 2.320312500000000000e+02 9.562500000000000000e+00
2.878906250000000000e+01 8.730468750000000000e+01 1.156015625000000000e+03 6.101562500000000000e+02 2.381250000000000000e+01
1.730468750000000000e+01 8.730468750000000000e+01 1.156015625000000000e+03 6.101562500000000000e+02 2.381250000000000000e+01
2.878906250000000000e+01 8.832031250000000000e+01 1.156015625000000000e+03 6.101562500000000000e+02 2.381250000000000000e+01
2.878906250000000000e+01 8.730468750000000000e+01 9.286718750000000000e+02 6.101562500000000000e+02 2.381250000000000000e+01
2.878906250000000000e+01 8.730468750000000000e+01 1.156015625000000000e+03 7.820312500000000000e+02 2.381250000000000000e+01
2.878906250000000000e+01 8.730468750000000000e+01 1.156015625000000000e+03 6.101562500000000000e+02 2.156250000000000000e+01
2.878906250000000000e+01 8.832031250000000000e+01 9.286718750000000000e+02 7.820312500000000000e+02 2.156250000000000000e+01
1.730468750000000000e+01 8.730468750000000000e+01 9.286718750000000000e+02 7.820312500000000000e+02 2.156250000000000000e+01
1.730468750000000000e+01 8.832031250000000000e+01 1.156015625000000000e+03 7.820312500000000000e+02 2.156250000000000000e+01
1.730468750000000000e+01 8.832031250000000000e+01 9.286718750000000000e+02 6.101562500000000000e+02 2.156250000000000000e+01
1.730468750000000000e+01 8.832031250000000000e+01 9.286718750000000000e+02 7.820312500000000000e+02 2.381250000000000000e+01
1.730468750000000000e+01 8.832031250000000000e+01 9.286718750000000000e+02 7.820312500000000000e+02 2.156250000000000000e+01
3.753906250000000000e+01 3.855468750000000000e+01 4.285156250000000000e+02 3.351562500000000000e+02 1.781250000000000000e+01
8.554687500000000000e+00 3.855468750000000000e+01 4.285156250000000000e+02 3.351562500000000000e+02 1.781250000000000000e+01
3.753906250000000000e+01 3.957031250000000000e+01 4.285156250000000000e+02 3.351562500000000000e+02 1.781250000000000000e+01
3.753906250000000000e+01 3.855468750000000000e+01 1.171171875000000000e+03 3.351562500000000000e+02 1.781250000000000000e+01
3.753906250000000000e+01 3.855468750000000000e+01 4.285156250000000000e+02 1.057031250000000000e+03 1.781250000000000000e+01
3.753906250000000000e+01 3.855468750000000000e+01 4.285156250000000000e+02 3.351562500000000000e+02 1.556250000000000000e+01
3.753906250000000000e+01 3.957031250000000000e+01 1.171171875000000000e+03 1.057031250000000000e+03 1.556250000000000000e+01
8.554687500000000000e+00 3.855468750000000000e+01 1.171171875000000000e+03 1.057031250000000000e+03 1.556250000000000000e+01
8.554687500000000000e+00 3.957031250000000000e+01 4.285156250000000000e+02 1.057031250000000000e+03 1.556250000000000000e+01
8.554687500000000000e+00 3.957031250000000000e+01 1.171171875000000000e+03 3.351562500000000000e+02 1.556250000000000000e+01
8.554687500000000000e+00 3.957031250000000000e+01 1.171171875000000000e+03 1.057031250000000000e+03 1.781250000000000000e+01
8.554687500000000000e+00 3.957031250000000000e+01 1.171171875000000000e+03 1.057031250000000000e+03 1.556250000000000000e+01
2.003906250000000000e+01 7.105468750000000000e+01 9.135156250000000000e+02 8.851562500000000000e+02 5.812500000000000000e+00
2.605468750000000000e+01 7.105468750000000000e+01 9.135156250000000000e+02 8.851562500000000000e+02 5.812500000000000000e+00
2.003906250000000000e+01 7.207031250000000000e+01 9.135156250000000000e+02 8.851562500000000000e+02 5.812500000000000000e+00
2.003906250000000000e+01 7.105468750000000000e+01 6.861718750000000000e+02 8.851562500000000000e+02 5.812500000000000000e+00
2.003906250000000000e+01 7.105468750000000000e+01 9.135156250000000000e+02 5.070312500000000000e+02 5.812500000000000000e+00
2.003906250000000000e+01 7.105468750000000000e+01 9.135156250000000000e+02 8.851562500000000000e+02 3.562500000000000000e+00
2.003906250000000000e+01 7.207031250000000000e+01 6.861718750000000000e+02 5.070312500000000000e+02 3.562500000000000000e+00
2.605468750000000000e+01 7.105468750000000000e+01 6.861718750000000000e+02 5.070312500000000000e+02 3.562500000000000000e+00
2.605468750000000000e+01 7.207031250000000000e+01 9.135156250000000000e+02 5.070312500000000000e+02 3.562500000000000000e+00
2.605468750000000000e+01 7.207031250000000000e+01 6.861718750000000000e+02 8.851562500000000000e+02 3.562500000000000000e+00
2.605468750000000000e+01 7.207031250000000000e+01 6.861718750000000000e+02 5.070312500000000000e+02 5.812500000000000000e+00
2.605468750000000000e+01 7.207031250000000000e+01 6.861718750000000000e+02 5.070312500000000000e+02 3.562500000000000000e+00
1.566406250000000000e+01 4.667968750000000000e+01 1.277265625000000000e+03 1.022656250000000000e+03 2.812500000000000000e+00
3.917968750000000000e+01 4.667968750000000000e+01 1.277265625000000000e+03 1.022656250000000000e+03 2.812500000000000000e+00
1.566406250000000000e+01 4.769531250000000000e+01 1.277265625000000000e+03 1.022656250000000000e+03 2.812500000000000000e+00
1.566406250000000000e+01 4.667968750000000000e+01 1.292421875000000000e+03 1.022656250000000000e+03 2.812500000000000000e+00
1.566406250000000000e+01 4.667968750000000000e+01 1.277265625000000000e+03 9.195312500000000000e+02 2.812500000000000000e+00
1.566406250000000000e+01 4.667968750000000000e+01 1.277265625000000000e+03 1.022656250000000000e+03 1.856250000000000000e+01
1.566406250000000000e+01 4.769531250000000000e+01 1.292421875000000000e+03 9.195312500000000000e+02 1.856250000000000000e+01
3.917968750000000000e+01 4.667968750000000000e+01 1.292421875000000000e+03 9.195312500000000000e+02 1.856250000000000000e+01
3.917968750000000000e+01 4.769531250000000000e+01 1.277265625000000000e+03 9.195312500000000000e+02 1.856250000000000000e+01
3.917968750000000000e+01 4.769531250000000000e+01 1.292421875000000000e+03 1.022656250000000000e+03 1.856250000000000000e+01
3.917968750000000000e+01 4.769531250000000000e+01 1.292421875000000000e+03 9.195312500000000000e+02 2.812500000000000000e+00
3.917968750000000000e+01 4.769531250000000000e+01 1.292421875000000000e+03 9.195312500000000000e+02 1.856250000000000000e+01
3.316406250000000000e+01 7.917968750000000000e+01 7.922656250000000000e+02 4.726562500000000000e+02 1.481250000000000000e+01
2.167968750000000000e+01 7.917968750000000000e+01 7.922656250000000000e+02 4.726562500000000000e+02 1.481250000000000000e+01
3.316406250000000000e+01 8.019531250000000000e+01 7.922656250000000000e+02 4.726562500000000000e+02 1.481250000000000000e+01
3.316406250000000000e+01 7.917968750000000000e+01 8.074218750000000000e+02 4.726562500000000000e+02 1.481250000000000000e+01
3.316406250000000000e+01 7.917968750000000000e+01 7.922656250000000000e+02 3.695312500000000000e+02 1.481250000000000000e+01
3.316406250000000000e+01 7.917968750000000000e+01 7.922656250000000000e+02 4.726562500000000000e+02 6.562500000000000000e+00
3.316406250000000000e+01 8.019531250000000000e+01 8.074218750000000000e+02 3.695312500000000000e+02 6.562500000000000000e+00
2.167968750000000000e+01 7.917968750000000000e+01 8.074218750000000000e+02 3.695312500000000000e+02 6.562500000000000000e+00
2.167968750000000000e+01 8.019531250000000000e+01 7.922656250000000000e+02 3.695312500000000000e+02 6.562500000000000000e+00
2.167968750000000000e+01 8.019531250000000000e+01 8.074218750000000000e+02 4.726562500000000000e+02 6.562500000000000000e+00
2.167968750000000000e+01 8.019531250000000000e+01 8.074218750000000000e+02 3.695312500000000000e+02 1.481250000000000000e+01
2.167968750000000000e+01 8.019531250000000000e+01 8.074218750000000000e+02 3.695312500000000000e+02 6.562500000000000000e+00
2.441406250000000000e+01 6.292968750000000000e+01 1.034765625000000000e+03 7.476562500000000000e+02 2.081250000000000000e+01
1.292968750000000000e+01 6.292968750000000000e+01 1.034765625000000000e+03 7.476562500000000000e+02 2.081250000000000000e+01
2.441406250000000000e+01 6.394531250000000000e+01 1.034765625000000000e+03 7.476562500000000000e+02 2.081250000000000000e+01
2.441406250000000000e+01 6.292968750000000000e+01 5.649218750000000000e+02 7.476562500000000000e+02 2.081250000000000000e+01
2.441406250000000000e+01 6.292968750000000000e+01 1.034765625000000000e+03 9.453125000000000000e+01 2.081250000000000000e+01
2.441406250000000000e+01 6.292968750000000000e+01 1.034765625000000000e+03 7.476562500000000000e+02 5.625000000000000000e-01
2.441406250000000000e+01 6.394531250000000000e+01 5.649218750000000000e+02 9.453125000000000000e+01 5.625000000000000000e-01
1.292968750000000000e+01 6.292968750000000000e+01 5.649218750000000000e+02 9.453125000000000000e+01 5.625000000000000000e-01
1.292968750000000000e+01 6.394531250000000000e+01 1.034765625000000000e+03 9.453125000000000000e+01 5.625000000000000000e-01
1.292968750000000000e+01 6.394531250000000000e+01 5.649218750000000000e+02 7.476562500000000000e+02 5.625000000000000000e-01
1.292968750000000000e+01 6.394531250000000000e+01 5.649218750000000000e+02 9.453125000000000000e+01 2.081250000000000000e+01
1.292968750000000000e+01 6.394531250000000000e+01 5.649218750000000000e+02 9.453125000000000000e+01 5.625000000000000000e-01
6.914062500000000000e+00 9.542968750000000000e+01 5.497656250000000000e+02 1.976562500000000000e+02 8.812500000000000000e+00
3.042968750000000000e+01 9.542968750000000000e+01 5.497656250000000000e+02 1.976562500000000000e+02 8.812500000000000000e+00
6.914062500000000000e+00 9.644531250000000000e+01 5.497656250000000000e+02 1.976562500000000000e+02 8.812500000000000000e+00
6.914062500000000000e+00 9.542968750000000000e+01 1.049921875000000000e+03 1.976562500000000000e+02 8.812500000000000000e+00
6.914062500000000000e+00 9.542968750000000000e+01 5.497656250000000000e+02 6.445312500000000000e+02 8.812500000000000000e+00
6.914062500000000000e+00 9.542968750000000000e+01 5.497656250000000000e+02 1.976562500000000000e+02 1.256250000000000000e+01
6.914062500000000000e+00 9.644531250000000000e+01 1.049921875000000000e+03 6.445312500000000000e+02 1.256250000000000000e+01
3.042968750000000000e+01 9.542968750000000000e+01 1.049921875000000000e+03 6.445312500000000000e+02 1.256250000000000000e+01
3.042968750000000000e+01 9.644531250000000000e+01 5.497656250000000000e+02 6.445312500000000000e+02 1.256250000000000000e+01
3.042968750000000000e+01 9.644531250000000000e+01 1.049921875000000000e+03 1.976562500000000000e+02 1.256250000000000000e+01
3.042968750000000000e+01 9.644531250000000000e+01 1.049921875000000000e+03 6.445312500000000000e+02 8.812500000000000000e+00
3.042968750000000000e+01 9.644531250000000000e+01 1.049921875000000000e+03 6.445312500000000000e+02 1.256250000000000000e+01
6.367187500000000000e+00 4.363281250000000000e+01 7.164843750000000000e+02 3.867187500000000000e+02 1.218750000000000000e+01
2.660156250000000000e+01 4.363281250000000000e+01 7.164843750000000000e+02 3.867187500000000000e+02 1.218750000000000000e+01
6.367187500000000000e+00 6.089843750000000000e+01 7.164843750000000000e+02 3.867187500000000000e+02 1.218750000000000000e+01
6.367187500000000000e+00 4.363281250000000000e+01 9.135156250000000000e+02 3.867187500000000000e+02 1.218750000000000000e+01
6.367187500000000000e+00 4.363281250000000000e+01 7.164843750000000000e+02 2.835937500000000000e+02 1.218750000000000000e+01
6.367187500000000000e+00 4.363281250000000000e+01 7.164843750000000000e+02 3.867187500000000000e+02 1.687500000000000000e+00
6.367187500000000000e+00 6.089843750000000000e+01 9.135156250000000000e+02 2.835937500000000000e+02 1.687500000000000000e+00
2.660156250000000000e+01 4.363281250000000000e+01 9.135156250000000000e+02 2.835937500000000000e+02 1.687500000000000000e+00
2.660156250000000000e+01 6.089843750000000000e+01 7.164843750000000000e+02 2.835937500000000000e+02 1.687500000000000000e+00
2.660156250000000000e+01 6.089843750000000000e+01 9.135156250000000000e+02 3.867187500000000000e+02 1.687500000000000000e+00
2.660156250000000000e+01 6.089843750000000000e+01 9.135156250000000000e+02 2.835937500000000000e+02 1.218750000000000000e+01
2.660156250000000000e+01 6.089843750000000000e+01 9.135156250000000000e+02 2.835937500000000000e+02 1.687500000000000000e+00
2.386718750000000000e+01 7.613281250000000000e+01 1.201484375000000000e+03 9.367187500000000000e+02 1.875000000000000000e-01
9.101562500000000000e+00 7.613281250000000000e+01 1.201484375000000000e+03 9.367187500000000000e+02 1.875000000000000000e-01
2.386718750000000000e+01 9.339843750000000000e+01 1.201484375000000000e+03 9.367187500000000000e+02 1.875000000000000000e-01
2.386718750000000000e+01 7.613281250000000000e+01 4.285156250000000000e+02 9.367187500000000000e+02 1.875000000000000000e-01
2.386718750000000000e+01 7.613281250000000000e+01 1.201484375000000000e+03 8.335937500000000000e+02 1.875000000000000000e-01
2.386718750000000000e+01 7.613281250000000000e+01 1.201484375000000000e+03 9.367187500000000000e+02 1.368750000000000000e+01
2.386718750000000000e+01 9.339843750000000000e+01 4.285156250000000000e+02 8.335937500000000000e+02 1.368750000000000000e+01
9.101562500000000000e+00 7.613281250000000000e+01 4.285156250000000000e+02 8.335937500000000000e+02 1.368750000000000000e+01
9.101562500000000000e+00 9.339843750000000000e+01 1.201484375000000000e+03 8.335937500000000000e+02 1.368750000000000000e+01
9.101562500000000000e+00 9.339843750000000000e+01 4.285156250000000000e+02 9.367187500000000000e+02 1.368750000000000000e+01
9.101562500000000000e+00 9.339843750000000000e+01 4.285156250000000000e+02 8.335937500000000000e+02 1.875000000000000000e-01
9.101562500000000000e+00 9.339843750000000000e+01 4.285156250000000000e+02 8.335937500000000000e+02 1.368750000000000000e+01
3.261718750000000000e+01 5.988281250000000000e+01 4.739843750000000000e+02 1.117187500000000000e+02 6.187500000000000000e+00
1.785156250000000000e+01 5.988281250000000000e+01 4.739843750000000000e+02 1.117187500000000000e+02 6.187500000000000000e+00
3.261718750000000000e+01 4.464843750000000000e+01 4.739843750000000000e+02 1.117187500000000000e+02 6.187500000000000000e+00
3.261718750000000000e+01 5.988281250000000000e+01 6.710156250000000000e+02 1.117187500000000000e+02 6.187500000000000000e+00
3.261718750000000000e+01 5.988281250000000000e+01 4.739843750000000000e+02 5.585937500000000000e+02 6.187500000000000000e+00
3.261718750000000000e+01 5.988281250000000000e+01 4.739843750000000000e+02 1.117187500000000000e+02 1.968750000000000000e+01
3.261718750000000000e+01 4.464843750000000000e+01 6.710156250000000000e+02 5.585937500000000000e+02 1.968750000000000000e+01
1.785156250000000000e+01 5.988281250000000000e+01 6.710156250000000000e+02 5.585937500000000000e+02 1.968750000000000000e+01
1.785156250000000000e+01 4.464843750000000000e+01 4.739843750000000000e+02 5.585937500000000000e+02 1.968750000000000000e+01
1.785156250000000000e+01 4.464843750000000000e+01 6.710156250000000000e+02 1.117187500000000000e+02 1.968750000000000000e+01
1.785156250000000000e+01 4.464843750000000000e+01 6.710156250000000000e+02 5.585937500000000000e+02 6.187500000000000000e+00
1.785156250000000000e+01 4.464843750000000000e+01 6.710156250000000000e+02 5.585937500000000000e+02 1.968750000000000000e+01
1.511718750000000000e+01 9.238281250000000000e+01 9.589843750000000000e+02 6.617187500000000000e+02 1.818750000000000000e+01
3.535156250000000000e+01 9.238281250000000000e+01 9.589843750000000000e+02 6.617187500000000000e+02 1.818750000000000000e+01
1.511718750000000000e+01 7.714843750000000000e+01 9.589843750000000000e+02 6.617187500000000000e+02 1.818750000000000000e+01
1.511718750000000000e+01 9.238281250000000000e+01 1.156015625000000000e+03 6.617187500000000000e+02 1.818750000000000000e+01
1.511718750000000000e+01 9.238281250000000000e+01 9.589843750000000000e+02 8.593750000000000000e+00 1.818750000000000000e+01
1.511718750000000000e+01 9.238281250000000000e+01 9.589843750000000000e+02 6.617187500000000000e+02 7.687500000000000000e+00
1.511718750000000000e+01 7.714843750000000000e+01 1.156015625000000000e+03 8.593750000000000000e+00 7.687500000000000000e+00
3.535156250000000000e+01 9.238281250000000000e+01 1.156015625000000000e+03 8.593750000000000000e+00 7.687500000000000000e+00
3.535156250000000000e+01 7.714843750000000000e+01 9.589843750000000000e+02 8.593750000000000000e+00 7.687500000000000000e+00
3.535156250000000000e+01 7.714843750000000000e+01 1.156015625000000000e+03 6.617187500000000000e+02 7.687500000000000000e+00
3.535156250000000000e+01 7.714843750000000000e+01 1.156015625000000000e+03 8.593750000000000000e+00 1.818750000000000000e+01
3.535156250000000000e+01 7.714843750000000000e+01 1.156015625000000000e+03 8.593750000000000000e+00 7.687500000000000000e+00
1.949218750000000000e+01 5.175781250000000000e+01 1.080234375000000000e+03 7.992187500000000000e+02 2.118750000000000000e+01
3.097656250000000000e+01 5.175781250000000000e+01 1.080234375000000000e+03 7.992187500000000000e+02 2.118750000000000000e+01
1.949218750000000000e+01 3.652343750000000000e+01 1.080234375000000000e+03 7.992187500000000000e+02 2.118750000000000000e+01
1.949218750000000000e+01 5.175781250000000000e+01 7.922656250000000000e+02 7.992187500000000000e+02 2.118750000000000000e+01
1.949218750000000000e+01 5.175781250000000000e+01 1.080234375000000000e+03 6.960937500000000000e+02 2.118750000000000000e+01
1.949218750000000000e+01 5.175781250000000000e+01 1.080234375000000000e+03 7.992187500000000000e+02 1.668750000000000000e+01
1.949218750000000000e+01 3.652343750000000000e+01 7.922656250000000000e+02 6.960937500000000000e+02 1.668750000000000000e+01
3.097656250000000000e+01 5.175781250000000000e+01 7.922656250000000000e+02 6.960937500000000000e+02 1.668750000000000000e+01
3.097656250000000000e+01 3.652343750000000000e+01 1.080234375000000000e+03 6.960937500000000000e+02 1.668750000000000000e+01
3.097656250000000000e+01 3.652343750000000000e+01 7.922656250000000000e+02 7.992187500000000000e+02 1.668750000000000000e+01
3.097656250000000000e+01 3.652343750000000000e+01 7.922656250000000000e+02 6.960937500000000000e+02 2.118750000000000000e+01
3.097656250000000000e+01 3.652343750000000000e+01 7.922656250000000000e+02 6.960937500000000000e+02 1.668750000000000000e+01
3.699218750000000000e+01 8.425781250000000000e+01 5.952343750000000000e+02 2.492187500000000000e+02 9.187500000000000000e+00
1.347656250000000000e+01 8.425781250000000000e+01 5.952343750000000000e+02 2.492187500000000000e+02 9.187500000000000000e+00
3.699218750000000000e+01 6.902343750000000000e+01 5.952343750000000000e+02 2.492187500000000000e+02 9.187500000000000000e+00
3.699218750000000000e+01 8.425781250000000000e+01 1.277265625000000000e+03 2.492187500000000000e+02 9.187500000000000000e+00
3.699218750000000000e+01 8.425781250000000000e+01 5.952343750000000000e+02 1.460937500000000000e+02 9.187500000000000000e+00
3.699218750000000000e+01 8.425781250000000000e+01 5.952343750000000000e+02 2.492187500000000000e+02 4.687500000000000000e+00
3.699218750000000000e+01 6.902343750000000000e+01 1.277265625000000000e+03 1.460937500000000000e+02 4.687500000000000000e+00
1.347656250000000000e+01 8.425781250000000000e+01 1.277265625000000000e+03 1.460937500000000000e+02 4.687500000000000000e+00
1.347656250000000000e+01 6.902343750000000000e+01 5.952343750000000000e+02 1.460937500000000000e+02 4.687500000000000000e+00
1.347656250000000000e+01 6.902343750000000000e+01 1.277265625000000000e+03 2.492187500000000000e+02 4.687500000000000000e+00
1.347656250000000000e+01 6.902343750000000000e+01 1.277265625000000000e+03 1.460937500000000000e+02 9.187500000000000000e+00
1.347656250000000000e+01 6.902343750000000000e+01 1.277265625000000000e+03 1.460937500000000000e+02 4.687500000000000000e+00
2.824218750000000000e+01 3.550781250000000000e+01 8.377343750000000000e+02 1.074218750000000000e+03 3.187500000000000000e+00
2.222656250000000000e+01 3.550781250000000000e+01 8.377343750000000000e+02 1.074218750000000000e+03 3.187500000000000000e+00
2.824218750000000000e+01 5.277343750000000000e+01 8.377343750000000000e+02 1.074218750000000000e+03 3.187500000000000000e+00
2.824218750000000000e+01 3.550781250000000000e+01 1.034765625000000000e+03 1.074218750000000000e+03 3.187500000000000000e+00
2.824218750000000000e+01 3.550781250000000000e+01 8.377343750000000000e+02 4.210937500000000000e+02 3.187500000000000000e+00
2.824218750000000000e+01 3.550781250000000000e+01 8.377343750000000000e+02 1.074218750000000000e+03 1.068750000000000000e+01
2.824218750000000000e+01 5.277343750000000000e+01 1.034765625000000000e+03 4.210937500000000000e+02 1.068750000000000000e+01
2.222656250000000000e+01 3.550781250000000000e+01 1.034765625000000000e+03 4.210937500000000000e+02 1.068750000000000000e+01
2.222656250000000000e+01 5.277343750000000000e+01 8.377343750000000000e+02 4.210937500000000000e+02 1.068750000000000000e+01
2.222656250000000000e+01 5.277343750000000000e+01 1.034765625000000000e+03 1.074218750000000000e+03 1.068750000000000000e+01
2.222656250000000000e+01 5.277343750000000000e+01 1.034765625000000000e+03 4.210937500000000000e+02 3.187500000000000000e+00
2.222656250000000000e+01 5.277343750000000000e+01 1.034765625000000000e+03 4.210937500000000000e+02 1.068750000000000000e+01
1.074218750000000000e+01 6.800781250000000000e+01 3.527343750000000000e+02 5.242187500000000000e+02 1.518750000000000000e+01
3.972656250000000000e+01 6.800781250000000000e+01 3.527343750000000000e+02 5.242187500000000000e+02 1.518750000000000000e+01
1.074218750000000000e+01 8.527343750000000000e+01 3.527343750000000000e+02 5.242187500000000000e+02 1.518750000000000000e+01
1.074218750000000000e+01 6.800781250000000000e+01 5.497656250000000000e+02 5.242187500000000000e+02 1.518750000000000000e+01
1.074218750000000000e+01 6.800781250000000000e+01 3.527343750000000000e+02 9.710937500000000000e+02 1.518750000000000000e+01
1.074218750000000000e+01 6.800781250000000000e+01 3.527343750000000000e+02 5.242187500000000000e+02 2.268750000000000000e+01
1.074218750000000000e+01 8.527343750000000000e+01 5.497656250000000000e+02 9.710937500000000000e+02 2.268750000000000000e+01
3.972656250000000000e+01 6.800781250000000000e+01 5.497656250000000000e+02 9.710937500000000000e+02 2.268750000000000000e+01
3.972656250000000000e+01 8.527343750000000000e+01 3.527343750000000000e+02 9.710937500000000000e+02 2.268750000000000000e+01
3.972656250000000000e+01 8.527343750000000000e+01 5.497656250000000000e+02 5.242187500000000000e+02 2.268750000000000000e+01
3.972656250000000000e+01 8.527343750000000000e+01 5.497656250000000000e+02 9.710937500000000000e+02 1.518750000000000000e+01
3.972656250000000000e+01 8.527343750000000000e+01 5.497656250000000000e+02 9.710937500000000000e+02 2.268750000000000000e+01
1.292968750000000000e+01 6.394531250000000000e+01 8.983593750000000000e+02 1.804687500000000000e+02 1.687500000000000000e+00
3.316406250000000000e+01 6.394531250000000000e+01 8.983593750000000000e+02 1.804687500000000000e+02 1.687500000000000000e+00
1.292968750000000000e+01 4.058593750000000000e+01 8.983593750000000000e+02 1.804687500000000000e+02 1.687500000000000000e+00
1.292968750000000000e+01 6.394531250000000000e+01 7.316406250000000000e+02 1.804687500000000000e+02 1.687500000000000000e+00
1.292968750000000000e+01 6.394531250000000000e+01 8.983593750000000000e+02 7.648437500000000000e+02 1.687500000000000000e+00
1.292968750000000000e+01 6.394531250000000000e+01 8.983593750000000000e+02 1.804687500000000000e+02 6.187500000000000000e+00
1.292968750000000000e+01 4.058593750000000000e+01 7.316406250000000000e+02 7.648437500000000000e+02 6.187500000000000000e+00
3.316406250000000000e+01 6.394531250000000000e+01 7.316406250000000000e+02 7.648437500000000000e+02 6.187500000000000000e+00
3.316406250000000000e+01 4.058593750000000000e+01 8.983593750000000000e+02 7.648437500000000000e+02 6.187500000000000000e+00
3.316406250000000000e+01 4.058593750000000000e+01 7.316406250000000000e+02 1.804687500000000000e+02 6.187500000000000000e+00
3.316406250000000000e+01 4.058593750000000000e+01 7.316406250000000000e+02 7.648437500000000000e+02 1.687500000000000000e+00
3.316406250000000000e+01 4.058593750000000000e+01 7.316406250000000000e+02 7.648437500000000000e+02 6.187500000000000000e+00
3.042968750000000000e+01 9.644531250000000000e+01 4.133593750000000000e+02 7.304687500000000000e+02 1.368750000000000000e+01
1.566406250000000000e+01 9.644531250000000000e+01 4.133593750000000000e+02 7.304687500000000000e+02 1.368750000000000000e+01
3.042968750000000000e+01 7.308593750000000000e+01 4.133593750000000000e+02 7.304687500000000000e+02 1.368750000000000000e+01
3.042968750000000000e+01 9.644531250000000000e+01 1.216640625000000000e+03 7.304687500000000000e+02 1.368750000000000000e+01
3.042968750000000000e+01 9.644531250000000000e+01 4.133593750000000000e+02 2.148437500000000000e+02 1.368750000000000000e+01
3.042968750000000000e+01 9.644531250000000000e+01 4.133593750000000000e+02 7.304687500000000000e+02 1.818750000000000000e+01
3.042968750000000000e+01 7.308593750000000000e+01 1.216640625000000000e+03 2.148437500000000000e+02 1.818750000000000000e+01
1.566406250000000000e+01 9.644531250000000000e+01 1.216640625000000000e+03 2.148437500000000000e+02 1.818750000000000000e+01
1.566406250000000000e+01 7.308593750000000000e+01 4.133593750000000000e+02 2.148437500000000000e+02 1.818750000000000000e+01
1.566406250000000000e+01 7.308593750000000000e+01 1.216640625000000000e+03 7.304687500000000000e+02 1.818750000000000000e+01
1.566406250000000000e+01 7.308593750000000000e+01 1.216640625000000000e+03 2.148437500000000000e+02 1.368750000000000000e+01
1.566406250000000000e+01 7.308593750000000000e+01 1.216640625000000000e+03 2.148437500000000000e+02 1.818750000000000000e+01
3.917968750000000000e+01 4.769531250000000000e+01 1.140859375000000000e+03 4.554687500000000000e+02 1.968750000000000000e+01
6.914062500000000000e+00 4.769531250000000000e+01 1.140859375000000000e+03 4.554687500000000000e+02 1.968750000000000000e+01
3.917968750000000000e+01 5.683593750000000000e+01 1.140859375000000000e+03 4.554687500000000000e+02 1.968750000000000000e+01
3.917968750000000000e+01 4.769531250000000000e+01 9.741406250000000000e+02 4.554687500000000000e+02 1.968750000000000000e+01
3.917968750000000000e+01 4.769531250000000000e+01 1.140859375000000000e+03 4.898437500000000000e+02 1.968750000000000000e+01
3.917968750000000000e+01 4.769531250000000000e+01 1.140859375000000000e+03 4.554687500000000000e+02 1.218750000000000000e+01
3.917968750000000000e+01 5.683593750000000000e+01 9.741406250000000000e+02 4.898437500000000000e+02 1.218750000000000000e+01
6.914062500000000000e+00 4.769531250000000000e+01 9.741406250000000000e+02 4.898437500000000000e+02 1.218750000000000000e+01
6.914062500000000000e+00 5.683593750000000000e+01 1.140859375000000000e+03 4.898437500000000000e+02 1.218750000000000000e+01
6.914062500000000000e+00 5.683593750000000000e+01 9.741406250000000000e+02 4.554687500000000000e+02 1.218750000000000000e+01
6.914062500000000000e+00 5.683593750000000000e+01 9.741406250000000000e+02 4.898437500000000000e+02 1.968750000000000000e+01
6.914062500000000000e+00 5.683593750000000000e+01 9.741406250000000000e+02 4.898437500000000000e+02 1.218750000000000000e+01
2.167968750000000000e+01 8.019531250000000000e+01 6.558593750000000000e+02 1.005468750000000000e+03 7.687500000000000000e+00
2.441406250000000000e+01 8.019531250000000000e+01 6.558593750000000000e+02 1.005468750000000000e+03 7.687500000000000000e+00
2.167968750000000000e+01 8.933593750000000000e+01 6.558593750000000000e+02 1.005468750000000000e+03 7.687500000000000000e+00
2.167968750000000000e+01 8.019531250000000000e+01 4.891406250000000000e+02 1.005468750000000000e+03 7.687500000000000000e+00
2.167968750000000000e+01 8.019531250000000000e+01 6.558593750000000000e+02 1.039843750000000000e+03 7.687500000000000000e+00
2.167968750000000000e+01 8.019531250000000000e+01 6.558593750000000000e+02 1.005468750000000000e+03 1.875000000000000000e-01
2.167968750000000000e+01 8.933593750000000000e+01 4.891406250000000000e+02 1.039843750000000000e+03 1.875000000000000000e-01
2.441406250000000000e+01 8.019531250000000000e+01 4.891406250000000000e+02 1.039843750000000000e+03 1.875000000000000000e-01
2.441406250000000000e+01 8.933593750000000000e+01 6.558593750000000000e+02 1.039843750000000000e+03 1.875000000000000000e-01
2.441406250000000000e+01 8.933593750000000000e+01 4.891406250000000000e+02 1.005468750000000000e+03 1.875000000000000000e-01
2.441406250000000000e+01 8.933593750000000000e+01 4.891406250000000000e+02 1.039843750000000000e+03 7.687500000000000000e+00
2.441406250000000000e+01 8.933593750000000000e+01 4.891406250000000000e+02 1.039843750000000000e+03 1.875000000000000000e-01
1.730468750000000000e+01 3.957031250000000000e+01 5.346093750000000000e+02 8.679687500000000000e+02 1.068750000000000000e+01
3.753906250000000000e+01 3.957031250000000000e+01 5.346093750000000000e+02 8.679687500000000000e+02 1.068750000000000000e+01
1.730468750000000000e+01 6.496093750000000000e+01 5.346093750000000000e+02 8.679687500000000000e+02 1.068750000000000000e+01
1.730468750000000000e+01 3.957031250000000000e+01 8.528906250000000000e+02 8.679687500000000000e+02 1.068750000000000000e+01
1.730468750000000000e+01 3.957031250000000000e+01 5.346093750000000000e+02 3.523437500000000000e+02 1.068750000000000000e+01
1.730468750000000000e+01 3.957031250000000000e+01 5.346093750000000000e+02 8.679687500000000000e+02 2.118750000000000000e+01
1.730468750000000000e+01 6.496093750000000000e+01 8.528906250000000000e+02 3.523437500000000000e+02 2.118750000000000000e+01
3.753906250000000000e+01 3.957031250000000000e+01 8.528906250000000000e+02 3.523437500000000000e+02 2.118750000000000000e+01
3.753906250000000000e+01 6.496093750000000000e+01 5.346093750000000000e+02 3.523437500000000000e+02 2.118750000000000000e+01
3.753906250000000000e+01 6.496093750000000000e+01 8.528906250000000000e+02 8.679687500000000000e+02 2.118750000000000000e+01
3.753906250000000000e+01 6.496093750000000000e+01 8.528906250000000000e+02 3.523437500000000000e+02 1.068750000000000000e+01
3.753906250000000000e+01 6.496093750000000000e+01 8.528906250000000000e+02 3.523437500000000000e+02 2.118750000000000000e+01
3.480468750000000000e+01 7.207031250000000000e+01 1.019609375000000000e+03 3.179687500000000000e+02 2.268750000000000000e+01
2.003906250000000000e+01 7.207031250000000000e+01 1.019609375000000000e+03 3.179687500000000000e+02 2.268750000000000000e+01
3.480468750000000000e+01 9.746093750000000000e+01 1.019609375000000000e+03 3.179687500000000000e+02 2.268750000000000000e+01
3.480468750000000000e+01 7.207031250000000000e+01 3.678906250000000000e+02 3.179687500000000000e+02 2.268750000000000000e+01
3.480468750000000000e+01 7.207031250000000000e+01 1.019609375000000000e+03 9.023437500000000000e+02 2.268750000000000000e+01
3.480468750000000000e+01 7.207031250000000000e+01 1.019609375000000000e+03 3.179687500000000000e+02 9.187500000000000000e+00
3.480468750000000000e+01 9.746093750000000000e+01 3.678906250000000000e+02 9.023437500000000000e+02 9.187500000000000000e+00
2.003906250000000000e+01 7.207031250000000000e+01 3.678906250000000000e+02 9.023437500000000000e+02 9.187500000000000000e+00
2.003906250000000000e+01 9.746093750000000000e+01 1.019609375000000000e+03 9.023437500000000000e+02 9.187500000000000000e+00
2.003906250000000000e+01 9.746093750000000000e+01 3.678906250000000000e+02 3.179687500000000000e+02 9.187500000000000000e+00
2.003906250000000000e+01 9.746093750000000000e+01 3.678906250000000000e+02 9.023437500000000000e+02 2.268750000000000000e+01
2.003906250000000000e+01 9.746093750000000000e+01 3.678906250000000000e+02 9.023437500000000000e+02 9.187500000000000000e+00
2.605468750000000000e+01 5.582031250000000000e+01 7.771093750000000000e+02 5.929687500000000000e+02 1.668750000000000000e+01
1.128906250000000000e+01 5.582031250000000000e+01 7.771093750000000000e+02 5.929687500000000000e+02 1.668750000000000000e+01
2.605468750000000000e+01 4.871093750000000000e+01 7.771093750000000000e+02 5.929687500000000000e+02 1.668750000000000000e+01
2.605468750000000000e+01 5.582031250000000000e+01 6.103906250000000000e+02 5.929687500000000000e+02 1.668750000000000000e+01
2.605468750000000000e+01 5.582031250000000000e+01 7.771093750000000000e+02 6.273437500000000000e+02 1.668750000000000000e+01
2.605468750000000000e+01 5.582031250000000000e+01 7.771093750000000000e+02 5.929687500000000000e+02 3.187500000000000000e+00
2.605468750000000000e+01 4.871093750000000000e+01 6.103906250000000000e+02 6.273437500000000000e+02 3.187500000000000000e+00
1.128906250000000000e+01 5.582031250000000000e+01 6.103906250000000000e+02 6.273437500000000000e+02 3.187500000000000000e+00
1.128906250000000000e+01 4.871093750000000000e+01 7.771093750000000000e+02 6.273437500000000000e+02 3.187500000000000000e+00
1.128906250000000000e+01 4.871093750000000000e+01 6.103906250000000000e+02 5.929687500000000000e+02 3.187500000000000000e+00
1.128906250000000000e+01 4.871093750000000000e+01 6.103906250000000000e+02 6.273437500000000000e+02 1.668750000000000000e+01
1.128906250000000000e+01 4.871093750000000000e+01 6.103906250000000000e+02 6.273437500000000000e+02 3.187500000000000000e+00
8.554687500000000000e+00 8.832031250000000000e+01 1.262109375000000000e+03 4.296875000000000000e+01 4.687500000000000000e+00
2.878906250000000000e+01 8.832031250000000000e+01 1.262109375000000000e+03 4.296875000000000000e+01 4.687500000000000000e+00
8.554687500000000000e+00 8.121093750000000000e+01 1.262109375000000000e+03 4.296875000000000000e+01 4.687500000000000000e+00
8.554687500000000000e+00 8.832031250000000000e+01 1.095390625000000000e+03 4.296875000000000000e+01 4.687500000000000000e+00
8.554687500000000000e+00 8.832031250000000000e+01 1.262109375000000000e+03 7.734375000000000000e+01 4.687500000000000000e+00
8.554687500000000000e+00 8.832031250000000000e+01 1.262109375000000000e+03 4.296875000000000000e+01 1.518750000000000000e+01
8.554687500000000000e+00 8.121093750000000000e+01 1.095390625000000000e+03 7.734375000000000000e+01 1.518750000000000000e+01
2.878906250000000000e+01 8.832031250000000000e+01 1.095390625000000000e+03 7.734375000000000000e+01 1.518750000000000000e+01
2.878906250000000000e+01 8.121093750000000000e+01 1.262109375000000000e+03 7.734375000000000000e+01 1.518750000000000000e+01
2.878906250000000000e+01 8.121093750000000000e+01 1.095390625000000000e+03 4.296875000000000000e+01 1.518750000000000000e+01
2.878906250000000000e+01 8.121093750000000000e+01 1.095390625000000000e+03 7.734375000000000000e+01 4.687500000000000000e+00
2.878906250000000000e+01 8.121093750000000000e+01 1.095390625000000000e+03 7.734375000000000000e+01 1.518750000000000000e+01
7.460937500000000000e+00 5.785156250000000000e+01 4.436718750000000000e+02 1.039843750000000000e+03 1.893750000000000000e+01
1.894531250000000000e+01 5.785156250000000000e+01 4.436718750000000000e+02 1.039843750000000000e+03 1.893750000000000000e+01
7.460937500000000000e+00 9.542968750000000000e+01 4.436718750000000000e+02 1.039843750000000000e+03 1.893750000000000000e+01
7.460937500000000000e+00 5.785156250000000000e+01 5.800781250000000000e+02 1.039843750000000000e+03 1.893750000000000000e+01
7.460937500000000000e+00 5.785156250000000000e+01 4.436718750000000000e+02 2.492187500000000000e+02 1.893750000000000000e+01
7.460937500000000000e+00 5.785156250000000000e+01 4.436718750000000000e+02 1.039843750000000000e+03 5.437500000000000000e+00
7.460937500000000000e+00 9.542968750000000000e+01 5.800781250000000000e+02 2.492187500000000000e+02 5.437500000000000000e+00
1.894531250000000000e+01 5.785156250000000000e+01 5.800781250000000000e+02 2.492187500000000000e+02 5.437500000000000000e+00
1.894531250000000000e+01 9.542968750000000000e+01 4.436718750000000000e+02 2.492187500000000000e+02 5.437500000000000000e+00
1.894531250000000000e+01 9.542968750000000000e+01 5.800781250000000000e+02 1.039843750000000000e+03 5.437500000000000000e+00
1.894531250000000000e+01 9.542968750000000000e+01 5.800781250000000000e+02 2.492187500000000000e+02 1.893750000000000000e+01
1.894531250000000000e+01 9.542968750000000000e+01 5.800781250000000000e+02 2.492187500000000000e+02 5.437500000000000000e+00
2.496093750000000000e+01 9.035156250000000000e+01 9.286718750000000000e+02 4.898437500000000000e+02 6.937500000000000000e+00
3.644531250000000000e+01 9.035156250000000000e+01 9.286718750000000000e+02 4.898437500000000000e+02 6.937500000000000000e+00
2.496093750000000000e+01 6.292968750000000000e+01 9.286718750000000000e+02 4.898437500000000000e+02 6.937500000000000000e+00
2.496093750000000000e+01 9.035156250000000000e+01 1.065078125000000000e+03 4.898437500000000000e+02 6.937500000000000000e+00
2.496093750000000000e+01 9.035156250000000000e+01 9.286718750000000000e+02 7.992187500000000000e+02 6.937500000000000000e+00
2.496093750000000000e+01 9.035156250000000000e+01 9.286718750000000000e+02 4.898437500000000000e+02 1.743750000000000000e+01
2.496093750000000000e+01 6.292968750000000000e+01 1.065078125000000000e+03 7.992187500000000000e+02 1.743750000000000000e+01
3.644531250000000000e+01 9.035156250000000000e+01 1.065078125000000000e+03 7.992187500000000000e+02 1.743750000000000000e+01
3.644531250000000000e+01 6.292968750000000000e+01 9.286718750000000000e+02 7.992187500000000000e+02 1.743750000000000000e+01
3.644531250000000000e+01 6.292968750000000000e+01 1.065078125000000000e+03 4.898437500000000000e+02 1.743750000000000000e+01
3.644531250000000000e+01 6.292968750000000000e+01 1.065078125000000000e+03 7.992187500000000000e+02 6.937500000000000000e+00
3.644531250000000000e+01 6.292968750000000000e+01 1.065078125000000000e+03 7.992187500000000000e+02 1.743750000000000000e+01
3.371093750000000000e+01 4.160156250000000000e+01 6.861718750000000000e+02 7.648437500000000000e+02 9.375000000000000000e-01
2.769531250000000000e+01 4.160156250000000000e+01 6.861718750000000000e+02 7.648437500000000000e+02 9.375000000000000000e-01
3.371093750000000000e+01 7.917968750000000000e+01 6.861718750000000000e+02 7.648437500000000000e+02 9.375000000000000000e-01
3.371093750000000000e+01 4.160156250000000000e+01 8.225781250000000000e+02 7.648437500000000000e+02 9.375000000000000000e-01
3.371093750000000000e+01 4.160156250000000000e+01 6.861718750000000000e+02 1.074218750000000000e+03 9.375000000000000000e-01
3.371093750000000000e+01 4.160156250000000000e+01 6.861718750000000000e+02 7.648437500000000000e+02 2.343750000000000000e+01
3.371093750000000000e+01 7.917968750000000000e+01 8.225781250000000000e+02 1.074218750000000000e+03 2.343750000000000000e+01
2.769531250000000000e+01 4.160156250000000000e+01 8.225781250000000000e+02 1.074218750000000000e+03 2.343750000000000000e+01
2.769531250000000000e+01 7.917968750000000000e+01 6.861718750000000000e+02 1.074218750000000000e+03 2.343750000000000000e+01
2.769531250000000000e+01 7.917968750000000000e+01 8.225781250000000000e+02 7.648437500000000000e+02 2.343750000000000000e+01
2.769531250000000000e+01 7.917968750000000000e+01 8.225781250000000000e+02 1.074218750000000000e+03 9.375000000000000000e-01
2.769531250000000000e+01 7.917968750000000000e+01 8.225781250000000000e+02 1.074218750000000000e+03 2.343750000000000000e+01
1.621093750000000000e+01 7.410156250000000000e+01 1.171171875000000000e+03 2.148437500000000000e+02 1.293750000000000000e+01
1.019531250000000000e+01 7.410156250000000000e+01 1.171171875000000000e+03 2.148437500000000000e+02 1.293750000000000000e+01
1.621093750000000000e+01 4.667968750000000000e+01 1.171171875000000000e+03 2.148437500000000000e+02 1.293750000000000000e+01
1.621093750000000000e+01 7.410156250000000000e+01 3.375781250000000000e+02 2.148437500000000000e+02 1.293750000000000000e+01
1.621093750000000000e+01 7.410156250000000000e+01 1.171171875000000000e+03 5.242187500000000000e+02 1.293750000000000000e+01
1.621093750000000000e+01 7.410156250000000000e+01 1.171171875000000000e+03 2.148437500000000000e+02 1.143750000000000000e+01
1.621093750000000000e+01 4.667968750000000000e+01 3.375781250000000000e+02 5.242187500000000000e+02 1.143750000000000000e+01
1.019531250000000000e+01 7.410156250000000000e+01 3.375781250000000000e+02 5.242187500000000000e+02 1.143750000000000000e+01
1.019531250000000000e+01 4.667968750000000000e+01 1.171171875000000000e+03 5.242187500000000000e+02 1.143750000000000000e+01
1.019531250000000000e+01 4.667968750000000000e+01 3.375781250000000000e+02 2.148437500000000000e+02 1.143750000000000000e+01
1.019531250000000000e+01 4.667968750000000000e+01 3.375781250000000000e+02 5.242187500000000000e+02 1.293750000000000000e+01
1.019531250000000000e+01 4.667968750000000000e+01 3.375781250000000000e+02 5.242187500000000000e+02 1.143750000000000000e+01
2.058593750000000000e+01 4.972656250000000000e+01 1.049921875000000000e+03 7.734375000000000000e+01 1.593750000000000000e+01
1.457031250000000000e+01 4.972656250000000000e+01 1.049921875000000000e+03 7.734375000000000000e+01 1.593750000000000000e+01
2.058593750000000000e+01 7.105468750000000000e+01 1.049921875000000000e+03 7.734375000000000000e+01 1.593750000000000000e+01
2.058593750000000000e+01 4.972656250000000000e+01 9.438281250000000000e+02 7.734375000000000000e+01 1.593750000000000000e+01
2.058593750000000000e+01 4.972656250000000000e+01 1.049921875000000000e+03 9.367187500000000000e+02 1.593750000000000000e+01
2.058593750000000000e+01 4.972656250000000000e+01 1.049921875000000000e+03 7.734375000000000000e+01 1.443750000000000000e+01
2.058593750000000000e+01 7.105468750000000000e+01 9.438281250000000000e+02 9.367187500000000000e+02 1.443750000000000000e+01
1.457031250000000000e+01 4.972656250000000000e+01 9.438281250000000000e+02 9.367187500000000000e+02 1.443750000000000000e+01
1.457031250000000000e+01 7.105468750000000000e+01 1.049921875000000000e+03 9.367187500000000000e+02 1.443750000000000000e+01
1.457031250000000000e+01 7.105468750000000000e+01 9.438281250000000000e+02 7.734375000000000000e+01 1.443750000000000000e+01
1.457031250000000000e+01 7.105468750000000000e+01 9.438281250000000000e+02 9.367187500000000000e+02 1.593750000000000000e+01
1.457031250000000000e+01 7.105468750000000000e+01 9.438281250000000000e+02 9.367187500000000000e+02 1.443750000000000000e+01
3.808593750000000000e+01 8.222656250000000000e+01 5.649218750000000000e+02 6.273437500000000000e+02 3.937500000000000000e+00
3.207031250000000000e+01 8.222656250000000000e+01 5.649218750000000000e+02 6.273437500000000000e+02 3.937500000000000000e+00
3.808593750000000000e+01 3.855468750000000000e+01 5.649218750000000000e+02 6.273437500000000000e+02 3.937500000000000000e+00
3.808593750000000000e+01 8.222656250000000000e+01 4.588281250000000000e+02 6.273437500000000000e+02 3.937500000000000000e+00
3.808593750000000000e+01 8.222656250000000000e+01 5.649218750000000000e+02 3.867187500000000000e+02 3.937500000000000000e+00
3.808593750000000000e+01 8.222656250000000000e+01 5.649218750000000000e+02 6.273437500000000000e+02 2.437500000000000000e+00
3.808593750000000000e+01 3.855468750000000000e+01 4.588281250000000000e+02 3.867187500000000000e+02 2.437500000000000000e+00
3.207031250000000000e+01 8.222656250000000000e+01 4.588281250000000000e+02 3.867187500000000000e+02 2.437500000000000000e+00
3.207031250000000000e+01 3.855468750000000000e+01 5.649218750000000000e+02 3.867187500000000000e+02 2.437500000000000000e+00
3.207031250000000000e+01 3.855468750000000000e+01 4.588281250000000000e+02 6.273437500000000000e+02 2.437500000000000000e+00
3.207031250000000000e+01 3.855468750000000000e+01 4.588281250000000000e+02 3.867187500000000000e+02 3.937500000000000000e+00
3.207031250000000000e+01 3.855468750000000000e+01 4.588281250000000000e+02 3.867187500000000000e+02 2.437500000000000000e+00
2.933593750000000000e+01 6.597656250000000000e+01 1.292421875000000000e+03 3.523437500000000000e+02 9.937500000000000000e+00
2.332031250000000000e+01 6.597656250000000000e+01 1.292421875000000000e+03 3.523437500000000000e+02 9.937500000000000000e+00
2.933593750000000000e+01 8.730468750000000000e+01 1.292421875000000000e+03 3.523437500000000000e+02 9.937500000000000000e+00
2.933593750000000000e+01 6.597656250000000000e+01 7.013281250000000000e+02 3.523437500000000000e+02 9.937500000000000000e+00
2.933593750000000000e+01 6.597656250000000000e+01 1.292421875000000000e+03 1.117187500000000000e+02 9.937500000000000000e+00
2.933593750000000000e+01 6.597656250000000000e+01 1.292421875000000000e+03 3.523437500000000000e+02 8.437500000000000000e+00
2.933593750000000000e+01 8.730468750000000000e+01 7.013281250000000000e+02 1.117187500000000000e+02 8.437500000000000000e+00
2.332031250000000000e+01 6.597656250000000000e+01 7.013281250000000000e+02 1.117187500000000000e+02 8.437500000000000000e+00
2.332031250000000000e+01 8.730468750000000000e+01 1.292421875000000000e+03 1.117187500000000000e+02 8.437500000000000000e+00
2.332031250000000000e+01 8.730468750000000000e+01 7.013281250000000000e+02 3.523437500000000000e+02 8.437500000000000000e+00
2.332031250000000000e+01 8.730468750000000000e+01 7.013281250000000000e+02 1.117187500000000000e+02 9.937500000000000000e+00
2.332031250000000000e+01 8.730468750000000000e+01 7.013281250000000000e+02 1.117187500000000000e+02 8.437500000000000000e+00
1.183593750000000000e+01 9.847656250000000000e+01 8.074218750000000000e+02 9.023437500000000000e+02 2.193750000000000000e+01
5.820312500000000000e+00 9.847656250000000000e+01 8.074218750000000000e+02 9.023437500000000000e+02 2.193750000000000000e+01
1.183593750000000000e+01 5.480468750000000000e+01 8.074218750000000000e+02 9.023437500000000000e+02 2.193750000000000000e+01
1.183593750000000000e+01 9.847656250000000000e+01 1.186328125000000000e+03 9.023437500000000000e+02 2.193750000000000000e+01
1.183593750000000000e+01 9.847656250000000000e+01 8.074218750000000000e+02 6.617187500000000000e+02 2.193750000000000000e+01
1.183593750000000000e+01 9.847656250000000000e+01 8.074218750000000000e+02 9.023437500000000000e+02 2.043750000000000000e+01
1.183593750000000000e+01 5.480468750000000000e+01 1.186328125000000000e+03 6.617187500000000000e+02 2.043750000000000000e+01
5.820312500000000000e+00 9.847656250000000000e+01 1.186328125000000000e+03 6.617187500000000000e+02 2.043750000000000000e+01
5.820312500000000000e+00 5.480468750000000000e+01 8.074218750000000000e+02 6.617187500000000000e+02 2.043750000000000000e+01
5.820312500000000000e+00 5.480468750000000000e+01 1.186328125000000000e+03 9.023437500000000000e+02 2.043750000000000000e+01
5.820312500000000000e+00 5.480468750000000000e+01 1.186328125000000000e+03 6.617187500000000000e+02 2.193750000000000000e+01
5.820312500000000000e+00 5.480468750000000000e+01 1.186328125000000000e+03 6.617187500000000000e+02 2.043750000000000000e+01
9.648437500000000000e+00 3.753906250000000000e+01 1.231796875000000000e+03 5.585937500000000000e+02 8.437500000000000000e+00
1.238281250000000000e+01 3.753906250000000000e+01 1.231796875000000000e+03 5.585937500000000000e+02 8.437500000000000000e+00
9.648437500000000000e+00 7.511718750000000000e+01 1.231796875000000000e+03 5.585937500000000000e+02 8.437500000000000000e+00
9.648437500000000000e+00 3.753906250000000000e+01 1.004453125000000000e+03 5.585937500000000000e+02 8.437500000000000000e+00
9.648437500000000000e+00 3.753906250000000000e+01 1.231796875000000000e+03 8.679687500000000000e+02 8.437500000000000000e+00
9.648437500000000000e+00 3.753906250000000000e+01 1.231796875000000000e+03 5.585937500000000000e+02 9.937500000000000000e+00
9.648437500000000000e+00 7.511718750000000000e+01 1.004453125000000000e+03 8.679687500000000000e+02 9.937500000000000000e+00
1.238281250000000000e+01 3.753906250000000000e+01 1.004453125000000000e+03 8.679687500000000000e+02 9.937500000000000000e+00
1.238281250000000000e+01 7.511718750000000000e+01 1.231796875000000000e+03 8.679687500000000000e+02 9.937500000000000000e+00
1.238281250000000000e+01 7.511718750000000000e+01 1.004453125000000000e+03 5.585937500000000000e+02 9.937500000000000000e+00
1.238281250000000000e+01 7.511718750000000000e+01 1.004453125000000000e+03 8.679687500000000000e+02 8.437500000000000000e+00
1.238281250000000000e+01 7.511718750000000000e+01 1.004453125000000000e+03 8.679687500000000000e+02 9.937500000000000000e+00
2.714843750000000000e+01 7.003906250000000000e+01 7.467968750000000000e+02 8.593750000000000000e+00 2.043750000000000000e+01
2.988281250000000000e+01 7.003906250000000000e+01 7.467968750000000000e+02 8.593750000000000000e+00 2.043750000000000000e+01
2.714843750000000000e+01 4.261718750000000000e+01 7.467968750000000000e+02 8.593750000000000000e+00 2.043750000000000000e+01
2.714843750000000000e+01 7.003906250000000000e+01 5.194531250000000000e+02 8.593750000000000000e+00 2.043750000000000000e+01
2.714843750000000000e+01 7.003906250000000000e+01 7.467968750000000000e+02 3.179687500000000000e+02 2.043750000000000000e+01
2.714843750000000000e+01 7.003906250000000000e+01 7.467968750000000000e+02 8.593750000000000000e+00 2.193750000000000000e+01
2.714843750000000000e+01 4.261718750000000000e+01 5.194531250000000000e+02 3.179687500000000000e+02 2.193750000000000000e+01
2.988281250000000000e+01 7.003906250000000000e+01 5.194531250000000000e+02 3.179687500000000000e+02 2.193750000000000000e+01
2.988281250000000000e+01 4.261718750000000000e+01 7.467968750000000000e+02 3.179687500000000000e+02 2.193750000000000000e+01
2.988281250000000000e+01 4.261718750000000000e+01 5.194531250000000000e+02 8.593750000000000000e+00 2.193750000000000000e+01
2.988281250000000000e+01 4.261718750000000000e+01 5.194531250000000000e+02 3.179687500000000000e+02 2.043750000000000000e+01
2.988281250000000000e+01 4.261718750000000000e+01 5.194531250000000000e+02 3.179687500000000000e+02 2.193750000000000000e+01
3.589843750000000000e+01 5.378906250000000000e+01 9.892968750000000000e+02 8.335937500000000000e+02 1.443750000000000000e+01
3.863281250000000000e+01 5.378906250000000000e+01 9.892968750000000000e+02 8.335937500000000000e+02 1.443750000000000000e+01
3.589843750000000000e+01 9.136718750000000000e+01 9.892968750000000000e+02 8.335937500000000000e+02 1.443750000000000000e+01
3.589843750000000000e+01 5.378906250000000000e+01 7.619531250000000000e+02 8.335937500000000000e+02 1.443750000000000000e+01
3.589843750000000000e+01 5.378906250000000000e+01 9.892968750000000000e+02 4.296875000000000000e+01 1.443750000000000000e+01
3.589843750000000000e+01 5.378906250000000000e+01 9.892968750000000000e+02 8.335937500000000000e+02 1.593750000000000000e+01
3.589843750000000000e+01 9.136718750000000000e+01 7.619531250000000000e+02 4.296875000000000000e+01 1.593750000000000000e+01
3.863281250000000000e+01 5.378906250000000000e+01 7.619531250000000000e+02 4.296875000000000000e+01 1.593750000000000000e+01
3.863281250000000000e+01 9.136718750000000000e+01 9.892968750000000000e+02 4.296875000000000000e+01 1.593750000000000000e+01
3.863281250000000000e+01 9.136718750000000000e+01 7.619531250000000000e+02 8.335937500000000000e+02 1.593750000000000000e+01
3.863281250000000000e+01 9.136718750000000000e+01 7.619531250000000000e+02 4.296875000000000000e+01 1.443750000000000000e+01
3.863281250000000000e+01 9.136718750000000000e+01 7.619531250000000000e+02 4.296875000000000000e+01 1.593750000000000000e+01
1.839843750000000000e+01 8.628906250000000000e+01 5.042968750000000000e+02 2.835937500000000000e+02 2.437500000000000000e+00
2.113281250000000000e+01 8.628906250000000000e+01 5.042968750000000000e+02 2.835937500000000000e+02 2.437500000000000000e+00
1.839843750000000000e+01 5.886718750000000000e+01 5.042968750000000000e+02 2.835937500000000000e+02 2.437500000000000000e+00
1.839843750000000000e+01 8.628906250000000000e+01 1.246953125000000000e+03 2.835937500000000000e+02 2.437500000000000000e+00
1.839843750000000000e+01 8.628906250000000000e+01 5.042968750000000000e+02 5.929687500000000000e+02 2.437500000000000000e+00
1.839843750000000000e+01 8.628906250000000000e+01 5.042968750000000000e+02 2.835937500000000000e+02 3.937500000000000000e+00
1.839843750000000000e+01 5.886718750000000000e+01 1.246953125000000000e+03 5.929687500000000000e+02 3.937500000000000000e+00
2.113281250000000000e+01 8.628906250000000000e+01 1.246953125000000000e+03 5.929687500000000000e+02 3.937500000000000000e+00
2.113281250000000000e+01 5.886718750000000000e+01 5.042968750000000000e+02 5.929687500000000000e+02 3.937500000000000000e+00
2.113281250000000000e+01 5.886718750000000000e+01 1.246953125000000000e+03 2.835937500000000000e+02 3.937500000000000000e+00
2.113281250000000000e+01 5.886718750000000000e+01 1.246953125000000000e+03 5.929687500000000000e+02 2.437500000000000000e+00
2.113281250000000000e+01 5.886718750000000000e+01 1.246953125000000000e+03 5.929687500000000000e+02 3.937500000000000000e+00
1.402343750000000000e+01 6.191406250000000000e+01 6.255468750000000000e+02 4.210937500000000000e+02 5.437500000000000000e+00
8.007812500000000000e+00 6.191406250000000000e+01 6.255468750000000000e+02 4.210937500000000000e+02 5.437500000000000000e+00
1.402343750000000000e+01 9.949218750000000000e+01 6.255468750000000000e+02 4.210937500000000000e+02 5.437500000000000000e+00
1.402343750000000000e+01 6.191406250000000000e+01 6.407031250000000000e+02 4.210937500000000000e+02 5.437500000000000000e+00
1.402343750000000000e+01 6.191406250000000000e+01 6.255468750000000000e+02 1.804687500000000000e+02 5.437500000000000000e+00
1.402343750000000000e+01 6.191406250000000000e+01 6.255468750000000000e+02 4.210937500000000000e+02 1.893750000000000000e+01
1.402343750000000000e+01 9.949218750000000000e+01 6.407031250000000000e+02 1.804687500000000000e+02 1.893750000000000000e+01
8.007812500000000000e+00 6.191406250000000000e+01 6.407031250000000000e+02 1.804687500000000000e+02 1.893750000000000000e+01
8.007812500000000000e+00 9.949218750000000000e+01 6.255468750000000000e+02 1.804687500000000000e+02 1.893750000000000000e+01
8.007812500000000000e+00 9.949218750000000000e+01 6.407031250000000000e+02 4.210937500000000000e+02 1.893750000000000000e+01
8.007812500000000000e+00 9.949218750000000000e+01 6.407031250000000000e+02 1.804687500000000000e+02 5.437500000000000000e+00
8.007812500000000000e+00 9.949218750000000000e+01 6.407031250000000000e+02 1.804687500000000000e+02 1.893750000000000000e+01
3.152343750000000000e+01 9.441406250000000000e+01 1.110546875000000000e+03 9.710937500000000000e+02 1.743750000000000000e+01
2.550781250000000000e+01 9.441406250000000000e+01 1.110546875000000000e+03 9.710937500000000000e+02 1.743750000000000000e+01
3.152343750000000000e+01 6.699218750000000000e+01 1.110546875000000000e+03 9.710937500000000000e+02 1.743750000000000000e+01
3.152343750000000000e+01 9.441406250000000000e+01 1.125703125000000000e+03 9.710937500000000000e+02 1.743750000000000000e+01
3.152343750000000000e+01 9.441406250000000000e+01 1.110546875000000000e+03 7.304687500000000000e+02 1.743750000000000000e+01
3.152343750000000000e+01 9.441406250000000000e+01 1.110546875000000000e+03 9.710937500000000000e+02 6.937500000000000000e+00
3.152343750000000000e+01 6.699218750000000000e+01 1.125703125000000000e+03 7.304687500000000000e+02 6.937500000000000000e+00
2.550781250000000000e+01 9.441406250000000000e+01 1.125703125000000000e+03 7.304687500000000000e+02 6.937500000000000000e+00
2.550781250000000000e+01 6.699218750000000000e+01 1.110546875000000000e+03 7.304687500000000000e+02 6.937500000000000000e+00
2.550781250000000000e+01 6.699218750000000000e+01 1.125703125000000000e+03 9.710937500000000000e+02 6.937500000000000000e+00
2.550781250000000000e+01 6.699218750000000000e+01 1.125703125000000000e+03 7.304687500000000000e+02 1.743750000000000000e+01
2.550781250000000000e+01 6.699218750000000000e+01 1.125703125000000000e+03 7.304687500000000000e+02 6.937500000000000000e+00
2.277343750000000000e+01 4.566406250000000000e+01 3.830468750000000000e+02 1.460937500000000000e+02 2.343750000000000000e+01
3.425781250000000000e+01 4.566406250000000000e+01 3.830468750000000000e+02 1.460937500000000000e+02 2.343750000000000000e+01
2.277343750000000000e+01 8.324218750000000000e+01 3.830468750000000000e+02 1.460937500000000000e+02 2.343750000000000000e+01
2.277343750000000000e+01 4.566406250000000000e+01 8.832031250000000000e+02 1.460937500000000000e+02 2.343750000000000000e+01
2.277343750000000000e+01 4.566406250000000000e+01 3.830468750000000000e+02 1.005468750000000000e+03 2.343750000000000000e+01
2.277343750000000000e+01 4.566406250000000000e+01 3.830468750000000000e+02 1.460937500000000000e+02 9.375000000000000000e-01
2.277343750000000000e+01 8.324218750000000000e+01 8.832031250000000000e+02 1.005468750000000000e+03 9.375000000000000000e-01
3.425781250000000000e+01 4.566406250000000000e+01 8.832031250000000000e+02 1.005468750000000000e+03 9.375000000000000000e-01
3.425781250000000000e+01 8.324218750000000000e+01 3.830468750000000000e+02 1.005468750000000000e+03 9.375000000000000000e-01
3.425781250000000000e+01 8.324218750000000000e+01 8.832031250000000000e+02 1.460937500000000000e+02 9.375000000000000000e-01
3.425781250000000000e+01 8.324218750000000000e+01 8.832031250000000000e+02 1.005468750000000000e+03 2.343750000000000000e+01
3.425781250000000000e+01 8.324218750000000000e+01 8.832031250000000000e+02 1.005468750000000000e+03 9.375000000000000000e-01
5.273437500000000000e+00 7.816406250000000000e+01 8.680468750000000000e+02 6.960937500000000000e+02 1.143750000000000000e+01
1.675781250000000000e+01 7.816406250000000000e+01 8.680468750000000000e+02 6.960937500000000000e+02 1.143750000000000000e+01
5.273437500000000000e+00 5.074218750000000000e+01 8.680468750000000000e+02 6.960937500000000000e+02 1.143750000000000000e+01
5.273437500000000000e+00 7.816406250000000000e+01 3.982031250000000000e+02 6.960937500000000000e+02 1.143750000000000000e+01
5.273437500000000000e+00 7.816406250000000000e+01 8.680468750000000000e+02 4.554687500000000000e+02 1.143750000000000000e+01
5.273437500000000000e+00 7.816406250000000000e+01 8.680468750000000000e+02 6.960937500000000000e+02 1.293750000000000000e+01
5.273437500000000000e+00 5.074218750000000000e+01 3.982031250000000000e+02 4.554687500000000000e+02 1.293750000000000000e+01
1.675781250000000000e+01 7.816406250000000000e+01 3.982031250000000000e+02 4.554687500000000000e+02 1.293750000000000000e+01
1.675781250000000000e+01 5.074218750000000000e+01 8.680468750000000000e+02 4.554687500000000000e+02 1.293750000000000000e+01
1.675781250000000000e+01 5.074218750000000000e+01 3.982031250000000000e+02 6.960937500000000000e+02 1.293750000000000000e+01
1.675781250000000000e+01 5.074218750000000000e+01 3.982031250000000000e+02 4.554687500000000000e+02 1.143750000000000000e+01
1.675781250000000000e+01 5.074218750000000000e+01 3.982031250000000000e+02 4.554687500000000000e+02 1.293750000000000000e+01
