-4.043300868435108441e+03
-7.496310564762128706e+03
-3.804726322354894364e+03
-4.036483846535781140e+03
-3.797956948933683179e+03
-7.489152898450737666e+03
-7.063782037250238318e+03
-7.056654931827412838e+03
-9.247752793602252495e+03
-5.018395912812637107e+03
-8.814978459573874716e+03
-9.237802633487097410e+03
-8.805054685201212124e+03
-5.008806673028429032e+03
-4.779452355877739137e+03
-4.769904769288185889e+03
-8.841887029021903800e+03
-8.841887029021903800e+03
-1.285102429453489458e+04
-8.872331128836647622e+03
-1.288205175935845728e+04
-8.872331128836647622e+03
-1.285102429453489458e+04
-1.288205175935845728e+04
-6.203173805794939653e+03
-6.203173805794939653e+03
-5.879872419198406533e+03
-6.194926771840301626e+03
-5.871660537636525078e+03
-6.194926771840301626e+03
-5.879872419198406533e+03
-5.871660537636525078e+03
-6.112206316392783265e+03
-6.112206316392783265e+03
-6.486704190148732778e+03
-6.082561896682677798e+03
-6.456924252175052061e+03
-6.082561896682677798e+03
-6.486704190148732778e+03
-6.456924252175052061e+03
-1.346333369053339447e+04
-1.346333369053339447e+04
-1.411990129857304782e+04
-1.347529819872138614e+04
-1.413188863040813885e+04
-1.347529819872138614e+04
-1.411990129857304782e+04
-1.413188863040813885e+04
-9.183122470783919198e+03
-5.038160797355527393e+03
-9.681616423164656226e+03
-9.197044156542422570e+03
-9.695577093724559745e+03
-5.051591229411398672e+03
-5.316453271248466081e+03
-5.329944749115876220e+03
-6.132844173681655775e+03
-1.115790639835379989e+04
-4.185559444642730341e+03
-6.142664282441203795e+03
-4.195036770912811335e+03
-1.116805354282019107e+04
-7.668942122151863259e+03
-7.678870273066067057e+03
-4.700612843828018413e+03
-1.126935162482819032e+04
-6.200870127066305940e+03
-4.682564211719598461e+03
-6.182382595075609061e+03
-1.125029908828826956e+04
-1.478042151183367241e+04
-1.476114309807261816e+04
-1.064660267435914830e+04
-7.966379898886704723e+03
-9.043217727783285227e+03
-1.066820775971279363e+04
-9.064633570606063586e+03
-7.987680213274034941e+03
-6.758515138944436330e+03
-6.779579158200614074e+03
-1.268662617421681716e+04
-9.610438028430928171e+03
-1.338887347866436539e+04
-1.266402146208660633e+04
-1.336621831678162198e+04
-9.588090336874010973e+03
-1.014499581491148820e+04
-1.012258539376814770e+04
-8.781024565949033786e+03
-6.490474216424472615e+03
-9.183835210999421179e+03
-8.764870555352068550e+03
-9.167638707055250052e+03
-6.474606917036524464e+03
-6.790670822865548871e+03
-6.774750035332795051e+03
-6.504984763498188840e+03
-4.763385921948680334e+03
-7.549315848526437549e+03
-6.514462058279792473e+03
-7.558895303155225520e+03
-4.772640522939776019e+03
-5.537031156654647020e+03
-5.546414138944349361e+03
-1.410649893968728611e+04
-1.063245854323920139e+04
-1.103914983986771222e+04
-1.412008412573989335e+04
-1.105259449170600055e+04
-1.064590351457635552e+04
-8.309347979753238178e+03
-8.322617569331265258e+03
-7.834996767928906593e+03
-5.817302027700457984e+03
-7.370588697630260867e+03
-7.846191750911457348e+03
-7.381737905702295393e+03
-5.828285433071519947e+03
-5.469392679830681118e+03
-5.480319012662151181e+03
-5.308298661960841855e+03
-1.289138078868650700e+04
-5.050286251730393815e+03
-5.280057983912605778e+03
-5.022169249073618630e+03
-1.286175181498062557e+04
-1.227788270161169203e+04
-1.224831658449046336e+04
-4.145121051685684506e+03
-4.491163835784469484e+03
-4.517164087688447580e+03
-4.173895269024911613e+03
-4.546187606143714220e+03
-4.520142120029977377e+03
-4.892815939445730692e+03
-4.922029913111701717e+03
-9.473968384957261151e+03
-1.018387517020320774e+04
-1.014670328108266222e+04
-9.462173540639847488e+03
-1.013486582027220902e+04
-1.017204116355994483e+04
-1.090593861993225437e+04
-1.089406433442987509e+04
-1.139556700678957532e+04
-6.858334824643173306e+03
-1.228481261023319712e+04
-1.138542084772097951e+04
-1.227463040022989298e+04
-6.848457177241804857e+03
-7.400042821861712582e+03
-7.390111811442257022e+03
-7.722582639975758866e+03
-1.477782320170759522e+04
-5.541133794967728136e+03
-7.708756401162667316e+03
-5.527628014743542735e+03
-1.476362560613592723e+04
-1.065213904173104856e+04
-1.063813571662218419e+04
-7.008946258409699112e+03
-1.007472601327548364e+04
-6.038233695030911804e+03
-7.018738597686711728e+03
-6.047919390563449269e+03
-1.008470429901988064e+04
-8.691509665897983723e+03
-8.701406930058532453e+03
-1.510895009812991520e+04
-6.809445838923596057e+03
-1.341130674645513136e+04
-1.511635632558585712e+04
-1.341867696326214173e+04
-6.816575909526594842e+03
-6.030646064129111437e+03
-6.037709262660107015e+03
-8.363397957840625168e+03
-6.725243528725714896e+03
-1.120279974362287976e+04
-8.333038800345178970e+03
-1.117194853626010809e+04
-6.695277158318862348e+03
-9.021391947637308476e+03
-8.990844206252591903e+03
-5.731949528220042339e+03
-4.514586574290400677e+03
-5.009595954931362030e+03
-5.740155022821997591e+03
-5.017705499506466367e+03
-4.522638813103010762e+03
-3.940428473998379559e+03
-3.948367009289065209e+03
-4.914427749050490092e+03
-6.202786554531418005e+03
-6.120596713750672279e+03
-4.913004140035504861e+03
-6.119147539253544892e+03
-6.201339253437196930e+03
-7.713070893384287047e+03
-7.711602056312510285e+03
-1.088833143561007273e+04
-1.346356227064083032e+04
-9.203771227945062492e+03
-1.088724875155840891e+04
-9.202698360768723433e+03
-1.346247028863518426e+04
-1.138861292464342296e+04
-1.138752924560246356e+04
-1.063143142009682742e+04
-4.031966617575078544e+03
-1.094871832711083516e+04
-1.063017076185380392e+04
-1.094745579001230180e+04
-4.030785459240758883e+03
-4.155974327087015809e+03
-4.154789317681398643e+03
-7.385265903890161098e+03
-9.224202959883390577e+03
-7.565831428731555206e+03
-7.424579727259948413e+03
-7.605207182499986629e+03
-9.263979381542148985e+03
-9.448399521294693841e+03
-9.488228198300506847e+03
-4.795522504229498736e+03
-8.086552586204590625e+03
-6.196789909888649163e+03
-4.803923797461858157e+03
-6.205378782856950238e+03
-8.095263063215611510e+03
-1.040926688305889911e+04
-1.041810445470959712e+04
-1.091957434645364265e+04
-5.611168667838464899e+03
-8.982766114651769385e+03
-1.088752062390490937e+04
-8.951047105054021813e+03
-5.580296324795018336e+03
-4.599694348790532786e+03
-4.569374061292856823e+03
-7.324077686980209364e+03
-1.205533521640582148e+04
-7.532748977200643822e+03
-7.331495330746335640e+03
-7.540181176030456299e+03
-1.206294421818754199e+04
-1.239481704771112527e+04
-1.240243594801743711e+04
-4.871221759861572536e+03
-8.371153799637611883e+03
-4.986165583107689599e+03
-4.881210626746906200e+03
-4.996174756015037019e+03
-8.381485932279943881e+03
-8.565411566704990037e+03
-8.575757275181897057e+03
