1.346875000000000000e+01 6.061796874999999574e+01 7.281250000000000000e+02 2.858906250000000000e+02 1.718750000000000000e+01
2.190625000000000000e+01 6.061796874999999574e+01 7.281250000000000000e+02 2.858906250000000000e+02 1.718750000000000000e+01
1.346875000000000000e+01 7.116328124999999716e+01 7.281250000000000000e+02 2.858906250000000000e+02 1.718750000000000000e+01
1.346875000000000000e+01 6.061796874999999574e+01 4.843750000000000000e+02 2.858906250000000000e+02 1.718750000000000000e+01
1.346875000000000000e+01 6.061796874999999574e+01 7.281250000000000000e+02 2.538281250000000000e+02 1.718750000000000000e+01
1.346875000000000000e+01 6.061796874999999574e+01 7.281250000000000000e+02 2.858906250000000000e+02 1.293750000000000000e+01
1.346875000000000000e+01 7.116328124999999716e+01 4.843750000000000000e+02 2.538281250000000000e+02 1.293750000000000000e+01
2.190625000000000000e+01 6.061796874999999574e+01 4.843750000000000000e+02 2.538281250000000000e+02 1.293750000000000000e+01
2.190625000000000000e+01 7.116328124999999716e+01 7.281250000000000000e+02 2.538281250000000000e+02 1.293750000000000000e+01
2.190625000000000000e+01 7.116328124999999716e+01 4.843750000000000000e+02 2.858906250000000000e+02 1.293750000000000000e+01
2.190625000000000000e+01 7.116328124999999716e+01 4.843750000000000000e+02 2.538281250000000000e+02 1.718750000000000000e+01
2.190625000000000000e+01 7.116328124999999716e+01 4.843750000000000000e+02 2.538281250000000000e+02 1.293750000000000000e+01
2.346875000000000000e+01 8.046796874999999716e+01 5.281250000000000000e+02 1.148906250000000000e+02 1.318750000000000000e+01
3.190625000000000000e+01 8.046796874999999716e+01 5.281250000000000000e+02 1.148906250000000000e+02 1.318750000000000000e+01
2.346875000000000000e+01 5.131328124999999574e+01 5.281250000000000000e+02 1.148906250000000000e+02 1.318750000000000000e+01
2.346875000000000000e+01 8.046796874999999716e+01 6.843750000000000000e+02 1.148906250000000000e+02 1.318750000000000000e+01
2.346875000000000000e+01 8.046796874999999716e+01 5.281250000000000000e+02 8.282812500000000000e+01 1.318750000000000000e+01
2.346875000000000000e+01 8.046796874999999716e+01 5.281250000000000000e+02 1.148906250000000000e+02 1.693750000000000000e+01
2.346875000000000000e+01 5.131328124999999574e+01 6.843750000000000000e+02 8.282812500000000000e+01 1.693750000000000000e+01
3.190625000000000000e+01 8.046796874999999716e+01 6.843750000000000000e+02 8.282812500000000000e+01 1.693750000000000000e+01
3.190625000000000000e+01 5.131328124999999574e+01 5.281250000000000000e+02 8.282812500000000000e+01 1.693750000000000000e+01
3.190625000000000000e+01 5.131328124999999574e+01 6.843750000000000000e+02 1.148906250000000000e+02 1.693750000000000000e+01
3.190625000000000000e+01 5.131328124999999574e+01 6.843750000000000000e+02 8.282812500000000000e+01 1.318750000000000000e+01
3.190625000000000000e+01 5.131328124999999574e+01 6.843750000000000000e+02 8.282812500000000000e+01 1.693750000000000000e+01
2.846875000000000000e+01 5.069296874999999858e+01 6.281250000000000000e+02 2.003906250000000000e+02 1.518750000000000000e+01
2.690625000000000000e+01 5.069296874999999858e+01 6.281250000000000000e+02 2.003906250000000000e+02 1.518750000000000000e+01
2.846875000000000000e+01 8.108828124999999432e+01 6.281250000000000000e+02 2.003906250000000000e+02 1.518750000000000000e+01
2.846875000000000000e+01 5.069296874999999858e+01 7.843750000000000000e+02 2.003906250000000000e+02 1.518750000000000000e+01
2.846875000000000000e+01 5.069296874999999858e+01 6.281250000000000000e+02 1.683281250000000000e+02 1.518750000000000000e+01
2.846875000000000000e+01 5.069296874999999858e+01 6.281250000000000000e+02 2.003906250000000000e+02 1.893750000000000000e+01
2.846875000000000000e+01 8.108828124999999432e+01 7.843750000000000000e+02 1.683281250000000000e+02 1.893750000000000000e+01
2.690625000000000000e+01 5.069296874999999858e+01 7.843750000000000000e+02 1.683281250000000000e+02 1.893750000000000000e+01
2.690625000000000000e+01 8.108828124999999432e+01 6.281250000000000000e+02 1.683281250000000000e+02 1.893750000000000000e+01
2.690625000000000000e+01 8.108828124999999432e+01 7.843750000000000000e+02 2.003906250000000000e+02 1.893750000000000000e+01
2.690625000000000000e+01 8.108828124999999432e+01 7.843750000000000000e+02 1.683281250000000000e+02 1.518750000000000000e+01
2.690625000000000000e+01 8.108828124999999432e+01 7.843750000000000000e+02 1.683281250000000000e+02 1.893750000000000000e+01
1.846875000000000000e+01 7.054296875000000000e+01 4.281250000000000000e+02 2.939062500000000000e+01 1.918750000000000000e+01
1.690625000000000000e+01 7.054296875000000000e+01 4.281250000000000000e+02 2.939062500000000000e+01 1.918750000000000000e+01
1.846875000000000000e+01 6.123828125000000000e+01 4.281250000000000000e+02 2.939062500000000000e+01 1.918750000000000000e+01
1.846875000000000000e+01 7.054296875000000000e+01 5.843750000000000000e+02 2.939062500000000000e+01 1.918750000000000000e+01
1.846875000000000000e+01 7.054296875000000000e+01 4.281250000000000000e+02 3.393281250000000000e+02 1.918750000000000000e+01
1.846875000000000000e+01 7.054296875000000000e+01 4.281250000000000000e+02 2.939062500000000000e+01 1.493750000000000000e+01
1.846875000000000000e+01 6.123828125000000000e+01 5.843750000000000000e+02 3.393281250000000000e+02 1.493750000000000000e+01
1.690625000000000000e+01 7.054296875000000000e+01 5.843750000000000000e+02 3.393281250000000000e+02 1.493750000000000000e+01
1.690625000000000000e+01 6.123828125000000000e+01 4.281250000000000000e+02 3.393281250000000000e+02 1.493750000000000000e+01
1.690625000000000000e+01 6.123828125000000000e+01 5.843750000000000000e+02 2.939062500000000000e+01 1.493750000000000000e+01
1.690625000000000000e+01 6.123828125000000000e+01 5.843750000000000000e+02 3.393281250000000000e+02 1.918750000000000000e+01
1.690625000000000000e+01 6.123828125000000000e+01 5.843750000000000000e+02 3.393281250000000000e+02 1.493750000000000000e+01
2.096875000000000000e+01 4.573046875000000000e+01 5.781250000000000000e+02 7.214062500000000000e+01 1.818750000000000000e+01
1.940625000000000000e+01 4.573046875000000000e+01 5.781250000000000000e+02 7.214062500000000000e+01 1.818750000000000000e+01
2.096875000000000000e+01 7.612578125000000284e+01 5.781250000000000000e+02 7.214062500000000000e+01 1.818750000000000000e+01
2.096875000000000000e+01 4.573046875000000000e+01 7.343750000000000000e+02 7.214062500000000000e+01 1.818750000000000000e+01
2.096875000000000000e+01 4.573046875000000000e+01 5.781250000000000000e+02 1.255781250000000000e+02 1.818750000000000000e+01
2.096875000000000000e+01 4.573046875000000000e+01 5.781250000000000000e+02 7.214062500000000000e+01 1.793750000000000000e+01
2.096875000000000000e+01 7.612578125000000284e+01 7.343750000000000000e+02 1.255781250000000000e+02 1.793750000000000000e+01
1.940625000000000000e+01 4.573046875000000000e+01 7.343750000000000000e+02 1.255781250000000000e+02 1.793750000000000000e+01
1.940625000000000000e+01 7.612578125000000284e+01 5.781250000000000000e+02 1.255781250000000000e+02 1.793750000000000000e+01
1.940625000000000000e+01 7.612578125000000284e+01 7.343750000000000000e+02 7.214062500000000000e+01 1.793750000000000000e+01
1.940625000000000000e+01 7.612578125000000284e+01 7.343750000000000000e+02 1.255781250000000000e+02 1.818750000000000000e+01
1.940625000000000000e+01 7.612578125000000284e+01 7.343750000000000000e+02 1.255781250000000000e+02 1.793750000000000000e+01
3.096875000000000000e+01 6.558046874999999432e+01 7.781250000000000000e+02 2.431406250000000000e+02 1.418750000000000000e+01
2.940625000000000000e+01 6.558046874999999432e+01 7.781250000000000000e+02 2.431406250000000000e+02 1.418750000000000000e+01
3.096875000000000000e+01 5.627578124999999432e+01 7.781250000000000000e+02 2.431406250000000000e+02 1.418750000000000000e+01
3.096875000000000000e+01 6.558046874999999432e+01 5.343750000000000000e+02 2.431406250000000000e+02 1.418750000000000000e+01
3.096875000000000000e+01 6.558046874999999432e+01 7.781250000000000000e+02 2.965781250000000000e+02 1.418750000000000000e+01
3.096875000000000000e+01 6.558046874999999432e+01 7.781250000000000000e+02 2.431406250000000000e+02 1.393750000000000000e+01
3.096875000000000000e+01 5.627578124999999432e+01 5.343750000000000000e+02 2.965781250000000000e+02 1.393750000000000000e+01
2.940625000000000000e+01 6.558046874999999432e+01 5.343750000000000000e+02 2.965781250000000000e+02 1.393750000000000000e+01
2.940625000000000000e+01 5.627578124999999432e+01 7.781250000000000000e+02 2.965781250000000000e+02 1.393750000000000000e+01
2.940625000000000000e+01 5.627578124999999432e+01 5.343750000000000000e+02 2.431406250000000000e+02 1.393750000000000000e+01
2.940625000000000000e+01 5.627578124999999432e+01 5.343750000000000000e+02 2.965781250000000000e+02 1.418750000000000000e+01
2.940625000000000000e+01 5.627578124999999432e+01 5.343750000000000000e+02 2.965781250000000000e+02 1.393750000000000000e+01
2.596875000000000000e+01 5.565546874999999716e+01 4.781250000000000000e+02 1.576406250000000000e+02 1.218750000000000000e+01
2.440625000000000000e+01 5.565546874999999716e+01 4.781250000000000000e+02 1.576406250000000000e+02 1.218750000000000000e+01
2.596875000000000000e+01 6.620078125000000568e+01 4.781250000000000000e+02 1.576406250000000000e+02 1.218750000000000000e+01
2.596875000000000000e+01 5.565546874999999716e+01 4.343750000000000000e+02 1.576406250000000000e+02 1.218750000000000000e+01
2.596875000000000000e+01 5.565546874999999716e+01 4.781250000000000000e+02 2.110781250000000000e+02 1.218750000000000000e+01
2.596875000000000000e+01 5.565546874999999716e+01 4.781250000000000000e+02 1.576406250000000000e+02 1.593750000000000000e+01
2.596875000000000000e+01 6.620078125000000568e+01 4.343750000000000000e+02 2.110781250000000000e+02 1.593750000000000000e+01
2.440625000000000000e+01 5.565546874999999716e+01 4.343750000000000000e+02 2.110781250000000000e+02 1.593750000000000000e+01
2.440625000000000000e+01 6.620078125000000568e+01 4.781250000000000000e+02 2.110781250000000000e+02 1.593750000000000000e+01
2.440625000000000000e+01 6.620078125000000568e+01 4.343750000000000000e+02 1.576406250000000000e+02 1.593750000000000000e+01
2.440625000000000000e+01 6.620078125000000568e+01 4.343750000000000000e+02 2.110781250000000000e+02 1.218750000000000000e+01
2.440625000000000000e+01 6.620078125000000568e+01 4.343750000000000000e+02 2.110781250000000000e+02 1.593750000000000000e+01
1.596875000000000000e+01 7.550546875000000568e+01 6.781250000000000000e+02 3.286406250000000000e+02 1.618750000000000000e+01
1.440625000000000000e+01 7.550546875000000568e+01 6.781250000000000000e+02 3.286406250000000000e+02 1.618750000000000000e+01
1.596875000000000000e+01 4.635078124999999716e+01 6.781250000000000000e+02 3.286406250000000000e+02 1.618750000000000000e+01
1.596875000000000000e+01 7.550546875000000568e+01 6.343750000000000000e+02 3.286406250000000000e+02 1.618750000000000000e+01
1.596875000000000000e+01 7.550546875000000568e+01 6.781250000000000000e+02 4.007812500000000000e+01 1.618750000000000000e+01
1.596875000000000000e+01 7.550546875000000568e+01 6.781250000000000000e+02 3.286406250000000000e+02 1.993750000000000000e+01
1.596875000000000000e+01 4.635078124999999716e+01 6.343750000000000000e+02 4.007812500000000000e+01 1.993750000000000000e+01
1.440625000000000000e+01 7.550546875000000568e+01 6.343750000000000000e+02 4.007812500000000000e+01 1.993750000000000000e+01
1.440625000000000000e+01 4.635078124999999716e+01 6.781250000000000000e+02 4.007812500000000000e+01 1.993750000000000000e+01
1.440625000000000000e+01 4.635078124999999716e+01 6.343750000000000000e+02 3.286406250000000000e+02 1.993750000000000000e+01
1.440625000000000000e+01 4.635078124999999716e+01 6.343750000000000000e+02 4.007812500000000000e+01 1.618750000000000000e+01
1.440625000000000000e+01 4.635078124999999716e+01 6.343750000000000000e+02 4.007812500000000000e+01 1.993750000000000000e+01
1.721875000000000000e+01 5.317421874999999432e+01 4.531250000000000000e+02 2.217656250000000000e+02 1.368750000000000000e+01
1.565625000000000000e+01 5.317421874999999432e+01 4.531250000000000000e+02 2.217656250000000000e+02 1.368750000000000000e+01
1.721875000000000000e+01 7.860703125000000568e+01 4.531250000000000000e+02 2.217656250000000000e+02 1.368750000000000000e+01
1.721875000000000000e+01 5.317421874999999432e+01 7.093750000000000000e+02 2.217656250000000000e+02 1.368750000000000000e+01
1.721875000000000000e+01 5.317421874999999432e+01 4.531250000000000000e+02 1.042031250000000000e+02 1.368750000000000000e+01
1.721875000000000000e+01 5.317421874999999432e+01 4.531250000000000000e+02 2.217656250000000000e+02 1.443750000000000000e+01
1.721875000000000000e+01 7.860703125000000568e+01 7.093750000000000000e+02 1.042031250000000000e+02 1.443750000000000000e+01
1.565625000000000000e+01 5.317421874999999432e+01 7.093750000000000000e+02 1.042031250000000000e+02 1.443750000000000000e+01
1.565625000000000000e+01 7.860703125000000568e+01 4.531250000000000000e+02 1.042031250000000000e+02 1.443750000000000000e+01
1.565625000000000000e+01 7.860703125000000568e+01 7.093750000000000000e+02 2.217656250000000000e+02 1.443750000000000000e+01
1.565625000000000000e+01 7.860703125000000568e+01 7.093750000000000000e+02 1.042031250000000000e+02 1.368750000000000000e+01
1.565625000000000000e+01 7.860703125000000568e+01 7.093750000000000000e+02 1.042031250000000000e+02 1.443750000000000000e+01
2.721875000000000000e+01 7.302421875000000284e+01 6.531250000000000000e+02 5.076562500000000000e+01 1.768750000000000000e+01
2.565625000000000000e+01 7.302421875000000284e+01 6.531250000000000000e+02 5.076562500000000000e+01 1.768750000000000000e+01
2.721875000000000000e+01 5.875703124999999716e+01 6.531250000000000000e+02 5.076562500000000000e+01 1.768750000000000000e+01
2.721875000000000000e+01 7.302421875000000284e+01 5.093750000000000000e+02 5.076562500000000000e+01 1.768750000000000000e+01
2.721875000000000000e+01 7.302421875000000284e+01 6.531250000000000000e+02 2.752031250000000000e+02 1.768750000000000000e+01
2.721875000000000000e+01 7.302421875000000284e+01 6.531250000000000000e+02 5.076562500000000000e+01 1.843750000000000000e+01
2.721875000000000000e+01 5.875703124999999716e+01 5.093750000000000000e+02 2.752031250000000000e+02 1.843750000000000000e+01
2.565625000000000000e+01 7.302421875000000284e+01 5.093750000000000000e+02 2.752031250000000000e+02 1.843750000000000000e+01
2.565625000000000000e+01 5.875703124999999716e+01 6.531250000000000000e+02 2.752031250000000000e+02 1.843750000000000000e+01
2.565625000000000000e+01 5.875703124999999716e+01 5.093750000000000000e+02 5.076562500000000000e+01 1.843750000000000000e+01
2.565625000000000000e+01 5.875703124999999716e+01 5.093750000000000000e+02 2.752031250000000000e+02 1.768750000000000000e+01
2.565625000000000000e+01 5.875703124999999716e+01 5.093750000000000000e+02 2.752031250000000000e+02 1.843750000000000000e+01
3.221875000000000000e+01 6.309921874999999858e+01 5.531250000000000000e+02 3.072656250000000000e+02 1.968750000000000000e+01
3.065625000000000000e+01 6.309921874999999858e+01 5.531250000000000000e+02 3.072656250000000000e+02 1.968750000000000000e+01
3.221875000000000000e+01 6.868203124999999432e+01 5.531250000000000000e+02 3.072656250000000000e+02 1.968750000000000000e+01
3.221875000000000000e+01 6.309921874999999858e+01 4.093750000000000000e+02 3.072656250000000000e+02 1.968750000000000000e+01
3.221875000000000000e+01 6.309921874999999858e+01 5.531250000000000000e+02 1.897031250000000000e+02 1.968750000000000000e+01
3.221875000000000000e+01 6.309921874999999858e+01 5.531250000000000000e+02 3.072656250000000000e+02 1.643750000000000000e+01
3.221875000000000000e+01 6.868203124999999432e+01 4.093750000000000000e+02 1.897031250000000000e+02 1.643750000000000000e+01
3.065625000000000000e+01 6.309921874999999858e+01 4.093750000000000000e+02 1.897031250000000000e+02 1.643750000000000000e+01
3.065625000000000000e+01 6.868203124999999432e+01 5.531250000000000000e+02 1.897031250000000000e+02 1.643750000000000000e+01
3.065625000000000000e+01 6.868203124999999432e+01 4.093750000000000000e+02 3.072656250000000000e+02 1.643750000000000000e+01
3.065625000000000000e+01 6.868203124999999432e+01 4.093750000000000000e+02 1.897031250000000000e+02 1.968750000000000000e+01
3.065625000000000000e+01 6.868203124999999432e+01 4.093750000000000000e+02 1.897031250000000000e+02 1.643750000000000000e+01
2.221875000000000000e+01 8.294921875000000000e+01 7.531250000000000000e+02 1.362656250000000000e+02 1.568750000000000000e+01
2.065625000000000000e+01 8.294921875000000000e+01 7.531250000000000000e+02 1.362656250000000000e+02 1.568750000000000000e+01
2.221875000000000000e+01 4.883203125000000000e+01 7.531250000000000000e+02 1.362656250000000000e+02 1.568750000000000000e+01
2.221875000000000000e+01 8.294921875000000000e+01 6.093750000000000000e+02 1.362656250000000000e+02 1.568750000000000000e+01
2.221875000000000000e+01 8.294921875000000000e+01 7.531250000000000000e+02 1.870312500000000000e+01 1.568750000000000000e+01
2.221875000000000000e+01 8.294921875000000000e+01 7.531250000000000000e+02 1.362656250000000000e+02 1.243750000000000000e+01
2.221875000000000000e+01 4.883203125000000000e+01 6.093750000000000000e+02 1.870312500000000000e+01 1.243750000000000000e+01
2.065625000000000000e+01 8.294921875000000000e+01 6.093750000000000000e+02 1.870312500000000000e+01 1.243750000000000000e+01
2.065625000000000000e+01 4.883203125000000000e+01 7.531250000000000000e+02 1.870312500000000000e+01 1.243750000000000000e+01
2.065625000000000000e+01 4.883203125000000000e+01 6.093750000000000000e+02 1.362656250000000000e+02 1.243750000000000000e+01
2.065625000000000000e+01 4.883203125000000000e+01 6.093750000000000000e+02 1.870312500000000000e+01 1.568750000000000000e+01
2.065625000000000000e+01 4.883203125000000000e+01 6.093750000000000000e+02 1.870312500000000000e+01 1.243750000000000000e+01
1.971875000000000000e+01 5.813671875000000000e+01 6.031250000000000000e+02 9.351562500000000000e+01 1.468750000000000000e+01
1.315625000000000000e+01 5.813671875000000000e+01 6.031250000000000000e+02 9.351562500000000000e+01 1.468750000000000000e+01
1.971875000000000000e+01 7.364453125000000000e+01 6.031250000000000000e+02 9.351562500000000000e+01 1.468750000000000000e+01
1.971875000000000000e+01 5.813671875000000000e+01 4.593750000000000000e+02 9.351562500000000000e+01 1.468750000000000000e+01
1.971875000000000000e+01 5.813671875000000000e+01 6.031250000000000000e+02 2.324531250000000000e+02 1.468750000000000000e+01
1.971875000000000000e+01 5.813671875000000000e+01 6.031250000000000000e+02 9.351562500000000000e+01 1.943750000000000000e+01
1.971875000000000000e+01 7.364453125000000000e+01 4.593750000000000000e+02 2.324531250000000000e+02 1.943750000000000000e+01
1.315625000000000000e+01 5.813671875000000000e+01 4.593750000000000000e+02 2.324531250000000000e+02 1.943750000000000000e+01
1.315625000000000000e+01 7.364453125000000000e+01 6.031250000000000000e+02 2.324531250000000000e+02 1.943750000000000000e+01
1.315625000000000000e+01 7.364453125000000000e+01 4.593750000000000000e+02 9.351562500000000000e+01 1.943750000000000000e+01
1.315625000000000000e+01 7.364453125000000000e+01 4.593750000000000000e+02 2.324531250000000000e+02 1.468750000000000000e+01
1.315625000000000000e+01 7.364453125000000000e+01 4.593750000000000000e+02 2.324531250000000000e+02 1.943750000000000000e+01
2.971875000000000000e+01 7.798671874999999432e+01 4.031250000000000000e+02 2.645156250000000000e+02 1.868750000000000000e+01
2.315625000000000000e+01 7.798671874999999432e+01 4.031250000000000000e+02 2.645156250000000000e+02 1.868750000000000000e+01
2.971875000000000000e+01 5.379453124999999858e+01 4.031250000000000000e+02 2.645156250000000000e+02 1.868750000000000000e+01
2.971875000000000000e+01 7.798671874999999432e+01 6.593750000000000000e+02 2.645156250000000000e+02 1.868750000000000000e+01
2.971875000000000000e+01 7.798671874999999432e+01 4.031250000000000000e+02 6.145312500000000000e+01 1.868750000000000000e+01
2.971875000000000000e+01 7.798671874999999432e+01 4.031250000000000000e+02 2.645156250000000000e+02 1.543750000000000000e+01
2.971875000000000000e+01 5.379453124999999858e+01 6.593750000000000000e+02 6.145312500000000000e+01 1.543750000000000000e+01
2.315625000000000000e+01 7.798671874999999432e+01 6.593750000000000000e+02 6.145312500000000000e+01 1.543750000000000000e+01
2.315625000000000000e+01 5.379453124999999858e+01 4.031250000000000000e+02 6.145312500000000000e+01 1.543750000000000000e+01
2.315625000000000000e+01 5.379453124999999858e+01 6.593750000000000000e+02 2.645156250000000000e+02 1.543750000000000000e+01
2.315625000000000000e+01 5.379453124999999858e+01 6.593750000000000000e+02 6.145312500000000000e+01 1.868750000000000000e+01
2.315625000000000000e+01 5.379453124999999858e+01 6.593750000000000000e+02 6.145312500000000000e+01 1.543750000000000000e+01
2.471875000000000000e+01 4.821171874999999574e+01 7.031250000000000000e+02 8.015625000000000000e+00 1.668750000000000000e+01
2.815625000000000000e+01 4.821171874999999574e+01 7.031250000000000000e+02 8.015625000000000000e+00 1.668750000000000000e+01
2.471875000000000000e+01 8.356953124999999716e+01 7.031250000000000000e+02 8.015625000000000000e+00 1.668750000000000000e+01
2.471875000000000000e+01 4.821171874999999574e+01 7.593750000000000000e+02 8.015625000000000000e+00 1.668750000000000000e+01
2.471875000000000000e+01 4.821171874999999574e+01 7.031250000000000000e+02 1.469531250000000000e+02 1.668750000000000000e+01
2.471875000000000000e+01 4.821171874999999574e+01 7.031250000000000000e+02 8.015625000000000000e+00 1.343750000000000000e+01
2.471875000000000000e+01 8.356953124999999716e+01 7.593750000000000000e+02 1.469531250000000000e+02 1.343750000000000000e+01
2.815625000000000000e+01 4.821171874999999574e+01 7.593750000000000000e+02 1.469531250000000000e+02 1.343750000000000000e+01
2.815625000000000000e+01 8.356953124999999716e+01 7.031250000000000000e+02 1.469531250000000000e+02 1.343750000000000000e+01
2.815625000000000000e+01 8.356953124999999716e+01 7.593750000000000000e+02 8.015625000000000000e+00 1.343750000000000000e+01
2.815625000000000000e+01 8.356953124999999716e+01 7.593750000000000000e+02 1.469531250000000000e+02 1.668750000000000000e+01
2.815625000000000000e+01 8.356953124999999716e+01 7.593750000000000000e+02 1.469531250000000000e+02 1.343750000000000000e+01
1.471875000000000000e+01 6.806171874999999716e+01 5.031250000000000000e+02 1.790156250000000000e+02 1.268750000000000000e+01
1.815625000000000000e+01 6.806171874999999716e+01 5.031250000000000000e+02 1.790156250000000000e+02 1.268750000000000000e+01
1.471875000000000000e+01 6.371953125000000284e+01 5.031250000000000000e+02 1.790156250000000000e+02 1.268750000000000000e+01
1.471875000000000000e+01 6.806171874999999716e+01 5.593750000000000000e+02 1.790156250000000000e+02 1.268750000000000000e+01
1.471875000000000000e+01 6.806171874999999716e+01 5.031250000000000000e+02 3.179531250000000000e+02 1.268750000000000000e+01
1.471875000000000000e+01 6.806171874999999716e+01 5.031250000000000000e+02 1.790156250000000000e+02 1.743750000000000000e+01
1.471875000000000000e+01 6.371953125000000284e+01 5.593750000000000000e+02 3.179531250000000000e+02 1.743750000000000000e+01
1.815625000000000000e+01 6.806171874999999716e+01 5.593750000000000000e+02 3.179531250000000000e+02 1.743750000000000000e+01
1.815625000000000000e+01 6.371953125000000284e+01 5.031250000000000000e+02 3.179531250000000000e+02 1.743750000000000000e+01
1.815625000000000000e+01 6.371953125000000284e+01 5.593750000000000000e+02 1.790156250000000000e+02 1.743750000000000000e+01
1.815625000000000000e+01 6.371953125000000284e+01 5.593750000000000000e+02 3.179531250000000000e+02 1.268750000000000000e+01
1.815625000000000000e+01 6.371953125000000284e+01 5.593750000000000000e+02 3.179531250000000000e+02 1.743750000000000000e+01
1.534375000000000000e+01 4.945234374999999716e+01 6.656250000000000000e+02 1.683281250000000000e+02 1.943750000000000000e+01
2.378125000000000000e+01 4.945234374999999716e+01 6.656250000000000000e+02 1.683281250000000000e+02 1.943750000000000000e+01
1.534375000000000000e+01 5.007265624999999432e+01 6.656250000000000000e+02 1.683281250000000000e+02 1.943750000000000000e+01
1.534375000000000000e+01 4.945234374999999716e+01 7.718750000000000000e+02 1.683281250000000000e+02 1.943750000000000000e+01
1.534375000000000000e+01 4.945234374999999716e+01 6.656250000000000000e+02 2.645156250000000000e+02 1.943750000000000000e+01
1.534375000000000000e+01 4.945234374999999716e+01 6.656250000000000000e+02 1.683281250000000000e+02 1.368750000000000000e+01
1.534375000000000000e+01 5.007265624999999432e+01 7.718750000000000000e+02 2.645156250000000000e+02 1.368750000000000000e+01
2.378125000000000000e+01 4.945234374999999716e+01 7.718750000000000000e+02 2.645156250000000000e+02 1.368750000000000000e+01
2.378125000000000000e+01 5.007265624999999432e+01 6.656250000000000000e+02 2.645156250000000000e+02 1.368750000000000000e+01
2.378125000000000000e+01 5.007265624999999432e+01 7.718750000000000000e+02 1.683281250000000000e+02 1.368750000000000000e+01
2.378125000000000000e+01 5.007265624999999432e+01 7.718750000000000000e+02 2.645156250000000000e+02 1.943750000000000000e+01
2.378125000000000000e+01 5.007265624999999432e+01 7.718750000000000000e+02 2.645156250000000000e+02 1.368750000000000000e+01
2.534375000000000000e+01 6.930234375000000568e+01 4.656250000000000000e+02 3.393281250000000000e+02 1.543750000000000000e+01
1.378125000000000000e+01 6.930234375000000568e+01 4.656250000000000000e+02 3.393281250000000000e+02 1.543750000000000000e+01
2.534375000000000000e+01 6.992265625000000284e+01 4.656250000000000000e+02 3.393281250000000000e+02 1.543750000000000000e+01
2.534375000000000000e+01 6.930234375000000568e+01 5.718750000000000000e+02 3.393281250000000000e+02 1.543750000000000000e+01
2.534375000000000000e+01 6.930234375000000568e+01 4.656250000000000000e+02 9.351562500000000000e+01 1.543750000000000000e+01
2.534375000000000000e+01 6.930234375000000568e+01 4.656250000000000000e+02 3.393281250000000000e+02 1.768750000000000000e+01
2.534375000000000000e+01 6.992265625000000284e+01 5.718750000000000000e+02 9.351562500000000000e+01 1.768750000000000000e+01
1.378125000000000000e+01 6.930234375000000568e+01 5.718750000000000000e+02 9.351562500000000000e+01 1.768750000000000000e+01
1.378125000000000000e+01 6.992265625000000284e+01 4.656250000000000000e+02 9.351562500000000000e+01 1.768750000000000000e+01
1.378125000000000000e+01 6.992265625000000284e+01 5.718750000000000000e+02 3.393281250000000000e+02 1.768750000000000000e+01
1.378125000000000000e+01 6.992265625000000284e+01 5.718750000000000000e+02 9.351562500000000000e+01 1.543750000000000000e+01
1.378125000000000000e+01 6.992265625000000284e+01 5.718750000000000000e+02 9.351562500000000000e+01 1.768750000000000000e+01
3.034375000000000000e+01 5.937734374999999432e+01 7.656250000000000000e+02 8.282812500000000000e+01 1.343750000000000000e+01
1.878125000000000000e+01 5.937734374999999432e+01 7.656250000000000000e+02 8.282812500000000000e+01 1.343750000000000000e+01
3.034375000000000000e+01 5.999765624999999858e+01 7.656250000000000000e+02 8.282812500000000000e+01 1.343750000000000000e+01
3.034375000000000000e+01 5.937734374999999432e+01 4.718750000000000000e+02 8.282812500000000000e+01 1.343750000000000000e+01
3.034375000000000000e+01 5.937734374999999432e+01 7.656250000000000000e+02 8.015625000000000000e+00 1.343750000000000000e+01
3.034375000000000000e+01 5.937734374999999432e+01 7.656250000000000000e+02 8.282812500000000000e+01 1.968750000000000000e+01
3.034375000000000000e+01 5.999765624999999858e+01 4.718750000000000000e+02 8.015625000000000000e+00 1.968750000000000000e+01
1.878125000000000000e+01 5.937734374999999432e+01 4.718750000000000000e+02 8.015625000000000000e+00 1.968750000000000000e+01
1.878125000000000000e+01 5.999765624999999858e+01 7.656250000000000000e+02 8.015625000000000000e+00 1.968750000000000000e+01
1.878125000000000000e+01 5.999765624999999858e+01 4.718750000000000000e+02 8.282812500000000000e+01 1.968750000000000000e+01
1.878125000000000000e+01 5.999765624999999858e+01 4.718750000000000000e+02 8.015625000000000000e+00 1.343750000000000000e+01
1.878125000000000000e+01 5.999765624999999858e+01 4.718750000000000000e+02 8.015625000000000000e+00 1.968750000000000000e+01
2.034375000000000000e+01 7.922734375000000284e+01 5.656250000000000000e+02 2.538281250000000000e+02 1.743750000000000000e+01
2.878125000000000000e+01 7.922734375000000284e+01 5.656250000000000000e+02 2.538281250000000000e+02 1.743750000000000000e+01
2.034375000000000000e+01 7.984765625000000000e+01 5.656250000000000000e+02 2.538281250000000000e+02 1.743750000000000000e+01
2.034375000000000000e+01 7.922734375000000284e+01 6.718750000000000000e+02 2.538281250000000000e+02 1.743750000000000000e+01
2.034375000000000000e+01 7.922734375000000284e+01 5.656250000000000000e+02 1.790156250000000000e+02 1.743750000000000000e+01
2.034375000000000000e+01 7.922734375000000284e+01 5.656250000000000000e+02 2.538281250000000000e+02 1.568750000000000000e+01
2.034375000000000000e+01 7.984765625000000000e+01 6.718750000000000000e+02 1.790156250000000000e+02 1.568750000000000000e+01
2.878125000000000000e+01 7.922734375000000284e+01 6.718750000000000000e+02 1.790156250000000000e+02 1.568750000000000000e+01
2.878125000000000000e+01 7.984765625000000000e+01 5.656250000000000000e+02 1.790156250000000000e+02 1.568750000000000000e+01
2.878125000000000000e+01 7.984765625000000000e+01 6.718750000000000000e+02 2.538281250000000000e+02 1.568750000000000000e+01
2.878125000000000000e+01 7.984765625000000000e+01 6.718750000000000000e+02 1.790156250000000000e+02 1.743750000000000000e+01
2.878125000000000000e+01 7.984765625000000000e+01 6.718750000000000000e+02 1.790156250000000000e+02 1.568750000000000000e+01
2.284375000000000000e+01 6.433984375000000000e+01 4.156250000000000000e+02 2.110781250000000000e+02 1.643750000000000000e+01
2.628125000000000000e+01 6.433984375000000000e+01 4.156250000000000000e+02 2.110781250000000000e+02 1.643750000000000000e+01
2.284375000000000000e+01 5.503515625000000000e+01 4.156250000000000000e+02 2.110781250000000000e+02 1.643750000000000000e+01
2.284375000000000000e+01 6.433984375000000000e+01 4.218750000000000000e+02 2.110781250000000000e+02 1.643750000000000000e+01
2.284375000000000000e+01 6.433984375000000000e+01 4.156250000000000000e+02 5.076562500000000000e+01 1.643750000000000000e+01
2.284375000000000000e+01 6.433984375000000000e+01 4.156250000000000000e+02 2.110781250000000000e+02 1.668750000000000000e+01
2.284375000000000000e+01 5.503515625000000000e+01 4.218750000000000000e+02 5.076562500000000000e+01 1.668750000000000000e+01
2.628125000000000000e+01 6.433984375000000000e+01 4.218750000000000000e+02 5.076562500000000000e+01 1.668750000000000000e+01
2.628125000000000000e+01 5.503515625000000000e+01 4.156250000000000000e+02 5.076562500000000000e+01 1.668750000000000000e+01
2.628125000000000000e+01 5.503515625000000000e+01 4.218750000000000000e+02 2.110781250000000000e+02 1.668750000000000000e+01
2.628125000000000000e+01 5.503515625000000000e+01 4.218750000000000000e+02 5.076562500000000000e+01 1.643750000000000000e+01
2.628125000000000000e+01 5.503515625000000000e+01 4.218750000000000000e+02 5.076562500000000000e+01 1.668750000000000000e+01
3.284375000000000000e+01 8.418984374999999432e+01 6.156250000000000000e+02 4.007812500000000000e+01 1.243750000000000000e+01
1.628125000000000000e+01 8.418984374999999432e+01 6.156250000000000000e+02 4.007812500000000000e+01 1.243750000000000000e+01
3.284375000000000000e+01 7.488515624999999432e+01 6.156250000000000000e+02 4.007812500000000000e+01 1.243750000000000000e+01
3.284375000000000000e+01 8.418984374999999432e+01 6.218750000000000000e+02 4.007812500000000000e+01 1.243750000000000000e+01
3.284375000000000000e+01 8.418984374999999432e+01 6.156250000000000000e+02 2.217656250000000000e+02 1.243750000000000000e+01
3.284375000000000000e+01 8.418984374999999432e+01 6.156250000000000000e+02 4.007812500000000000e+01 1.268750000000000000e+01
3.284375000000000000e+01 7.488515624999999432e+01 6.218750000000000000e+02 2.217656250000000000e+02 1.268750000000000000e+01
1.628125000000000000e+01 8.418984374999999432e+01 6.218750000000000000e+02 2.217656250000000000e+02 1.268750000000000000e+01
1.628125000000000000e+01 7.488515624999999432e+01 6.156250000000000000e+02 2.217656250000000000e+02 1.268750000000000000e+01
1.628125000000000000e+01 7.488515624999999432e+01 6.218750000000000000e+02 4.007812500000000000e+01 1.268750000000000000e+01
1.628125000000000000e+01 7.488515624999999432e+01 6.218750000000000000e+02 2.217656250000000000e+02 1.243750000000000000e+01
1.628125000000000000e+01 7.488515624999999432e+01 6.218750000000000000e+02 2.217656250000000000e+02 1.268750000000000000e+01
2.784375000000000000e+01 5.441484374999999574e+01 5.156250000000000000e+02 2.965781250000000000e+02 1.443750000000000000e+01
2.128125000000000000e+01 5.441484374999999574e+01 5.156250000000000000e+02 2.965781250000000000e+02 1.443750000000000000e+01
2.784375000000000000e+01 4.511015624999999574e+01 5.156250000000000000e+02 2.965781250000000000e+02 1.443750000000000000e+01
2.784375000000000000e+01 5.441484374999999574e+01 7.218750000000000000e+02 2.965781250000000000e+02 1.443750000000000000e+01
2.784375000000000000e+01 5.441484374999999574e+01 5.156250000000000000e+02 3.072656250000000000e+02 1.443750000000000000e+01
2.784375000000000000e+01 5.441484374999999574e+01 5.156250000000000000e+02 2.965781250000000000e+02 1.468750000000000000e+01
2.784375000000000000e+01 4.511015624999999574e+01 7.218750000000000000e+02 3.072656250000000000e+02 1.468750000000000000e+01
2.128125000000000000e+01 5.441484374999999574e+01 7.218750000000000000e+02 3.072656250000000000e+02 1.468750000000000000e+01
2.128125000000000000e+01 4.511015624999999574e+01 5.156250000000000000e+02 3.072656250000000000e+02 1.468750000000000000e+01
2.128125000000000000e+01 4.511015624999999574e+01 7.218750000000000000e+02 2.965781250000000000e+02 1.468750000000000000e+01
2.128125000000000000e+01 4.511015624999999574e+01 7.218750000000000000e+02 3.072656250000000000e+02 1.443750000000000000e+01
2.128125000000000000e+01 4.511015624999999574e+01 7.218750000000000000e+02 3.072656250000000000e+02 1.468750000000000000e+01
1.784375000000000000e+01 7.426484374999999716e+01 7.156250000000000000e+02 1.255781250000000000e+02 1.843750000000000000e+01
3.128125000000000000e+01 7.426484374999999716e+01 7.156250000000000000e+02 1.255781250000000000e+02 1.843750000000000000e+01
1.784375000000000000e+01 6.496015624999999716e+01 7.156250000000000000e+02 1.255781250000000000e+02 1.843750000000000000e+01
1.784375000000000000e+01 7.426484374999999716e+01 5.218750000000000000e+02 1.255781250000000000e+02 1.843750000000000000e+01
1.784375000000000000e+01 7.426484374999999716e+01 7.156250000000000000e+02 1.362656250000000000e+02 1.843750000000000000e+01
1.784375000000000000e+01 7.426484374999999716e+01 7.156250000000000000e+02 1.255781250000000000e+02 1.868750000000000000e+01
1.784375000000000000e+01 6.496015624999999716e+01 5.218750000000000000e+02 1.362656250000000000e+02 1.868750000000000000e+01
3.128125000000000000e+01 7.426484374999999716e+01 5.218750000000000000e+02 1.362656250000000000e+02 1.868750000000000000e+01
3.128125000000000000e+01 6.496015624999999716e+01 7.156250000000000000e+02 1.362656250000000000e+02 1.868750000000000000e+01
3.128125000000000000e+01 6.496015624999999716e+01 5.218750000000000000e+02 1.255781250000000000e+02 1.868750000000000000e+01
3.128125000000000000e+01 6.496015624999999716e+01 5.218750000000000000e+02 1.362656250000000000e+02 1.843750000000000000e+01
3.128125000000000000e+01 6.496015624999999716e+01 5.218750000000000000e+02 1.362656250000000000e+02 1.868750000000000000e+01
1.659375000000000000e+01 5.689609374999999858e+01 5.406250000000000000e+02 1.870312500000000000e+01 1.593750000000000000e+01
3.003125000000000000e+01 5.689609374999999858e+01 5.406250000000000000e+02 1.870312500000000000e+01 1.593750000000000000e+01
1.659375000000000000e+01 5.751640624999999574e+01 5.406250000000000000e+02 1.870312500000000000e+01 1.593750000000000000e+01
1.659375000000000000e+01 5.689609374999999858e+01 4.468750000000000000e+02 1.870312500000000000e+01 1.593750000000000000e+01
1.659375000000000000e+01 5.689609374999999858e+01 5.406250000000000000e+02 7.214062500000000000e+01 1.593750000000000000e+01
1.659375000000000000e+01 5.689609374999999858e+01 5.406250000000000000e+02 1.870312500000000000e+01 1.518750000000000000e+01
1.659375000000000000e+01 5.751640624999999574e+01 4.468750000000000000e+02 7.214062500000000000e+01 1.518750000000000000e+01
3.003125000000000000e+01 5.689609374999999858e+01 4.468750000000000000e+02 7.214062500000000000e+01 1.518750000000000000e+01
3.003125000000000000e+01 5.751640624999999574e+01 5.406250000000000000e+02 7.214062500000000000e+01 1.518750000000000000e+01
3.003125000000000000e+01 5.751640624999999574e+01 4.468750000000000000e+02 1.870312500000000000e+01 1.518750000000000000e+01
3.003125000000000000e+01 5.751640624999999574e+01 4.468750000000000000e+02 7.214062500000000000e+01 1.593750000000000000e+01
3.003125000000000000e+01 5.751640624999999574e+01 4.468750000000000000e+02 7.214062500000000000e+01 1.518750000000000000e+01
2.659375000000000000e+01 7.674609375000000000e+01 7.406250000000000000e+02 1.897031250000000000e+02 1.993750000000000000e+01
2.003125000000000000e+01 7.674609375000000000e+01 7.406250000000000000e+02 1.897031250000000000e+02 1.993750000000000000e+01
2.659375000000000000e+01 7.736640624999999716e+01 7.406250000000000000e+02 1.897031250000000000e+02 1.993750000000000000e+01
2.659375000000000000e+01 7.674609375000000000e+01 6.468750000000000000e+02 1.897031250000000000e+02 1.993750000000000000e+01
2.659375000000000000e+01 7.674609375000000000e+01 7.406250000000000000e+02 2.431406250000000000e+02 1.993750000000000000e+01
2.659375000000000000e+01 7.674609375000000000e+01 7.406250000000000000e+02 1.897031250000000000e+02 1.918750000000000000e+01
2.659375000000000000e+01 7.736640624999999716e+01 6.468750000000000000e+02 2.431406250000000000e+02 1.918750000000000000e+01
2.003125000000000000e+01 7.674609375000000000e+01 6.468750000000000000e+02 2.431406250000000000e+02 1.918750000000000000e+01
2.003125000000000000e+01 7.736640624999999716e+01 7.406250000000000000e+02 2.431406250000000000e+02 1.918750000000000000e+01
2.003125000000000000e+01 7.736640624999999716e+01 6.468750000000000000e+02 1.897031250000000000e+02 1.918750000000000000e+01
2.003125000000000000e+01 7.736640624999999716e+01 6.468750000000000000e+02 2.431406250000000000e+02 1.993750000000000000e+01
2.003125000000000000e+01 7.736640624999999716e+01 6.468750000000000000e+02 2.431406250000000000e+02 1.918750000000000000e+01
3.159375000000000000e+01 4.697109374999999432e+01 4.406250000000000000e+02 1.042031250000000000e+02 1.793750000000000000e+01
1.503125000000000000e+01 4.697109374999999432e+01 4.406250000000000000e+02 1.042031250000000000e+02 1.793750000000000000e+01
3.159375000000000000e+01 4.759140624999999858e+01 4.406250000000000000e+02 1.042031250000000000e+02 1.793750000000000000e+01
3.159375000000000000e+01 4.697109374999999432e+01 7.468750000000000000e+02 1.042031250000000000e+02 1.793750000000000000e+01
3.159375000000000000e+01 4.697109374999999432e+01 4.406250000000000000e+02 3.286406250000000000e+02 1.793750000000000000e+01
3.159375000000000000e+01 4.697109374999999432e+01 4.406250000000000000e+02 1.042031250000000000e+02 1.718750000000000000e+01
3.159375000000000000e+01 4.759140624999999858e+01 7.468750000000000000e+02 3.286406250000000000e+02 1.718750000000000000e+01
1.503125000000000000e+01 4.697109374999999432e+01 7.468750000000000000e+02 3.286406250000000000e+02 1.718750000000000000e+01
1.503125000000000000e+01 4.759140624999999858e+01 4.406250000000000000e+02 3.286406250000000000e+02 1.718750000000000000e+01
1.503125000000000000e+01 4.759140624999999858e+01 7.468750000000000000e+02 1.042031250000000000e+02 1.718750000000000000e+01
1.503125000000000000e+01 4.759140624999999858e+01 7.468750000000000000e+02 3.286406250000000000e+02 1.793750000000000000e+01
1.503125000000000000e+01 4.759140624999999858e+01 7.468750000000000000e+02 3.286406250000000000e+02 1.718750000000000000e+01
2.159375000000000000e+01 6.682109375000000284e+01 6.406250000000000000e+02 2.752031250000000000e+02 1.393750000000000000e+01
2.503125000000000000e+01 6.682109375000000284e+01 6.406250000000000000e+02 2.752031250000000000e+02 1.393750000000000000e+01
2.159375000000000000e+01 6.744140625000000000e+01 6.406250000000000000e+02 2.752031250000000000e+02 1.393750000000000000e+01
2.159375000000000000e+01 6.682109375000000284e+01 5.468750000000000000e+02 2.752031250000000000e+02 1.393750000000000000e+01
2.159375000000000000e+01 6.682109375000000284e+01 6.406250000000000000e+02 1.576406250000000000e+02 1.393750000000000000e+01
2.159375000000000000e+01 6.682109375000000284e+01 6.406250000000000000e+02 2.752031250000000000e+02 1.318750000000000000e+01
2.159375000000000000e+01 6.744140625000000000e+01 5.468750000000000000e+02 1.576406250000000000e+02 1.318750000000000000e+01
2.503125000000000000e+01 6.682109375000000284e+01 5.468750000000000000e+02 1.576406250000000000e+02 1.318750000000000000e+01
2.503125000000000000e+01 6.744140625000000000e+01 6.406250000000000000e+02 1.576406250000000000e+02 1.318750000000000000e+01
2.503125000000000000e+01 6.744140625000000000e+01 5.468750000000000000e+02 2.752031250000000000e+02 1.318750000000000000e+01
2.503125000000000000e+01 6.744140625000000000e+01 5.468750000000000000e+02 1.576406250000000000e+02 1.393750000000000000e+01
2.503125000000000000e+01 6.744140625000000000e+01 5.468750000000000000e+02 1.576406250000000000e+02 1.318750000000000000e+01
1.909375000000000000e+01 5.193359375000000000e+01 7.906250000000000000e+02 3.179531250000000000e+02 1.293750000000000000e+01
3.253125000000000000e+01 5.193359375000000000e+01 7.906250000000000000e+02 3.179531250000000000e+02 1.293750000000000000e+01
1.909375000000000000e+01 5.255390624999999716e+01 7.906250000000000000e+02 3.179531250000000000e+02 1.293750000000000000e+01
1.909375000000000000e+01 5.193359375000000000e+01 7.968750000000000000e+02 3.179531250000000000e+02 1.293750000000000000e+01
1.909375000000000000e+01 5.193359375000000000e+01 7.906250000000000000e+02 2.858906250000000000e+02 1.293750000000000000e+01
1.909375000000000000e+01 5.193359375000000000e+01 7.906250000000000000e+02 3.179531250000000000e+02 1.818750000000000000e+01
1.909375000000000000e+01 5.255390624999999716e+01 7.968750000000000000e+02 2.858906250000000000e+02 1.818750000000000000e+01
3.253125000000000000e+01 5.193359375000000000e+01 7.968750000000000000e+02 2.858906250000000000e+02 1.818750000000000000e+01
3.253125000000000000e+01 5.255390624999999716e+01 7.906250000000000000e+02 2.858906250000000000e+02 1.818750000000000000e+01
3.253125000000000000e+01 5.255390624999999716e+01 7.968750000000000000e+02 3.179531250000000000e+02 1.818750000000000000e+01
3.253125000000000000e+01 5.255390624999999716e+01 7.968750000000000000e+02 2.858906250000000000e+02 1.293750000000000000e+01
3.253125000000000000e+01 5.255390624999999716e+01 7.968750000000000000e+02 2.858906250000000000e+02 1.818750000000000000e+01
2.909375000000000000e+01 7.178359374999999432e+01 5.906250000000000000e+02 1.469531250000000000e+02 1.693750000000000000e+01
2.253125000000000000e+01 7.178359374999999432e+01 5.906250000000000000e+02 1.469531250000000000e+02 1.693750000000000000e+01
2.909375000000000000e+01 7.240390625000000568e+01 5.906250000000000000e+02 1.469531250000000000e+02 1.693750000000000000e+01
2.909375000000000000e+01 7.178359374999999432e+01 5.968750000000000000e+02 1.469531250000000000e+02 1.693750000000000000e+01
2.909375000000000000e+01 7.178359374999999432e+01 5.906250000000000000e+02 1.148906250000000000e+02 1.693750000000000000e+01
2.909375000000000000e+01 7.178359374999999432e+01 5.906250000000000000e+02 1.469531250000000000e+02 1.418750000000000000e+01
2.909375000000000000e+01 7.240390625000000568e+01 5.968750000000000000e+02 1.148906250000000000e+02 1.418750000000000000e+01
2.253125000000000000e+01 7.178359374999999432e+01 5.968750000000000000e+02 1.148906250000000000e+02 1.418750000000000000e+01
2.253125000000000000e+01 7.240390625000000568e+01 5.906250000000000000e+02 1.148906250000000000e+02 1.418750000000000000e+01
2.253125000000000000e+01 7.240390625000000568e+01 5.968750000000000000e+02 1.469531250000000000e+02 1.418750000000000000e+01
2.253125000000000000e+01 7.240390625000000568e+01 5.968750000000000000e+02 1.148906250000000000e+02 1.693750000000000000e+01
2.253125000000000000e+01 7.240390625000000568e+01 5.968750000000000000e+02 1.148906250000000000e+02 1.418750000000000000e+01
2.409375000000000000e+01 6.185859374999999716e+01 6.906250000000000000e+02 2.324531250000000000e+02 1.893750000000000000e+01
1.753125000000000000e+01 6.185859374999999716e+01 6.906250000000000000e+02 2.324531250000000000e+02 1.893750000000000000e+01
2.409375000000000000e+01 6.247890624999999432e+01 6.906250000000000000e+02 2.324531250000000000e+02 1.893750000000000000e+01
2.409375000000000000e+01 6.185859374999999716e+01 4.968750000000000000e+02 2.324531250000000000e+02 1.893750000000000000e+01
2.409375000000000000e+01 6.185859374999999716e+01 6.906250000000000000e+02 2.939062500000000000e+01 1.893750000000000000e+01
2.409375000000000000e+01 6.185859374999999716e+01 6.906250000000000000e+02 2.324531250000000000e+02 1.218750000000000000e+01
2.409375000000000000e+01 6.247890624999999432e+01 4.968750000000000000e+02 2.939062500000000000e+01 1.218750000000000000e+01
1.753125000000000000e+01 6.185859374999999716e+01 4.968750000000000000e+02 2.939062500000000000e+01 1.218750000000000000e+01
1.753125000000000000e+01 6.247890624999999432e+01 6.906250000000000000e+02 2.939062500000000000e+01 1.218750000000000000e+01
1.753125000000000000e+01 6.247890624999999432e+01 4.968750000000000000e+02 2.324531250000000000e+02 1.218750000000000000e+01
1.753125000000000000e+01 6.247890624999999432e+01 4.968750000000000000e+02 2.939062500000000000e+01 1.893750000000000000e+01
1.753125000000000000e+01 6.247890624999999432e+01 4.968750000000000000e+02 2.939062500000000000e+01 1.218750000000000000e+01
1.409375000000000000e+01 8.170859375000000568e+01 4.906250000000000000e+02 6.145312500000000000e+01 1.493750000000000000e+01
2.753125000000000000e+01 8.170859375000000568e+01 4.906250000000000000e+02 6.145312500000000000e+01 1.493750000000000000e+01
1.409375000000000000e+01 8.232890625000000284e+01 4.906250000000000000e+02 6.145312500000000000e+01 1.493750000000000000e+01
1.409375000000000000e+01 8.170859375000000568e+01 6.968750000000000000e+02 6.145312500000000000e+01 1.493750000000000000e+01
1.409375000000000000e+01 8.170859375000000568e+01 4.906250000000000000e+02 2.003906250000000000e+02 1.493750000000000000e+01
1.409375000000000000e+01 8.170859375000000568e+01 4.906250000000000000e+02 6.145312500000000000e+01 1.618750000000000000e+01
1.409375000000000000e+01 8.232890625000000284e+01 6.968750000000000000e+02 2.003906250000000000e+02 1.618750000000000000e+01
2.753125000000000000e+01 8.170859375000000568e+01 6.968750000000000000e+02 2.003906250000000000e+02 1.618750000000000000e+01
2.753125000000000000e+01 8.232890625000000284e+01 4.906250000000000000e+02 2.003906250000000000e+02 1.618750000000000000e+01
2.753125000000000000e+01 8.232890625000000284e+01 6.968750000000000000e+02 6.145312500000000000e+01 1.618750000000000000e+01
2.753125000000000000e+01 8.232890625000000284e+01 6.968750000000000000e+02 2.003906250000000000e+02 1.493750000000000000e+01
2.753125000000000000e+01 8.232890625000000284e+01 6.968750000000000000e+02 2.003906250000000000e+02 1.618750000000000000e+01
1.378125000000000000e+01 5.007265624999999432e+01 5.593750000000000000e+02 1.202343750000000000e+02 1.606250000000000000e+01
2.534375000000000000e+01 5.007265624999999432e+01 5.593750000000000000e+02 1.202343750000000000e+02 1.606250000000000000e+01
1.378125000000000000e+01 6.061796874999999574e+01 5.593750000000000000e+02 1.202343750000000000e+02 1.606250000000000000e+01
1.378125000000000000e+01 5.007265624999999432e+01 6.406250000000000000e+02 1.202343750000000000e+02 1.606250000000000000e+01
1.378125000000000000e+01 5.007265624999999432e+01 5.593750000000000000e+02 8.817187500000000000e+01 1.606250000000000000e+01
1.378125000000000000e+01 5.007265624999999432e+01 5.593750000000000000e+02 1.202343750000000000e+02 1.256250000000000000e+01
1.378125000000000000e+01 6.061796874999999574e+01 6.406250000000000000e+02 8.817187500000000000e+01 1.256250000000000000e+01
2.534375000000000000e+01 5.007265624999999432e+01 6.406250000000000000e+02 8.817187500000000000e+01 1.256250000000000000e+01
2.534375000000000000e+01 6.061796874999999574e+01 5.593750000000000000e+02 8.817187500000000000e+01 1.256250000000000000e+01
2.534375000000000000e+01 6.061796874999999574e+01 6.406250000000000000e+02 1.202343750000000000e+02 1.256250000000000000e+01
2.534375000000000000e+01 6.061796874999999574e+01 6.406250000000000000e+02 8.817187500000000000e+01 1.606250000000000000e+01
2.534375000000000000e+01 6.061796874999999574e+01 6.406250000000000000e+02 8.817187500000000000e+01 1.256250000000000000e+01
2.378125000000000000e+01 6.992265625000000284e+01 7.593750000000000000e+02 2.912343750000000000e+02 1.206250000000000000e+01
1.534375000000000000e+01 6.992265625000000284e+01 7.593750000000000000e+02 2.912343750000000000e+02 1.206250000000000000e+01
2.378125000000000000e+01 8.046796874999999716e+01 7.593750000000000000e+02 2.912343750000000000e+02 1.206250000000000000e+01
2.378125000000000000e+01 6.992265625000000284e+01 4.406250000000000000e+02 2.912343750000000000e+02 1.206250000000000000e+01
2.378125000000000000e+01 6.992265625000000284e+01 7.593750000000000000e+02 2.591718750000000000e+02 1.206250000000000000e+01
2.378125000000000000e+01 6.992265625000000284e+01 7.593750000000000000e+02 2.912343750000000000e+02 1.656250000000000000e+01
2.378125000000000000e+01 8.046796874999999716e+01 4.406250000000000000e+02 2.591718750000000000e+02 1.656250000000000000e+01
1.534375000000000000e+01 6.992265625000000284e+01 4.406250000000000000e+02 2.591718750000000000e+02 1.656250000000000000e+01
1.534375000000000000e+01 8.046796874999999716e+01 7.593750000000000000e+02 2.591718750000000000e+02 1.656250000000000000e+01
1.534375000000000000e+01 8.046796874999999716e+01 4.406250000000000000e+02 2.912343750000000000e+02 1.656250000000000000e+01
1.534375000000000000e+01 8.046796874999999716e+01 4.406250000000000000e+02 2.591718750000000000e+02 1.206250000000000000e+01
1.534375000000000000e+01 8.046796874999999716e+01 4.406250000000000000e+02 2.591718750000000000e+02 1.656250000000000000e+01
2.878125000000000000e+01 5.999765624999999858e+01 4.593750000000000000e+02 3.473437500000000000e+01 1.406250000000000000e+01
2.034375000000000000e+01 5.999765624999999858e+01 4.593750000000000000e+02 3.473437500000000000e+01 1.406250000000000000e+01
2.878125000000000000e+01 5.069296874999999858e+01 4.593750000000000000e+02 3.473437500000000000e+01 1.406250000000000000e+01
2.878125000000000000e+01 5.999765624999999858e+01 5.406250000000000000e+02 3.473437500000000000e+01 1.406250000000000000e+01
2.878125000000000000e+01 5.999765624999999858e+01 4.593750000000000000e+02 1.736718750000000000e+02 1.406250000000000000e+01
2.878125000000000000e+01 5.999765624999999858e+01 4.593750000000000000e+02 3.473437500000000000e+01 1.856250000000000000e+01
2.878125000000000000e+01 5.069296874999999858e+01 5.406250000000000000e+02 1.736718750000000000e+02 1.856250000000000000e+01
2.034375000000000000e+01 5.999765624999999858e+01 5.406250000000000000e+02 1.736718750000000000e+02 1.856250000000000000e+01
2.034375000000000000e+01 5.069296874999999858e+01 4.593750000000000000e+02 1.736718750000000000e+02 1.856250000000000000e+01
2.034375000000000000e+01 5.069296874999999858e+01 5.406250000000000000e+02 3.473437500000000000e+01 1.856250000000000000e+01
2.034375000000000000e+01 5.069296874999999858e+01 5.406250000000000000e+02 1.736718750000000000e+02 1.406250000000000000e+01
2.034375000000000000e+01 5.069296874999999858e+01 5.406250000000000000e+02 1.736718750000000000e+02 1.856250000000000000e+01
1.878125000000000000e+01 7.984765625000000000e+01 6.593750000000000000e+02 2.057343750000000000e+02 1.806250000000000000e+01
3.034375000000000000e+01 7.984765625000000000e+01 6.593750000000000000e+02 2.057343750000000000e+02 1.806250000000000000e+01
1.878125000000000000e+01 7.054296875000000000e+01 6.593750000000000000e+02 2.057343750000000000e+02 1.806250000000000000e+01
1.878125000000000000e+01 7.984765625000000000e+01 7.406250000000000000e+02 2.057343750000000000e+02 1.806250000000000000e+01
1.878125000000000000e+01 7.984765625000000000e+01 6.593750000000000000e+02 2.671875000000000000e+00 1.806250000000000000e+01
1.878125000000000000e+01 7.984765625000000000e+01 6.593750000000000000e+02 2.057343750000000000e+02 1.456250000000000000e+01
1.878125000000000000e+01 7.054296875000000000e+01 7.406250000000000000e+02 2.671875000000000000e+00 1.456250000000000000e+01
3.034375000000000000e+01 7.984765625000000000e+01 7.406250000000000000e+02 2.671875000000000000e+00 1.456250000000000000e+01
3.034375000000000000e+01 7.054296875000000000e+01 6.593750000000000000e+02 2.671875000000000000e+00 1.456250000000000000e+01
3.034375000000000000e+01 7.054296875000000000e+01 7.406250000000000000e+02 2.057343750000000000e+02 1.456250000000000000e+01
3.034375000000000000e+01 7.054296875000000000e+01 7.406250000000000000e+02 2.671875000000000000e+00 1.806250000000000000e+01
3.034375000000000000e+01 7.054296875000000000e+01 7.406250000000000000e+02 2.671875000000000000e+00 1.456250000000000000e+01
2.128125000000000000e+01 5.503515625000000000e+01 7.093750000000000000e+02 2.484843750000000000e+02 1.906250000000000000e+01
2.784375000000000000e+01 5.503515625000000000e+01 7.093750000000000000e+02 2.484843750000000000e+02 1.906250000000000000e+01
2.128125000000000000e+01 4.573046875000000000e+01 7.093750000000000000e+02 2.484843750000000000e+02 1.906250000000000000e+01
2.128125000000000000e+01 5.503515625000000000e+01 5.906250000000000000e+02 2.484843750000000000e+02 1.906250000000000000e+01
2.128125000000000000e+01 5.503515625000000000e+01 7.093750000000000000e+02 2.164218750000000000e+02 1.906250000000000000e+01
2.128125000000000000e+01 5.503515625000000000e+01 7.093750000000000000e+02 2.484843750000000000e+02 1.756250000000000000e+01
2.128125000000000000e+01 4.573046875000000000e+01 5.906250000000000000e+02 2.164218750000000000e+02 1.756250000000000000e+01
2.784375000000000000e+01 5.503515625000000000e+01 5.906250000000000000e+02 2.164218750000000000e+02 1.756250000000000000e+01
2.784375000000000000e+01 4.573046875000000000e+01 7.093750000000000000e+02 2.164218750000000000e+02 1.756250000000000000e+01
2.784375000000000000e+01 4.573046875000000000e+01 5.906250000000000000e+02 2.484843750000000000e+02 1.756250000000000000e+01
2.784375000000000000e+01 4.573046875000000000e+01 5.906250000000000000e+02 2.164218750000000000e+02 1.906250000000000000e+01
2.784375000000000000e+01 4.573046875000000000e+01 5.906250000000000000e+02 2.164218750000000000e+02 1.756250000000000000e+01
3.128125000000000000e+01 7.488515624999999432e+01 5.093750000000000000e+02 7.748437500000000000e+01 1.506250000000000000e+01
1.784375000000000000e+01 7.488515624999999432e+01 5.093750000000000000e+02 7.748437500000000000e+01 1.506250000000000000e+01
3.128125000000000000e+01 6.558046874999999432e+01 5.093750000000000000e+02 7.748437500000000000e+01 1.506250000000000000e+01
3.128125000000000000e+01 7.488515624999999432e+01 7.906250000000000000e+02 7.748437500000000000e+01 1.506250000000000000e+01
3.128125000000000000e+01 7.488515624999999432e+01 5.093750000000000000e+02 4.542187500000000000e+01 1.506250000000000000e+01
3.128125000000000000e+01 7.488515624999999432e+01 5.093750000000000000e+02 7.748437500000000000e+01 1.356250000000000000e+01
3.128125000000000000e+01 6.558046874999999432e+01 7.906250000000000000e+02 4.542187500000000000e+01 1.356250000000000000e+01
1.784375000000000000e+01 7.488515624999999432e+01 7.906250000000000000e+02 4.542187500000000000e+01 1.356250000000000000e+01
1.784375000000000000e+01 6.558046874999999432e+01 5.093750000000000000e+02 4.542187500000000000e+01 1.356250000000000000e+01
1.784375000000000000e+01 6.558046874999999432e+01 7.906250000000000000e+02 7.748437500000000000e+01 1.356250000000000000e+01
1.784375000000000000e+01 6.558046874999999432e+01 7.906250000000000000e+02 4.542187500000000000e+01 1.506250000000000000e+01
1.784375000000000000e+01 6.558046874999999432e+01 7.906250000000000000e+02 4.542187500000000000e+01 1.356250000000000000e+01
2.628125000000000000e+01 4.511015624999999574e+01 6.093750000000000000e+02 3.339843750000000000e+02 1.306250000000000000e+01
2.284375000000000000e+01 4.511015624999999574e+01 6.093750000000000000e+02 3.339843750000000000e+02 1.306250000000000000e+01
2.628125000000000000e+01 5.565546874999999716e+01 6.093750000000000000e+02 3.339843750000000000e+02 1.306250000000000000e+01
2.628125000000000000e+01 4.511015624999999574e+01 6.906250000000000000e+02 3.339843750000000000e+02 1.306250000000000000e+01
2.628125000000000000e+01 4.511015624999999574e+01 6.093750000000000000e+02 1.309218750000000000e+02 1.306250000000000000e+01
2.628125000000000000e+01 4.511015624999999574e+01 6.093750000000000000e+02 3.339843750000000000e+02 1.556250000000000000e+01
2.628125000000000000e+01 5.565546874999999716e+01 6.906250000000000000e+02 1.309218750000000000e+02 1.556250000000000000e+01
2.284375000000000000e+01 4.511015624999999574e+01 6.906250000000000000e+02 1.309218750000000000e+02 1.556250000000000000e+01
2.284375000000000000e+01 5.565546874999999716e+01 6.093750000000000000e+02 1.309218750000000000e+02 1.556250000000000000e+01
2.284375000000000000e+01 5.565546874999999716e+01 6.906250000000000000e+02 3.339843750000000000e+02 1.556250000000000000e+01
2.284375000000000000e+01 5.565546874999999716e+01 6.906250000000000000e+02 1.309218750000000000e+02 1.306250000000000000e+01
2.284375000000000000e+01 5.565546874999999716e+01 6.906250000000000000e+02 1.309218750000000000e+02 1.556250000000000000e+01
1.628125000000000000e+01 6.496015624999999716e+01 4.093750000000000000e+02 1.629843750000000000e+02 1.706250000000000000e+01
3.284375000000000000e+01 6.496015624999999716e+01 4.093750000000000000e+02 1.629843750000000000e+02 1.706250000000000000e+01
1.628125000000000000e+01 7.550546875000000568e+01 4.093750000000000000e+02 1.629843750000000000e+02 1.706250000000000000e+01
1.628125000000000000e+01 6.496015624999999716e+01 4.906250000000000000e+02 1.629843750000000000e+02 1.706250000000000000e+01
1.628125000000000000e+01 6.496015624999999716e+01 4.093750000000000000e+02 3.019218750000000000e+02 1.706250000000000000e+01
1.628125000000000000e+01 6.496015624999999716e+01 4.093750000000000000e+02 1.629843750000000000e+02 1.956250000000000000e+01
1.628125000000000000e+01 7.550546875000000568e+01 4.906250000000000000e+02 3.019218750000000000e+02 1.956250000000000000e+01
3.284375000000000000e+01 6.496015624999999716e+01 4.906250000000000000e+02 3.019218750000000000e+02 1.956250000000000000e+01
3.284375000000000000e+01 7.550546875000000568e+01 4.093750000000000000e+02 3.019218750000000000e+02 1.956250000000000000e+01
3.284375000000000000e+01 7.550546875000000568e+01 4.906250000000000000e+02 1.629843750000000000e+02 1.956250000000000000e+01
3.284375000000000000e+01 7.550546875000000568e+01 4.906250000000000000e+02 3.019218750000000000e+02 1.706250000000000000e+01
3.284375000000000000e+01 7.550546875000000568e+01 4.906250000000000000e+02 3.019218750000000000e+02 1.956250000000000000e+01
1.753125000000000000e+01 6.247890624999999432e+01 6.343750000000000000e+02 5.610937500000000000e+01 1.256250000000000000e+01
2.909375000000000000e+01 6.247890624999999432e+01 6.343750000000000000e+02 5.610937500000000000e+01 1.256250000000000000e+01
1.753125000000000000e+01 4.821171874999999574e+01 6.343750000000000000e+02 5.610937500000000000e+01 1.256250000000000000e+01
1.753125000000000000e+01 6.247890624999999432e+01 5.656250000000000000e+02 5.610937500000000000e+01 1.256250000000000000e+01
1.753125000000000000e+01 6.247890624999999432e+01 6.343750000000000000e+02 2.377968750000000000e+02 1.256250000000000000e+01
1.753125000000000000e+01 6.247890624999999432e+01 6.343750000000000000e+02 5.610937500000000000e+01 1.406250000000000000e+01
1.753125000000000000e+01 4.821171874999999574e+01 5.656250000000000000e+02 2.377968750000000000e+02 1.406250000000000000e+01
2.909375000000000000e+01 6.247890624999999432e+01 5.656250000000000000e+02 2.377968750000000000e+02 1.406250000000000000e+01
2.909375000000000000e+01 4.821171874999999574e+01 6.343750000000000000e+02 2.377968750000000000e+02 1.406250000000000000e+01
2.909375000000000000e+01 4.821171874999999574e+01 5.656250000000000000e+02 5.610937500000000000e+01 1.406250000000000000e+01
2.909375000000000000e+01 4.821171874999999574e+01 5.656250000000000000e+02 2.377968750000000000e+02 1.256250000000000000e+01
2.909375000000000000e+01 4.821171874999999574e+01 5.656250000000000000e+02 2.377968750000000000e+02 1.406250000000000000e+01
2.753125000000000000e+01 8.232890625000000284e+01 4.343750000000000000e+02 2.271093750000000000e+02 1.656250000000000000e+01
1.909375000000000000e+01 8.232890625000000284e+01 4.343750000000000000e+02 2.271093750000000000e+02 1.656250000000000000e+01
2.753125000000000000e+01 6.806171874999999716e+01 4.343750000000000000e+02 2.271093750000000000e+02 1.656250000000000000e+01
2.753125000000000000e+01 8.232890625000000284e+01 7.656250000000000000e+02 2.271093750000000000e+02 1.656250000000000000e+01
2.753125000000000000e+01 8.232890625000000284e+01 4.343750000000000000e+02 6.679687500000000000e+01 1.656250000000000000e+01
2.753125000000000000e+01 8.232890625000000284e+01 4.343750000000000000e+02 2.271093750000000000e+02 1.806250000000000000e+01
2.753125000000000000e+01 6.806171874999999716e+01 7.656250000000000000e+02 6.679687500000000000e+01 1.806250000000000000e+01
1.909375000000000000e+01 8.232890625000000284e+01 7.656250000000000000e+02 6.679687500000000000e+01 1.806250000000000000e+01
1.909375000000000000e+01 6.806171874999999716e+01 4.343750000000000000e+02 6.679687500000000000e+01 1.806250000000000000e+01
1.909375000000000000e+01 6.806171874999999716e+01 7.656250000000000000e+02 2.271093750000000000e+02 1.806250000000000000e+01
1.909375000000000000e+01 6.806171874999999716e+01 7.656250000000000000e+02 6.679687500000000000e+01 1.656250000000000000e+01
1.909375000000000000e+01 6.806171874999999716e+01 7.656250000000000000e+02 6.679687500000000000e+01 1.806250000000000000e+01
3.253125000000000000e+01 5.255390624999999716e+01 7.343750000000000000e+02 1.416093750000000000e+02 1.856250000000000000e+01
1.409375000000000000e+01 5.255390624999999716e+01 7.343750000000000000e+02 1.416093750000000000e+02 1.856250000000000000e+01
3.253125000000000000e+01 5.813671875000000000e+01 7.343750000000000000e+02 1.416093750000000000e+02 1.856250000000000000e+01
3.253125000000000000e+01 5.255390624999999716e+01 6.656250000000000000e+02 1.416093750000000000e+02 1.856250000000000000e+01
3.253125000000000000e+01 5.255390624999999716e+01 7.343750000000000000e+02 1.522968750000000000e+02 1.856250000000000000e+01
3.253125000000000000e+01 5.255390624999999716e+01 7.343750000000000000e+02 1.416093750000000000e+02 1.606250000000000000e+01
3.253125000000000000e+01 5.813671875000000000e+01 6.656250000000000000e+02 1.522968750000000000e+02 1.606250000000000000e+01
1.409375000000000000e+01 5.255390624999999716e+01 6.656250000000000000e+02 1.522968750000000000e+02 1.606250000000000000e+01
1.409375000000000000e+01 5.813671875000000000e+01 7.343750000000000000e+02 1.522968750000000000e+02 1.606250000000000000e+01
1.409375000000000000e+01 5.813671875000000000e+01 6.656250000000000000e+02 1.416093750000000000e+02 1.606250000000000000e+01
1.409375000000000000e+01 5.813671875000000000e+01 6.656250000000000000e+02 1.522968750000000000e+02 1.856250000000000000e+01
1.409375000000000000e+01 5.813671875000000000e+01 6.656250000000000000e+02 1.522968750000000000e+02 1.606250000000000000e+01
2.253125000000000000e+01 7.240390625000000568e+01 5.343750000000000000e+02 3.126093750000000000e+02 1.456250000000000000e+01
2.409375000000000000e+01 7.240390625000000568e+01 5.343750000000000000e+02 3.126093750000000000e+02 1.456250000000000000e+01
2.253125000000000000e+01 7.798671874999999432e+01 5.343750000000000000e+02 3.126093750000000000e+02 1.456250000000000000e+01
2.253125000000000000e+01 7.240390625000000568e+01 4.656250000000000000e+02 3.126093750000000000e+02 1.456250000000000000e+01
2.253125000000000000e+01 7.240390625000000568e+01 5.343750000000000000e+02 3.232968750000000000e+02 1.456250000000000000e+01
2.253125000000000000e+01 7.240390625000000568e+01 5.343750000000000000e+02 3.126093750000000000e+02 1.206250000000000000e+01
2.253125000000000000e+01 7.798671874999999432e+01 4.656250000000000000e+02 3.232968750000000000e+02 1.206250000000000000e+01
2.409375000000000000e+01 7.240390625000000568e+01 4.656250000000000000e+02 3.232968750000000000e+02 1.206250000000000000e+01
2.409375000000000000e+01 7.798671874999999432e+01 5.343750000000000000e+02 3.232968750000000000e+02 1.206250000000000000e+01
2.409375000000000000e+01 7.798671874999999432e+01 4.656250000000000000e+02 3.126093750000000000e+02 1.206250000000000000e+01
2.409375000000000000e+01 7.798671874999999432e+01 4.656250000000000000e+02 3.232968750000000000e+02 1.456250000000000000e+01
2.409375000000000000e+01 7.798671874999999432e+01 4.656250000000000000e+02 3.232968750000000000e+02 1.206250000000000000e+01
2.003125000000000000e+01 4.759140624999999858e+01 4.843750000000000000e+02 2.698593750000000000e+02 1.556250000000000000e+01
3.159375000000000000e+01 4.759140624999999858e+01 4.843750000000000000e+02 2.698593750000000000e+02 1.556250000000000000e+01
2.003125000000000000e+01 6.309921874999999858e+01 4.843750000000000000e+02 2.698593750000000000e+02 1.556250000000000000e+01
2.003125000000000000e+01 4.759140624999999858e+01 6.156250000000000000e+02 2.698593750000000000e+02 1.556250000000000000e+01
2.003125000000000000e+01 4.759140624999999858e+01 4.843750000000000000e+02 1.095468750000000000e+02 1.556250000000000000e+01
2.003125000000000000e+01 4.759140624999999858e+01 4.843750000000000000e+02 2.698593750000000000e+02 1.906250000000000000e+01
2.003125000000000000e+01 6.309921874999999858e+01 6.156250000000000000e+02 1.095468750000000000e+02 1.906250000000000000e+01
3.159375000000000000e+01 4.759140624999999858e+01 6.156250000000000000e+02 1.095468750000000000e+02 1.906250000000000000e+01
3.159375000000000000e+01 6.309921874999999858e+01 4.843750000000000000e+02 1.095468750000000000e+02 1.906250000000000000e+01
3.159375000000000000e+01 6.309921874999999858e+01 6.156250000000000000e+02 2.698593750000000000e+02 1.906250000000000000e+01
3.159375000000000000e+01 6.309921874999999858e+01 6.156250000000000000e+02 1.095468750000000000e+02 1.556250000000000000e+01
3.159375000000000000e+01 6.309921874999999858e+01 6.156250000000000000e+02 1.095468750000000000e+02 1.906250000000000000e+01
3.003125000000000000e+01 6.744140625000000000e+01 6.843750000000000000e+02 9.885937500000000000e+01 1.956250000000000000e+01
2.159375000000000000e+01 6.744140625000000000e+01 6.843750000000000000e+02 9.885937500000000000e+01 1.956250000000000000e+01
3.003125000000000000e+01 8.294921875000000000e+01 6.843750000000000000e+02 9.885937500000000000e+01 1.956250000000000000e+01
3.003125000000000000e+01 6.744140625000000000e+01 4.156250000000000000e+02 9.885937500000000000e+01 1.956250000000000000e+01
3.003125000000000000e+01 6.744140625000000000e+01 6.843750000000000000e+02 2.805468750000000000e+02 1.956250000000000000e+01
3.003125000000000000e+01 6.744140625000000000e+01 6.843750000000000000e+02 9.885937500000000000e+01 1.506250000000000000e+01
3.003125000000000000e+01 8.294921875000000000e+01 4.156250000000000000e+02 2.805468750000000000e+02 1.506250000000000000e+01
2.159375000000000000e+01 6.744140625000000000e+01 4.156250000000000000e+02 2.805468750000000000e+02 1.506250000000000000e+01
2.159375000000000000e+01 8.294921875000000000e+01 6.843750000000000000e+02 2.805468750000000000e+02 1.506250000000000000e+01
2.159375000000000000e+01 8.294921875000000000e+01 4.156250000000000000e+02 9.885937500000000000e+01 1.506250000000000000e+01
2.159375000000000000e+01 8.294921875000000000e+01 4.156250000000000000e+02 2.805468750000000000e+02 1.956250000000000000e+01
2.159375000000000000e+01 8.294921875000000000e+01 4.156250000000000000e+02 2.805468750000000000e+02 1.506250000000000000e+01
2.503125000000000000e+01 5.751640624999999574e+01 5.843750000000000000e+02 1.843593750000000000e+02 1.756250000000000000e+01
1.659375000000000000e+01 5.751640624999999574e+01 5.843750000000000000e+02 1.843593750000000000e+02 1.756250000000000000e+01
2.503125000000000000e+01 5.317421874999999432e+01 5.843750000000000000e+02 1.843593750000000000e+02 1.756250000000000000e+01
2.503125000000000000e+01 5.751640624999999574e+01 5.156250000000000000e+02 1.843593750000000000e+02 1.756250000000000000e+01
2.503125000000000000e+01 5.751640624999999574e+01 5.843750000000000000e+02 1.950468750000000000e+02 1.756250000000000000e+01
2.503125000000000000e+01 5.751640624999999574e+01 5.843750000000000000e+02 1.843593750000000000e+02 1.306250000000000000e+01
2.503125000000000000e+01 5.317421874999999432e+01 5.156250000000000000e+02 1.950468750000000000e+02 1.306250000000000000e+01
1.659375000000000000e+01 5.751640624999999574e+01 5.156250000000000000e+02 1.950468750000000000e+02 1.306250000000000000e+01
1.659375000000000000e+01 5.317421874999999432e+01 5.843750000000000000e+02 1.950468750000000000e+02 1.306250000000000000e+01
1.659375000000000000e+01 5.317421874999999432e+01 5.156250000000000000e+02 1.843593750000000000e+02 1.306250000000000000e+01
1.659375000000000000e+01 5.317421874999999432e+01 5.156250000000000000e+02 1.950468750000000000e+02 1.756250000000000000e+01
1.659375000000000000e+01 5.317421874999999432e+01 5.156250000000000000e+02 1.950468750000000000e+02 1.306250000000000000e+01
1.503125000000000000e+01 7.736640624999999716e+01 7.843750000000000000e+02 1.335937500000000000e+01 1.356250000000000000e+01
2.659375000000000000e+01 7.736640624999999716e+01 7.843750000000000000e+02 1.335937500000000000e+01 1.356250000000000000e+01
1.503125000000000000e+01 7.302421875000000284e+01 7.843750000000000000e+02 1.335937500000000000e+01 1.356250000000000000e+01
1.503125000000000000e+01 7.736640624999999716e+01 7.156250000000000000e+02 1.335937500000000000e+01 1.356250000000000000e+01
1.503125000000000000e+01 7.736640624999999716e+01 7.843750000000000000e+02 2.404687500000000000e+01 1.356250000000000000e+01
1.503125000000000000e+01 7.736640624999999716e+01 7.843750000000000000e+02 1.335937500000000000e+01 1.706250000000000000e+01
1.503125000000000000e+01 7.302421875000000284e+01 7.156250000000000000e+02 2.404687500000000000e+01 1.706250000000000000e+01
2.659375000000000000e+01 7.736640624999999716e+01 7.156250000000000000e+02 2.404687500000000000e+01 1.706250000000000000e+01
2.659375000000000000e+01 7.302421875000000284e+01 7.843750000000000000e+02 2.404687500000000000e+01 1.706250000000000000e+01
2.659375000000000000e+01 7.302421875000000284e+01 7.156250000000000000e+02 1.335937500000000000e+01 1.706250000000000000e+01
2.659375000000000000e+01 7.302421875000000284e+01 7.156250000000000000e+02 2.404687500000000000e+01 1.356250000000000000e+01
2.659375000000000000e+01 7.302421875000000284e+01 7.156250000000000000e+02 2.404687500000000000e+01 1.706250000000000000e+01
1.440625000000000000e+01 5.875703124999999716e+01 4.468750000000000000e+02 3.232968750000000000e+02 1.831250000000000000e+01
2.096875000000000000e+01 5.875703124999999716e+01 4.468750000000000000e+02 3.232968750000000000e+02 1.831250000000000000e+01
1.440625000000000000e+01 8.170859375000000568e+01 4.468750000000000000e+02 3.232968750000000000e+02 1.831250000000000000e+01
1.440625000000000000e+01 5.875703124999999716e+01 5.031250000000000000e+02 3.232968750000000000e+02 1.831250000000000000e+01
1.440625000000000000e+01 5.875703124999999716e+01 4.468750000000000000e+02 7.748437500000000000e+01 1.831250000000000000e+01
1.440625000000000000e+01 5.875703124999999716e+01 4.468750000000000000e+02 3.232968750000000000e+02 1.381250000000000000e+01
1.440625000000000000e+01 8.170859375000000568e+01 5.031250000000000000e+02 7.748437500000000000e+01 1.381250000000000000e+01
2.096875000000000000e+01 5.875703124999999716e+01 5.031250000000000000e+02 7.748437500000000000e+01 1.381250000000000000e+01
2.096875000000000000e+01 8.170859375000000568e+01 4.468750000000000000e+02 7.748437500000000000e+01 1.381250000000000000e+01
2.096875000000000000e+01 8.170859375000000568e+01 5.031250000000000000e+02 3.232968750000000000e+02 1.381250000000000000e+01
2.096875000000000000e+01 8.170859375000000568e+01 5.031250000000000000e+02 7.748437500000000000e+01 1.831250000000000000e+01
2.096875000000000000e+01 8.170859375000000568e+01 5.031250000000000000e+02 7.748437500000000000e+01 1.381250000000000000e+01
2.440625000000000000e+01 7.860703125000000568e+01 6.468750000000000000e+02 1.522968750000000000e+02 1.431250000000000000e+01
3.096875000000000000e+01 7.860703125000000568e+01 6.468750000000000000e+02 1.522968750000000000e+02 1.431250000000000000e+01
2.440625000000000000e+01 6.185859374999999716e+01 6.468750000000000000e+02 1.522968750000000000e+02 1.431250000000000000e+01
2.440625000000000000e+01 7.860703125000000568e+01 7.031250000000000000e+02 1.522968750000000000e+02 1.431250000000000000e+01
2.440625000000000000e+01 7.860703125000000568e+01 6.468750000000000000e+02 2.484843750000000000e+02 1.431250000000000000e+01
2.440625000000000000e+01 7.860703125000000568e+01 6.468750000000000000e+02 1.522968750000000000e+02 1.781250000000000000e+01
2.440625000000000000e+01 6.185859374999999716e+01 7.031250000000000000e+02 2.484843750000000000e+02 1.781250000000000000e+01
3.096875000000000000e+01 7.860703125000000568e+01 7.031250000000000000e+02 2.484843750000000000e+02 1.781250000000000000e+01
3.096875000000000000e+01 6.185859374999999716e+01 6.468750000000000000e+02 2.484843750000000000e+02 1.781250000000000000e+01
3.096875000000000000e+01 6.185859374999999716e+01 7.031250000000000000e+02 1.522968750000000000e+02 1.781250000000000000e+01
3.096875000000000000e+01 6.185859374999999716e+01 7.031250000000000000e+02 2.484843750000000000e+02 1.431250000000000000e+01
3.096875000000000000e+01 6.185859374999999716e+01 7.031250000000000000e+02 2.484843750000000000e+02 1.781250000000000000e+01
2.940625000000000000e+01 4.883203125000000000e+01 5.468750000000000000e+02 2.377968750000000000e+02 1.231250000000000000e+01
2.596875000000000000e+01 4.883203125000000000e+01 5.468750000000000000e+02 2.377968750000000000e+02 1.231250000000000000e+01
2.940625000000000000e+01 7.178359374999999432e+01 5.468750000000000000e+02 2.377968750000000000e+02 1.231250000000000000e+01
2.940625000000000000e+01 4.883203125000000000e+01 6.031250000000000000e+02 2.377968750000000000e+02 1.231250000000000000e+01
2.940625000000000000e+01 4.883203125000000000e+01 5.468750000000000000e+02 3.339843750000000000e+02 1.231250000000000000e+01
2.940625000000000000e+01 4.883203125000000000e+01 5.468750000000000000e+02 2.377968750000000000e+02 1.981250000000000000e+01
2.940625000000000000e+01 7.178359374999999432e+01 6.031250000000000000e+02 3.339843750000000000e+02 1.981250000000000000e+01
2.596875000000000000e+01 4.883203125000000000e+01 6.031250000000000000e+02 3.339843750000000000e+02 1.981250000000000000e+01
2.596875000000000000e+01 7.178359374999999432e+01 5.468750000000000000e+02 3.339843750000000000e+02 1.981250000000000000e+01
2.596875000000000000e+01 7.178359374999999432e+01 6.031250000000000000e+02 2.377968750000000000e+02 1.981250000000000000e+01
2.596875000000000000e+01 7.178359374999999432e+01 6.031250000000000000e+02 3.339843750000000000e+02 1.231250000000000000e+01
2.596875000000000000e+01 7.178359374999999432e+01 6.031250000000000000e+02 3.339843750000000000e+02 1.981250000000000000e+01
1.940625000000000000e+01 6.868203124999999432e+01 7.468750000000000000e+02 6.679687500000000000e+01 1.631250000000000000e+01
1.596875000000000000e+01 6.868203124999999432e+01 7.468750000000000000e+02 6.679687500000000000e+01 1.631250000000000000e+01
1.940625000000000000e+01 5.193359375000000000e+01 7.468750000000000000e+02 6.679687500000000000e+01 1.631250000000000000e+01
1.940625000000000000e+01 6.868203124999999432e+01 4.031250000000000000e+02 6.679687500000000000e+01 1.631250000000000000e+01
1.940625000000000000e+01 6.868203124999999432e+01 7.468750000000000000e+02 1.629843750000000000e+02 1.631250000000000000e+01
1.940625000000000000e+01 6.868203124999999432e+01 7.468750000000000000e+02 6.679687500000000000e+01 1.581250000000000000e+01
1.940625000000000000e+01 5.193359375000000000e+01 4.031250000000000000e+02 1.629843750000000000e+02 1.581250000000000000e+01
1.596875000000000000e+01 6.868203124999999432e+01 4.031250000000000000e+02 1.629843750000000000e+02 1.581250000000000000e+01
1.596875000000000000e+01 5.193359375000000000e+01 7.468750000000000000e+02 1.629843750000000000e+02 1.581250000000000000e+01
1.596875000000000000e+01 5.193359375000000000e+01 4.031250000000000000e+02 6.679687500000000000e+01 1.581250000000000000e+01
1.596875000000000000e+01 5.193359375000000000e+01 4.031250000000000000e+02 1.629843750000000000e+02 1.631250000000000000e+01
1.596875000000000000e+01 5.193359375000000000e+01 4.031250000000000000e+02 1.629843750000000000e+02 1.581250000000000000e+01
2.190625000000000000e+01 5.379453124999999858e+01 6.968750000000000000e+02 2.404687500000000000e+01 1.731250000000000000e+01
1.846875000000000000e+01 5.379453124999999858e+01 6.968750000000000000e+02 2.404687500000000000e+01 1.731250000000000000e+01
2.190625000000000000e+01 6.682109375000000284e+01 6.968750000000000000e+02 2.404687500000000000e+01 1.731250000000000000e+01
2.190625000000000000e+01 5.379453124999999858e+01 6.531250000000000000e+02 2.404687500000000000e+01 1.731250000000000000e+01
2.190625000000000000e+01 5.379453124999999858e+01 6.968750000000000000e+02 2.912343750000000000e+02 1.731250000000000000e+01
2.190625000000000000e+01 5.379453124999999858e+01 6.968750000000000000e+02 2.404687500000000000e+01 1.681250000000000000e+01
2.190625000000000000e+01 6.682109375000000284e+01 6.531250000000000000e+02 2.912343750000000000e+02 1.681250000000000000e+01
1.846875000000000000e+01 5.379453124999999858e+01 6.531250000000000000e+02 2.912343750000000000e+02 1.681250000000000000e+01
1.846875000000000000e+01 6.682109375000000284e+01 6.968750000000000000e+02 2.912343750000000000e+02 1.681250000000000000e+01
1.846875000000000000e+01 6.682109375000000284e+01 6.531250000000000000e+02 2.404687500000000000e+01 1.681250000000000000e+01
1.846875000000000000e+01 6.682109375000000284e+01 6.531250000000000000e+02 2.912343750000000000e+02 1.731250000000000000e+01
1.846875000000000000e+01 6.682109375000000284e+01 6.531250000000000000e+02 2.912343750000000000e+02 1.681250000000000000e+01
3.190625000000000000e+01 7.364453125000000000e+01 4.968750000000000000e+02 1.950468750000000000e+02 1.331250000000000000e+01
2.846875000000000000e+01 7.364453125000000000e+01 4.968750000000000000e+02 1.950468750000000000e+02 1.331250000000000000e+01
3.190625000000000000e+01 4.697109374999999432e+01 4.968750000000000000e+02 1.950468750000000000e+02 1.331250000000000000e+01
3.190625000000000000e+01 7.364453125000000000e+01 4.531250000000000000e+02 1.950468750000000000e+02 1.331250000000000000e+01
3.190625000000000000e+01 7.364453125000000000e+01 4.968750000000000000e+02 1.202343750000000000e+02 1.331250000000000000e+01
3.190625000000000000e+01 7.364453125000000000e+01 4.968750000000000000e+02 1.950468750000000000e+02 1.281250000000000000e+01
3.190625000000000000e+01 4.697109374999999432e+01 4.531250000000000000e+02 1.202343750000000000e+02 1.281250000000000000e+01
2.846875000000000000e+01 7.364453125000000000e+01 4.531250000000000000e+02 1.202343750000000000e+02 1.281250000000000000e+01
2.846875000000000000e+01 4.697109374999999432e+01 4.968750000000000000e+02 1.202343750000000000e+02 1.281250000000000000e+01
2.846875000000000000e+01 4.697109374999999432e+01 4.531250000000000000e+02 1.950468750000000000e+02 1.281250000000000000e+01
2.846875000000000000e+01 4.697109374999999432e+01 4.531250000000000000e+02 1.202343750000000000e+02 1.331250000000000000e+01
2.846875000000000000e+01 4.697109374999999432e+01 4.531250000000000000e+02 1.202343750000000000e+02 1.281250000000000000e+01
2.690625000000000000e+01 6.371953125000000284e+01 7.968750000000000000e+02 1.095468750000000000e+02 1.531250000000000000e+01
2.346875000000000000e+01 6.371953125000000284e+01 7.968750000000000000e+02 1.095468750000000000e+02 1.531250000000000000e+01
2.690625000000000000e+01 7.674609375000000000e+01 7.968750000000000000e+02 1.095468750000000000e+02 1.531250000000000000e+01
2.690625000000000000e+01 6.371953125000000284e+01 5.531250000000000000e+02 1.095468750000000000e+02 1.531250000000000000e+01
2.690625000000000000e+01 6.371953125000000284e+01 7.968750000000000000e+02 3.473437500000000000e+01 1.531250000000000000e+01
2.690625000000000000e+01 6.371953125000000284e+01 7.968750000000000000e+02 1.095468750000000000e+02 1.481250000000000000e+01
2.690625000000000000e+01 7.674609375000000000e+01 5.531250000000000000e+02 3.473437500000000000e+01 1.481250000000000000e+01
2.346875000000000000e+01 6.371953125000000284e+01 5.531250000000000000e+02 3.473437500000000000e+01 1.481250000000000000e+01
2.346875000000000000e+01 7.674609375000000000e+01 7.968750000000000000e+02 3.473437500000000000e+01 1.481250000000000000e+01
2.346875000000000000e+01 7.674609375000000000e+01 5.531250000000000000e+02 1.095468750000000000e+02 1.481250000000000000e+01
2.346875000000000000e+01 7.674609375000000000e+01 5.531250000000000000e+02 3.473437500000000000e+01 1.531250000000000000e+01
2.346875000000000000e+01 7.674609375000000000e+01 5.531250000000000000e+02 3.473437500000000000e+01 1.481250000000000000e+01
1.690625000000000000e+01 8.356953124999999716e+01 5.968750000000000000e+02 2.805468750000000000e+02 1.931250000000000000e+01
1.346875000000000000e+01 8.356953124999999716e+01 5.968750000000000000e+02 2.805468750000000000e+02 1.931250000000000000e+01
1.690625000000000000e+01 5.689609374999999858e+01 5.968750000000000000e+02 2.805468750000000000e+02 1.931250000000000000e+01
1.690625000000000000e+01 8.356953124999999716e+01 7.531250000000000000e+02 2.805468750000000000e+02 1.931250000000000000e+01
1.690625000000000000e+01 8.356953124999999716e+01 5.968750000000000000e+02 2.057343750000000000e+02 1.931250000000000000e+01
1.690625000000000000e+01 8.356953124999999716e+01 5.968750000000000000e+02 2.805468750000000000e+02 1.881250000000000000e+01
1.690625000000000000e+01 5.689609374999999858e+01 7.531250000000000000e+02 2.057343750000000000e+02 1.881250000000000000e+01
1.346875000000000000e+01 8.356953124999999716e+01 7.531250000000000000e+02 2.057343750000000000e+02 1.881250000000000000e+01
1.346875000000000000e+01 5.689609374999999858e+01 5.968750000000000000e+02 2.057343750000000000e+02 1.881250000000000000e+01
1.346875000000000000e+01 5.689609374999999858e+01 7.531250000000000000e+02 2.805468750000000000e+02 1.881250000000000000e+01
1.346875000000000000e+01 5.689609374999999858e+01 7.531250000000000000e+02 2.057343750000000000e+02 1.931250000000000000e+01
1.346875000000000000e+01 5.689609374999999858e+01 7.531250000000000000e+02 2.057343750000000000e+02 1.881250000000000000e+01
1.565625000000000000e+01 4.635078124999999716e+01 7.718750000000000000e+02 1.736718750000000000e+02 1.481250000000000000e+01
1.721875000000000000e+01 4.635078124999999716e+01 7.718750000000000000e+02 1.736718750000000000e+02 1.481250000000000000e+01
1.565625000000000000e+01 6.930234375000000568e+01 7.718750000000000000e+02 1.736718750000000000e+02 1.481250000000000000e+01
1.565625000000000000e+01 4.635078124999999716e+01 6.781250000000000000e+02 1.736718750000000000e+02 1.481250000000000000e+01
1.565625000000000000e+01 4.635078124999999716e+01 7.718750000000000000e+02 2.698593750000000000e+02 1.481250000000000000e+01
1.565625000000000000e+01 4.635078124999999716e+01 7.718750000000000000e+02 1.736718750000000000e+02 1.531250000000000000e+01
1.565625000000000000e+01 6.930234375000000568e+01 6.781250000000000000e+02 2.698593750000000000e+02 1.531250000000000000e+01
1.721875000000000000e+01 4.635078124999999716e+01 6.781250000000000000e+02 2.698593750000000000e+02 1.531250000000000000e+01
1.721875000000000000e+01 6.930234375000000568e+01 7.718750000000000000e+02 2.698593750000000000e+02 1.531250000000000000e+01
1.721875000000000000e+01 6.930234375000000568e+01 6.781250000000000000e+02 1.736718750000000000e+02 1.531250000000000000e+01
1.721875000000000000e+01 6.930234375000000568e+01 6.781250000000000000e+02 2.698593750000000000e+02 1.481250000000000000e+01
1.721875000000000000e+01 6.930234375000000568e+01 6.781250000000000000e+02 2.698593750000000000e+02 1.531250000000000000e+01
2.565625000000000000e+01 6.620078125000000568e+01 5.718750000000000000e+02 2.671875000000000000e+00 1.881250000000000000e+01
2.721875000000000000e+01 6.620078125000000568e+01 5.718750000000000000e+02 2.671875000000000000e+00 1.881250000000000000e+01
2.565625000000000000e+01 4.945234374999999716e+01 5.718750000000000000e+02 2.671875000000000000e+00 1.881250000000000000e+01
2.565625000000000000e+01 6.620078125000000568e+01 4.781250000000000000e+02 2.671875000000000000e+00 1.881250000000000000e+01
2.565625000000000000e+01 6.620078125000000568e+01 5.718750000000000000e+02 9.885937500000000000e+01 1.881250000000000000e+01
2.565625000000000000e+01 6.620078125000000568e+01 5.718750000000000000e+02 2.671875000000000000e+00 1.931250000000000000e+01
2.565625000000000000e+01 4.945234374999999716e+01 4.781250000000000000e+02 9.885937500000000000e+01 1.931250000000000000e+01
2.721875000000000000e+01 6.620078125000000568e+01 4.781250000000000000e+02 9.885937500000000000e+01 1.931250000000000000e+01
2.721875000000000000e+01 4.945234374999999716e+01 5.718750000000000000e+02 9.885937500000000000e+01 1.931250000000000000e+01
2.721875000000000000e+01 4.945234374999999716e+01 4.781250000000000000e+02 2.671875000000000000e+00 1.931250000000000000e+01
2.721875000000000000e+01 4.945234374999999716e+01 4.781250000000000000e+02 9.885937500000000000e+01 1.881250000000000000e+01
2.721875000000000000e+01 4.945234374999999716e+01 4.781250000000000000e+02 9.885937500000000000e+01 1.931250000000000000e+01
3.065625000000000000e+01 5.627578124999999432e+01 6.718750000000000000e+02 2.591718750000000000e+02 1.681250000000000000e+01
3.221875000000000000e+01 5.627578124999999432e+01 6.718750000000000000e+02 2.591718750000000000e+02 1.681250000000000000e+01
3.065625000000000000e+01 7.922734375000000284e+01 6.718750000000000000e+02 2.591718750000000000e+02 1.681250000000000000e+01
3.065625000000000000e+01 5.627578124999999432e+01 5.781250000000000000e+02 2.591718750000000000e+02 1.681250000000000000e+01
3.065625000000000000e+01 5.627578124999999432e+01 6.718750000000000000e+02 1.335937500000000000e+01 1.681250000000000000e+01
3.065625000000000000e+01 5.627578124999999432e+01 6.718750000000000000e+02 2.591718750000000000e+02 1.731250000000000000e+01
3.065625000000000000e+01 7.922734375000000284e+01 5.781250000000000000e+02 1.335937500000000000e+01 1.731250000000000000e+01
3.221875000000000000e+01 5.627578124999999432e+01 5.781250000000000000e+02 1.335937500000000000e+01 1.731250000000000000e+01
3.221875000000000000e+01 7.922734375000000284e+01 6.718750000000000000e+02 1.335937500000000000e+01 1.731250000000000000e+01
3.221875000000000000e+01 7.922734375000000284e+01 5.781250000000000000e+02 2.591718750000000000e+02 1.731250000000000000e+01
3.221875000000000000e+01 7.922734375000000284e+01 5.781250000000000000e+02 1.335937500000000000e+01 1.681250000000000000e+01
3.221875000000000000e+01 7.922734375000000284e+01 5.781250000000000000e+02 1.335937500000000000e+01 1.731250000000000000e+01
2.065625000000000000e+01 7.612578125000000284e+01 4.718750000000000000e+02 8.817187500000000000e+01 1.281250000000000000e+01
2.221875000000000000e+01 7.612578125000000284e+01 4.718750000000000000e+02 8.817187500000000000e+01 1.281250000000000000e+01
2.065625000000000000e+01 5.937734374999999432e+01 4.718750000000000000e+02 8.817187500000000000e+01 1.281250000000000000e+01
2.065625000000000000e+01 7.612578125000000284e+01 7.781250000000000000e+02 8.817187500000000000e+01 1.281250000000000000e+01
2.065625000000000000e+01 7.612578125000000284e+01 4.718750000000000000e+02 1.843593750000000000e+02 1.281250000000000000e+01
2.065625000000000000e+01 7.612578125000000284e+01 4.718750000000000000e+02 8.817187500000000000e+01 1.331250000000000000e+01
2.065625000000000000e+01 5.937734374999999432e+01 7.781250000000000000e+02 1.843593750000000000e+02 1.331250000000000000e+01
2.221875000000000000e+01 7.612578125000000284e+01 7.781250000000000000e+02 1.843593750000000000e+02 1.331250000000000000e+01
2.221875000000000000e+01 5.937734374999999432e+01 4.718750000000000000e+02 1.843593750000000000e+02 1.331250000000000000e+01
2.221875000000000000e+01 5.937734374999999432e+01 7.781250000000000000e+02 8.817187500000000000e+01 1.331250000000000000e+01
2.221875000000000000e+01 5.937734374999999432e+01 7.781250000000000000e+02 1.843593750000000000e+02 1.281250000000000000e+01
2.221875000000000000e+01 5.937734374999999432e+01 7.781250000000000000e+02 1.843593750000000000e+02 1.331250000000000000e+01
1.815625000000000000e+01 6.123828125000000000e+01 5.218750000000000000e+02 1.309218750000000000e+02 1.381250000000000000e+01
1.471875000000000000e+01 6.123828125000000000e+01 5.218750000000000000e+02 1.309218750000000000e+02 1.381250000000000000e+01
1.815625000000000000e+01 8.418984374999999432e+01 5.218750000000000000e+02 1.309218750000000000e+02 1.381250000000000000e+01
1.815625000000000000e+01 6.123828125000000000e+01 5.281250000000000000e+02 1.309218750000000000e+02 1.381250000000000000e+01
1.815625000000000000e+01 6.123828125000000000e+01 5.218750000000000000e+02 5.610937500000000000e+01 1.381250000000000000e+01
1.815625000000000000e+01 6.123828125000000000e+01 5.218750000000000000e+02 1.309218750000000000e+02 1.831250000000000000e+01
1.815625000000000000e+01 8.418984374999999432e+01 5.281250000000000000e+02 5.610937500000000000e+01 1.831250000000000000e+01
1.471875000000000000e+01 6.123828125000000000e+01 5.281250000000000000e+02 5.610937500000000000e+01 1.831250000000000000e+01
1.471875000000000000e+01 8.418984374999999432e+01 5.218750000000000000e+02 5.610937500000000000e+01 1.831250000000000000e+01
1.471875000000000000e+01 8.418984374999999432e+01 5.281250000000000000e+02 1.309218750000000000e+02 1.831250000000000000e+01
1.471875000000000000e+01 8.418984374999999432e+01 5.281250000000000000e+02 5.610937500000000000e+01 1.381250000000000000e+01
1.471875000000000000e+01 8.418984374999999432e+01 5.281250000000000000e+02 5.610937500000000000e+01 1.831250000000000000e+01
2.815625000000000000e+01 8.108828124999999432e+01 7.218750000000000000e+02 3.019218750000000000e+02 1.781250000000000000e+01
2.471875000000000000e+01 8.108828124999999432e+01 7.218750000000000000e+02 3.019218750000000000e+02 1.781250000000000000e+01
2.815625000000000000e+01 6.433984375000000000e+01 7.218750000000000000e+02 3.019218750000000000e+02 1.781250000000000000e+01
2.815625000000000000e+01 8.108828124999999432e+01 7.281250000000000000e+02 3.019218750000000000e+02 1.781250000000000000e+01
2.815625000000000000e+01 8.108828124999999432e+01 7.218750000000000000e+02 2.271093750000000000e+02 1.781250000000000000e+01
2.815625000000000000e+01 8.108828124999999432e+01 7.218750000000000000e+02 3.019218750000000000e+02 1.431250000000000000e+01
2.815625000000000000e+01 6.433984375000000000e+01 7.281250000000000000e+02 2.271093750000000000e+02 1.431250000000000000e+01
2.471875000000000000e+01 8.108828124999999432e+01 7.281250000000000000e+02 2.271093750000000000e+02 1.431250000000000000e+01
2.471875000000000000e+01 6.433984375000000000e+01 7.218750000000000000e+02 2.271093750000000000e+02 1.431250000000000000e+01
2.471875000000000000e+01 6.433984375000000000e+01 7.281250000000000000e+02 3.019218750000000000e+02 1.431250000000000000e+01
2.471875000000000000e+01 6.433984375000000000e+01 7.281250000000000000e+02 2.271093750000000000e+02 1.781250000000000000e+01
2.471875000000000000e+01 6.433984375000000000e+01 7.281250000000000000e+02 2.271093750000000000e+02 1.431250000000000000e+01
2.315625000000000000e+01 5.131328124999999574e+01 4.218750000000000000e+02 4.542187500000000000e+01 1.981250000000000000e+01
2.971875000000000000e+01 5.131328124999999574e+01 4.218750000000000000e+02 4.542187500000000000e+01 1.981250000000000000e+01
2.315625000000000000e+01 7.426484374999999716e+01 4.218750000000000000e+02 4.542187500000000000e+01 1.981250000000000000e+01
2.315625000000000000e+01 5.131328124999999574e+01 6.281250000000000000e+02 4.542187500000000000e+01 1.981250000000000000e+01
2.315625000000000000e+01 5.131328124999999574e+01 4.218750000000000000e+02 3.126093750000000000e+02 1.981250000000000000e+01
2.315625000000000000e+01 5.131328124999999574e+01 4.218750000000000000e+02 4.542187500000000000e+01 1.231250000000000000e+01
2.315625000000000000e+01 7.426484374999999716e+01 6.281250000000000000e+02 3.126093750000000000e+02 1.231250000000000000e+01
2.971875000000000000e+01 5.131328124999999574e+01 6.281250000000000000e+02 3.126093750000000000e+02 1.231250000000000000e+01
2.971875000000000000e+01 7.426484374999999716e+01 4.218750000000000000e+02 3.126093750000000000e+02 1.231250000000000000e+01
2.971875000000000000e+01 7.426484374999999716e+01 6.281250000000000000e+02 4.542187500000000000e+01 1.231250000000000000e+01
2.971875000000000000e+01 7.426484374999999716e+01 6.281250000000000000e+02 3.126093750000000000e+02 1.981250000000000000e+01
2.971875000000000000e+01 7.426484374999999716e+01 6.281250000000000000e+02 3.126093750000000000e+02 1.231250000000000000e+01
1.315625000000000000e+01 7.116328124999999716e+01 6.218750000000000000e+02 2.164218750000000000e+02 1.581250000000000000e+01
1.971875000000000000e+01 7.116328124999999716e+01 6.218750000000000000e+02 2.164218750000000000e+02 1.581250000000000000e+01
1.315625000000000000e+01 5.441484374999999574e+01 6.218750000000000000e+02 2.164218750000000000e+02 1.581250000000000000e+01
1.315625000000000000e+01 7.116328124999999716e+01 4.281250000000000000e+02 2.164218750000000000e+02 1.581250000000000000e+01
1.315625000000000000e+01 7.116328124999999716e+01 6.218750000000000000e+02 1.416093750000000000e+02 1.581250000000000000e+01
1.315625000000000000e+01 7.116328124999999716e+01 6.218750000000000000e+02 2.164218750000000000e+02 1.631250000000000000e+01
1.315625000000000000e+01 5.441484374999999574e+01 4.281250000000000000e+02 1.416093750000000000e+02 1.631250000000000000e+01
1.971875000000000000e+01 7.116328124999999716e+01 4.281250000000000000e+02 1.416093750000000000e+02 1.631250000000000000e+01
1.971875000000000000e+01 5.441484374999999574e+01 6.218750000000000000e+02 1.416093750000000000e+02 1.631250000000000000e+01
1.971875000000000000e+01 5.441484374999999574e+01 4.281250000000000000e+02 2.164218750000000000e+02 1.631250000000000000e+01
1.971875000000000000e+01 5.441484374999999574e+01 4.281250000000000000e+02 1.416093750000000000e+02 1.581250000000000000e+01
1.971875000000000000e+01 5.441484374999999574e+01 4.281250000000000000e+02 1.416093750000000000e+02 1.631250000000000000e+01
