-4.022219014647131644e+03
-4.092144850773594044e+03
-5.570534219168622258e+03
-4.058005748107163527e+03
-3.982904612402520797e+03
-2.305766833757475979e+03
-3.174829156793129641e+03
-2.343936914208956296e+03
-3.207827835561751726e+03
-3.247844729487254881e+03
-5.661935379276835192e+03
-3.227580103485229301e+03
-3.265228602518964180e+03
-3.204988923356494524e+03
-2.648070231019919902e+03
-3.253296656760032874e+03
-3.324625706942129000e+03
-5.003977454503605259e+03
-4.126145883715427772e+03
-4.993593686111764328e+03
-4.066416636012621439e+03
-3.950478169339249234e+03
-2.644457033924416464e+03
-4.048641150040994489e+03
