1.005691119781508291e+02
1.005691119781508291e+02
1.005691119781508291e+02
8.400816929862290294e+01
9.455754197441672204e+01
5.624429831495356780e+01
4.414670242176086390e+01
4.414670242176086390e+01
5.288226667342225795e+01
4.698242275373175403e+01
7.893768421571313354e+01
4.414670242176086390e+01
4.882274232839038319e+01
4.882274232839038319e+01
4.882274232839038319e+01
5.388246284274034537e+01
5.756559515903902025e+01
7.603758291563866578e+01
9.883867060087676748e+01
9.883867060087676748e+01
8.965388886908571919e+01
8.391769984049489040e+01
6.346302396515003608e+01
9.883867060087676748e+01
