4.009929779481117840e-01
4.009929779481117840e-01
4.009929779481117840e-01
3.349605591261713422e-01
3.770234180054466422e-01
2.242593996337073070e-01
1.760234064166437407e-01
1.760234064166437407e-01
2.108541795479785264e-01
1.873300980854740450e-01
3.147433286759391824e-01
1.760234064166437407e-01
1.946678900983824234e-01
1.946678900983824234e-01
1.946678900983824234e-01
2.148421996525439748e-01
2.295277245283168788e-01
3.031799347690634083e-01
3.940932964515851400e-01
3.940932964515851400e-01
3.574713863442902095e-01
3.345998358711427256e-01
2.530421763583500239e-01
3.940932964515851400e-01
