1.203981416289205519e+01
1.203981416289205519e+01
1.203981416289205519e+01
1.005719078776329489e+01
1.132012812561353421e+01
6.733388474002062196e+00
5.285102777659727913e+00
5.285102777659727913e+00
6.330896740928054101e+00
5.624586195016357593e+00
9.450168443495073234e+00
5.285102777659727913e+00
5.844903400203931731e+00
5.844903400203931731e+00
5.844903400203931731e+00
6.450637044567631762e+00
6.891569928962713476e+00
9.102977541441127585e+00
1.183265122595884300e+01
1.183265122595884300e+01
1.073307837498731310e+01
1.004636007203106018e+01
7.597591345159458776e+00
1.183265122595884300e+01
