2.525479386458868714e+00
2.563437770266561166e+00
2.525479386458868714e+00
2.525479386458868714e+00
2.525479386458868714e+00
2.525479386458868714e+00
2.525479386458868714e+00
2.563437770266561166e+00
2.563437770266561166e+00
2.563437770266561166e+00
2.563437770266561166e+00
2.563437770266561166e+00
2.501067676008459362e+00
2.459798432699342285e+00
2.501067676008459362e+00
2.501067676008459362e+00
2.501067676008459362e+00
2.501067676008459362e+00
2.501067676008459362e+00
2.459798432699342285e+00
2.459798432699342285e+00
2.459798432699342285e+00
2.459798432699342285e+00
2.459798432699342285e+00
