1.360200554718346488e+01
1.380784083056241229e+01
1.806988321097227157e+01
1.442112753049067564e+01
1.278893872249241781e+01
1.614031557653800419e+01
2.136109691447108005e+01
1.632277434876483468e+01
2.046482124766029642e+01
2.307664486515639624e+01
1.827369841397944583e+01
2.168380670989974135e+01
1.875238438547402708e+01
1.844123011674292201e+01
1.559444590569694356e+01
1.818539111666181540e+01
2.211043698733733720e+01
1.647523449445332844e+01
1.564892574004074177e+01
1.850565530811756076e+01
1.588587118779874352e+01
1.306581054659739038e+01
1.751598531861052166e+01
1.538897452150405165e+01
