3.932994164710992835e-02
3.932994164710992835e-02
3.932994164710992835e-02
3.285339137839050905e-02
3.771208999576784043e-02
3.932994164710992835e-02
3.148247076902548763e-02
3.148247076902548763e-02
3.771208999576784043e-02
3.285339137839050905e-02
3.148247076902548763e-02
3.148247076902548763e-02
3.297202883289828551e-02
3.297202883289828551e-02
3.297202883289828551e-02
3.638906857153959701e-02
3.690193100051740449e-02
3.297202883289828551e-02
4.068242715073223242e-02
4.068242715073223242e-02
3.690193100051740449e-02
3.638906857153959701e-02
4.068242715073223242e-02
4.068242715073223242e-02
