6.576803411208891781e+00
6.576803411208891781e+00
6.576803411208891781e+00
5.493786347965682992e+00
6.183671630191781787e+00
7.804119927281146119e+00
6.125530416686095769e+00
6.125530416686095769e+00
7.337624675035312016e+00
6.518997882970526625e+00
5.162197623218765408e+00
6.125530416686095769e+00
6.205550766132405194e+00
6.205550766132405194e+00
6.205550766132405194e+00
6.848659920121535905e+00
7.316799632828404398e+00
5.451994900363785312e+00
7.086862935564028021e+00
7.086862935564028021e+00
6.428301981328588433e+00
6.017009668603488848e+00
8.066384602878160948e+00
7.086862935564028021e+00
