5.663730446153313336e-01
5.663730446153313336e-01
5.663730446153313336e-01
4.994084496243216265e-01
5.424804363418335162e-01
5.663730446153313336e-01
4.780345035957244693e-01
4.780345035957244693e-01
5.424804363418335162e-01
4.994084496243216265e-01
4.780345035957244693e-01
4.780345035957244693e-01
4.870251512999369536e-01
4.870251512999369536e-01
4.870251512999369536e-01
5.224751484316993988e-01
5.466740037240876982e-01
4.870251512999369536e-01
5.858163843830276329e-01
5.858163843830276329e-01
5.466740037240876982e-01
5.224751484316993988e-01
5.858163843830276329e-01
5.858163843830276329e-01
