2.111849593413334336e+00
2.116748773492630686e+00
2.196157730411120834e+00
2.130639271009692415e+00
2.091207727793082505e+00
2.164705247379680397e+00
2.238067364530523573e+00
2.167955430788547577e+00
2.227844604902519787e+00
2.255636439691333095e+00
2.199138791973887397e+00
2.241562605301441913e+00
2.205915351113644451e+00
2.201545708386872580e+00
2.154590141495727362e+00
2.197854395657730553e+00
2.246042705246730442e+00
2.170623306298167687e+00
2.155627000213514055e+00
2.202461079727195514e+00
2.160065061037323986e+00
2.098478988210079610e+00
2.187749571129588233e+00
2.150622790451907740e+00
