2.458121352944370522e-02
2.458121352944370522e-02
2.458121352944370522e-02
2.053336961149406642e-02
2.357005624735489940e-02
2.458121352944370522e-02
1.967654423064093064e-02
1.967654423064093064e-02
2.357005624735489940e-02
2.053336961149406642e-02
1.967654423064093064e-02
1.967654423064093064e-02
2.060751802056142931e-02
2.060751802056142931e-02
2.060751802056142931e-02
2.274316785721224726e-02
2.306370687532337954e-02
2.060751802056142931e-02
2.542651696920764440e-02
2.542651696920764440e-02
2.306370687532337954e-02
2.274316785721224726e-02
2.542651696920764440e-02
2.542651696920764440e-02
