-3.937561224683532146e+03
-4.007570222232758624e+03
-5.489944046241561409e+03
-4.094979653483068887e+03
-3.923464712008671995e+03
-2.328402074921294570e+03
-3.274663705454139290e+03
-2.431462873609151757e+03
-3.254018410535433304e+03
-3.333612678808358851e+03
-5.743449183897793773e+03
-3.328130452989602418e+03
-3.356636084933003076e+03
-3.295582446619368511e+03
-2.730691532120981265e+03
-3.310068138667347284e+03
-3.374100859366778423e+03
-5.069598230677873289e+03
-4.052922783641830392e+03
-4.923370758237774680e+03
-4.055748814056045376e+03
-3.940686166599675289e+03
-2.654243807851289603e+03
-3.975206567726157118e+03
