-1.555278161243013528e+02
-1.578654255971295015e+02
-2.071279283252870584e+02
-1.555278161243013528e+02
-1.555278161243013528e+02
-1.555278161243013528e+02
-2.071279283252870584e+02
-1.578654255971295015e+02
-2.102410962421662362e+02
-2.102410962421662362e+02
-2.102410962421662362e+02
-2.102410962421662362e+02
-2.010023882598000853e+02
-1.976857181247296467e+02
-1.668942211762830823e+02
-2.010023882598000853e+02
-2.010023882598000853e+02
-2.010023882598000853e+02
-1.668942211762830823e+02
-1.976857181247296467e+02
-1.641403579815047067e+02
-1.641403579815047067e+02
-1.641403579815047067e+02
-1.641403579815047067e+02
