2.170376011552890532e+02
2.170376011552890532e+02
2.170376011552890532e+02
2.170376011552890532e+02
2.129842539879918775e+02
1.251399957496022211e+02
1.228731201377238875e+02
1.228731201377238875e+02
1.228731201377238875e+02
1.251399957496022211e+02
2.129842539879918775e+02
1.228731201377238875e+02
1.292716418975361705e+02
1.292716418975361705e+02
1.292716418975361705e+02
1.292716418975361705e+02
1.357321597408070772e+02
1.965756150005233280e+02
2.066373636397436542e+02
2.066373636397436542e+02
2.066373636397436542e+02
1.965756150005233280e+02
1.357321597408070772e+02
2.066373636397436542e+02
