1.580532955107602220e+02
1.604288633673960760e+02
2.096534077117459276e+02
1.580532955107602220e+02
1.580532955107602220e+02
1.580532955107602220e+02
2.096534077117459276e+02
1.604288633673960760e+02
2.128045340124328106e+02
2.128045340124328106e+02
2.128045340124328106e+02
2.128045340124328106e+02
2.035034559358085460e+02
2.001455165574289765e+02
1.693952888522915430e+02
2.035034559358085460e+02
2.035034559358085460e+02
2.035034559358085460e+02
1.693952888522915430e+02
2.001455165574289765e+02
1.666001564142040365e+02
1.666001564142040365e+02
1.666001564142040365e+02
1.666001564142040365e+02
