2.046931057506962581e+00
2.052475991994571647e+00
2.142955863358728674e+00
2.128764622129089457e+00
2.039603021712666830e+00
2.164312589917152252e+00
2.285588945539252848e+00
2.226643554162882843e+00
2.237548590998994946e+00
2.292279701999800690e+00
2.208712251541314231e+00
2.288509979426449181e+00
2.245216039662488949e+00
2.241361877951880022e+00
2.199816418245615246e+00
2.214067265340747603e+00
2.256898030410253497e+00
2.177315108826558987e+00
2.096408885445690373e+00
2.149988854371793767e+00
2.133067677783401450e+00
2.072551993636799761e+00
2.174105082355103580e+00
2.090707544003188811e+00
