1.075311557441342991e+01
1.075311557441342991e+01
1.075311557441342991e+01
1.075311557441342991e+01
1.054407710141930998e+01
1.075311557441342991e+01
1.054407710141930998e+01
1.054407710141930998e+01
1.054407710141930998e+01
1.075311557441342991e+01
1.054407710141930998e+01
1.054407710141930998e+01
1.035477398970890839e+01
1.035477398970890839e+01
1.035477398970890839e+01
1.035477398970890839e+01
1.090882643650536998e+01
1.035477398970890839e+01
1.090882643650536998e+01
1.090882643650536998e+01
1.090882643650536998e+01
1.035477398970890839e+01
1.090882643650536998e+01
1.090882643650536998e+01
