8.399380003468515099e+00
8.399380003468515099e+00
8.399380003468515099e+00
8.399380003468515099e+00
8.236097691670412502e+00
4.697438659678867978e+00
4.606121366787558458e+00
4.606121366787558458e+00
4.606121366787558458e+00
4.697438659678867978e+00
8.236097691670412502e+00
4.606121366787558458e+00
4.863875114964342217e+00
4.863875114964342217e+00
4.863875114964342217e+00
4.863875114964342217e+00
5.124126271680720990e+00
7.575103111943647605e+00
7.980423828559872312e+00
7.980423828559872312e+00
7.980423828559872312e+00
7.575103111943647605e+00
5.124126271680720990e+00
7.980423828559872312e+00
