5.461234741452795305e+00
5.461234741452795305e+00
5.461234741452795305e+00
5.461234741452795305e+00
5.355069401452904110e+00
7.793577418395045697e+00
7.642071790893071537e+00
7.642071790893071537e+00
7.642071790893071537e+00
7.793577418395045697e+00
5.355069401452904110e+00
7.642071790893071537e+00
7.290375488371298118e+00
7.290375488371298118e+00
7.290375488371298118e+00
7.290375488371298118e+00
7.680461296271255733e+00
5.582214235388785362e+00
5.880901532545924404e+00
5.880901532545924404e+00
5.880901532545924404e+00
5.582214235388785362e+00
7.680461296271255733e+00
5.880901532545924404e+00
