1.907638164660767188e+02
1.698185158164652933e+02
1.933243222209266605e+02
1.720978856418506950e+02
1.720978856418506950e+02
1.720978856418506950e+02
1.720978856418506950e+02
1.540772273897497087e+02
1.550158849446501677e+02
2.104255833175388943e+02
1.540772273897497087e+02
1.540772273897497087e+02
1.540772273897497087e+02
2.117075220366573944e+02
2.079565617008613572e+02
2.113032131329218828e+02
1.824629243886385837e+02
2.079565617008613572e+02
2.079565617008613572e+02
2.079565617008613572e+02
1.853993059204777865e+02
1.813480397883810156e+02
1.686639327448233701e+02
1.777534666252467446e+02
1.653207764198876362e+02
1.653207764198876362e+02
1.653207764198876362e+02
1.653207764198876362e+02
