4.885848794048692767e+00
5.028121452495751598e+00
5.028121452495751598e+00
5.028121452495751598e+00
5.350689491851444046e+00
4.591303825875006517e+00
5.028121452495751598e+00
6.882588070319359375e+00
6.882588070319359375e+00
6.882588070319359375e+00
6.882588070319359375e+00
7.054446541116876190e+00
6.419280002278961561e+00
6.579569654011896418e+00
6.195322990402774899e+00
6.195322990402774899e+00
6.195322990402774899e+00
6.195322990402774899e+00
6.730705873442357046e+00
6.855227509803086150e+00
7.447637538106069321e+00
6.425161700087025807e+00
6.048767582708983070e+00
6.048767582708983070e+00
6.048767582708983070e+00
6.672229624037843365e+00
5.824786015327537037e+00
6.048767582708983070e+00
