2.117064941056784164e+02
1.822467004468296636e+02
1.822467004468296636e+02
1.822467004468296636e+02
1.933911121313686294e+02
1.994579337198364328e+02
1.822467004468296636e+02
1.631680116968062748e+02
1.631680116968062748e+02
1.631680116968062748e+02
1.631680116968062748e+02
1.670293283913194955e+02
1.814230058873972382e+02
1.857401504411341762e+02
1.784149580859282480e+02
1.784149580859282480e+02
1.784149580859282480e+02
1.784149580859282480e+02
1.930959519236989763e+02
1.524137852184899486e+02
1.648478287497562462e+02
2.119062438892520106e+02
1.840773051779130753e+02
1.840773051779130753e+02
1.840773051779130753e+02
2.021714176957867153e+02
1.929024962190308941e+02
1.840773051779130753e+02
