-5.117625083839672698e+03
-4.043043966872234705e+03
-4.712051680937777746e+03
-4.143093013300644998e+03
-4.150706669201649675e+03
-4.440071983569598160e+03
-4.106982076711007721e+03
-2.937132748023667773e+03
-2.957752629614150919e+03
-4.199285930102842940e+03
-2.965326408091981193e+03
-2.947984293188858828e+03
-3.248435314160244616e+03
-4.737651282764973075e+03
-4.702640558364717435e+03
-4.786876166575942989e+03
-4.055168363434250750e+03
-4.688170487347763810e+03
-4.745014687290485199e+03
-4.026408410724929126e+03
-3.561115835435512508e+03
-4.242623799961736040e+03
-3.678239052929270656e+03
-3.914667070052721556e+03
-3.588015905525496237e+03
-3.651628488194032343e+03
-3.748809823242178936e+03
-3.592966030144358683e+03
