2.106723689911031094e+00
2.058292040910067122e+00
2.103713357181627330e+00
2.081290587324026831e+00
2.085115321721978887e+00
2.029411640420961227e+00
2.063150190238518977e+00
2.122255256770600784e+00
2.124213391644220295e+00
2.212176433432507139e+00
2.142626873725211656e+00
2.130096151529752291e+00
2.099360867554475263e+00
2.218750603770443863e+00
2.219327823882335071e+00
2.223301662521283362e+00
2.184873680838641530e+00
2.212498930450461643e+00
2.239325542647053080e+00
2.243574887587020950e+00
2.229529092768569587e+00
2.119514141450489220e+00
2.077316392698632441e+00
2.095527585143838412e+00
2.067339692394205564e+00
2.103991931556203454e+00
2.056595703198609737e+00
2.070191850627705499e+00
