-1.882338242214605373e+02
-1.672885235718490833e+02
-1.907603714414998706e+02
-1.695339348624239051e+02
-1.695339348624239051e+02
-1.695339348624239051e+02
-1.695339348624239051e+02
-1.516342242609727293e+02
-1.525579987381963463e+02
-2.079825801887619150e+02
-1.516342242609727293e+02
-1.516342242609727293e+02
-1.516342242609727293e+02
-2.092496358302035731e+02
-2.054539030133291249e+02
-2.087602790810919942e+02
-1.799602657011063229e+02
-2.054539030133291249e+02
-2.054539030133291249e+02
-2.054539030133291249e+02
-1.828563718686478978e+02
-1.787859580496646856e+02
-1.661018510061070401e+02
-1.752421689494322834e+02
-1.628094787440731750e+02
-1.628094787440731750e+02
-1.628094787440731750e+02
-1.628094787440731750e+02
