1.004242720610004724e+01
9.437016247535327196e+00
9.437016247535327196e+00
9.437016247535327196e+00
1.004242720610004724e+01
9.437016247535327196e+00
9.437016247535327196e+00
1.080726959565143375e+01
1.080726959565143375e+01
1.080726959565143375e+01
1.080726959565143375e+01
1.107712750480260233e+01
1.080726959565143375e+01
1.107712750480260233e+01
1.050696893770659912e+01
1.050696893770659912e+01
1.050696893770659912e+01
1.050696893770659912e+01
1.141495248119429284e+01
1.050696893770659912e+01
1.141495248119429284e+01
1.158680972132876263e+01
1.050412275634133863e+01
1.050412275634133863e+01
1.050412275634133863e+01
1.158680972132876263e+01
1.050412275634133863e+01
1.050412275634133863e+01
