2.529992244616184660e+00
2.529992244616184660e+00
2.563950779426781068e+00
2.563950779426781068e+00
2.563950779426781068e+00
2.563950779426781068e+00
2.563950779426781068e+00
2.443003128776989996e+00
2.457886206453818279e+00
2.443003128776989996e+00
2.443003128776989996e+00
2.443003128776989996e+00
2.443003128776989996e+00
2.457886206453818279e+00
2.502658687532238080e+00
2.542934051829885966e+00
2.502658687532238080e+00
2.502658687532238080e+00
2.502658687532238080e+00
2.502658687532238080e+00
2.542934051829885966e+00
2.562081738716338819e+00
2.562081738716338819e+00
2.511297675814456731e+00
2.511297675814456731e+00
2.511297675814456731e+00
2.511297675814456731e+00
2.511297675814456731e+00
