2.725936809906051583e-01
2.330686678731316297e-01
2.330686678731316297e-01
2.330686678731316297e-01
2.480206740928228015e-01
2.561602831356559751e-01
2.330686678731316297e-01
2.074715631601334043e-01
2.074715631601334043e-01
2.074715631601334043e-01
2.074715631601334043e-01
2.126521355283147452e-01
2.319635502119770376e-01
2.377556883746702043e-01
2.279277741916879430e-01
2.279277741916879430e-01
2.279277741916879430e-01
2.279277741916879430e-01
2.476246695852898916e-01
1.930430526435274186e-01
2.097253057294692913e-01
2.728616771927303009e-01
2.355247161688822088e-01
2.355247161688822088e-01
2.355247161688822088e-01
2.598008547902124210e-01
2.473651178941543571e-01
2.355247161688822088e-01
