-9.530917842787043526e+01
-1.251213853746275078e+02
-8.977734766253416865e+01
-1.251213853746275078e+02
-1.178592272023096683e+02
-1.178592272023096683e+02
-1.178592272023096683e+02
-2.223225622114760824e+02
-2.223225622114760824e+02
-2.193131803182643864e+02
-2.230642521575781814e+02
-2.230642521575781814e+02
-2.230642521575781814e+02
-3.050958865090574932e+02
-3.923357710971092729e+02
-1.912750976433540018e+02
-1.487431169465332346e+02
-1.487431169465332346e+02
-1.400450334758386930e+02
-9.441128740900997229e+01
-1.400450334758386930e+02
-2.222750127698406857e+02
-2.222750127698406857e+02
-1.773446312201679120e+02
-1.531844511855483404e+02
-1.773446312201679120e+02
-2.251685772696600054e+02
-2.251685772696600054e+02
-2.251685772696600054e+02
-2.372814039384112164e+02
-2.372814039384112164e+02
-2.466222988775726037e+02
-1.241345969227987069e+02
-1.268620013269334663e+02
-1.268620013269334663e+02
-9.414540317878794440e+01
-9.688056530854952086e+01
-9.414540317878794440e+01
-9.414540317878794440e+01
-9.414540317878794440e+01
-3.199819081443398545e+02
-3.292781920606473136e+02
-3.292781920606473136e+02
-1.250597631585491740e+02
-9.013251616947083278e+01
-1.250597631585491740e+02
-1.062657188556921000e+02
-1.062657188556921000e+02
-1.333059178965576166e+02
-1.340762257779608433e+02
-1.333059178965576166e+02
-1.333059178965576166e+02
-2.059456951109487761e+02
-3.569096655660748070e+02
-1.698072321352618417e+02
-3.569096655660748070e+02
-3.137962794513901486e+02
-3.146077912270721413e+02
-1.773765719198728164e+02
-9.234311262748401816e+01
-1.773765719198728164e+02
-1.058899115036703193e+02
-1.058899115036703193e+02
-1.058899115036703193e+02
-1.058899115036703193e+02
-2.894224771290066087e+02
-2.945274872852370436e+02
-2.945274872852370436e+02
-2.550212574040450306e+02
-2.550212574040450306e+02
-1.839486013400577065e+02
-1.650008686001420699e+02
-2.482461542549988565e+02
-1.839486013400577065e+02
-1.222644479225788245e+02
-7.549950835109014236e+01
-7.549950835109014236e+01
-2.451364759978944221e+02
-2.451364759978944221e+02
-9.829393459228708707e+01
-2.101749699689916326e+02
-2.101749699689916326e+02
-1.731033258992776211e+02
-1.731033258992776211e+02
-7.923801658178666685e+01
-1.054718765251791552e+02
-3.974269039834409227e+02
-4.435240404021851077e+02
-4.435240404021851077e+02
-2.969116559460869667e+02
-2.969116559460869667e+02
-2.969116559460869667e+02
-1.309270623101224373e+02
-1.486780557538413063e+02
-1.465934138194071465e+02
-1.465934138194071465e+02
-1.465934138194071465e+02
-2.273550948560673532e+02
-2.516523701167128593e+02
-2.273550948560673532e+02
-2.273550948560673532e+02
-2.366830035066599009e+02
-2.366830035066599009e+02
-2.424452763053690205e+02
-2.424452763053690205e+02
-1.985076911359950884e+02
-4.589098492699784515e+02
-3.296753960809524528e+02
-3.296753960809524528e+02
-8.719302923787039106e+01
-1.273144120371825494e+02
-8.719302923787039106e+01
-8.719302923787039106e+01
-8.361676931054581985e+01
-1.220925561856403334e+02
-2.206509818543325707e+02
-1.430797040321393467e+02
-1.322013508831070681e+02
-1.430797040321393467e+02
-2.388075232758685615e+02
-1.782310977133441838e+02
-1.850332657102917437e+02
-1.782310977133441838e+02
-1.782310977133441838e+02
-1.782310977133441838e+02
-1.850332657102917437e+02
-1.424497438214189344e+02
-1.424497438214189344e+02
-1.424497438214189344e+02
-3.353920015403778052e+02
-1.989000524213252845e+02
-3.244280762288971118e+02
-3.244280762288971118e+02
-3.353920015403778052e+02
-2.056218051886733917e+02
-2.056218051886733917e+02
-2.056218051886733917e+02
-2.056218051886733917e+02
-1.042653899745754842e+02
-1.325921917926545177e+02
-1.325921917926545177e+02
-1.325921917926545177e+02
-1.748221195051795291e+02
-1.374733777302201077e+02
-1.374733777302201077e+02
-1.374733777302201077e+02
-1.378699684885251884e+02
-2.879881546574644062e+02
-1.378699684885251884e+02
-1.378699684885251884e+02
-1.127297199424028662e+02
-2.354742252948827570e+02
-2.354742252948827570e+02
-2.391043372737899517e+02
-4.311081227215191092e+01
-2.391043372737899517e+02
-7.285100562669330770e+01
-7.285100562669330770e+01
-7.285100562669330770e+01
-3.348717670591723277e+02
-3.063618799002539959e+02
-3.417667841531801969e+02
-3.126698777867744070e+02
-3.126698777867744070e+02
-1.560697491248974984e+02
-7.342789696539442446e+01
-1.560697491248974984e+02
-1.463447271941091969e+02
-8.691275078640107665e+01
-2.267478075267244151e+02
-7.589057166299654966e+01
-2.267478075267244151e+02
-1.979919008526733251e+02
-2.844404874305826070e+02
-1.522286074241291089e+02
-1.522286074241291089e+02
-1.165252861233350359e+02
-2.177285185994279857e+02
-2.177285185994279857e+02
-3.544464932848816261e+02
-4.229678674620388392e+02
-5.193651820322012327e+02
-5.193651820322012327e+02
-4.229678674620388392e+02
-2.886590833977181774e+02
-2.886590833977181774e+02
-2.886590833977181774e+02
-1.269258642681803195e+02
-8.998897302297821454e+01
-6.654228458335022367e+01
-4.508502676839078163e+02
-1.591959166916369384e+02
-1.920134352925341830e+02
-4.508502676839078163e+02
-3.737942688503124486e+02
-2.409001720974179932e+02
-2.621976613108305969e+02
-2.621976613108305969e+02
-2.409001720974179932e+02
-1.033453399305248013e+02
-9.495092385746313823e+01
-1.763942745757408375e+02
-1.783622463608616044e+02
-1.783622463608616044e+02
-1.847666127790915596e+02
-1.606080363086480531e+02
-4.023068044870444737e+02
-1.259684515161491305e+02
-1.606080363086480531e+02
-1.606080363086480531e+02
-1.606080363086480531e+02
-3.155381658378096290e+02
-3.155381658378096290e+02
-1.159276658481231266e+02
-1.494862582951260777e+02
-1.881959999630078926e+02
-9.208268509389114342e+01
-9.208268509389114342e+01
-9.208268509389114342e+01
-2.462557769063037370e+02
-2.462557769063037370e+02
-2.462557769063037370e+02
-1.687725970881681121e+02
-1.687725970881681121e+02
-2.660856889484605858e+02
-1.065070700015536005e+02
-2.247226768673218658e+02
-2.727467348444831146e+02
-2.311964391949729531e+02
-2.311964391949729531e+02
-3.597666127878539442e+02
-2.434455230890041548e+02
-1.990539517455888472e+02
-1.990539517455888472e+02
-2.678591442879284727e+02
-2.678591442879284727e+02
-7.961035644881306439e+01
-7.961035644881306439e+01
-4.913965632548428175e+01
-4.913965632548428175e+01
-1.238744167405890835e+02
-1.092065992439151643e+02
-2.180174060695701428e+02
-1.922022328686061030e+02
-1.943215295360747916e+02
-1.466425446748833963e+02
-1.871627523247105671e+02
-1.943215295360747916e+02
-1.522514668241673235e+02
-1.522514668241673235e+02
-1.522514668241673235e+02
-1.522514668241673235e+02
-3.630699328418812115e+02
-3.630699328418812115e+02
-3.179244583957961368e+02
-8.958924890271650554e+01
-8.958924890271650554e+01
-8.958924890271650554e+01
-1.750039387371445230e+02
-1.142190627220385153e+02
-2.974201848866145497e+02
-2.974201848866145497e+02
-2.974201848866145497e+02
-1.093333162467635447e+02
-1.515690899209424174e+02
-1.745535149883505426e+02
-1.515690899209424174e+02
-1.093333162467635447e+02
-9.493679484292539428e+01
-9.493679484292539428e+01
-2.761877192549377469e+02
-1.953240760407406071e+02
-2.761877192549377469e+02
-1.815409043459185057e+02
-1.930717555790427298e+02
-2.375777854789301102e+02
-1.930717555790427298e+02
-1.475324009810759094e+02
-1.475324009810759094e+02
-1.238965379830002718e+02
-1.933114327259465881e+02
-1.238965379830002718e+02
-1.238965379830002718e+02
-1.238965379830002718e+02
-1.933114327259465881e+02
-1.570523997568297716e+02
-1.570523997568297716e+02
-1.570523997568297716e+02
-1.170502571966883210e+02
-1.168045979947112727e+02
-1.168045979947112727e+02
-1.699321165546036525e+02
-4.329197342358484661e+02
-3.126698948858227709e+02
-3.126698948858227709e+02
-1.476610590918754724e+02
-1.652880614279654026e+02
-1.512043832980374134e+02
-1.389501273367883414e+02
-1.518924033928108202e+02
-1.518924033928108202e+02
-2.352016397373359666e+02
-2.090950135506069785e+02
-1.810662638780658256e+02
-3.338666852409959915e+02
-2.123447350328355014e+02
-2.097961094973432807e+02
-3.338666852409959915e+02
-2.123447350328355014e+02
-1.334337963369303850e+02
-1.334337963369303850e+02
-1.334337963369303850e+02
-2.235857583521937215e+02
-2.427272095484454155e+02
-2.235857583521937215e+02
-8.156196693900785988e+01
-4.672589628911325832e+01
-1.785065409101358398e+02
-4.672589628911325832e+01
-4.672589628911325832e+01
-3.576116662547681813e+02
