8.516396946347585262e-01
1.014407252027514028e+00
8.181893527348741424e-01
2.303788492904211171e+00
2.286900243500949337e+00
9.841347523701875488e-01
2.292709540753083530e+00
2.435429768839469933e+00
2.435429768839469933e+00
2.403034808763614638e+00
2.402991097304647994e+00
2.404603977396843284e+00
2.404603977396843284e+00
2.425649331699007760e+00
2.441636382518209913e+00
2.440212949793203911e+00
2.423846048025658284e+00
2.423846048025658284e+00
2.440651197402198047e+00
2.413301214585498844e+00
1.623833039363464126e+00
1.829995718272810379e+00
1.866857765430770533e+00
2.432684921690229984e+00
2.422317347455962278e+00
2.426823908150853804e+00
2.412864946448871173e+00
2.386829905487300341e+00
2.386829905487300341e+00
2.416845228017305836e+00
2.439869531058490804e+00
2.450633532560126948e+00
2.128447835776577257e+00
2.163673423780833271e+00
2.405280949047676309e+00
2.173062228038281862e+00
2.181080118224865583e+00
2.366697143155024996e+00
2.173062228038281862e+00
2.173062228038281862e+00
2.458410140064845262e+00
2.460645580155788714e+00
2.459552369938204031e+00
2.387794529557728307e+00
2.347386172738072485e+00
2.387794529557728307e+00
1.283001661777696478e+00
1.283001661777696478e+00
2.397725494483349706e+00
2.398292307962619940e+00
2.427376616583847735e+00
2.397725494483349706e+00
2.447705545311552378e+00
2.347148461546014087e+00
2.198287733287029866e+00
2.347148461546014087e+00
2.423686654788586026e+00
2.423875414460912481e+00
2.373946874140941965e+00
2.266301632801301924e+00
2.419048739169147311e+00
2.365972454588656682e+00
2.410437606734304961e+00
2.410437606734304961e+00
2.410437606734304961e+00
2.054899681116589605e+00
2.061183286306088380e+00
2.375863197062780596e+00
1.954148809993298430e+00
2.357761902724834879e+00
2.440148486008471451e+00
2.433833668819334939e+00
2.455420644975802258e+00
2.390980724895996890e+00
2.340140347932303744e+00
2.332736112434342424e+00
2.270475979522659671e+00
2.456692680979385202e+00
2.456692680979385202e+00
2.337836349406505310e+00
2.447066387757467432e+00
2.429045557395649535e+00
2.295492443910975844e+00
2.344488499092188594e+00
2.320572902101190049e+00
2.362602873190594366e+00
2.465781919144895973e+00
2.469267787560131655e+00
2.471473889309791616e+00
2.450058152560305125e+00
2.457626482329250184e+00
2.457626482329250184e+00
2.324739378550407132e+00
2.169603866942515946e+00
2.153961284586157543e+00
2.356213952419369928e+00
2.165581552325852144e+00
2.435247212621571400e+00
2.441370061052747342e+00
2.395231736344176188e+00
2.435247212621571400e+00
2.442278690188737222e+00
2.399274919945013629e+00
2.443370230805495424e+00
2.443370230805495424e+00
8.991279120682870163e-01
2.349620731698280007e+00
2.278093447756206480e+00
1.208415013249158454e+00
2.313536724785075105e+00
2.368879220170974520e+00
2.365711105536632441e+00
2.313536724785075105e+00
2.354775754677143063e+00
2.398443026877790540e+00
2.456067378439386051e+00
2.432595926859818736e+00
2.384154565366781053e+00
2.247118264734121684e+00
2.342644125871494953e+00
2.390025427672767488e+00
2.393852456805628304e+00
2.396360937771550237e+00
2.441232796562619711e+00
2.390025427672767488e+00
2.446667933353643853e+00
2.426768710476074453e+00
2.431066569217195550e+00
2.431066569217195550e+00
2.462342919370459793e+00
2.437535546080761950e+00
2.461091758770634463e+00
2.461091758770634463e+00
2.474890397261740649e+00
2.442187598903541979e+00
2.459549932127904182e+00
2.459549932127904182e+00
2.459549932127904182e+00
1.643383488886016153e+00
1.812862666613362927e+00
2.316436160820972479e+00
1.774655572859945352e+00
2.387472737756406005e+00
2.321678359798588165e+00
2.358337223973514973e+00
2.358337223973514973e+00
2.171826062595318962e+00
2.331799433881654782e+00
2.204877774319384809e+00
2.171826062595318962e+00
2.416805015756308794e+00
2.319191389007159376e+00
2.459608915483967539e+00
2.443934172528305471e+00
2.210852081705076078e+00
2.443934172528305471e+00
2.029528235282124574e-02
2.016598320601735092e-02
2.016598320601735092e-02
2.422181114305779204e+00
2.410189511302281762e+00
2.419138390391200488e+00
2.416896876525252758e+00
2.416361940405685971e+00
2.446060111380519153e+00
2.386525585751422263e+00
2.413339111022485550e+00
2.407853259142219038e+00
2.314039939869682261e+00
2.426154604374873625e+00
2.178518363170009131e+00
2.383694321227701973e+00
2.385851798641944743e+00
3.216904408251492486e-01
2.382253650153693059e+00
1.844042816438510035e-01
2.383623664665833086e+00
2.435905310105593191e+00
2.435905310105593191e+00
2.480157730312734898e+00
2.483372151808819872e+00
2.486418391913942649e+00
2.486418391913942649e+00
2.475492695978113833e+00
2.472256830495686675e+00
2.464271460228101951e+00
2.464271460228101951e+00
2.333295663983816493e+00
1.634833886879066389e+00
1.457786474364379359e+00
2.444530097755267750e+00
2.349188371877942050e+00
2.373462122215774794e+00
2.472113584754804805e+00
2.466501279677194791e+00
2.451034832124466156e+00
2.437620815281960507e+00
2.434461018489069595e+00
2.401973620174308266e+00
2.281500446251792269e+00
2.326188548149958457e+00
2.258644091279847554e+00
2.078033570398237551e+00
2.291188790783277973e+00
2.458454502458962132e+00
2.412555274317586207e+00
2.464447332402452062e+00
2.389722785651057890e+00
2.430985165013493710e+00
7.950905361139132266e-01
2.412555274317586207e+00
1.221022304659497015e+00
1.221022304659497015e+00
2.349696337391550482e+00
2.382630336657370229e+00
2.405613931298681507e+00
2.324312012675527672e+00
2.324312012675527672e+00
2.324312012675527672e+00
2.439892556191703754e+00
2.442127934311146387e+00
2.439892556191703754e+00
2.406567112276048359e+00
2.409997300156083266e+00
2.351096314245090912e+00
2.374098408222581558e+00
2.438282406466265595e+00
2.232042181037406703e+00
2.467957108022841517e+00
2.154151234061655540e+00
2.451420161876807668e+00
2.380370848383837945e+00
2.354534111736783064e+00
2.442192188976009870e+00
2.435935494123287359e+00
2.432295510836205210e+00
2.355755957806013878e+00
2.304638161159863419e+00
2.193835260797806885e+00
2.165518935974508619e+00
2.298205018470221184e+00
2.296306085245566120e+00
2.394166371200803667e+00
2.380755240294177177e+00
2.415499641509526008e+00
2.389589269399654547e+00
2.412374360374983873e+00
2.431063581187351108e+00
2.387532434588611530e+00
2.417608825992989985e+00
2.412964627796124084e+00
2.412964627796124084e+00
2.472829860244278422e+00
2.444568312758575779e+00
2.476730866322018443e+00
2.326897083736207517e+00
2.418567708257408189e+00
2.418567708257408189e+00
2.428175769515453108e+00
2.395128078410051486e+00
2.359786045909160634e+00
2.458554355126373103e+00
2.361115147130914860e+00
2.399725266800908585e+00
2.427316677148609880e+00
2.436551418197811625e+00
2.413630062483888228e+00
2.381097565461443466e+00
2.312488511854036144e+00
2.417979739090919011e+00
2.451966239683922133e+00
2.432659342707349293e+00
2.408533291332020543e+00
2.399078934420681097e+00
2.405176181763382104e+00
2.422251003567425620e+00
1.932771293834994353e+00
1.812105927755947476e+00
2.371582249564951006e+00
1.310469705132867979e+00
1.582316278726003445e+00
2.413577657325317372e+00
1.310469705132867979e+00
1.310469705132867979e+00
2.444586748137454801e+00
1.461472098919797347e+00
2.432310499062271258e+00
2.432310499062271258e+00
2.355777117965360823e+00
2.181815442387925241e+00
2.356052883221473326e+00
2.435579559142587058e+00
2.474758596156692914e+00
1.950278323905745959e+00
2.445391630465718613e+00
2.393653580452017593e+00
2.441875174314130703e+00
2.418468721875675520e+00
2.372337196447292129e+00
2.418944105734551986e+00
2.382764592538048731e+00
2.442766303069869860e+00
2.445239472428122340e+00
2.412872233578322145e+00
2.305142244999573986e+00
2.206811387985242234e+00
2.205286708874754087e+00
2.305142244999573986e+00
1.181892897333209680e+00
8.986106188779920956e-01
9.049147148710123822e-01
9.049147148710123822e-01
2.456559887106365636e+00
2.459894908682590309e+00
2.428619541184096065e+00
2.311508125637951494e+00
1.965788170556223236e+00
2.337806153863911884e+00
2.066500534971543068e+00
1.965788170556223236e+00
2.434346575619477537e+00
