1.289423279165078595e+00
1.289423279165078595e+00
1.289423279165078595e+00
1.354180547394432566e+01
1.389973653484908844e+01
7.949652919732868028e-01
2.071557093391266591e+01
2.191897552613168187e+01
2.191897552613168187e+01
3.055478782583745101e+01
3.002662697192064556e+01
3.055478782583745101e+01
3.055478782583745101e+01
9.147838830654221098e+00
9.147838830654221098e+00
5.519394497120532606e+01
1.379848624280133151e+01
5.519394497120532606e+01
4.559548546030453764e+01
4.559548546030453764e+01
1.046341040654719112e+00
1.300898772966084582e+00
1.555878732013779020e+00
4.264733242501240795e+01
4.264733242501240795e+01
3.913698961726653636e+01
1.430354113717239350e+01
8.170610599746888525e+00
1.089414746632918529e+01
1.072765585287929468e+01
9.766609478682479306e+00
3.027377301930346221e+01
6.581967207589515922e+00
5.049993282114024318e+00
2.794502124858781045e+01
2.246454302639637035e+01
2.246454302639637035e+01
5.955622478192562852e+01
1.809773541429480304e+01
2.246454302639637035e+01
4.787602237270766636e+01
4.764497982554050282e+01
5.984502796588458295e+01
1.363251270940588888e+01
1.363251270940588888e+01
1.363251270940588888e+01
1.640357930363624872e+00
2.365243508788009041e+00
5.064767698749073332e+01
5.064767698749073332e+01
4.629489809863108007e+01
5.064767698749073332e+01
3.045886888686994354e+01
7.704079806993088475e+00
7.704079806993088475e+00
7.704079806993088475e+00
2.804546778419158315e+01
2.804546778419158315e+01
1.925582430200519468e+01
1.925582430200519468e+01
3.055383576668797474e+01
2.715896512594486722e+01
2.840509651623880671e+01
2.524897468110115994e+01
2.524897468110115994e+01
2.385793552203705481e+00
2.385793552203705481e+00
2.427478641595342168e+01
5.242190709564401807e+00
2.427478641595342168e+01
6.284771108882534918e+01
6.284771108882534918e+01
3.999399796561613130e+01
2.238737949259481042e+01
3.518016777407756024e+01
2.610030995238673768e+01
1.851275303918795245e+01
2.437773664410415364e+01
2.437773664410415364e+01
3.669121043208200206e+01
2.439233911146392586e+01
1.806322520502678586e+01
1.002720746503884985e+00
6.992684033048139014e+00
3.424394939172525199e+01
2.445996385123232031e+00
2.783096631176226410e+01
2.783096631176226410e+01
6.404126699701515690e+01
5.416894096809848236e+01
3.354542556986508117e+01
6.404126699701515690e+01
9.056332740016234339e+00
3.433115235849762303e+00
3.907581960788029551e+00
8.678429822480616451e+00
3.433115235849762303e+00
3.200018015695924589e+01
3.200018015695924589e+01
3.596906505995864478e+01
3.040017114911128360e+01
3.282659841574736959e+01
3.417061180696071432e+01
1.321240998740309358e+01
4.624343495591082842e+01
1.849875372160244280e-01
3.858957725841445363e+00
5.049452000828334342e+00
3.203585430776390575e-01
2.991077996621191559e+01
2.991077996621191559e+01
4.246843514504149653e+01
2.991077996621191559e+01
4.289451829892983881e+01
4.289451829892983881e+01
1.688497923311604154e+01
1.688497923311604154e+01
1.851240067132551204e+01
2.105809812097750111e+01
7.436453768262076380e+00
2.433054821598026862e+01
2.433054821598026862e+01
2.393578208192963785e+01
4.650673235587179732e+01
2.433054821598026862e+01
3.966252714595085394e+01
4.030583470842222482e+01
4.576445439917406333e+01
3.966252714595085394e+01
3.695572695545162389e+01
3.695572695545162389e+01
1.167022956487946139e+01
3.695572695545162389e+01
1.088587786154754866e+01
1.222123982469535264e+01
3.447194656156723624e+01
1.088587786154754866e+01
1.088587786154754866e+01
3.356893239203278867e+00
2.710578957616657902e+00
1.688852804782265693e+01
3.356893239203278867e+00
2.910619662596494805e+01
3.039935048608078461e+01
2.910619662596494805e+01
2.910619662596494805e+01
9.516186012453331955e+00
9.516186012453331955e+00
6.690224811537516025e+00
9.516186012453331955e+00
2.155806023094942248e+01
4.664115998130398566e+00
2.155806023094942248e+01
4.578406658395625328e+01
4.578406658395625328e+01
4.360387293710119394e+01
2.769759207669164267e-02
3.414227098917895636e-02
3.257338614030360485e-02
2.284254840373321471e+01
2.162529625478916273e+01
2.162529625478916273e+01
2.141488912849989035e+01
2.281072303844405269e+01
2.508236751927120878e+01
2.508236751927120878e+01
2.036831789214007316e+01
2.036831789214007316e+01
3.591841161476465771e+01
3.591841161476465771e+01
6.775068318564382075e+00
6.775068318564382075e+00
6.532627923127664715e+00
9.920410375382288093e-02
2.472239646071124497e+01
9.920410375382288093e-02
3.165802804389126024e+01
3.165802804389126024e+01
3.165802804389126024e+01
1.887552651617966148e+01
1.887552651617966148e+01
4.584056439643632075e+01
1.887552651617966148e+01
4.340565177969838118e+01
4.005664216896302321e+01
4.340565177969838118e+01
4.340565177969838118e+01
2.939982202781865794e+01
4.061501172538737769e+00
5.703781936122834573e+00
1.912309964086781378e+01
1.912309964086781378e+01
1.912309964086781378e+01
3.556662243933472212e+01
3.556662243933472212e+01
9.589573880731647293e+00
1.030954140916756501e+01
6.544956946128502651e+00
1.932877238486775084e+01
1.932877238486775084e+01
1.799863160185338273e+01
1.248245421843147440e+01
4.897382959506868971e+00
7.726051380657817269e+00
5.409497613419118522e+01
3.492443789189022141e+01
3.492443789189022141e+01
3.492443789189022141e+01
3.315646732900110294e+01
6.029670932871410427e-01
3.492443789189022141e+01
4.647784293364339292e-01
8.738626258623648502e-01
3.135353064526974620e+01
3.135353064526974620e+01
3.135353064526974620e+01
5.939734577216360378e+01
2.159903482624131144e+01
2.159903482624131144e+01
3.623486906636023974e+01
3.588556683206945053e+01
3.623486906636023974e+01
2.513026953875669989e+01
2.488834910719035776e+01
5.831909485013036409e+00
1.870264818082088709e+01
1.870264818082088709e+01
1.836362726169247006e+00
3.603060371487742231e+01
5.100463186848693375e+00
3.052895788866439375e+01
1.776472262439608230e+01
2.030254014216695069e+01
3.113973397445935731e+01
2.905812982850731174e+01
2.946162732280633634e+01
3.045773454311076378e+01
2.200027947273739670e+01
4.400055894547479696e+00
4.479552058790114089e+00
3.909276450943352632e+00
7.615368705647954428e+00
7.615368705647954428e+00
7.615368705647954428e+00
2.045011930403317990e+01
2.045011930403317990e+01
2.045011930403317990e+01
4.350317838977595386e+01
4.588021606280817366e+01
4.604380063019907254e+01
1.831712774306355840e+01
4.350317838977595386e+01
3.560107109336977516e+01
1.725062285333527612e+01
4.010648361323367794e+01
1.841810861992318138e+01
3.258651793575236155e+01
4.010648361323367794e+01
4.956864497692438221e+01
4.918669166382516522e+01
1.087613239029455414e+01
3.624282543650275557e+01
1.057603834277551513e+01
6.005775347609127124e+01
6.005775347609127124e+01
6.005775347609127124e+01
2.522643710968900166e+01
2.522643710968900166e+01
2.770130309006699321e+01
4.273609882362625711e+01
1.793737512647233245e+01
1.793737512647233245e+01
1.449427757762799018e+01
5.939614579051463394e+00
5.939614579051463394e+00
1.583897221080390239e+01
2.312741551904251125e+00
2.218666063938538269e+00
1.597292115820637548e+01
1.620112744694621076e+00
1.620112744694621076e+00
4.041633182829265536e+01
2.244493167189059779e+00
1.620112744694621076e+00
5.643562720642853492e+01
2.222597548973446635e+00
4.031116229030610043e+01
5.643562720642853492e+01
1.335969687730582933e+01
1.589357846674209007e+01
2.820380451875675121e+01
2.523852577464882785e+01
2.965311158772287214e+01
3.900226658449078343e+00
4.894876007260670292e+01
2.305105260791673771e+01
2.217654977085898338e+01
1.712537226127547285e+01
2.233937640236459998e+01
1.976004491685631592e+01
1.936079288204932070e+01
2.055456989675746371e+01
2.420547926949279827e+01
3.396476155828464272e+01
8.982671578783421040e+00
8.982671578783421040e+00
8.982671578783421040e+00
8.065274847225859745e+00
8.828687380931982132e-01
9.501061653636638793e-01
9.832919611157387996e-01
8.828687380931982132e-01
3.474072895511903170e+01
4.466665151372446729e+01
2.383046085744537379e+01
2.383046085744537379e+01
7.294946345579493396e+00
7.294946345579493396e+00
6.991459488657518762e+00
7.294946345579493396e+00
9.788043284120526266e+00
