7.222371164567337187e-02
7.222371164567337187e-02
7.222371164567337187e-02
6.857222997101865281e-02
6.952091628515989774e-02
7.125572585330032516e-02
6.857222997101865281e-02
6.287875952158783477e-02
6.287875952158783477e-02
6.870040557281736904e-02
6.890968254828931661e-02
6.870040557281736904e-02
6.870040557281736904e-02
6.951675449295380282e-02
6.951675449295380282e-02
5.857865616604684966e-02
5.857865616604684966e-02
5.857865616604684966e-02
4.948837990960194833e-02
4.948837990960194833e-02
6.300579758717241019e-02
6.762696457293072838e-02
6.300579758717241019e-02
6.018512627394161790e-02
6.018512627394161790e-02
6.191611926872137711e-02
6.793223660776841200e-02
7.005905837427937877e-02
7.005905837427937877e-02
6.793223660776841200e-02
6.184646814368654349e-02
6.060366557399476939e-02
6.819224528758568993e-02
6.258317580497817223e-02
6.060366557399476939e-02
7.160586222830656045e-02
7.160586222830656045e-02
5.929405087431100646e-02
7.160586222830656045e-02
7.160586222830656045e-02
5.958158271074000950e-02
5.929405087431100646e-02
5.958158271074000950e-02
5.915106960070524306e-02
5.915106960070524306e-02
5.915106960070524306e-02
7.291386022022894320e-02
7.291386022022894320e-02
6.151357950720195283e-02
6.151357950720195283e-02
5.622695974133844893e-02
6.151357950720195283e-02
5.837396391688514513e-02
6.947904573277423335e-02
6.947904573277423335e-02
6.947904573277423335e-02
6.982504339105495561e-02
6.982504339105495561e-02
6.839867269933530558e-02
6.839867269933530558e-02
5.518104941121912410e-02
5.518104941121912410e-02
5.130036851549555493e-02
5.130036851549555493e-02
5.130036851549555493e-02
6.567769573063275690e-02
6.567769573063275690e-02
7.238784726828138838e-02
7.406623310728345511e-02
7.238784726828138838e-02
5.734171893694126748e-02
5.734171893694126748e-02
5.734171893694126748e-02
6.770489250982106300e-02
6.770489250982106300e-02
6.198888525834279212e-02
6.583381918209610384e-02
5.789773081033024876e-02
5.789773081033024876e-02
6.515300594732820194e-02
5.906421567070497397e-02
6.283721332978171870e-02
7.120354863104345899e-02
5.709776928396539941e-02
6.386025179201161583e-02
6.386025179201161583e-02
6.213181274934156256e-02
6.213181274934156256e-02
5.820740047384306143e-02
6.334458197688842829e-02
5.820740047384306143e-02
5.820740047384306143e-02
6.845108232922307578e-02
6.720256824385255345e-02
6.976748800940628381e-02
6.591906019896975888e-02
6.720256824385255345e-02
6.225430069168189084e-02
6.225430069168189084e-02
6.997551203955824917e-02
6.225430069168189084e-02
6.152947762440061363e-02
6.997551203955824917e-02
5.645130641102386049e-02
5.645130641102386049e-02
6.423803823614808450e-02
6.276149730853618214e-02
6.843093354339656320e-02
6.423803823614808450e-02
6.590761936447292468e-02
6.590761936447292468e-02
5.995675154602200102e-02
6.590761936447292468e-02
6.055829388466432706e-02
6.055829388466432706e-02
5.489586622879700367e-02
5.489586622879700367e-02
6.018688307497741669e-02
7.292907006216177435e-02
7.292907006216177435e-02
6.751579025953922952e-02
6.751579025953922952e-02
6.642033826760154747e-02
5.444691650950497785e-02
6.751579025953922952e-02
5.357790800497466005e-02
5.444691650950497785e-02
5.357790800497466005e-02
5.357790800497466005e-02
6.075695585654337233e-02
6.075695585654337233e-02
6.075695585654337233e-02
6.075695585654337233e-02
5.356494776280549402e-02
6.013571722303540090e-02
5.356494776280549402e-02
5.356494776280549402e-02
5.356494776280549402e-02
7.415111525010700810e-02
7.107934639577163927e-02
7.051543466980227104e-02
7.415111525010700810e-02
6.751578812857919609e-02
7.051543466980227104e-02
6.751578812857919609e-02
6.751578812857919609e-02
7.161419547752925774e-02
7.161419547752925774e-02
6.465104055359043034e-02
7.161419547752925774e-02
5.596970646596335919e-02
6.465104055359043034e-02
5.596970646596335919e-02
6.246685300813128311e-02
6.246685300813128311e-02
6.246685300813128311e-02
7.154015359229821958e-02
7.394125545313948167e-02
7.394125545313948167e-02
7.037603900977607019e-02
7.106750278709546287e-02
7.106750278709546287e-02
7.037603900977607019e-02
7.069895374218199136e-02
5.346899718251398731e-02
5.346899718251398731e-02
6.253471452761344418e-02
6.253471452761344418e-02
6.542337976402654021e-02
6.542337976402654021e-02
7.044235749850991102e-02
7.044235749850991102e-02
6.792163413390001070e-02
7.379550677970656003e-02
6.710441302902017680e-02
7.379550677970656003e-02
6.206049308800629105e-02
6.206049308800629105e-02
6.206049308800629105e-02
4.873375069518302155e-02
4.873375069518302155e-02
4.873375069518302155e-02
4.873375069518302155e-02
5.712164378192628039e-02
5.271436209940242451e-02
5.712164378192628039e-02
5.712164378192628039e-02
6.914620279712746509e-02
7.302116581071164958e-02
7.302116581071164958e-02
6.877497061031956349e-02
6.877497061031956349e-02
6.877497061031956349e-02
6.099481821433037215e-02
6.099481821433037215e-02
6.005725820425879963e-02
6.456624643373985728e-02
6.516786802812582491e-02
6.998392521090533724e-02
6.998392521090533724e-02
6.516786802812582491e-02
7.320982123472477565e-02
7.402811944112190623e-02
7.016526317612074848e-02
5.059257223308438745e-02
6.105305113665187439e-02
6.105305113665187439e-02
6.105305113665187439e-02
5.796237871070486491e-02
7.492219671877423104e-02
6.105305113665187439e-02
7.133994509810566431e-02
7.133994509810566431e-02
6.465800691673073697e-02
6.465800691673073697e-02
6.465800691673073697e-02
6.407204764589208290e-02
6.407204764589208290e-02
6.407204764589208290e-02
6.404838533502567322e-02
6.343096226501900026e-02
6.404838533502567322e-02
6.523309094922691287e-02
6.460511449674576079e-02
6.657460896858563570e-02
5.880276407281875145e-02
5.880276407281875145e-02
6.356940981262231005e-02
4.941220985188517906e-02
7.175591649573311026e-02
6.635904590685134941e-02
7.124058028281850252e-02
7.124058028281850252e-02
5.922582301662390053e-02
6.497078579813837795e-02
6.602579657943082048e-02
5.731438798901292847e-02
6.552426156081739284e-02
6.552426156081739284e-02
6.670809367198918260e-02
6.534889836352257564e-02
6.954922299758506399e-02
6.954922299758506399e-02
6.954922299758506399e-02
6.478824370170239988e-02
6.478824370170239988e-02
6.478824370170239988e-02
6.248978372349467403e-02
6.590425998910226513e-02
6.141973126919057085e-02
6.248978372349467403e-02
6.248978372349467403e-02
5.551969906535281218e-02
6.574536870964253765e-02
5.081851792143497054e-02
6.000594821135240425e-02
5.081851792143497054e-02
5.081851792143497054e-02
6.085999311578706855e-02
6.039103383685998777e-02
7.014309171955458722e-02
6.039103383685998777e-02
6.961181843942065850e-02
5.212703648564519926e-02
5.212703648564519926e-02
5.212703648564519926e-02
6.132733733274519511e-02
6.132733733274519511e-02
6.734391986368380711e-02
4.769065603704109035e-02
6.059717905853071601e-02
6.059717905853071601e-02
6.956954294568415409e-02
6.725197036920306515e-02
6.725197036920306515e-02
6.725197036920306515e-02
7.333699763039673580e-02
7.274485940585993793e-02
6.782071501511843792e-02
7.005962696913109466e-02
7.005962696913109466e-02
5.777558191936759541e-02
7.005962696913109466e-02
7.005962696913109466e-02
5.762524093139326231e-02
6.987940212410274909e-02
5.762524093139326231e-02
5.762524093139326231e-02
6.443456855172745301e-02
7.067279242456872557e-02
6.443456855172745301e-02
5.763644766136036268e-02
5.221258166328144462e-02
7.387731089998261780e-02
6.585151486162998946e-02
6.512295991529037931e-02
5.558576781347526058e-02
5.777725501343974196e-02
6.531907456038212045e-02
5.777725501343974196e-02
6.531907456038212045e-02
6.220711372300476855e-02
5.940016964226649265e-02
6.411493657026262616e-02
7.045940644919453100e-02
7.045940644919453100e-02
7.045940644919453100e-02
7.045940644919453100e-02
7.074489809894278503e-02
7.198254357099378997e-02
7.074489809894278503e-02
7.074489809894278503e-02
5.621978863305207574e-02
5.621978863305207574e-02
6.193711209944772339e-02
6.193711209944772339e-02
7.176016142500565853e-02
7.176016142500565853e-02
6.877477060629380579e-02
7.176016142500565853e-02
6.877477060629380579e-02
