1.291909999498587203e+00
1.707489351490394602e+00
1.216471003192375333e+00
2.936888557009544343e+01
2.683378124674902665e+01
1.623440045164400658e+00
2.766546383959006050e+01
9.429383034051221557e+01
9.429383034051221557e+01
6.195611997777162827e+01
6.192707655015535551e+01
6.301635832868769427e+01
6.301635832868769427e+01
8.156111394585222740e+01
1.045872620592793538e+02
1.020376879839697750e+02
7.957059302852449889e+01
7.957059302852449889e+01
1.028096225437827798e+02
6.958866848732846222e+01
4.635144503477173217e+00
6.831289712315503415e+00
7.374693690815159464e+00
9.034695430700973873e+01
7.795554310155556266e+01
8.291040990388663090e+01
6.922773465196365805e+01
5.272660405040713272e+01
5.272660405040713272e+01
7.266105030389282149e+01
1.014406495578731011e+02
1.241041571156034706e+02
1.432862282614269311e+01
1.609145895665861303e+01
6.348461383598449714e+01
1.662543195621927694e+01
1.710632549834040361e+01
4.438571684002578621e+01
1.662543195621927694e+01
1.662543195621927694e+01
1.477770148720081806e+02
1.563131657064508886e+02
1.520207961616349337e+02
5.321477009479142595e+01
3.846254853286901465e+01
5.321477009479142595e+01
2.636395619299907178e+00
2.636395619299907178e+00
5.861004857395770529e+01
5.895061277865774940e+01
8.356043544109958532e+01
5.861004857395770529e+01
1.170155401702792375e+02
3.841092077453146914e+01
1.822468643475395211e+01
3.841092077453146914e+01
7.939917481254906306e+01
7.960225324367564781e+01
4.708226904256397916e+01
2.424387534203886574e+01
7.470695064971670263e+01
4.413220519944726306e+01
6.728375378445711874e+01
6.728375378445711874e+01
6.728375378445711874e+01
1.154745579762677643e+01
1.174864263812801646e+01
4.787489464000001504e+01
8.954193726545742749e+00
4.146379868294213367e+01
1.019250944242545103e+02
9.195891722384597244e+01
1.376994263175748756e+02
5.482931166564431891e+01
3.659679471436172093e+01
3.486610508676981368e+01
2.473026542930843519e+01
1.418174073422765105e+02
1.418174073422765105e+02
3.604131290906400409e+01
1.155724257276000770e+02
8.558468885945160309e+01
2.807663850010090911e+01
3.771110768388989243e+01
3.233308860919527206e+01
4.298857858337797211e+01
1.801519735710942598e+02
2.008696731801827582e+02
2.165975162325679833e+02
1.226455506836600193e+02
1.449977850213810768e+02
1.449977850213810768e+02
3.316117675668284193e+01
1.642521278430703191e+01
1.556958689088460623e+01
4.098921032549512944e+01
1.619755309953027478e+01
9.402094146115639717e+01
1.041008273626701310e+02
5.715546990959001050e+01
9.402094146115639717e+01
1.057789011620883031e+02
5.955008719365721248e+01
1.078659804533770199e+02
1.078659804533770199e+02
1.404424169400861233e+00
3.908355205399602283e+01
2.567900558938957545e+01
2.339692154939651214e+00
3.101866469574774499e+01
4.516597642379546329e+01
4.404145098874813158e+01
3.101866469574774499e+01
4.053689088626521198e+01
5.904181055080290008e+01
1.397633063537275291e+02
9.022436677531003113e+01
5.145119816148376657e+01
2.221714203073694804e+01
3.722243612667430313e+01
5.433131898347321709e+01
5.638030765399204114e+01
5.780544724751793950e+01
1.038518363037256194e+02
5.433131898347321709e+01
1.146902833138574351e+02
8.284603228525784857e+01
8.816718323787631562e+01
8.816718323787631562e+01
1.634714427011950590e+02
9.755690609383727008e+01
1.581343489842166434e+02
1.581343489842166434e+02
2.464087567473517026e+02
1.056082930558804946e+02
1.520114836336660460e+02
1.520114836336660460e+02
1.520114836336660460e+02
4.798033627452977790e+00
6.598569383147462553e+00
3.154810025739573121e+01
6.119194450776646477e+00
5.304209598088574040e+01
3.254902710036034108e+01
4.161885871014919758e+01
4.161885871014919758e+01
1.655338049036862103e+01
3.467736706296751237e+01
1.868752485346004377e+01
1.655338049036862103e+01
7.262472124152067465e+01
3.208474155632756464e+01
1.522371177300069292e+02
1.089761037488544417e+02
1.911523429549699316e+01
1.089761037488544417e+02
2.046148958425313136e-02
2.033007084930750150e-02
2.033007084930750150e-02
7.781469410341550486e+01
6.709098086010935447e+01
7.479254995339420020e+01
7.270776282132402457e+01
7.222674557869461864e+01
1.133697238715245135e+02
5.257849537172935328e+01
6.962019255447127364e+01
6.532659855161074347e+01
3.110936749332138973e+01
8.213628567619704768e+01
1.694123484510310007e+01
5.123770280156454504e+01
5.225338135548249596e+01
3.692257612911470921e-01
5.058020170610878807e+01
1.990982454085643838e-01
5.120507656950642428e+01
9.501197814197443847e+01
9.501197814197443847e+01
3.124841272448408063e+02
3.733754547275203208e+02
4.576811479464093395e+02
4.576811479464093395e+02
2.525260116093717215e+02
2.227806767095683824e+02
1.724301829826220285e+02
1.724301829826220285e+02
3.499152631154873205e+01
4.725894812778978604e+00
3.498071865549591930e+00
1.101788582960265757e+02
3.894417372972311142e+01
4.689444952782127984e+01
2.216234645990172396e+02
1.840742911900149181e+02
1.251417557862154268e+02
9.769367884095807142e+01
9.286309316856947760e+01
6.125834761126128569e+01
2.610417741265642277e+01
3.345850522779292646e+01
2.340801769745760552e+01
1.231772920537076921e+01
2.744638946687062742e+01
1.479374810730421075e+02
6.897372184228802894e+01
1.732955287842064820e+02
5.417535253677681339e+01
8.806023971109932802e+01
1.166105643082402610e+00
6.897372184228802894e+01
2.387412876446710186e+00
2.387412876446710186e+00
3.908248635817766115e+01
5.075055744391773516e+01
6.371739930474160474e+01
3.307442996063851837e+01
3.307442996063851837e+01
3.307442996063851837e+01
1.014804657129230350e+02
1.054968362215171993e+02
1.014804657129230350e+02
6.439293408618247838e+01
6.694236129403682867e+01
3.949565814617262305e+01
4.714651095406244252e+01
9.877754665504890852e+01
2.083569390064047866e+01
1.925510585765852341e+02
1.557951261204131299e+01
1.261541956799191695e+02
4.974643834648452412e+01
4.046672498946715280e+01
1.056168771017176482e+02
9.505792094967021910e+01
8.981293341390761498e+01
4.082934591221949461e+01
2.949191836597294980e+01
1.791384653336078259e+01
1.618566167776742404e+01
2.848769367385857620e+01
2.818329266259516075e+01
5.655495324041543626e+01
4.991320470114374075e+01
7.146418324905185671e+01
5.410681680137744110e+01
6.882615552646650769e+01
8.816325329410949507e+01
5.307157725552688277e+01
7.335763979365351872e+01
6.930988420845393705e+01
6.930988420845393705e+01
2.275319415428785703e+02
1.102513938513023817e+02
2.660961620442297999e+02
3.362440881738211829e+01
7.425087936559974366e+01
7.425087936559974366e+01
8.451798763224739730e+01
5.709650500576915277e+01
4.209850541052669826e+01
1.482999216578011215e+02
4.252533154071652177e+01
5.982876219766041714e+01
8.348946436143103256e+01
9.600495980328543055e+01
6.986314138625027681e+01
5.006410454718903225e+01
3.083129112139961947e+01
7.370068420567517364e+01
1.276168169819076326e+02
9.031168689575751785e+01
6.583087241268582090e+01
5.942958788259939951e+01
6.341170990820160114e+01
7.788688969342686619e+01
8.522424413429908086e+00
6.588557837477179824e+00
4.616928426036491828e+01
2.755038557715461689e+00
4.312257928514118710e+00
6.981926150771803918e+01
2.755038557715461689e+00
2.755038557715461689e+00
1.102889049988148287e+02
3.519364582068306380e+00
8.983337391200045374e+01
8.983337391200045374e+01
4.083570312718401851e+01
1.715164173069623033e+01
4.091872306908438617e+01
9.451889519560508290e+01
2.451090489577575227e+02
8.873530465247601029e+00
1.119513204349835149e+02
5.627019674536446558e+01
1.050272041894390469e+02
7.415769682243373495e+01
4.645709498827962847e+01
7.460728573954239096e+01
5.081153902483281826e+01
1.067014029362785976e+02
1.116333050854258460e+02
6.923373376463550244e+01
2.959099986708449137e+01
1.882727650985251699e+01
1.871692763547009264e+01
2.959099986708449137e+01
2.242282153988467641e+00
1.403162584612900110e+00
1.418592928644579088e+00
1.418592928644579088e+00
1.413762375066456229e+02
1.533405627488723724e+02
8.505897767649923935e+01
3.065792800699318477e+01
9.199478850005105457e+00
3.603413769321409887e+01
1.191754951090820214e+01
9.199478850005105457e+00
9.269686229579519932e+01
