5.623408454919254923e-02
5.623408454919254923e-02
5.623408454919254923e-02
5.755473986644312617e-02
7.519828653925346440e-02
5.623408454919254923e-02
7.654734052584855064e-02
7.654734052584855064e-02
7.519828653925346440e-02
5.755473986644312617e-02
7.654734052584855064e-02
7.654734052584855064e-02
7.020625879378933343e-02
7.020625879378933343e-02
7.020625879378933343e-02
6.935440659188060741e-02
5.799351113567249860e-02
7.020625879378933343e-02
5.728316868843902343e-02
5.728316868843902343e-02
5.799351113567249860e-02
6.935440659188060741e-02
5.728316868843902343e-02
5.728316868843902343e-02
6.586011975758425396e-02
6.586011975758425396e-02
6.586011975758425396e-02
6.045674697619390220e-02
6.791011227494946068e-02
6.586011975758425396e-02
6.236069854161382237e-02
6.236069854161382237e-02
6.791011227494946068e-02
6.045674697619390220e-02
6.236069854161382237e-02
6.236069854161382237e-02
6.358241235246542278e-02
6.358241235246542278e-02
6.358241235246542278e-02
7.017775098137596368e-02
6.272855850929462407e-02
6.358241235246542278e-02
6.925377830412238200e-02
6.925377830412238200e-02
6.272855850929462407e-02
7.017775098137596368e-02
6.925377830412238200e-02
6.925377830412238200e-02
6.979690208697392206e-02
6.979690208697392206e-02
6.979690208697392206e-02
6.454866592743405129e-02
6.496543977711577433e-02
6.979690208697392206e-02
6.004353523796115283e-02
6.004353523796115283e-02
6.496543977711577433e-02
6.454866592743405129e-02
6.004353523796115283e-02
6.004353523796115283e-02
6.805370298506645266e-02
6.805370298506645266e-02
6.805370298506645266e-02
6.778416435721414113e-02
7.202620518215196999e-02
6.805370298506645266e-02
7.175293602514107305e-02
7.175293602514107305e-02
7.202620518215196999e-02
6.778416435721414113e-02
7.175293602514107305e-02
7.175293602514107305e-02
6.981070755103034597e-02
6.981070755103034597e-02
6.981070755103034597e-02
7.530087056791875955e-02
6.718575917870840686e-02
6.981070755103034597e-02
7.258955828012789158e-02
7.258955828012789158e-02
6.718575917870840686e-02
7.530087056791875955e-02
7.258955828012789158e-02
7.258955828012789158e-02
6.291514473273476793e-02
6.291514473273476793e-02
6.291514473273476793e-02
6.087084618698082594e-02
6.304213022600414773e-02
6.291514473273476793e-02
6.099646787094153283e-02
6.099646787094153283e-02
6.304213022600414773e-02
6.087084618698082594e-02
6.099646787094153283e-02
6.099646787094153283e-02
6.496085756829939051e-02
6.496085756829939051e-02
6.496085756829939051e-02
5.983668078542572072e-02
6.199966012181559738e-02
6.496085756829939051e-02
5.712616975321873486e-02
5.712616975321873486e-02
6.199966012181559738e-02
5.983668078542572072e-02
5.712616975321873486e-02
5.712616975321873486e-02
7.177959818538685866e-02
7.177959818538685866e-02
7.177959818538685866e-02
7.144205504447813382e-02
7.171591316965653107e-02
7.177959818538685866e-02
7.137831651244505582e-02
7.137831651244505582e-02
7.171591316965653107e-02
7.144205504447813382e-02
7.137831651244505582e-02
7.137831651244505582e-02
6.272151403806178194e-02
6.272151403806178194e-02
6.272151403806178194e-02
6.450948147550861211e-02
7.159592470748495086e-02
6.272151403806178194e-02
7.349065210544210303e-02
7.349065210544210303e-02
7.159592470748495086e-02
6.450948147550861211e-02
7.349065210544210303e-02
7.349065210544210303e-02
7.382017284154142323e-02
7.382017284154142323e-02
7.382017284154142323e-02
7.192954569127192610e-02
6.399215855690464083e-02
7.382017284154142323e-02
6.225714027445997112e-02
6.225714027445997112e-02
6.399215855690464083e-02
7.192954569127192610e-02
6.225714027445997112e-02
6.225714027445997112e-02
7.275506159957852159e-02
7.275506159957852159e-02
7.275506159957852159e-02
7.292347512182061064e-02
7.463372950460568644e-02
7.275506159957852159e-02
7.480051094433558256e-02
7.480051094433558256e-02
7.463372950460568644e-02
7.292347512182061064e-02
7.480051094433558256e-02
7.480051094433558256e-02
5.210036000402117756e-02
5.210036000402117756e-02
5.210036000402117756e-02
5.769191722068377909e-02
4.987697495385910035e-02
5.210036000402117756e-02
5.513272272278706837e-02
5.513272272278706837e-02
4.987697495385910035e-02
5.769191722068377909e-02
5.513272272278706837e-02
5.513272272278706837e-02
6.948241067983738917e-02
6.948241067983738917e-02
6.948241067983738917e-02
6.592438173286671588e-02
6.828559167480596770e-02
6.948241067983738917e-02
6.477459041585778565e-02
6.477459041585778565e-02
6.828559167480596770e-02
6.592438173286671588e-02
6.477459041585778565e-02
6.477459041585778565e-02
6.313711445544718803e-02
6.313711445544718803e-02
6.313711445544718803e-02
6.617676640075888239e-02
6.657431207921940541e-02
6.313711445544718803e-02
6.974550362700049355e-02
6.974550362700049355e-02
6.657431207921940541e-02
6.617676640075888239e-02
6.974550362700049355e-02
6.974550362700049355e-02
7.522169421840305126e-02
7.522169421840305126e-02
7.522169421840305126e-02
7.003536885425322434e-02
7.151273893310831908e-02
7.522169421840305126e-02
6.644236489961703740e-02
6.644236489961703740e-02
7.151273893310831908e-02
7.003536885425322434e-02
6.644236489961703740e-02
6.644236489961703740e-02
5.742665701222477576e-02
5.742665701222477576e-02
5.742665701222477576e-02
6.095648371533179954e-02
6.028836116792804511e-02
5.742665701222477576e-02
6.400167578427320980e-02
6.400167578427320980e-02
6.028836116792804511e-02
6.095648371533179954e-02
6.400167578427320980e-02
6.400167578427320980e-02
7.115646185134859303e-02
7.115646185134859303e-02
7.115646185134859303e-02
7.203480134002353263e-02
6.263678547778553374e-02
7.115646185134859303e-02
6.352653425858105496e-02
6.352653425858105496e-02
6.263678547778553374e-02
7.203480134002353263e-02
6.352653425858105496e-02
6.352653425858105496e-02
6.608304971822012708e-02
6.608304971822012708e-02
6.608304971822012708e-02
6.494002526031066036e-02
7.164677986154516232e-02
6.608304971822012708e-02
7.043745717812467666e-02
7.043745717812467666e-02
7.164677986154516232e-02
6.494002526031066036e-02
7.043745717812467666e-02
7.043745717812467666e-02
5.239128832169179933e-02
5.239128832169179933e-02
5.239128832169179933e-02
6.500694315485144870e-02
4.526494631434876265e-02
5.239128832169179933e-02
5.567791071154512550e-02
5.567791071154512550e-02
4.526494631434876265e-02
6.500694315485144870e-02
5.567791071154512550e-02
5.567791071154512550e-02
7.053384573201734731e-02
7.053384573201734731e-02
7.053384573201734731e-02
6.843244215458761659e-02
7.409839458337030837e-02
7.053384573201734731e-02
7.196043741737730148e-02
7.196043741737730148e-02
7.409839458337030837e-02
6.843244215458761659e-02
7.196043741737730148e-02
7.196043741737730148e-02
5.253010702625617728e-02
5.253010702625617728e-02
5.253010702625617728e-02
4.679947879959655416e-02
6.675231071611367750e-02
5.253010702625617728e-02
5.896718777144790286e-02
5.896718777144790286e-02
6.675231071611367750e-02
4.679947879959655416e-02
5.896718777144790286e-02
5.896718777144790286e-02
7.223391122283337462e-02
7.223391122283337462e-02
7.223391122283337462e-02
7.294134512833941320e-02
6.762603750517115486e-02
7.223391122283337462e-02
6.831588554234592492e-02
6.831588554234592492e-02
6.762603750517115486e-02
7.294134512833941320e-02
6.831588554234592492e-02
6.831588554234592492e-02
6.694178666029397540e-02
6.694178666029397540e-02
6.694178666029397540e-02
6.947540379063590898e-02
5.731559086386222440e-02
6.694178666029397540e-02
5.959964197516377099e-02
5.959964197516377099e-02
5.731559086386222440e-02
6.947540379063590898e-02
5.959964197516377099e-02
5.959964197516377099e-02
6.498991356113609230e-02
6.498991356113609230e-02
6.498991356113609230e-02
6.478069754710073791e-02
7.361120608960214362e-02
6.498991356113609230e-02
7.338593290127062851e-02
7.338593290127062851e-02
7.361120608960214362e-02
6.478069754710073791e-02
7.338593290127062851e-02
7.338593290127062851e-02
6.313544926785452649e-02
6.313544926785452649e-02
6.313544926785452649e-02
6.364056512115745523e-02
6.036902040214795623e-02
6.313544926785452649e-02
6.085418874707679976e-02
6.085418874707679976e-02
6.036902040214795623e-02
6.364056512115745523e-02
6.085418874707679976e-02
6.085418874707679976e-02
5.967067395544647240e-02
5.967067395544647240e-02
5.967067395544647240e-02
5.910676818505655739e-02
6.758721982095772240e-02
5.967067395544647240e-02
6.700488499429953226e-02
6.700488499429953226e-02
6.758721982095772240e-02
5.910676818505655739e-02
6.700488499429953226e-02
6.700488499429953226e-02
6.351733051070580782e-02
6.351733051070580782e-02
6.351733051070580782e-02
5.785962379041671017e-02
7.158396646195125390e-02
6.351733051070580782e-02
6.530310875382380753e-02
6.530310875382380753e-02
7.158396646195125390e-02
5.785962379041671017e-02
6.530310875382380753e-02
6.530310875382380753e-02
7.196337718078647805e-02
7.196337718078647805e-02
7.196337718078647805e-02
7.305513177708707062e-02
6.461517365664616597e-02
7.196337718078647805e-02
6.563702752125517847e-02
6.563702752125517847e-02
6.461517365664616597e-02
7.305513177708707062e-02
6.563702752125517847e-02
6.563702752125517847e-02
6.880209347667191888e-02
6.880209347667191888e-02
6.880209347667191888e-02
6.881768943860902543e-02
6.169203601478737836e-02
6.880209347667191888e-02
6.166264866570281278e-02
6.166264866570281278e-02
6.169203601478737836e-02
6.881768943860902543e-02
6.166264866570281278e-02
6.166264866570281278e-02
6.449933824639449143e-02
6.449933824639449143e-02
6.449933824639449143e-02
6.751312757202598824e-02
6.572594092495455398e-02
6.449933824639449143e-02
6.878338214647647386e-02
6.878338214647647386e-02
6.572594092495455398e-02
6.751312757202598824e-02
6.878338214647647386e-02
6.878338214647647386e-02
7.131067707099195130e-02
7.131067707099195130e-02
7.131067707099195130e-02
7.153121551948872503e-02
6.335149597919532971e-02
7.131067707099195130e-02
6.355464623801533597e-02
6.355464623801533597e-02
6.335149597919532971e-02
7.153121551948872503e-02
6.355464623801533597e-02
6.355464623801533597e-02
5.310667823269224486e-02
5.310667823269224486e-02
5.310667823269224486e-02
5.353902997552503068e-02
7.067182028615491551e-02
5.310667823269224486e-02
7.112832552263653740e-02
7.112832552263653740e-02
7.067182028615491551e-02
5.353902997552503068e-02
7.112832552263653740e-02
7.112832552263653740e-02
6.584936086269405076e-02
6.584936086269405076e-02
6.584936086269405076e-02
7.000429450809972365e-02
6.851747885075500089e-02
6.584936086269405076e-02
7.277597435186998476e-02
7.277597435186998476e-02
6.851747885075500089e-02
7.000429450809972365e-02
7.277597435186998476e-02
7.277597435186998476e-02
6.542351439002808133e-02
6.542351439002808133e-02
6.542351439002808133e-02
5.736317410780498310e-02
6.402175214840667705e-02
6.542351439002808133e-02
5.613063223576885558e-02
5.613063223576885558e-02
6.402175214840667705e-02
5.736317410780498310e-02
5.613063223576885558e-02
5.613063223576885558e-02
6.696110993515816401e-02
6.696110993515816401e-02
6.696110993515816401e-02
6.688843873217127645e-02
7.301539170999939155e-02
6.696110993515816401e-02
7.293972399606253598e-02
7.293972399606253598e-02
7.301539170999939155e-02
6.688843873217127645e-02
7.293972399606253598e-02
7.293972399606253598e-02
6.804596804456872206e-02
6.804596804456872206e-02
6.804596804456872206e-02
6.534309319209206934e-02
5.134337434176513421e-02
6.804596804456872206e-02
4.940951276125830210e-02
4.940951276125830210e-02
5.134337434176513421e-02
6.534309319209206934e-02
4.940951276125830210e-02
4.940951276125830210e-02
6.166049952632445680e-02
6.166049952632445680e-02
6.166049952632445680e-02
5.849236834852899330e-02
6.899898568433207591e-02
6.166049952632445680e-02
6.556551499537716099e-02
6.556551499537716099e-02
6.899898568433207591e-02
5.849236834852899330e-02
6.556551499537716099e-02
6.556551499537716099e-02
6.414391788864830246e-02
6.414391788864830246e-02
6.414391788864830246e-02
7.500248751293485394e-02
6.033585716577583025e-02
6.414391788864830246e-02
7.083031262277961204e-02
7.083031262277961204e-02
6.033585716577583025e-02
7.500248751293485394e-02
7.083031262277961204e-02
7.083031262277961204e-02
7.120633999542967663e-02
7.120633999542967663e-02
7.120633999542967663e-02
6.992566550972484363e-02
7.464232638439693979e-02
7.120633999542967663e-02
7.334256449453852023e-02
7.334256449453852023e-02
7.464232638439693979e-02
6.992566550972484363e-02
7.334256449453852023e-02
7.334256449453852023e-02
6.107081385534787049e-02
6.107081385534787049e-02
6.107081385534787049e-02
6.342458205599108001e-02
5.244083856443602226e-02
6.107081385534787049e-02
5.438704042881193496e-02
5.438704042881193496e-02
5.244083856443602226e-02
6.342458205599108001e-02
5.438704042881193496e-02
5.438704042881193496e-02
7.269766851175626932e-02
7.269766851175626932e-02
7.269766851175626932e-02
7.094699524530231893e-02
6.681309433551851917e-02
7.269766851175626932e-02
6.515652091039374205e-02
6.515652091039374205e-02
6.681309433551851917e-02
7.094699524530231893e-02
6.515652091039374205e-02
6.515652091039374205e-02
6.071852871209752062e-02
6.071852871209752062e-02
6.071852871209752062e-02
6.367085390436709458e-02
6.676811549719254002e-02
6.071852871209752062e-02
6.988319712731844158e-02
6.988319712731844158e-02
6.676811549719254002e-02
6.367085390436709458e-02
6.988319712731844158e-02
6.988319712731844158e-02
5.399114838586194232e-02
5.399114838586194232e-02
5.399114838586194232e-02
5.700607843869257702e-02
6.076868582457230911e-02
5.399114838586194232e-02
6.422119800776122933e-02
6.422119800776122933e-02
6.076868582457230911e-02
5.700607843869257702e-02
6.422119800776122933e-02
6.422119800776122933e-02
7.262891574602066413e-02
7.262891574602066413e-02
7.262891574602066413e-02
7.241188066231636633e-02
7.211462834332899030e-02
7.262891574602066413e-02
7.189578297489172820e-02
7.189578297489172820e-02
7.211462834332899030e-02
7.241188066231636633e-02
7.189578297489172820e-02
7.189578297489172820e-02
6.437288596012202824e-02
6.437288596012202824e-02
6.437288596012202824e-02
6.626317554808992816e-02
7.025353651886434569e-02
6.437288596012202824e-02
7.224526592471769426e-02
7.224526592471769426e-02
7.025353651886434569e-02
6.626317554808992816e-02
7.224526592471769426e-02
7.224526592471769426e-02
6.945407685651122653e-02
6.945407685651122653e-02
6.945407685651122653e-02
5.549813576956713623e-02
6.159810637700937480e-02
6.945407685651122653e-02
4.938071978992611410e-02
4.938071978992611410e-02
6.159810637700937480e-02
5.549813576956713623e-02
4.938071978992611410e-02
4.938071978992611410e-02
5.548576200960011334e-02
5.548576200960011334e-02
5.548576200960011334e-02
6.278447673983658661e-02
5.277186933948575104e-02
5.548576200960011334e-02
5.966513819743316654e-02
5.966513819743316654e-02
5.277186933948575104e-02
6.278447673983658661e-02
5.966513819743316654e-02
5.966513819743316654e-02
7.588878015368141772e-02
7.588878015368141772e-02
7.588878015368141772e-02
6.463428011719710153e-02
7.541400062333611376e-02
7.588878015368141772e-02
6.417601863100905191e-02
6.417601863100905191e-02
7.541400062333611376e-02
6.463428011719710153e-02
6.417601863100905191e-02
6.417601863100905191e-02
6.530122582065739367e-02
6.530122582065739367e-02
6.530122582065739367e-02
6.552273349646270395e-02
6.739677776802861786e-02
6.530122582065739367e-02
6.762412185987275171e-02
6.762412185987275171e-02
6.739677776802861786e-02
6.552273349646270395e-02
6.762412185987275171e-02
6.762412185987275171e-02
7.093175972979257060e-02
7.093175972979257060e-02
7.093175972979257060e-02
7.216927740732688445e-02
6.703877335622454581e-02
7.093175972979257060e-02
6.825276509537399339e-02
6.825276509537399339e-02
6.703877335622454581e-02
7.216927740732688445e-02
6.825276509537399339e-02
6.825276509537399339e-02
7.107196090700750035e-02
7.107196090700750035e-02
7.107196090700750035e-02
6.748218976091134580e-02
7.232946065143229519e-02
7.107196090700750035e-02
6.871536195806259018e-02
6.871536195806259018e-02
7.232946065143229519e-02
6.748218976091134580e-02
6.871536195806259018e-02
6.871536195806259018e-02
5.982139005773220303e-02
5.982139005773220303e-02
5.982139005773220303e-02
6.588041455827570170e-02
6.100434743713174096e-02
5.982139005773220303e-02
6.716335852437113618e-02
6.716335852437113618e-02
6.100434743713174096e-02
6.588041455827570170e-02
6.716335852437113618e-02
6.716335852437113618e-02
7.325965937515226123e-02
7.325965937515226123e-02
7.325965937515226123e-02
7.237023753254427649e-02
6.267586748775040573e-02
7.325965937515226123e-02
6.185136237377803631e-02
6.185136237377803631e-02
6.267586748775040573e-02
7.237023753254427649e-02
6.185136237377803631e-02
6.185136237377803631e-02
5.625505036561902900e-02
5.625505036561902900e-02
5.625505036561902900e-02
5.427789758351355548e-02
7.060498225243787285e-02
5.625505036561902900e-02
6.812631436653564243e-02
6.812631436653564243e-02
7.060498225243787285e-02
5.427789758351355548e-02
6.812631436653564243e-02
6.812631436653564243e-02
6.635343094323169211e-02
6.635343094323169211e-02
6.635343094323169211e-02
6.310593494123625802e-02
7.082596396596115007e-02
6.635343094323169211e-02
6.741573689107756284e-02
6.741573689107756284e-02
7.082596396596115007e-02
6.310593494123625802e-02
6.741573689107756284e-02
6.741573689107756284e-02
6.841312519716605256e-02
6.841312519716605256e-02
6.841312519716605256e-02
7.031969321345725443e-02
6.423909868239056908e-02
6.841312519716605256e-02
6.612073273755723901e-02
6.612073273755723901e-02
6.423909868239056908e-02
7.031969321345725443e-02
6.612073273755723901e-02
6.612073273755723901e-02
6.119673852076059489e-02
6.119673852076059489e-02
6.119673852076059489e-02
6.024166541169679451e-02
6.496102053905888907e-02
6.119673852076059489e-02
6.400201919052206367e-02
6.400201919052206367e-02
6.496102053905888907e-02
6.024166541169679451e-02
6.400201919052206367e-02
6.400201919052206367e-02
6.773726816546976615e-02
6.773726816546976615e-02
6.773726816546976615e-02
6.722231338229718578e-02
6.841059369268602530e-02
6.773726816546976615e-02
6.789240149028769045e-02
6.789240149028769045e-02
6.841059369268602530e-02
6.722231338229718578e-02
6.789240149028769045e-02
6.789240149028769045e-02
7.075156322435939560e-02
7.075156322435939560e-02
7.075156322435939560e-02
7.402291715127615190e-02
5.336482643031439932e-02
7.075156322435939560e-02
5.597597779976071913e-02
5.597597779976071913e-02
5.336482643031439932e-02
7.402291715127615190e-02
5.597597779976071913e-02
5.597597779976071913e-02
6.394022116328838823e-02
6.394022116328838823e-02
6.394022116328838823e-02
5.801915273979300208e-02
7.342737591379201734e-02
6.394022116328838823e-02
6.677939815114712629e-02
6.677939815114712629e-02
7.342737591379201734e-02
5.801915273979300208e-02
6.677939815114712629e-02
6.677939815114712629e-02
6.010405546460052123e-02
6.010405546460052123e-02
6.010405546460052123e-02
6.967698538574103317e-02
5.962992438270964257e-02
6.010405546460052123e-02
6.914087307390105741e-02
6.914087307390105741e-02
5.962992438270964257e-02
6.967698538574103317e-02
6.914087307390105741e-02
6.914087307390105741e-02
6.913602621479277011e-02
6.913602621479277011e-02
6.913602621479277011e-02
6.891998478373857762e-02
6.932355516782486016e-02
6.913602621479277011e-02
6.910763089734421605e-02
6.910763089734421605e-02
6.932355516782486016e-02
6.891998478373857762e-02
6.910763089734421605e-02
6.910763089734421605e-02
