2.455939923161729599e+00
2.450013732118754728e+00
2.460687373934636213e+00
2.447533796248957394e+00
1.849232098600029836e-02
2.455939923161729599e+00
2.068994347493974609e-02
1.623056450150092700e-02
1.826179104553271940e-02
2.446880721798457614e+00
1.821181017366063984e-02
1.821181017366063984e-02
2.070727433310858512e+00
2.329769374604625742e+00
2.107232070553500591e+00
2.075731564464475820e+00
2.401385616066164630e+00
2.070727433310858512e+00
2.414912513467501132e+00
2.465941537069323619e+00
2.467867818630175680e+00
2.347838100244403314e+00
2.469318841226644690e+00
2.469318841226644690e+00
2.433481613476351502e+00
2.440410037093017515e+00
2.424963107295603937e+00
2.453969588720015249e+00
2.424425577834977918e+00
2.433481613476351502e+00
2.440914303807662833e+00
2.453141007803960161e+00
2.423604702822021117e+00
2.453463455476662780e+00
2.447087042855228045e+00
2.447087042855228045e+00
2.444779235099853842e+00
2.356736416504346288e+00
2.440410534319223945e+00
2.419570372817170689e+00
2.450262330835832003e+00
2.444779235099853842e+00
2.421809156024189669e+00
2.314006108024999619e+00
2.360566170144372755e+00
2.279505586659666960e+00
2.300106263537556206e+00
2.300106263537556206e+00
2.439597796883115510e+00
2.382046801410455217e+00
2.430794937120459576e+00
2.445576586857461709e+00
2.464671481909510575e+00
2.439597796883115510e+00
2.469043860684326130e+00
2.446646718879587290e+00
2.420204439377190209e+00
2.378264309412425170e+00
2.438834675010119746e+00
2.438834675010119746e+00
2.361282065757619009e+00
2.444504765658828571e+00
2.369189635289145279e+00
2.365356636499172716e+00
2.287615677259572600e+00
2.361282065757619009e+00
2.305138962180777629e+00
2.416024667359737865e+00
2.418448352909306820e+00
2.449359568919540209e+00
2.420912837741778123e+00
2.420912837741778123e+00
7.068069903695098910e-01
1.053158239926170081e+00
7.226682602754737061e-01
6.817658252068566904e-01
2.328731411496202774e+00
7.068069903695098910e-01
2.309643514913716444e+00
2.389975824408155702e+00
2.407071562530163522e+00
1.041642702732666459e+00
2.393192783012827896e+00
2.393192783012827896e+00
2.443597510940956674e+00
2.357402267356628833e+00
2.437795370701640429e+00
2.455474184256675851e+00
2.443347169800659469e+00
2.443597510940956674e+00
2.450652709458499778e+00
2.386100019104895775e+00
2.342518347016953495e+00
2.375125542477631857e+00
2.374592282406410959e+00
2.374592282406410959e+00
2.457634414837291725e+00
2.411962964567439194e+00
2.455778379982207493e+00
2.467307381886358009e+00
2.465928379541783233e+00
2.457634414837291725e+00
2.472577174795002719e+00
2.445033702106275353e+00
2.425856543038261925e+00
2.428810576659505394e+00
2.442632450266680966e+00
2.442632450266680966e+00
2.090712862721946230e+00
2.281798161043814055e+00
2.236628814002939780e+00
2.109397471077481878e+00
2.093947868902866105e+00
2.090712862721946230e+00
2.251578730063345191e+00
2.294419767640369923e+00
2.364751760966459226e+00
2.370534785536873024e+00
2.371693208749536375e+00
2.371693208749536375e+00
2.433026300930031471e+00
2.460353405463286514e+00
2.440955249414937356e+00
2.420164489962077337e+00
2.236474508812499984e+00
2.433026300930031471e+00
2.248438259115750792e+00
2.326588368983411481e+00
2.357106596466877591e+00
2.458279999532118953e+00
2.346306238427055657e+00
2.346306238427055657e+00
2.112210732875587471e+00
1.984676162550671696e+00
2.111286850481001398e+00
2.126065956109742583e+00
2.449460796868058399e+00
2.112210732875587471e+00
2.456132844723134312e+00
2.438574955470410366e+00
2.428921145016513350e+00
2.000888792913008363e+00
2.438405890227060446e+00
2.438405890227060446e+00
2.422280182502982715e+00
2.140737300965577017e+00
2.428880832649538135e+00
2.420595713080171851e+00
2.094555667810122479e+00
2.422280182502982715e+00
2.120458946503179565e+00
1.234120206353803706e+00
1.300213807906306362e+00
2.161888178644356895e+00
1.292002431014305008e+00
1.292002431014305008e+00
2.464098113004383084e+00
2.473789260665152145e+00
2.465474661181873195e+00
2.449394222211787486e+00
2.466196167051967869e+00
2.464098113004383084e+00
2.454074774835385941e+00
2.465095896530939523e+00
2.476276528137440369e+00
2.464412652226246170e+00
2.466434300244975120e+00
2.466434300244975120e+00
2.310899685574927531e+00
2.455042175683839201e+00
2.286536222320079137e+00
2.347951113489041397e+00
2.330428435620831795e+00
2.310899685574927531e+00
2.345854150330681787e+00
2.468186675478641234e+00
2.454462853760216223e+00
2.459391775548364301e+00
2.463817669412750710e+00
2.463817669412750710e+00
2.438088123399542173e+00
2.413252483211317578e+00
2.428331229307623573e+00
2.424634690414797511e+00
2.415654695353679493e+00
2.438088123399542173e+00
2.381638295075996226e+00
2.357312841568115047e+00
2.364165408636187404e+00
2.378351254866877262e+00
2.335656198770766689e+00
2.335656198770766689e+00
1.622429851999699801e+00
1.700222384789051633e+00
1.479562244555849837e+00
1.671125283101758008e+00
2.410926444223817633e+00
1.622429851999699801e+00
2.423552447439161206e+00
2.447350454590425883e+00
2.401609201352544076e+00
1.612905256473081694e+00
2.433252733477009322e+00
2.433252733477009322e+00
2.372521053169939442e+00
2.376672279272267208e+00
2.412014987243586983e+00
2.340331965718126739e+00
2.356632018551926055e+00
2.372521053169939442e+00
2.375443598222906960e+00
2.326467424830017006e+00
2.404077493586251002e+00
2.392926610193080172e+00
2.379465308849428418e+00
2.379465308849428418e+00
2.400051716268698954e+00
2.382072952730053927e+00
2.295909985294759093e+00
2.386263790660730688e+00
2.447023432458788061e+00
2.400051716268698954e+00
2.374633277950247923e+00
2.428594415350837199e+00
2.369742316933514559e+00
2.230123122743052022e+00
2.352286459541322650e+00
2.352286459541322650e+00
2.455033596642812732e+00
2.455889612892904417e+00
2.457882707745749240e+00
2.458414837188137358e+00
2.380087662712293994e+00
2.455033596642812732e+00
2.390520715514246941e+00
2.385488530703062882e+00
2.389552110434439935e+00
2.461796391532238282e+00
2.392551256458677056e+00
2.392551256458677056e+00
2.477972704529897818e+00
2.473259004158258278e+00
2.470149117671901706e+00
2.450339169703000142e+00
2.483094664362695436e+00
2.477972704529897818e+00
2.447893107619889541e+00
2.453277784715242493e+00
2.472169619722855316e+00
2.418936997495980012e+00
2.436906785667116271e+00
2.436906785667116271e+00
2.369897484870103099e+00
2.313526359724040748e+00
2.388632585825121613e+00
2.393229314567371091e+00
2.038158492672774269e+00
2.369897484870103099e+00
2.121572010028506927e+00
1.910810088028084719e+00
1.949467109099011664e+00
2.368317170427135743e+00
1.981381578411705258e+00
1.981381578411705258e+00
2.444545091569017448e+00
2.463315209738235811e+00
2.425981750802991499e+00
2.462851505839153798e+00
2.396670313709290845e+00
2.444545091569017448e+00
2.406427423804626375e+00
2.453434416972625876e+00
2.408389710223591162e+00
2.467167623204980398e+00
2.437817476145024198e+00
2.437817476145024198e+00
2.250327657988483221e+00
2.277228060159985912e+00
2.360511177814204054e+00
2.243330894841550904e+00
2.402868656836912642e+00
2.250327657988483221e+00
2.443639130189684927e+00
2.408053333234849713e+00
2.453430579481021834e+00
2.372531360393187239e+00
2.450176023505915790e+00
2.450176023505915790e+00
2.444020507287203436e+00
2.461700455749540772e+00
2.426647661018475066e+00
2.430883563128281022e+00
2.465384554601421030e+00
2.444020507287203436e+00
2.443894326340705803e+00
2.470804634147721668e+00
2.468921079041165534e+00
2.437856069736063169e+00
2.461608621799388885e+00
2.461608621799388885e+00
2.404265081812642979e+00
2.418339852401393930e+00
2.413726796058889956e+00
2.405750382791567610e+00
1.206594944799495250e+00
2.404265081812642979e+00
1.275905074569404940e+00
1.311392982813269770e+00
1.376568248511857773e+00
2.427595820227995027e+00
1.378395611232061002e+00
1.378395611232061002e+00
2.380482533163933656e+00
2.335704372301214971e+00
2.343845453260405609e+00
2.379424368904022646e+00
2.440137424196217264e+00
2.380482533163933656e+00
2.419281950460767661e+00
2.414930831724516835e+00
2.390845844505143702e+00
2.284559279655698827e+00
2.388249773141546406e+00
2.388249773141546406e+00
2.452705044683945346e+00
2.438389133651807761e+00
2.468722087515595298e+00
2.455816692124387579e+00
2.434376555587612234e+00
2.452705044683945346e+00
2.459391019920703858e+00
2.420301044232719523e+00
2.443289756530146128e+00
2.461863440375577028e+00
2.447051123167742759e+00
2.447051123167742759e+00
2.471522524924986364e+00
2.464736707738476085e+00
2.467615293490052153e+00
2.480588932054269780e+00
2.445597708384806612e+00
2.471522524924986364e+00
2.457228760602120143e+00
2.453444379810770126e+00
2.423750141625074850e+00
2.472636358141144353e+00
2.447112483652532866e+00
2.447112483652532866e+00
1.951569594398906426e+00
1.940735554916304118e+00
2.152783101003555633e+00
1.941360071524568687e+00
2.402586772034215556e+00
1.951569594398906426e+00
2.438568128771839483e+00
2.392316348750211930e+00
2.441740018110007071e+00
2.137944738028999314e+00
2.437047534553747674e+00
2.437047534553747674e+00
2.307561899507970971e+00
2.365303857506413809e+00
2.227330759604780663e+00
2.313576110959111531e+00
2.362407543963477963e+00
2.307561899507970971e+00
2.309109833316904226e+00
2.407421962673881755e+00
2.362399710435727496e+00
2.313565716718009035e+00
2.366710326127198005e+00
2.366710326127198005e+00
2.425290618011889610e+00
2.423848544408765182e+00
2.436475023598785317e+00
2.413087747133765504e+00
2.389512111783757664e+00
2.425290618011889610e+00
2.400815733388838691e+00
2.381446870583522113e+00
2.404042341907496994e+00
2.424615619203790651e+00
2.398921411077440613e+00
2.398921411077440613e+00
2.360528677039516854e+00
2.372744544626746777e+00
2.230955624782803071e+00
2.359737542103835128e+00
2.453073251160128976e+00
2.360528677039516854e+00
2.404634564030338595e+00
2.456672181704347757e+00
2.414431880410998321e+00
2.252015261272902524e+00
2.413135970488117010e+00
2.413135970488117010e+00
2.358928226074533452e+00
2.368421698483212268e+00
2.405656784729762521e+00
2.351346904205261712e+00
2.212101291830252503e+00
2.358928226074533452e+00
2.292791406788031505e+00
2.216264865797763495e+00
2.316249644131839425e+00
2.407235060121045489e+00
2.306264650910795133e+00
2.306264650910795133e+00
2.421812590418492395e+00
2.408420016022654320e+00
2.412297804421441594e+00
2.398335125801608569e+00
2.285201418617193614e+00
2.421812590418492395e+00
2.239826077257454973e+00
2.229179134399152939e+00
2.222854017139883176e+00
2.366911571665917702e+00
2.199110983254984220e+00
2.199110983254984220e+00
2.460457352217337412e+00
2.455199509284538451e+00
2.472205990106220774e+00
2.477356999386422398e+00
2.462844115171733073e+00
2.460457352217337412e+00
2.485083370570496442e+00
2.475879369952330045e+00
2.470394839888159222e+00
2.481980031593209901e+00
2.483075595783136968e+00
2.483075595783136968e+00
2.455423777345763003e+00
2.438282094116115850e+00
2.443219869694472468e+00
2.455712593100209951e+00
2.295521811873005191e+00
2.455423777345763003e+00
2.244647303924674819e+00
2.224390229955186982e+00
2.157062396793143488e+00
2.422037665000795759e+00
2.157760082689610837e+00
2.157760082689610837e+00
2.371602226800999524e+00
2.354741945462922370e+00
2.391112180448955904e+00
2.386415299047186078e+00
2.445163303393627086e+00
2.371602226800999524e+00
2.459682951333849843e+00
2.445696268092425019e+00
2.447405790017163962e+00
2.390953048076610354e+00
2.454173188694381835e+00
2.454173188694381835e+00
2.423355898268848563e+00
2.445254006563793325e+00
2.370906497494216225e+00
2.441700514567372693e+00
2.389022261702707706e+00
2.423355898268848563e+00
2.357885932875583457e+00
2.439541021245791974e+00
2.366218391675333432e+00
2.429401174196675228e+00
2.397828472703465774e+00
2.397828472703465774e+00
1.780395833136312556e+00
1.885422552808502461e+00
1.961080678095402874e+00
1.672347671774336186e+00
2.439989464513510953e+00
1.780395833136312556e+00
2.417005762084280196e+00
2.402159299624903266e+00
2.466738155884132144e+00
1.966408014819029715e+00
2.432640402668325486e+00
2.432640402668325486e+00
2.415867525893459433e+00
2.433728398008748961e+00
2.407005519801578064e+00
2.425446127126777984e+00
1.841976645629532117e+00
2.415867525893459433e+00
1.806560942059624919e+00
1.967651644502460107e+00
1.908533801591395296e+00
2.435068457783053031e+00
1.922849074977673212e+00
1.922849074977673212e+00
2.400964107301702732e+00
2.429060222349318288e+00
2.423589790451287751e+00
2.388788970877005369e+00
2.434943334198956144e+00
2.400964107301702732e+00
2.443599935526228784e+00
2.447668715266845041e+00
2.464342946909833021e+00
2.438519461947596501e+00
2.459774556956176195e+00
2.459774556956176195e+00
2.185556561244794249e+00
1.956952076046015065e+00
2.074770678972503113e+00
2.195155483708562283e+00
2.428851593149824240e+00
2.185556561244794249e+00
2.410503537855751777e+00
2.380338634433248224e+00
2.313299976128859292e+00
1.808214976306911304e+00
2.332511146314736550e+00
2.332511146314736550e+00
2.432479643701826344e+00
2.427609582726264037e+00
2.466109991675588198e+00
2.411118303112764316e+00
2.401891918671798187e+00
2.432479643701826344e+00
2.434497412596334343e+00
2.362092152817548918e+00
2.446843273470660218e+00
2.451926904150268705e+00
2.429767065967114448e+00
2.429767065967114448e+00
2.480855087605386533e+00
2.477721620794080426e+00
2.466946341262627129e+00
2.476544377357467130e+00
2.474979273525516721e+00
2.480855087605386533e+00
2.447328299711223565e+00
2.464406661444065616e+00
2.449902981154164827e+00
2.453006881535983119e+00
2.438849926775480181e+00
2.438849926775480181e+00
2.326962906858561997e+00
2.322868616274192277e+00
2.365493559477789720e+00
2.336990601353572838e+00
2.340461643450789442e+00
2.326962906858561997e+00
2.383461497389636641e+00
2.346160263721039030e+00
2.373154539477788649e+00
2.370355389324648954e+00
2.380637389938944359e+00
2.380637389938944359e+00
2.378442042313575033e+00
2.404128982484381005e+00
2.362472586544037689e+00
2.359017851248796482e+00
2.251375201519569824e+00
2.378442042313575033e+00
2.202612780491468580e+00
2.288348076783121243e+00
2.276673069512086034e+00
2.373976773563085452e+00
2.261843514290879487e+00
2.261843514290879487e+00
2.412460932493372123e+00
2.416068101790554756e+00
2.433102457007370045e+00
2.460181415421796913e+00
2.443409298989790202e+00
2.412460932493372123e+00
2.480645172841195567e+00
2.475595359588876221e+00
2.458691328566303014e+00
2.470987998757375070e+00
2.481464134248078768e+00
2.481464134248078768e+00
2.470642363579266476e+00
2.465973624209767845e+00
2.467921636338207492e+00
2.452406795941360684e+00
2.473322232777238838e+00
2.470642363579266476e+00
2.452698345319336948e+00
2.449844661164899851e+00
2.466209734121605379e+00
2.439853682981634186e+00
2.445238343195398123e+00
2.445238343195398123e+00
5.661892500887682339e-02
2.287510815987312818e-01
3.722449301768271379e-02
6.213935078371825987e-02
3.043417418939295405e-01
5.661892500887682339e-02
2.327897977871638824e-01
1.015507557261813298e+00
7.102370489146853094e-01
1.700389806830816253e-01
7.766320734368803436e-01
7.766320734368803436e-01
2.444009871845454374e+00
2.451636002414827153e+00
2.443936912536564865e+00
2.443235805559826002e+00
2.432586675872160153e+00
2.444009871845454374e+00
2.431569244891409021e+00
2.440925720374045316e+00
2.441655765495525543e+00
2.450901187463258690e+00
2.440848855062574430e+00
2.440848855062574430e+00
2.419519979684201516e+00
2.286429277279503847e+00
2.429419578732400442e+00
2.408727880286776202e+00
2.447865336298800099e+00
2.419519979684201516e+00
2.448154660459872289e+00
2.340630243010176859e+00
2.375942281974745995e+00
2.287499367107409753e+00
2.359731712405302773e+00
2.359731712405302773e+00
2.430750404138608989e+00
2.376967136414291915e+00
2.429130233076695955e+00
2.451151419733576642e+00
2.417546332715889257e+00
2.430750404138608989e+00
2.440407978122964838e+00
2.396191032160992052e+00
2.350817649805072129e+00
2.410613343436698308e+00
2.393795543268458559e+00
2.393795543268458559e+00
2.409652038676731056e+00
2.458323657817429453e+00
2.433534624581396244e+00
2.361176912390709592e+00
2.402994774240556630e+00
2.409652038676731056e+00
2.389772459676816396e+00
2.430416406232015269e+00
2.467187318579467714e+00
2.452495077998004369e+00
2.448913010852029171e+00
2.448913010852029171e+00
2.071628500045845644e+00
2.291272727133604636e+00
2.097694573992336498e+00
2.083071870571008066e+00
2.397460892393177279e+00
2.071628500045845644e+00
2.411831173419765495e+00
2.457332158415485246e+00
2.457051804870927114e+00
2.310955189112736452e+00
2.460366867820026560e+00
2.460366867820026560e+00
2.461998033297041921e+00
2.368911986353283261e+00
2.454438379139651794e+00
2.466896884531966982e+00
2.377035950767902417e+00
2.461998033297041921e+00
2.360058414093168633e+00
2.124490178037625743e+00
2.043067961178594238e+00
2.362903917215273264e+00
2.060717561772570150e+00
2.060717561772570150e+00
2.451315947729317823e+00
2.416232558736890912e+00
2.449242990306199630e+00
2.461228264095419060e+00
2.426846654883841214e+00
2.451315947729317823e+00
2.439196398769966301e+00
2.399919034692402864e+00
2.369871091628519277e+00
2.430261349265814275e+00
2.395743455599690375e+00
2.395743455599690375e+00
2.353667135024579249e+00
2.399197712358300816e+00
2.372877444423250548e+00
2.317848893611883287e+00
2.391457969993547650e+00
2.353667135024579249e+00
2.382389109877353750e+00
2.406817358091956738e+00
2.435608335298349747e+00
2.390570295471501350e+00
2.419266263928823602e+00
2.419266263928823602e+00
2.425436716881480770e+00
2.460613448420502003e+00
2.428539422776534007e+00
2.434284510959218828e+00
2.414742269349758885e+00
2.425436716881480770e+00
2.428007301904144821e+00
2.460316259454224941e+00
2.456768197732634995e+00
2.466809922220962736e+00
2.461988555058074901e+00
2.461988555058074901e+00
2.401038218031828819e+00
2.343898213144363751e+00
2.379436463295768522e+00
2.401833235106359599e+00
2.331090957840254330e+00
2.401038218031828819e+00
2.296944840354910422e+00
2.239751460950385464e+00
2.185425303656068685e+00
2.312259419217577605e+00
2.187510243091386197e+00
2.187510243091386197e+00
2.155175218743961008e+00
1.583450185824375467e+00
2.162152621888075554e+00
2.138317718848958826e+00
2.477903839995189816e+00
2.155175218743961008e+00
2.473048747748761045e+00
2.402977255736743256e+00
2.423641494109586958e+00
1.564926134272519809e+00
2.405173069403898634e+00
2.405173069403898634e+00
2.424371859178443334e+00
2.442139663348549039e+00
2.400690629905103179e+00
2.447418161330418673e+00
1.896933240764850703e+00
2.424371859178443334e+00
1.807488940355877816e+00
2.050106992409276518e+00
1.893736097987147149e+00
2.447057910477321574e+00
1.936552799392765145e+00
1.936552799392765145e+00
2.396609445665501159e+00
2.474972470056460594e+00
2.405787458040722360e+00
2.333899330823865359e+00
2.403837960329123113e+00
2.396609445665501159e+00
2.358393207407643910e+00
2.461830035860065102e+00
2.478891039284881526e+00
2.462691295017967796e+00
2.465288078136028016e+00
2.465288078136028016e+00
2.381963684847010931e+00
2.331287830115643889e+00
2.411396375128817660e+00
2.385847023292437363e+00
2.380067536991524957e+00
2.381963684847010931e+00
2.412952105102617928e+00
2.334153392264231019e+00
2.370713787334416178e+00
2.376920716671750533e+00
2.374949019827893970e+00
2.374949019827893970e+00
