-3.559532073326821319e+03
-3.123346768911627350e+03
-4.008478142358680543e+03
-3.547348600076405546e+03
-2.680196247438421153e+01
-3.664290750180957275e+03
-3.469599918127568827e+01
-2.130013355277338505e+01
-2.693642639389648252e+01
-3.609187198179648931e+03
-2.609472402011925496e+01
-2.686270382895592945e+01
-2.772484858724461901e+03
-8.801576922659192860e+03
-3.139510063479078326e+03
-2.779184860680920337e+03
-3.215201167184557562e+03
-2.293407426548669264e+03
-2.976205710093412563e+03
-7.706237054677464585e+03
-8.581925683467356066e+03
-8.164526455186977728e+03
-1.038073234176917504e+04
-8.586971564771825797e+03
-6.358243493337220571e+03
-7.136249694572437875e+03
-5.591510092031112436e+03
-6.411774834837099661e+03
-6.334581724383094297e+03
-9.217966762599524372e+03
-8.159705642062045627e+03
-1.039986566704980760e+04
-9.067381630709389356e+03
-9.179091558083828204e+03
-6.314973659841746667e+03
-9.155235618785600309e+03
-5.931780281438109341e+03
-2.129106993272667296e+03
-5.471431431813335621e+03
-5.870615890781050439e+03
-5.945083944485043503e+03
-5.071913856141298311e+03
-4.642637761235636390e+03
-1.787465990858090436e+03
-1.684931026638305184e+03
-1.627071393691675439e+03
-1.920114099340958091e+03
-1.641775798118170542e+03
-8.397508355489484529e+03
-4.104623245186870008e+03
-7.268648712423345387e+03
-8.418088362091160889e+03
-8.483816221393068190e+03
-1.108987294321625814e+04
-9.750127342842211874e+03
-5.567630437806253212e+03
-4.784365326838946203e+03
-4.701456255050706204e+03
-3.650719927121317596e+03
-4.821194386377389492e+03
-3.370119897296437557e+03
-9.021822918023348393e+03
-3.600160360846637104e+03
-3.375935293994775293e+03
-3.264980166114182339e+03
-1.209696248059917934e+03
-1.257332423260943642e+03
-3.200632096029819877e+03
-3.411110182454374808e+03
-3.454709031095368573e+03
-9.512772314765137708e+03
-3.414586224974130801e+03
-1.695502370979927264e+03
-4.656566532097101117e+03
-1.788619345033836225e+03
-1.635433136402631817e+03
-5.586206253425826617e+03
-1.089844389573669332e+03
-3.674430077977018755e+03
-6.792533386330566827e+03
-7.058438796378381085e+03
-3.054488025775324786e+03
-1.091770220867475837e+04
-7.017740996896020988e+03
-2.553157026683847562e+03
-9.469180361533341284e+02
-2.301783786444485031e+03
-2.565566194639653986e+03
-2.552895461414380406e+03
-8.056085046203476850e+03
-7.301222191502667556e+03
-3.024223280947268449e+03
-2.683043017720576245e+03
-2.720390220665488869e+03
-8.619601151319601513e+02
-2.719779442221622958e+03
-1.073055092924664859e+04
-4.985731548303867385e+03
-1.026114736415151492e+04
-1.077278514639883724e+04
-1.076676413090496317e+04
-7.275221334901979390e+03
-7.004559023646888818e+03
-3.426630654601834976e+03
-3.253490728341016165e+03
-3.257452595346509497e+03
-4.831905043263785046e+03
-3.275990104400084874e+03
-8.340153323073785714e+02
-1.845767548941873429e+03
-1.488840574696487238e+03
-8.414688904331878803e+02
-8.353058226483066164e+02
-1.732694599339040678e+03
-3.113790611420313780e+03
-3.855854550602610743e+03
-6.631441792794561479e+03
-6.647659051391431603e+03
-3.201348302269459509e+03
-6.650907602141242933e+03
-4.315263629449811560e+03
-7.447675124739039347e+03
-4.931362102464554482e+03
-4.292451666809844937e+03
-3.966655478562273856e+03
-4.789699264771765229e+03
-5.041838790791020983e+03
-7.817064508311323152e+03
-9.020900924675222996e+03
-9.408102439715656146e+03
-8.090110847912168538e+03
-8.979566790710177884e+03
-6.148419391216437361e+03
-4.085689680270403187e+03
-6.128266233866725088e+03
-6.188750463242824480e+03
-7.130118234455117090e+03
-3.899295009396318619e+03
-4.521315824426133986e+03
-3.183716906315718461e+03
-3.162102132624203023e+03
-2.604866251914109398e+03
-5.005481561000286092e+03
-3.174449891677313644e+03
-1.274438241273710446e+04
-2.182193872348794230e+03
-1.401262285825223989e+04
-1.273551988616320341e+04
-1.102012005388863872e+04
-1.398314687274159951e+04
-1.342237039201257903e+04
-1.380300175910265352e+03
-1.594592294790334336e+03
-2.651356423768279001e+03
-1.444149298098358486e+03
-1.584521798505811830e+03
-3.818361275395429402e+03
-5.269708191388674095e+03
-3.976478262109182197e+03
-3.795576157017315836e+03
-3.821612415553650408e+03
-4.449494110556478518e+03
-4.612320522828523281e+03
-6.119152902129016184e+03
-6.397873900906814924e+03
-6.367221596451578080e+03
-5.468553522010281995e+03
-6.372444861684227362e+03
-5.482057955655210435e+02
-2.577868047824190398e+03
-4.756036519816755685e+02
-5.569953625221854736e+02
-5.528385254162119509e+02
-3.360046918782068701e+02
-2.990679139138196660e+02
-1.588478894494722454e+03
-1.385046886263891793e+03
-1.387828263771746379e+03
-2.268375028419145110e+03
-1.390325783954792314e+03
-8.209473753853671951e+03
-5.746816202546116983e+03
-7.022098809171889116e+03
-8.164173666491163203e+03
-8.133936435500025254e+03
-5.846308331020986770e+03
-4.904573116411419505e+03
-3.997681267734598350e+03
-3.443197172893202605e+03
-3.463857599383743946e+03
-4.776684460004764333e+03
-3.401676038013446941e+03
-4.406392513478456749e+03
-5.309668700605217055e+03
-3.144792593170889177e+03
-4.538645493651528341e+03
-6.547887553524274153e+03
-2.193306230909951410e+03
-2.564054675507336924e+03
-3.804292925081651902e+03
-2.921605948109905057e+03
-1.962131719180463506e+03
-5.946897175784574756e+03
-2.960100942058953024e+03
-1.847723708764803860e+03
-1.914569425346742719e+03
-2.764859072770307193e+03
-1.822654788946894769e+03
-1.835349299722632395e+03
-1.992236673989790688e+03
-2.935902441276006357e+03
-2.020703964245122052e+03
-3.073408029817017905e+03
-3.059152576466802202e+03
-2.821286802011125019e+03
-3.041943450824329830e+03
-8.154281421926226358e+03
-6.811278107820425248e+03
-3.621286977350675443e+03
-8.107436337351653492e+03
-8.313869896661391977e+03
-7.555059648011637364e+03
-3.470218632878508743e+03
-6.433995441093705267e+03
-2.914538998723290661e+03
-2.742821768739825984e+03
-3.122530966182117027e+03
-2.893070091845884235e+03
-4.553695399916324277e+03
-4.645448221558825935e+03
-4.875911932989458364e+03
-4.559967061346257651e+03
-4.414682656853040498e+03
-8.321492158811568515e+03
-8.666114875764116732e+03
-8.245810419260618801e+03
-8.834066827459408159e+03
-9.101150689884021631e+03
-4.840254458173267267e+03
-8.845154535606774516e+03
-3.804141419649292857e+03
-3.121619762856143552e+03
-2.780503655016938865e+03
-3.761718888434903874e+03
-3.812004564999564991e+03
-8.422177344644538607e+03
-6.100430403226359886e+03
-6.855274623711576169e+03
-5.065199552401577421e+03
-4.956131852464807707e+03
-2.255222955331460525e+03
-4.992949942241104509e+03
-5.820511608697316660e+03
-3.882962647955944703e+03
-6.916929148164529579e+03
-5.877815009571021619e+03
-5.005754570694915856e+03
-2.055826623514427411e+03
-2.169936763524579419e+03
-1.132743587956241981e+03
-1.362581142018159198e+03
-1.655336630035918688e+03
-3.920931511940846121e+03
-1.384887778452303564e+03
-4.566949881054162688e+03
-6.994520693364024737e+03
-3.363704767738527153e+03
-4.601150304176595455e+03
-4.477509227328426277e+03
-2.892885975805311773e+03
-2.113528847611985384e+03
-4.412833025996214928e+03
-3.214933193744502205e+03
-3.293395189616985135e+03
-5.137375440697572230e+03
-3.254215997967152816e+03
-3.148197177093390565e+03
-3.613697839548314278e+03
-6.243703184018612774e+03
-3.138408740325185590e+03
-3.361601274163813741e+03
-5.862129821130321034e+03
-1.203557284043943764e+04
-7.115491721332771704e+03
-1.370669064515678292e+04
-1.325472734986506293e+04
-7.351274095484283862e+03
-1.368850827133654275e+04
-7.410249292886709554e+03
-1.099269461677337131e+04
-5.560157169468693610e+03
-7.370418190457705350e+03
-7.475024901778429921e+03
-6.522819931942706717e+03
-4.929074008136291013e+03
-9.712028213539782882e+03
-7.333834541423498194e+03
-7.241557133204405545e+03
-8.306925840918433096e+03
-7.312113170109655584e+03
-3.496074978409043979e+03
-4.141777502279214787e+03
-3.912749396233442440e+03
-3.498234775025110139e+03
-1.754526332182983197e+03
-4.823465491266970275e+03
-2.853584410125919476e+03
-3.098708511441855535e+03
-3.626111463785671731e+03
-6.394694227970991051e+03
-2.631714939355937986e+03
-3.630925043435926909e+03
-2.974491292788291048e+03
-2.089566748274497513e+03
-2.202689186644848178e+03
-2.973169081709824695e+03
-3.049032043025143594e+03
-5.627963949349803443e+03
-4.301791309553877909e+03
-4.087725046196936546e+03
-3.043722814092543103e+03
-2.908412190445562828e+03
-1.606921512923092450e+03
-3.040417824080512673e+03
-8.408084127971473208e+03
-6.377781071048259946e+03
-1.293165487251441846e+04
-8.418751123382327933e+03
-8.345252488841202648e+03
-2.098574652288141351e+03
-3.215413717186881058e+03
-1.580022806014986600e+03
-2.437244619283229895e+03
-2.455772348502229306e+03
-9.780021604667213978e+03
-2.440996679624879107e+03
-1.843346661591139491e+04
-1.479923427041366995e+04
-1.614151117465381139e+04
-1.850108700433936610e+04
-1.824011040110953763e+04
-1.700867679404552473e+04
-1.483118457017027686e+04
-1.359278478075015846e+04
-1.177726277757028038e+04
-1.201480616466418542e+04
-1.288685489728831453e+04
-1.189078291169283875e+04
-8.376648634663193889e+02
-8.124485316694459698e+02
-1.618463419879061576e+03
-8.332826684325714268e+02
-1.031253267184614970e+03
-2.170430357068697504e+03
-4.750212760423191867e+03
-2.594918128435326707e+03
-4.638962154248242769e+03
-4.061793906817099924e+03
-1.786939514634834040e+03
-4.630047096352861445e+03
-1.820223630840749138e+03
-2.718593002265261021e+03
-1.196082934020473431e+03
-1.824967689843705330e+03
-1.863486322128853089e+03
-1.624187033153126322e+03
-1.106451700223469743e+03
-2.468998144421510005e+03
-1.649404277445560410e+03
-1.615308862615062708e+03
-1.851857440082242647e+03
-1.652413906988151211e+03
-6.302204635975586825e+03
-6.175693527935692146e+03
-7.492019840240501253e+03
-6.270495038433265108e+03
-6.209232904610850710e+03
-5.172198385791968576e+03
-6.058686166690208665e+03
-4.979707423767313230e+03
-5.948579684904195346e+03
-5.999486350416387722e+03
-7.232767723237727296e+03
-5.935908416776986087e+03
-2.364807836659611439e+03
-2.618533071383998958e+03
-1.086159091028767989e+03
-2.364015267556785602e+03
-2.457520175318942165e+03
-3.489921761258734932e+03
-1.727712318886868843e+03
-4.001051327675431821e+03
-1.910987323390849042e+03
-1.782436958065128465e+03
-1.294210168228584052e+03
-1.909961629746321478e+03
-2.494663988044817870e+03
-2.691599715328318325e+03
-3.885423637115293332e+03
-2.486646427171199321e+03
-2.339388443292970351e+03
-1.861130681657856485e+03
-2.762702162343022792e+03
-1.879048176775758293e+03
-2.999224668907301293e+03
-3.117038266779606147e+03
-4.002837552235962448e+03
-2.986295476208535092e+03
-5.684679425191679911e+03
-4.803499948909308841e+03
-5.023132527457873948e+03
-5.629571172558389662e+03
-5.364014349511330693e+03
-7.812832723164640811e+03
-6.410037331944330617e+03
-6.110448373073510993e+03
-5.405269107676654130e+03
-5.755570946305229882e+03
-3.890908151921914850e+03
-5.347533652900502602e+03
-8.395930835777518951e+03
-7.376242159283971887e+03
-1.209452465543725521e+04
-8.453598272546058070e+03
-8.404075295858665413e+03
-7.161146772348936793e+03
-1.036952434842405091e+04
-6.344414969902401936e+03
-9.075689114116055862e+03
-9.118250568886272958e+03
-1.069521349346793613e+04
-9.122275431564818064e+03
-7.898566189035139359e+03
-5.625137198078608890e+03
-6.125355414074559121e+03
-7.899495246729366954e+03
-7.384196217669687940e+03
-1.036487371441639880e+04
-7.384695725052199123e+03
-6.734043262069204502e+03
-5.089493544489107990e+03
-5.714690997746386529e+03
-3.879709973734730283e+03
-5.091139703576312968e+03
-4.088576339815862866e+03
-3.566754263235495728e+03
-4.906784123744308090e+03
-4.114113664760709980e+03
-4.215393591836108499e+03
-1.818123060582706785e+03
-2.244539717977154851e+03
-1.647341176472322331e+03
-1.962247364031859206e+03
-1.916985460788406954e+03
-4.424883227758033172e+03
-1.967673235895809512e+03
-5.526626606679373253e+03
-7.863390564782487672e+03
-3.129537964419846048e+03
-5.568462741684212233e+03
-5.448326432327747170e+03
-4.165056704357346462e+03
-2.345575322659503399e+03
-5.912277200729476135e+03
-3.319130762568293449e+03
-3.407758218879614560e+03
-4.462999670918737138e+03
-3.363470707146894711e+03
-2.048868988995924610e+03
-2.691012557234550968e+03
-3.332340062789222429e+03
-1.924527804292853261e+03
-2.807925436733904917e+03
-4.705042205335495055e+03
-9.431502273747295476e+03
-7.873324754737584044e+03
-1.193811192640944500e+04
-9.516696742984526281e+03
-5.126738617408669597e+03
-1.177309125189707993e+04
-1.125488978661369219e+04
-1.450379141869246087e+04
-1.009804372081634574e+04
-1.129951396407187531e+04
-8.581283499147886687e+03
-5.819271693414419133e+03
-3.918683287669913170e+03
-6.062964653518295563e+03
-5.295765055298478728e+03
-6.756783890981830154e+03
-1.031921505734044513e+04
-5.335486816837563310e+03
-3.786689516849589836e+02
-5.394418033909713586e+02
-5.008226485781053725e+02
-3.767487454925628754e+02
-3.840279981567984464e+02
-3.856190553098560486e+03
-5.142256553381825142e+03
-5.535511309147620523e+03
-7.302256227687797036e+03
-7.225736965576753391e+03
-7.157353015835072938e+02
-7.288719331765325478e+03
-3.680827432788882561e+03
-1.719447703885771944e+03
-2.445530305384238545e+03
-3.696993556217748392e+03
-4.090575248780992752e+03
-5.019559171788990170e+03
-3.874635396089157439e+03
-2.852119040142137237e+03
-1.939904704316998732e+03
-1.516346680132776783e+03
-1.434339800363081167e+03
-1.956014953659318053e+03
-4.669270938413491422e+03
-4.337520746924142259e+03
-9.641998994111307184e+03
-4.628266736353132728e+03
-4.610556212506251541e+03
-2.522727762324930609e+03
-5.142629869678597970e+03
-2.280241630718812303e+03
-4.811106434572736362e+03
-4.821102125158575291e+03
-8.842644016840329641e+03
-4.777530335650029883e+03
-1.137273649188691525e+04
-9.746887490100391005e+03
-6.478754542693145595e+03
-1.135297533292708795e+04
-1.134580058356258996e+04
-1.484925053618677157e+04
-8.391964025535029577e+03
-1.265800825594217167e+04
-7.208918740538650127e+03
-7.218052067777883167e+03
-5.496253598064121434e+03
-7.176394770624888224e+03
-3.867414433147327600e+03
-3.765009127882277880e+03
-5.154736076758303170e+03
-3.884080470369877276e+03
-3.889849345441014520e+03
-3.805594761308066609e+03
-5.110867617114682616e+03
-3.741975062754179362e+03
-4.962752826283952345e+03
-4.956899229266732618e+03
-5.059272227744345400e+03
-4.978401001173958321e+03
-1.760865823584380678e+03
-2.272482176534096652e+03
-1.535469586524447777e+03
-1.746485235960950376e+03
-1.666792622184292895e+03
-7.114325037432614636e+02
-5.783890130580956566e+02
-8.739211409326741204e+02
-7.632935287197072967e+02
-7.959162573043178099e+02
-1.876921141208549670e+03
-7.583216670652078619e+02
-6.867152165727278771e+03
-7.183447010111352029e+03
-9.161926267609071147e+03
-7.002990144812308245e+03
-6.955247744457311455e+03
-6.780832381416567841e+03
-9.223534599852982865e+03
-7.267912983504375006e+03
-9.548696328442600134e+03
-9.596452290381112107e+03
-9.759818397635637666e+03
-9.637137932915458805e+03
-5.571014712127088387e+03
-4.789306789145569383e+03
-5.083372332969393938e+03
-5.529895601934392289e+03
-5.577057509315610332e+03
-2.632217814025242205e+03
-2.386998862821060811e+03
-2.248072415483738041e+03
-2.067273276638434254e+03
-2.045180605668264661e+03
-4.338120004660342602e+03
-2.049694238069304902e+03
-4.401100727711307314e+01
-7.585298600710751771e+02
-1.896735271014253854e+01
-4.830214312808900701e+01
-2.365708394343941734e+02
-4.389040835715271527e+01
-1.182905864699717284e+02
-3.358157016505765114e+03
-1.539569864703684516e+03
-3.685908681962472997e+02
-1.688119114716087779e+03
-1.683493332335844798e+03
-8.776691988936763664e+03
-1.022205292622251181e+04
-8.764661160105853924e+03
-8.773912236920928990e+03
-8.735670111839695892e+03
-7.821286652191568464e+03
-7.771039698935118395e+03
-9.069514600857519326e+03
-9.060061683782751061e+03
-9.094367950253224990e+03
-1.016342907413204739e+04
-9.057067544150480899e+03
-3.431820149829176898e+03
-1.159039729156413841e+03
-3.950479325559811059e+03
-3.416512756427996010e+03
-3.472024887463445793e+03
-7.225940110067273963e+03
-8.382160157430453182e+03
-2.498292017662828584e+03
-2.907356133258388127e+03
-2.799131681455171929e+03
-1.371371559011677164e+03
-2.887519835374012928e+03
-4.730189136996612433e+03
-2.548066276364503210e+03
-4.615037085685338752e+03
-4.769889084052761064e+03
-4.704494291856800373e+03
-1.006664394276480562e+04
-9.867179609694690953e+03
-5.466573386403535551e+03
-5.235991624734903780e+03
-5.369174966742042670e+03
-2.505306430134741277e+03
-5.331716569730828269e+03
-3.671521046774241768e+03
-8.275870811641827459e+03
-5.107700728363765847e+03
-3.597660819842097681e+03
-3.661377554643826898e+03
-1.577863565719215558e+03
-2.155598591084926738e+03
-3.516241991819431405e+03
-4.916957072757668357e+03
-4.887676314179808287e+03
-1.135649267984933431e+04
-4.880537468152245310e+03
-2.832813830710978436e+03
-7.085356151024708197e+03
-3.093921676154106535e+03
-2.848461876822002978e+03
-3.278367899654680969e+03
-2.083511175151121734e+03
-2.616325442918414410e+03
-5.588902892300141502e+03
-6.027509676033754658e+03
-5.669113176874657256e+03
-8.206267562403481861e+03
-6.035642013318115460e+03
-5.934846697674477582e+03
-1.615205651564511982e+03
-4.909923545378674135e+03
-5.946655777405973822e+03
-5.730038680728034706e+03
-1.027690432176819013e+04
-8.175195682159573153e+03
-2.508340184361590673e+03
-2.001775245338817285e+03
-2.315146954713653486e+03
-1.165998965628531778e+03
-2.019068127528970535e+03
-9.668801707857626752e+03
-5.468708081850607414e+03
-9.255270121706711507e+03
-9.707899165489785446e+03
-9.572286715298805575e+03
-7.027340481100543002e+03
-6.699190647642374643e+03
-3.947852716985112693e+03
-3.734848043863947623e+03
-3.830021336791918202e+03
-5.194816143934896900e+03
-3.775622138416686994e+03
-2.073117448181162672e+03
-3.120352657127871225e+03
-2.428624436853501265e+03
-2.041568627988689286e+03
-2.106403735009773754e+03
-3.811478831540433475e+03
-4.482985693489309597e+03
-5.755066968352180993e+03
-6.767385041596248811e+03
-6.642245973623033933e+03
-3.656179418150594302e+03
-6.721978279050709716e+03
-1.156797200732006559e+03
-2.251462786757183494e+03
-1.210489068407642662e+03
-1.161017101977231050e+03
-1.151696549421681993e+03
-5.197509288704052778e+03
-5.437556061580426103e+03
-1.011463840956770036e+04
-1.055533543752685728e+04
-1.059847901551820178e+04
-2.354267689150369733e+03
-1.057776434340598280e+04
-1.185293636188622077e+04
-7.162696928433317225e+03
-9.535129987385691493e+03
-1.185686103360542074e+04
-1.150763555929481481e+04
-1.756268425840551572e+03
-1.363854410056610732e+03
-1.014150938833115902e+03
-8.032752042706209750e+02
-8.498943680167859611e+02
-5.426421794931423392e+03
-8.040415448762664710e+02
-1.121003878586133760e+04
-2.288896556399814472e+03
-1.151801776251280717e+04
-1.112235532234890707e+04
-1.288869596884541352e+04
-1.307046273307032789e+04
-1.536059088626315497e+04
-4.050002288109804795e+03
-4.183510413572229481e+03
-2.701259569582363838e+03
-3.560696515826585255e+03
-4.151631586911479644e+03
-2.662504776108890383e+03
-3.529638748775216300e+03
-1.981742373726746337e+03
-2.687814791698691806e+03
-2.083258718902819510e+03
-3.628432011666685412e+03
-2.033364519208111915e+03
-4.037986685476373168e+03
-2.803674879132443039e+03
-3.622867409392413265e+03
-2.103821750294928734e+03
-2.867064973594834100e+03
-2.966751980446835660e+03
-1.301191286456496891e+04
-3.281572192403318695e+03
-2.889123413248724773e+03
-2.975700126016726699e+03
-2.094169262332818107e+03
-2.270761182860106146e+03
-9.136069186309108773e+03
-1.013676745181812294e+04
-1.007052289414688312e+04
-1.428167617101968244e+04
-1.008114174998742783e+04
-3.980386840465520891e+03
-2.673436207360390654e+03
-5.451976032293995559e+03
-3.986876103649331071e+03
-3.977218277477107677e+03
-4.101443937297106459e+03
-5.621413517424985002e+03
-2.758130556656922636e+03
-3.790179171658073756e+03
-3.800102501256105370e+03
-3.684880506006112682e+03
-3.796950250507687542e+03
