3.268606164421817423e-02
3.268606164421817423e-02
3.268606164421817423e-02
3.345369254737007303e-02
1.558576288515094350e-04
3.268606164421817423e-02
1.900789208285123095e-04
1.900789208285123095e-04
1.558576288515094350e-04
3.345369254737007303e-02
1.900789208285123095e-04
1.900789208285123095e-04
2.322350649605325890e-02
2.322350649605325890e-02
2.322350649605325890e-02
2.220204008457261902e-02
3.370872834760964276e-02
2.322350649605325890e-02
3.329584180015518480e-02
3.329584180015518480e-02
3.370872834760964276e-02
2.220204008457261902e-02
3.329584180015518480e-02
3.329584180015518480e-02
3.828119460909584770e-02
3.828119460909584770e-02
3.828119460909584770e-02
3.514048417991270934e-02
3.947275275981437792e-02
3.828119460909584770e-02
3.624715602731303637e-02
3.624715602731303637e-02
3.947275275981437792e-02
3.514048417991270934e-02
3.624715602731303637e-02
3.624715602731303637e-02
3.695727717987053185e-02
3.695727717987053185e-02
3.695727717987053185e-02
4.079081775792477854e-02
3.646097463352750145e-02
3.695727717987053185e-02
4.025375863927113662e-02
4.025375863927113662e-02
3.646097463352750145e-02
4.079081775792477854e-02
4.025375863927113662e-02
4.025375863927113662e-02
4.006199330112064638e-02
4.006199330112064638e-02
4.006199330112064638e-02
3.134716819955018358e-02
3.776116187044854106e-02
4.006199330112064638e-02
3.490030485706492602e-02
3.490030485706492602e-02
3.776116187044854106e-02
3.134716819955018358e-02
3.490030485706492602e-02
3.490030485706492602e-02
3.955621486006987569e-02
3.955621486006987569e-02
3.955621486006987569e-02
3.939954553263072534e-02
4.186523176212583741e-02
3.955621486006987569e-02
4.170639406461325999e-02
4.170639406461325999e-02
4.186523176212583741e-02
3.939954553263072534e-02
4.170639406461325999e-02
4.170639406461325999e-02
2.484567296459439922e-03
2.484567296459439922e-03
2.484567296459439922e-03
3.661330877558065678e-03
2.912303281410130382e-02
2.484567296459439922e-03
3.902573387796760829e-02
3.902573387796760829e-02
2.912303281410130382e-02
3.661330877558065678e-03
3.902573387796760829e-02
3.902573387796760829e-02
3.656942787590208854e-02
3.656942787590208854e-02
3.656942787590208854e-02
3.538117934618260907e-02
3.664323819386491182e-02
3.656942787590208854e-02
3.545419694998477173e-02
3.545419694998477173e-02
3.664323819386491182e-02
3.538117934618260907e-02
3.545419694998477173e-02
3.545419694998477173e-02
3.775849846157402351e-02
3.775849846157402351e-02
3.775849846157402351e-02
3.478007070652869986e-02
3.603730244580531650e-02
3.775849846157402351e-02
3.320458616905838656e-02
3.320458616905838656e-02
3.603730244580531650e-02
3.478007070652869986e-02
3.320458616905838656e-02
3.320458616905838656e-02
4.172189144525612070e-02
4.172189144525612070e-02
4.172189144525612070e-02
4.152569449460291606e-02
4.168487452986285868e-02
4.172189144525612070e-02
4.148864647285869373e-02
4.148864647285869373e-02
4.168487452986285868e-02
4.152569449460291606e-02
4.148864647285869373e-02
4.148864647285869373e-02
3.645688003462341231e-02
3.645688003462341231e-02
3.645688003462341231e-02
3.749613610763938287e-02
2.473051307396826812e-02
3.645688003462341231e-02
2.820942094184271387e-02
2.820942094184271387e-02
2.473051307396826812e-02
3.749613610763938287e-02
2.820942094184271387e-02
2.820942094184271387e-02
1.571304051613081620e-02
1.571304051613081620e-02
1.571304051613081620e-02
1.377433123005130690e-02
3.719544216120082569e-02
1.571304051613081620e-02
3.618696278452986081e-02
3.618696278452986081e-02
3.719544216120082569e-02
1.377433123005130690e-02
3.618696278452986081e-02
3.618696278452986081e-02
3.953929646483336779e-02
3.953929646483336779e-02
3.953929646483336779e-02
4.013205979355714131e-02
1.169248874392435356e-02
3.953929646483336779e-02
1.197483245009155380e-02
1.197483245009155380e-02
1.169248874392435356e-02
4.013205979355714131e-02
1.197483245009155380e-02
1.197483245009155380e-02
3.028333425233731280e-02
3.028333425233731280e-02
3.028333425233731280e-02
3.353342688452244647e-02
2.899099169193060724e-02
3.028333425233731280e-02
3.204589508261998509e-02
3.204589508261998509e-02
2.899099169193060724e-02
3.353342688452244647e-02
3.204589508261998509e-02
3.204589508261998509e-02
4.038665120765547872e-02
4.038665120765547872e-02
4.038665120765547872e-02
3.831854688222877808e-02
3.969100016098097566e-02
4.038665120765547872e-02
3.765023067921734190e-02
3.765023067921734190e-02
3.969100016098097566e-02
3.831854688222877808e-02
3.765023067921734190e-02
3.765023067921734190e-02
3.669844777722867935e-02
3.669844777722867935e-02
3.669844777722867935e-02
3.846524547044109787e-02
3.869631889604628616e-02
3.669844777722867935e-02
4.053957398319403549e-02
4.053957398319403549e-02
3.869631889604628616e-02
3.846524547044109787e-02
4.053957398319403549e-02
4.053957398319403549e-02
7.967690525371285901e-03
7.967690525371285901e-03
7.967690525371285901e-03
5.405418675537956678e-03
4.156677950486921402e-02
7.967690525371285901e-03
3.861962459790240637e-02
3.861962459790240637e-02
4.156677950486921402e-02
5.405418675537956678e-03
3.861962459790240637e-02
3.861962459790240637e-02
3.337924438835565555e-02
3.337924438835565555e-02
3.337924438835565555e-02
3.543095615953660571e-02
3.504260992885818021e-02
3.337924438835565555e-02
3.720097404960880788e-02
3.720097404960880788e-02
3.504260992885818021e-02
3.543095615953660571e-02
3.720097404960880788e-02
3.720097404960880788e-02
4.135969345109637152e-02
4.135969345109637152e-02
4.135969345109637152e-02
4.187022827888867843e-02
3.640763155896284409e-02
4.135969345109637152e-02
3.692479803780024383e-02
3.692479803780024383e-02
3.640763155896284409e-02
4.187022827888867843e-02
3.692479803780024383e-02
3.692479803780024383e-02
3.841077264871545216e-02
3.841077264871545216e-02
3.841077264871545216e-02
3.774638968255557281e-02
3.011756746893041667e-02
3.841077264871545216e-02
2.813169695239100057e-02
2.813169695239100057e-02
3.011756746893041667e-02
3.774638968255557281e-02
2.813169695239100057e-02
2.813169695239100057e-02
3.045243633698336075e-02
3.045243633698336075e-02
3.045243633698336075e-02
3.778528570875740178e-02
2.631025004521521382e-02
3.045243633698336075e-02
3.236278560108560298e-02
3.236278560108560298e-02
2.631025004521521382e-02
3.778528570875740178e-02
3.236278560108560298e-02
3.236278560108560298e-02
4.099779783173508607e-02
4.099779783173508607e-02
4.099779783173508607e-02
3.977635700235405275e-02
2.031408431697272893e-02
4.099779783173508607e-02
1.728081291405567793e-02
1.728081291405567793e-02
2.031408431697272893e-02
3.977635700235405275e-02
1.728081291405567793e-02
1.728081291405567793e-02
3.053312470901139997e-02
3.053312470901139997e-02
3.053312470901139997e-02
2.720219705226549836e-02
3.879978060374107696e-02
3.053312470901139997e-02
3.427467789215409705e-02
3.427467789215409705e-02
3.879978060374107696e-02
2.720219705226549836e-02
3.427467789215409705e-02
3.427467789215409705e-02
2.890289834855197526e-02
2.890289834855197526e-02
2.890289834855197526e-02
3.033240791213422452e-02
3.930763429988073238e-02
2.890289834855197526e-02
3.970860847148856981e-02
3.970860847148856981e-02
3.930763429988073238e-02
3.033240791213422452e-02
3.970860847148856981e-02
3.970860847148856981e-02
3.890991349629586982e-02
3.890991349629586982e-02
3.890991349629586982e-02
4.038257845330712331e-02
3.331468718961991954e-02
3.890991349629586982e-02
3.464229189806394132e-02
3.464229189806394132e-02
3.331468718961991954e-02
4.038257845330712331e-02
3.464229189806394132e-02
3.464229189806394132e-02
3.777538725741035053e-02
3.777538725741035053e-02
3.777538725741035053e-02
3.765378044925230677e-02
6.608194741222168239e-03
3.777538725741035053e-02
6.499902190539002221e-03
6.499902190539002221e-03
6.608194741222168239e-03
3.765378044925230677e-02
6.499902190539002221e-03
6.499902190539002221e-03
2.692714339606620474e-02
2.692714339606620474e-02
2.692714339606620474e-02
2.756292051702491711e-02
3.508949310874850264e-02
2.692714339606620474e-02
3.537149720923839225e-02
3.537149720923839225e-02
3.508949310874850264e-02
2.756292051702491711e-02
3.537149720923839225e-02
3.537149720923839225e-02
3.468357923660326386e-02
3.468357923660326386e-02
3.468357923660326386e-02
3.435580900756413092e-02
3.928507152093167754e-02
3.468357923660326386e-02
3.894658940293660443e-02
3.894658940293660443e-02
3.928507152093167754e-02
3.435580900756413092e-02
3.894658940293660443e-02
3.894658940293660443e-02
3.691944835934775349e-02
3.691944835934775349e-02
3.691944835934775349e-02
3.363090632817971465e-02
4.160818050600916668e-02
3.691944835934775349e-02
3.747761276677421399e-02
3.747761276677421399e-02
4.160818050600916668e-02
3.363090632817971465e-02
3.747761276677421399e-02
3.747761276677421399e-02
1.638784074213101363e-02
1.638784074213101363e-02
1.638784074213101363e-02
1.760047880826061048e-02
3.755756968792558353e-02
1.638784074213101363e-02
3.815152224672957448e-02
3.815152224672957448e-02
3.755756968792558353e-02
1.760047880826061048e-02
3.815152224672957448e-02
3.815152224672957448e-02
3.999121683331555849e-02
3.999121683331555849e-02
3.999121683331555849e-02
4.000028198619150210e-02
3.585849593359517057e-02
3.999121683331555849e-02
3.584141453693976548e-02
3.584141453693976548e-02
3.585849593359517057e-02
4.000028198619150210e-02
3.584141453693976548e-02
3.584141453693976548e-02
3.749024035571679736e-02
3.749024035571679736e-02
3.749024035571679736e-02
3.924200540124010705e-02
3.125459317161403960e-02
3.749024035571679736e-02
3.623574544622876897e-02
3.623574544622876897e-02
3.125459317161403960e-02
3.924200540124010705e-02
3.623574544622876897e-02
3.623574544622876897e-02
3.040383841816744412e-02
3.040383841816744412e-02
3.040383841816744412e-02
3.079482980921667210e-02
3.682305703790728774e-02
3.040383841816744412e-02
3.694113812584641499e-02
3.694113812584641499e-02
3.682305703790728774e-02
3.079482980921667210e-02
3.694113812584641499e-02
3.694113812584641499e-02
3.086825672275236854e-02
3.086825672275236854e-02
3.086825672275236854e-02
3.111956117327392343e-02
4.107799554132755132e-02
3.086825672275236854e-02
4.134333921003249118e-02
4.134333921003249118e-02
4.107799554132755132e-02
3.111956117327392343e-02
4.134333921003249118e-02
4.134333921003249118e-02
3.827494100144092359e-02
3.827494100144092359e-02
3.827494100144092359e-02
4.068999618283296316e-02
2.192560756828769788e-02
3.827494100144092359e-02
2.788852294109983240e-02
2.788852294109983240e-02
2.192560756828769788e-02
4.068999618283296316e-02
2.788852294109983240e-02
2.788852294109983240e-02
3.802741773920382401e-02
3.802741773920382401e-02
3.802741773920382401e-02
3.334234495016164673e-02
3.721264343626137783e-02
3.802741773920382401e-02
3.262592998704064856e-02
3.262592998704064856e-02
3.721264343626137783e-02
3.334234495016164673e-02
3.262592998704064856e-02
3.262592998704064856e-02
3.892114514981068196e-02
3.892114514981068196e-02
3.892114514981068196e-02
3.887890501307456059e-02
2.046743789754178200e-02
3.892114514981068196e-02
2.035835905979715629e-02
2.035835905979715629e-02
2.046743789754178200e-02
3.887890501307456059e-02
2.035835905979715629e-02
2.035835905979715629e-02
3.955171892590557403e-02
3.955171892590557403e-02
3.955171892590557403e-02
3.762564296979265671e-02
2.984333633615098361e-02
3.955171892590557403e-02
2.871927929248139708e-02
2.871927929248139708e-02
2.984333633615098361e-02
3.762564296979265671e-02
2.871927929248139708e-02
2.871927929248139708e-02
3.584016534967608691e-02
3.584016534967608691e-02
3.584016534967608691e-02
3.399868910258248278e-02
4.010566042901801687e-02
3.584016534967608691e-02
3.810995559106297725e-02
3.810995559106297725e-02
4.010566042901801687e-02
3.399868910258248278e-02
3.810995559106297725e-02
3.810995559106297725e-02
5.758896858674702850e-03
5.758896858674702850e-03
5.758896858674702850e-03
1.133772094916593413e-02
3.507021697760720480e-02
5.758896858674702850e-03
4.117011921199065227e-02
4.117011921199065227e-02
3.507021697760720480e-02
1.133772094916593413e-02
4.117011921199065227e-02
4.117011921199065227e-02
4.138868512234349789e-02
4.138868512234349789e-02
4.138868512234349789e-02
4.064429307752756571e-02
9.948018772818147462e-03
4.138868512234349789e-02
8.902868047440186741e-03
8.902868047440186741e-03
9.948018772818147462e-03
4.064429307752756571e-02
8.902868047440186741e-03
8.902868047440186741e-03
3.549741055342094803e-02
3.549741055342094803e-02
3.549741055342094803e-02
3.686553832004482029e-02
3.048123741557844102e-02
3.549741055342094803e-02
3.161246724924694079e-02
3.161246724924694079e-02
3.048123741557844102e-02
3.686553832004482029e-02
3.161246724924694079e-02
3.161246724924694079e-02
2.010126932894551466e-02
2.010126932894551466e-02
2.010126932894551466e-02
1.806915861545510538e-02
3.883511108252014205e-02
2.010126932894551466e-02
3.787222777916636474e-02
3.787222777916636474e-02
3.883511108252014205e-02
1.806915861545510538e-02
3.787222777916636474e-02
3.787222777916636474e-02
3.529264481390668312e-02
3.529264481390668312e-02
3.529264481390668312e-02
3.700868383191337208e-02
3.880896713274317039e-02
3.529264481390668312e-02
4.061960833025384660e-02
4.061960833025384660e-02
3.880896713274317039e-02
3.700868383191337208e-02
4.061960833025384660e-02
4.061960833025384660e-02
3.138235499928225536e-02
3.138235499928225536e-02
3.138235499928225536e-02
3.313478309249005826e-02
3.532179863553265575e-02
3.138235499928225536e-02
3.732857134201121585e-02
3.732857134201121585e-02
3.532179863553265575e-02
3.313478309249005826e-02
3.732857134201121585e-02
3.732857134201121585e-02
4.221555727737450608e-02
4.221555727737450608e-02
4.221555727737450608e-02
4.208940563497139825e-02
4.191662772455997943e-02
4.221555727737450608e-02
4.178942385415582161e-02
4.178942385415582161e-02
4.191662772455997943e-02
4.208940563497139825e-02
4.178942385415582161e-02
4.178942385415582161e-02
3.741673996432093308e-02
3.741673996432093308e-02
3.741673996432093308e-02
3.851547078732726892e-02
3.584247088819363797e-02
3.741673996432093308e-02
4.019280436079920166e-02
4.019280436079920166e-02
3.584247088819363797e-02
3.851547078732726892e-02
4.019280436079920166e-02
4.019280436079920166e-02
4.037018217284715077e-02
4.037018217284715077e-02
4.037018217284715077e-02
3.225829141606090245e-02
3.580389933163670435e-02
4.037018217284715077e-02
2.870254337789455643e-02
2.870254337789455643e-02
3.580389933163670435e-02
3.225829141606090245e-02
2.870254337789455643e-02
2.870254337789455643e-02
3.225109916808006905e-02
3.225109916808006905e-02
3.225109916808006905e-02
3.649347710503001579e-02
3.067364905357609570e-02
3.225109916808006905e-02
3.468036157725803287e-02
3.468036157725803287e-02
3.067364905357609570e-02
3.649347710503001579e-02
3.468036157725803287e-02
3.468036157725803287e-02
9.874431762680916606e-04
9.874431762680916606e-04
9.874431762680916606e-04
4.840417702598247772e-04
3.474614965294440735e-03
9.874431762680916606e-04
1.758433003735300265e-03
1.758433003735300265e-03
3.474614965294440735e-03
4.840417702598247772e-04
1.758433003735300265e-03
1.758433003735300265e-03
3.795633750825710973e-02
3.795633750825710973e-02
3.795633750825710973e-02
3.808508884481894702e-02
3.917437707766664029e-02
3.795633750825710973e-02
3.930652083105104500e-02
3.930652083105104500e-02
3.917437707766664029e-02
3.808508884481894702e-02
3.930652083105104500e-02
3.930652083105104500e-02
4.122908534294193739e-02
4.122908534294193739e-02
4.122908534294193739e-02
4.194839249300876677e-02
3.896628701330551864e-02
4.122908534294193739e-02
3.967191971168613357e-02
3.967191971168613357e-02
3.896628701330551864e-02
4.194839249300876677e-02
3.967191971168613357e-02
3.967191971168613357e-02
4.131057727719811279e-02
4.131057727719811279e-02
4.131057727719811279e-02
3.922402279852972573e-02
4.204149900364503173e-02
4.131057727719811279e-02
3.994080413812388375e-02
3.994080413812388375e-02
4.204149900364503173e-02
3.922402279852972573e-02
3.994080413812388375e-02
3.994080413812388375e-02
3.477118297105684375e-02
3.477118297105684375e-02
3.477118297105684375e-02
3.829299096199775820e-02
3.545877694783283046e-02
3.477118297105684375e-02
3.903870214229072932e-02
3.903870214229072932e-02
3.545877694783283046e-02
3.829299096199775820e-02
3.903870214229072932e-02
3.903870214229072932e-02
2.482278218751155993e-02
2.482278218751155993e-02
2.482278218751155993e-02
2.332277555720975448e-02
3.643034797725492463e-02
2.482278218751155993e-02
3.595110437975848616e-02
3.595110437975848616e-02
3.643034797725492463e-02
2.332277555720975448e-02
3.595110437975848616e-02
3.595110437975848616e-02
3.269824802501605787e-02
3.269824802501605787e-02
3.269824802501605787e-02
3.154902797041725382e-02
3.284789790703745993e-02
3.269824802501605787e-02
2.890772041389902750e-02
2.890772041389902750e-02
3.284789790703745993e-02
3.154902797041725382e-02
2.890772041389902750e-02
2.890772041389902750e-02
3.856793173575342321e-02
3.856793173575342321e-02
3.856793173575342321e-02
3.668032468459357653e-02
4.116759155521491909e-02
3.856793173575342321e-02
3.918539706793883193e-02
3.918539706793883193e-02
4.116759155521491909e-02
3.668032468459357653e-02
3.918539706793883193e-02
3.918539706793883193e-02
3.976512902085276718e-02
3.976512902085276718e-02
3.976512902085276718e-02
4.087332168032203894e-02
3.733897610913951975e-02
3.976512902085276718e-02
3.843267590370514492e-02
3.843267590370514492e-02
3.733897610913951975e-02
4.087332168032203894e-02
3.843267590370514492e-02
3.843267590370514492e-02
3.557060426519209617e-02
3.557060426519209617e-02
3.557060426519209617e-02
3.501546802054876506e-02
3.775859318832798517e-02
3.557060426519209617e-02
3.720117365449095159e-02
3.720117365449095159e-02
3.775859318832798517e-02
3.501546802054876506e-02
3.720117365449095159e-02
3.720117365449095159e-02
2.742730890748375575e-02
2.742730890748375575e-02
2.742730890748375575e-02
2.674754399737627741e-02
1.865007080411151125e-02
2.742730890748375575e-02
1.817341962690713006e-02
1.817341962690713006e-02
1.865007080411151125e-02
2.674754399737627741e-02
1.817341962690713006e-02
1.817341962690713006e-02
1.020687878052823142e-02
1.020687878052823142e-02
1.020687878052823142e-02
1.267345410300365662e-02
3.101830536262024582e-02
1.020687878052823142e-02
3.253603709611092160e-02
3.253603709611092160e-02
3.101830536262024582e-02
1.267345410300365662e-02
3.253603709611092160e-02
3.253603709611092160e-02
3.716525355116137574e-02
3.716525355116137574e-02
3.716525355116137574e-02
3.372363253000468936e-02
1.388949055966274583e-02
3.716525355116137574e-02
9.551020692122311195e-03
9.551020692122311195e-03
1.388949055966274583e-02
3.372363253000468936e-02
9.551020692122311195e-03
9.551020692122311195e-03
3.484956448055731570e-02
3.484956448055731570e-02
3.484956448055731570e-02
4.049974775546198030e-02
3.465989354744998530e-02
3.484956448055731570e-02
4.018813247420499613e-02
4.018813247420499613e-02
3.465989354744998530e-02
4.049974775546198030e-02
4.018813247420499613e-02
4.018813247420499613e-02
4.018531523734830690e-02
4.018531523734830690e-02
4.018531523734830690e-02
4.005974115554804954e-02
4.029431644129819606e-02
4.018531523734830690e-02
4.016881045908132775e-02
4.016881045908132775e-02
4.029431644129819606e-02
4.005974115554804954e-02
4.016881045908132775e-02
4.016881045908132775e-02
