-1.596337398491001750e+03
-1.296983600741721375e+03
-3.848149835098272433e+03
-3.972894377062163585e+03
-5.124436210971481160e+03
-1.406067495838018885e+03
-1.181224015797457650e+04
-4.344439349030914855e+03
-4.446892316913078503e+03
-2.164893222314746254e+03
-3.509618380713743591e+03
-2.196429536083625408e+03
-1.652594272920495996e+03
-2.028859906938826498e+03
-3.402313540130302499e+03
-3.139954946981023568e+03
-2.612201921133591441e+03
-4.666803487812896492e+03
-4.584667195545789582e+03
-3.919689196599150819e+03
-2.194653625876074329e+03
-2.194653625876074329e+03
-2.638126276160096040e+03
-1.553820542066853704e+03
-2.208553669439800160e+03
-5.099367736671281818e+03
-5.214275748613402357e+03
-4.613835790403339161e+03
-2.134300056473600762e+03
-2.134300056473600762e+03
-9.266702837687893407e+03
-2.285777588835996539e+03
-7.879909837059039091e+03
-8.401707684139557387e+03
-2.445000145216746205e+03
-1.904213036315780755e+03
-2.909193378776322788e+03
-2.713409404714334414e+03
-2.203310117687745787e+03
-1.767924497471427230e+03
-5.725988954093098982e+03
-2.734071006094580298e+03
-4.194760180061512074e+03
-5.860192629965268679e+03
-6.344945395585998085e+03
-7.825420213224834697e+03
-5.438507544189279770e+02
-5.768966731448615519e+02
-1.537352638271098613e+03
-1.541556143829541952e+03
-1.491752987348261058e+03
-4.440839264769771944e+03
-1.537352638271098613e+03
-4.209348250696370087e+03
-8.575232228550989021e+03
-2.939064840753744647e+03
-2.206165617171598115e+03
-1.189797967473125937e+03
-1.313342145799337004e+03
-5.796636603734091295e+03
-7.071584240369364124e+03
-9.015731643493198135e+03
-5.831676598919105345e+03
-8.595324413210813873e+03
-8.156894823101589282e+03
-8.595324413210813873e+03
-2.660196046539470899e+03
-2.476232252304382200e+03
-1.767800442419297497e+03
-1.264027219274106301e+03
-1.801550125160864582e+03
-4.487099632843080144e+03
-2.116293273304769173e+03
-2.231569502394310348e+03
-1.565382553763478199e+03
-5.067380708455531931e+03
-3.482544669975415673e+03
-3.577094311131143058e+02
-2.305931688548653710e+03
-4.740512241686831658e+03
-7.146465858163477606e+03
-7.206500089528738499e+03
-1.323705623564551024e+04
-7.167119244897972749e+03
-8.762133616401233667e+03
-3.160806877172222357e+03
-3.661715083882674662e+03
-3.109299729147970538e+03
-2.990392898124495332e+03
-1.330175381051377371e+03
-3.530518693472393807e+03
-6.797013094811392875e+03
-5.852702422194537576e+03
-6.545917580135263961e+03
-6.545917580135263961e+03
-5.218280036989070140e+03
-2.626225506464473256e+03
-6.840639477933182206e+02
-2.466921650127811063e+03
-6.839879969651705096e+02
-2.011750996280799654e+03
-1.342272603346409824e+03
-2.246346871808302240e+03
-2.011750996280799654e+03
-3.973532300005728302e+03
-6.869604702515087411e+03
-1.950762688296749729e+03
-2.954307216149658416e+03
-2.942288060578615841e+03
-1.118955773559020827e+03
-3.429450605114912833e+03
-5.088215497761125334e+03
-5.969620389979323591e+03
-3.311717043371419550e+03
-2.769106000917467554e+03
-9.508668441941974379e+03
-9.644432179430521501e+03
-2.008257014784263674e+03
-1.604018985023612004e+03
-2.641352064853859702e+03
-2.998688508837637983e+03
-1.802004028430653989e+03
-3.136995098622814112e+03
-4.658297448894077206e+03
-3.182017364985115819e+03
-1.315099992293288597e+04
-7.510949295870390415e+03
-7.593688345284325806e+03
-7.957184538783600146e+03
-1.869282899480545439e+03
-7.970962215798390389e+03
-8.146416433811837123e+03
-7.246256714797254972e+03
-7.931460070300015104e+03
-7.970962215798390389e+03
-7.048881545549569637e+03
-7.048881545549569637e+03
-1.019110156561834515e+03
-1.069015125001321167e+03
-1.060993969096328783e+03
-1.108575302868835479e+03
-2.252150226111451957e+03
-2.218001661638576024e+03
-1.981685310573224342e+03
-6.569197243108977773e+02
-2.330658184141741913e+03
-5.569727271304631358e+03
-1.539737223647427754e+03
-1.848212209266022455e+03
-2.224958671377861265e+03
-4.503533073611051805e+03
-5.876515960164776516e+03
-9.295403164857105367e+03
-2.925000354108867214e+03
-1.948382758690413993e+03
-2.474874062094351302e+03
-2.154852125681101370e+03
-3.746491001056722325e+03
-9.105227895249287030e+03
-9.124734099680606960e+03
-1.587439377589410924e+03
-6.026998544585321724e+02
-1.587439377589410924e+03
-3.518535943843226050e+03
-3.629181561877052445e+03
-3.355364580480299537e+03
-2.724458589114771257e+03
-2.273368084253753750e+03
-2.804200539175068116e+03
-2.934623960820799311e+03
-2.454005511518484127e+03
-2.478068746059618661e+03
-2.525021287510034654e+03
-2.830956843144155300e+03
-2.454005511518484127e+03
-4.952479714493598294e+03
-3.500770975590686703e+03
-5.030589437627127154e+03
-5.858275730932565239e+03
-5.404952616290605874e+03
-8.238176626517266413e+03
-8.931607223958219038e+03
-6.330507282246305294e+03
-4.772659910640880298e+03
-5.255840131500112875e+03
-6.083820824377565259e+03
-3.797179034399233387e+03
-1.702182905995341571e+03
-2.523555392452566139e+03
-6.029458900990277471e+03
-3.199526731337525689e+03
-1.730260799041214341e+03
-1.443829753953796853e+03
-1.626692708371508388e+03
-1.859411523941968198e+03
-1.730260799041214341e+03
-5.672710694319803224e+03
-2.458321289719091965e+03
-4.784418067054072708e+03
-4.784418067054072708e+03
-2.774505956543993307e+03
-5.848374146316114093e+03
-4.212397473525938040e+03
-4.682537362918291365e+03
-7.400126545072732370e+03
-7.419516784741392257e+03
-6.464284973652552253e+03
-8.116168398114059528e+03
-8.128970247184584878e+03
-8.150451850348129483e+03
-8.150451850348129483e+03
-8.379305894092971130e+02
-1.065551284297360326e+03
-1.220129446794126807e+03
-1.884253079986377770e+02
-1.198646039975640178e+02
-6.485102644146277271e+02
-1.024214510611768958e+02
-5.335134515659182398e+03
-2.549013902722427702e+03
-1.214646922467461764e+03
-1.264364710339234080e+03
-2.383798298812474059e+03
-2.373195689200697871e+03
-4.223121727693480352e+03
-7.595875333946307364e+03
-1.917873356673924036e+03
-6.609600879823932701e+03
-8.981370665672284304e+03
-2.530248659882686297e+03
-2.144400975777683925e+03
-3.230230934987459477e+03
-5.730773640040085411e+03
-2.736270420311438102e+03
-2.350852584329593810e+03
-3.230230934987459477e+03
-3.396331531563188037e+03
-3.820363571006404072e+03
-4.768632405315573124e+03
-4.852885471266418790e+03
-4.508504205003762763e+03
-3.789813459084308761e+03
-1.932067154312672756e+03
-6.108730820284217771e+03
-3.316631573669916634e+03
-8.828912076349290146e+03
-8.509776436469132022e+03
-8.721732519807479548e+03
-8.721732519807479548e+03
-1.143131886574225746e+03
-1.849265016937692053e+03
-1.445934859607929184e+03
-1.445934859607929184e+03
-1.711745680112389437e+03
-2.247205500756853780e+03
-4.982988027737835182e+03
-1.547166575617218086e+03
-1.244057089990812756e+03
-1.547166575617218086e+03
-2.334751213380866830e+03
-3.681728899031291348e+03
-2.937860909700522825e+03
-2.937860909700522825e+03
-4.105712680753452332e+03
-4.153343738851010130e+03
-4.105712680753452332e+03
-3.729690468246801174e+03
-1.081208840392013371e+04
-2.288416899955497229e+03
-1.908071318941744039e+03
-4.456806712654074545e+03
-2.301676623180664592e+03
-3.031003801103782735e+03
-2.947794884030488447e+03
-3.468878540055538906e+03
-3.618244182949908463e+03
-3.383415717578626754e+03
-3.290141817651027850e+03
-4.636531360954033516e+03
-3.595958552625331322e+03
-3.461388510641910216e+03
-3.515083480854911159e+03
-5.510565114170434754e+03
-1.911387220121955806e+03
-5.528833018421393717e+03
-5.344495093851554884e+03
-2.161681364220756677e+03
-1.926420792711985996e+03
-2.143655607760576004e+03
-1.636335924589893011e+03
-1.965961710465070610e+03
-1.869191261216816201e+03
-3.813677398333139081e+03
-2.844431842882976525e+03
