1.270462245911031518e-01
1.948957263935623407e-01
3.290719967511265831e-01
3.358803510113652080e-01
4.435864675521663525e-01
1.264370163987919016e-01
5.130005205026215709e-01
9.182920614456018260e-01
9.182920614456018260e-01
9.028748836495089636e-01
9.028748836495089636e-01
9.028748836495089636e-01
1.388099530288795791e-01
8.878924844708549480e-02
5.775204199104592151e-01
8.878924844708549480e-02
6.915215552941978983e-01
7.045062233792855899e-01
6.915215552941978983e-01
6.284429049316464511e-01
6.284429049316464511e-01
6.284429049316464511e-01
1.454143159045948319e-01
1.536895545597045665e-01
1.536895545597045665e-01
4.933770530585477876e-01
4.933770530585477876e-01
1.741578814809669473e-01
1.741578814809669473e-01
1.741578814809669473e-01
3.329327032072377235e-01
8.021511512186499937e-01
2.701210011004850919e-01
8.021511512186499937e-01
2.241713478227466694e-01
2.241713478227466694e-01
3.228464505684778829e-01
1.388811950247677007e-01
3.228464505684778829e-01
1.388811950247677007e-01
8.258939558181052076e-01
5.247475173677207394e-01
5.247475173677207394e-01
7.247020595543317567e-01
1.937736092225521289e-01
4.223658290200154042e-01
3.568502180886399394e-02
7.778218035144085496e-02
2.030385904979574163e-01
2.030385904979574163e-01
1.328550798800217370e-01
6.063432724944204377e-01
2.030385904979574163e-01
3.967510989137328914e-01
3.967510989137328914e-01
1.328550798800217370e-01
2.578259295785518268e-01
5.070933744665987453e-01
2.578259295785518268e-01
1.599231931994013201e-01
2.617960663700153456e-01
2.197374776776229166e-01
2.617960663700153456e-01
1.096626946000695213e+00
5.198978347987038839e-01
1.096626946000695213e+00
7.027934810363585250e-01
3.331860578786243754e-01
2.851661122509069890e-01
2.851661122509069890e-01
4.061017072865367172e-01
2.712220126438446566e-01
5.642320355767700413e-01
5.642320355767700413e-01
4.088586470537997619e-01
2.845919155960382474e-01
2.845919155960382474e-01
2.123294006465446457e-02
5.296744793820157282e-01
4.554171085909578531e-01
4.554171085909578531e-01
5.859360005822313866e-01
8.529203002820302526e-01
4.554171085909578531e-01
1.097360420008979709e+00
3.303109790901888609e-01
3.303109790901888609e-01
3.303109790901888609e-01
2.452603549648740278e-01
1.006915463176799308e-01
2.452603549648740278e-01
5.398799498204722713e-01
5.205554199120171477e-01
5.205554199120171477e-01
5.205554199120171477e-01
7.937676636964691168e-01
7.937676636964691168e-01
7.238398466335066450e-02
2.713106355689414717e-01
7.238398466335066450e-02
4.575957153812382910e-02
4.575957153812382910e-02
9.657238516828357822e-02
4.575957153812382910e-02
9.657238516828357822e-02
1.687695551031581365e-01
4.567245312589034434e-01
7.039537840135998703e-01
7.039537840135998703e-01
9.748975964844477926e-02
8.529443374228962149e-01
2.827645806651706284e-01
2.827645806651706284e-01
2.955826490451494704e-01
7.006077461302316900e-01
5.893714953621572716e-01
5.893714953621572716e-01
2.115259536703966159e-01
1.083945142595383049e-01
1.957315324791844557e-01
1.957315324791844557e-01
1.821519774954167836e-01
3.583435730476322023e-01
5.264946993752227522e-01
3.583435730476322023e-01
7.133288890104763080e-01
7.133288890104763080e-01
7.133288890104763080e-01
4.606569772616588704e-02
6.701820534389875128e-01
3.326509069839524435e-01
3.326509069839524435e-01
3.326509069839524435e-01
3.326509069839524435e-01
3.326509069839524435e-01
3.008954884154286802e-01
3.008954884154286802e-01
4.514310019465095913e-01
4.514310019465095913e-01
3.134432239099846917e-01
4.586212365987962780e-01
3.184356376351481499e-01
3.184356376351481499e-01
5.465181835073905647e-01
1.412263709243876120e-01
5.465181835073905647e-01
3.829660340013077424e-01
9.896267828127797150e-02
4.920319333791717265e-02
6.431093494236170272e-02
3.728376121349653571e-01
3.822827930284342091e-01
7.263630884717607872e-01
4.119571921629866518e-01
4.119571921629866518e-01
1.886305766067557232e-01
2.951835068149511465e-01
5.903665668198405658e-01
5.903665668198405658e-01
5.903665668198405658e-01
1.498879792833475721e-01
1.498879792833475721e-01
1.498879792833475721e-01
1.860886976032447571e-01
1.860886976032447571e-01
1.498632844732546709e-01
1.439786120870379382e-01
1.159506621260157355e-01
1.159506621260157355e-01
1.498632844732546709e-01
6.260399252148748372e-01
6.260399252148748372e-01
9.085704379215757687e-01
7.326343888303047391e-01
6.260399252148748372e-01
1.063270760674705828e+00
1.063270760674705828e+00
9.085704379215757687e-01
1.063270760674705828e+00
1.079890721440233570e+00
1.419513149394699136e-01
1.419513149394699136e-01
9.118543938582553965e-01
5.608942750165801794e-01
5.608942750165801794e-01
5.092492787517657327e-01
3.650819078443516275e-01
1.379740090386331330e-01
2.198685895562096926e-01
3.026161232105172294e-01
1.899005210492323292e-01
8.104394364725728273e-02
8.104394364725728273e-02
8.104394364725728273e-02
3.706975602475244824e-01
8.104394364725728273e-02
7.263307915108364599e-01
3.706975602475244824e-01
7.263307915108364599e-01
7.263307915108364599e-01
4.559599555995727527e-01
5.096992507826300089e-01
2.471415912765846379e-01
2.762696205311679920e-01
4.448979073337935852e-01
4.461375746298855138e-01
4.451048675297363255e-01
4.451048675297363255e-01
4.438680697817194432e-01
4.451048675297363255e-01
4.451048675297363255e-01
5.477302365854335164e-01
5.477302365854335164e-01
5.477302365854335164e-01
8.181708698502745958e-02
5.169352375253073034e-02
3.460659263032656585e-01
5.169352375253073034e-02
2.867932277543099873e-01
2.867932277543099873e-01
7.610438520946398444e-02
1.177432510851307984e-01
3.227658970511417258e-01
2.997342387055939583e-01
6.697726376970190021e-01
2.674807841739184622e-01
2.674807841739184622e-01
2.674807841739184622e-01
3.178654497707156246e-01
7.768186987166811885e-01
7.768186987166811885e-01
8.165084263462526470e-01
8.165084263462526470e-01
2.944310788795896916e-01
5.806197091608675809e-01
8.165084263462526470e-01
2.093701447172730823e-01
2.093701447172730823e-01
1.112275277417119401e+00
1.112275277417119401e+00
5.105667322712822420e-01
8.774336221002050351e-01
4.027675759016755008e-01
2.897371405936988165e-01
2.897371405936988165e-01
2.970756218011722516e-01
2.039271784218845696e-01
2.090922593068397228e-01
2.090922593068397228e-01
3.571149623088010205e-02
8.065692730691759182e-02
8.065692730691759182e-02
8.065692730691759182e-02
1.305553551694331460e-01
1.305553551694331460e-01
9.603705183483288721e-01
2.104529440637445403e-01
2.104529440637445403e-01
2.104529440637445403e-01
2.952356372462566214e-01
2.952356372462566214e-01
2.952356372462566214e-01
2.952356372462566214e-01
7.486284285684667861e-01
9.709450273344762961e-01
7.486284285684667861e-01
5.561789440931211859e-01
9.709450273344762961e-01
3.609393423210385810e-01
9.649436181790310707e-02
7.305180566115001550e-01
3.609393423210385810e-01
3.887821714162746356e-01
3.887821714162746356e-01
4.464724890882264541e-01
3.317015103267384468e-01
4.464724890882264541e-01
3.364466216729795622e-01
5.126529737144351895e-01
5.126529737144351895e-01
4.156864060256603155e-01
5.126529737144351895e-01
6.244143463979884290e-01
6.244143463979884290e-01
6.244143463979884290e-01
3.023849514890803447e-01
3.713706371767900860e-01
3.713706371767900860e-01
7.668673739953749680e-01
3.023849514890803447e-01
3.713706371767900860e-01
2.092393403079781666e-01
2.092393403079781666e-01
1.542232680800109390e-01
