1.080323522508195078e+00
1.080323522508195078e+00
3.769506611146564712e+00
3.769506611146564712e+00
3.833979207260759470e+00
2.853832244629683768e+00
5.853665678771565517e+00
2.853832244629683768e+00
2.853832244629683768e+00
2.181537342469807683e+00
3.462466526804882871e+00
2.181537342469807683e+00
2.181537342469807683e+00
3.462466526804882871e+00
3.462466526804882871e+00
3.462466526804882871e+00
2.583871144976106926e+00
2.583871144976106926e+00
2.583871144976106926e+00
2.231862789158555405e+00
2.231862789158555405e+00
2.231862789158555405e+00
4.317393731354604469e+00
3.246230731725489260e+00
3.246230731725489260e+00
3.254058448103375412e+00
3.254058448103375412e+00
3.254058448103375412e+00
1.637894203634293167e+00
1.637894203634293167e+00
5.499257230815558728e+00
1.617997067963774516e+00
5.499257230815558728e+00
5.499257230815558728e+00
2.337456462912118837e+00
1.982585115007440280e+00
1.982585115007440280e+00
2.337456462912118837e+00
2.337456462912118837e+00
2.337456462912118837e+00
2.906829874369196265e+00
2.923626982835622279e+00
2.923626982835622279e+00
2.923626982835622279e+00
4.152825425973907691e+00
4.152825425973907691e+00
1.975793482664926159e+00
1.975793482664926159e+00
2.669906861914448815e+00
2.669906861914448815e+00
2.669906861914448815e+00
2.669906861914448815e+00
2.669906861914448815e+00
2.669906861914448815e+00
5.053240089379904099e+00
5.053240089379904099e+00
2.296805361995830630e+00
1.195728127624433590e+00
1.195728127624433590e+00
4.530607779744845409e+00
5.232459987165095860e+00
5.232459987165095860e+00
4.530607779744845409e+00
3.390393275270480178e+00
3.390393275270480178e+00
3.390393275270480178e+00
2.512256847846752184e+00
2.512256847846752184e+00
1.510180111837209793e+00
1.510180111837209793e+00
1.510180111837209793e+00
3.661216530854270790e+00
1.390226569965094416e+00
1.390226569965094416e+00
1.390226569965094416e+00
4.133460027257019220e+00
4.133460027257019220e+00
3.467207438024635824e+00
1.587113586867464399e+00
3.298082808687187839e+00
4.926647316114591391e+00
4.926647316114591391e+00
4.926647316114591391e+00
4.926647316114591391e+00
3.298082808687187839e+00
2.362877470286023129e+00
2.683234635132571544e+00
2.362877470286023129e+00
2.362877470286023129e+00
2.362877470286023129e+00
2.683234635132571544e+00
2.802383579020244486e+00
2.802383579020244486e+00
3.101872294012419928e+00
3.101872294012419928e+00
3.935394591037441714e+00
2.054015064820261305e+00
2.054015064820261305e+00
2.054015064820261305e+00
2.054015064820261305e+00
3.046074730666465502e+00
3.046074730666465502e+00
3.046074730666465502e+00
3.046074730666465502e+00
7.041912016182648948e+00
7.041912016182648948e+00
1.865518450981500376e+00
1.789003402264370823e+00
1.789003402264370823e+00
1.772526561944600232e+00
1.772526561944600232e+00
2.958439710663631761e+00
2.958439710663631761e+00
3.125117989572991029e+00
2.405903907697281685e+00
4.665210662107461381e+00
4.665210662107461381e+00
4.665210662107461381e+00
2.475233909657095666e+00
2.475233909657095666e+00
1.946428559475609221e+00
2.088250996970264950e+00
4.362019935684037897e+00
4.362019935684037897e+00
4.362019935684037897e+00
6.334473487476047993e+00
6.334473487476047993e+00
6.334473487476047993e+00
6.334473487476047993e+00
1.142113524476990660e+00
3.640322960948898068e+00
3.715277291270261628e+00
3.640322960948898068e+00
3.640322960948898068e+00
3.640322960948898068e+00
3.715277291270261628e+00
3.715277291270261628e+00
1.213939816941080663e+00
1.213939816941080663e+00
1.213939816941080663e+00
1.213939816941080663e+00
2.580208483595928470e+00
2.580208483595928470e+00
1.291099577531438225e+00
1.291099577531438225e+00
1.291099577531438225e+00
3.368366503821898839e+00
3.368366503821898839e+00
3.564043258957284799e+00
3.564043258957284799e+00
2.728141362739113340e+00
5.937485769765842747e+00
4.052102610705826002e+00
2.143191149994020162e+00
1.519497792604336039e+00
2.143191149994020162e+00
2.143191149994020162e+00
2.521773822069940607e+00
5.921160678086728524e+00
5.921160678086728524e+00
4.524997510422644531e+00
1.783530042035847529e+00
4.524997510422644531e+00
3.109896491032806853e+00
3.075583239916781064e+00
3.075583239916781064e+00
3.075583239916781064e+00
3.075583239916781064e+00
3.109896491032806853e+00
3.109896491032806853e+00
1.831389332716147456e+00
1.831389332716147456e+00
1.831389332716147456e+00
1.831389332716147456e+00
1.831389332716147456e+00
1.831389332716147456e+00
2.152756465799093633e+00
2.152756465799093633e+00
2.152756465799093633e+00
1.916179499394225605e+00
4.799834858471314192e+00
4.799834858471314192e+00
2.992762837319359992e+00
3.050056375045622659e+00
3.854976378370372991e+00
3.854976378370372991e+00
3.854976378370372991e+00
2.854570122365362117e+00
2.854570122365362117e+00
2.854570122365362117e+00
2.410827285520324992e+00
2.409951478237752465e+00
2.409951478237752465e+00
2.409951478237752465e+00
2.409951478237752465e+00
2.409951478237752465e+00
3.781278897384339199e+00
3.781278897384339199e+00
3.781278897384339199e+00
3.781278897384339199e+00
2.634511934094855068e+00
4.761570551936996409e+00
2.634511934094855068e+00
2.634511934094855068e+00
3.406397786254079296e+00
3.406397786254079296e+00
3.406397786254079296e+00
4.235341769827711822e+00
4.235341769827711822e+00
4.235341769827711822e+00
4.235341769827711822e+00
1.031671045035029710e+00
1.461766914343262114e+00
1.461766914343262114e+00
1.461766914343262114e+00
1.031671045035029710e+00
1.031671045035029710e+00
1.031671045035029710e+00
2.760185065815990768e+00
1.568298244108700112e+00
2.760185065815990768e+00
2.760185065815990768e+00
3.324741698023787162e+00
3.324741698023787162e+00
3.451909549563992652e+00
5.054413564463767550e+00
1.424304116672511000e+00
5.054413564463767550e+00
5.054413564463767550e+00
1.424304116672511000e+00
1.424304116672511000e+00
2.350420012271824177e+00
3.994552120687263841e+00
2.350420012271824177e+00
2.350420012271824177e+00
2.350420012271824177e+00
2.350420012271824177e+00
3.994552120687263841e+00
2.716073037153426295e+00
2.716073037153426295e+00
2.716073037153426295e+00
2.716073037153426295e+00
1.701239143423846745e+00
4.049511280499705990e+00
4.049511280499705990e+00
5.725998081388980587e+00
5.725998081388980587e+00
5.725998081388980587e+00
5.725998081388980587e+00
2.860637386689753203e+00
2.185905963970943500e+00
2.185905963970943500e+00
2.185905963970943500e+00
2.038495526974557936e+00
2.038495526974557936e+00
3.180593238036679260e+00
1.673140645010502414e+00
1.673140645010502414e+00
1.673140645010502414e+00
1.673140645010502414e+00
2.023264588621934035e+00
2.023264588621934035e+00
2.023264588621934035e+00
3.193412852840779248e+00
3.193412852840779248e+00
3.193412852840779248e+00
3.193412852840779248e+00
5.276142079260015549e+00
2.282453979618826345e+00
2.282453979618826345e+00
2.282453979618826345e+00
2.282453979618826345e+00
2.636353820258650060e+00
2.636353820258650060e+00
2.636353820258650060e+00
2.881912565522953606e+00
2.881912565522953606e+00
2.229446219910673932e+00
2.507804455615501027e+00
2.507804455615501027e+00
2.507804455615501027e+00
2.507804455615501027e+00
3.696639214964342557e+00
1.348498972646678062e+00
3.696639214964342557e+00
3.696639214964342557e+00
1.348498972646678062e+00
1.348498972646678062e+00
1.348498972646678062e+00
1.348498972646678062e+00
1.348498972646678062e+00
4.551091732794025901e+00
4.551091732794025901e+00
4.551091732794025901e+00
