1.032233414156161899e+02
1.537946674013996926e+02
2.538023568839929567e+02
2.588769336100486385e+02
3.391552110557086621e+02
1.027692707847621278e+02
3.908926683176967458e+02
6.929749252513072406e+02
6.929749252513072406e+02
6.814837999903295440e+02
6.814837999903295440e+02
6.814837999903295440e+02
1.119913843611204385e+02
7.470867350482940594e+01
4.389822898896187553e+02
7.470867350482940594e+01
5.239525317791695898e+02
5.336305966890639638e+02
5.239525317791695898e+02
4.769371388067157795e+02
4.769371388067157795e+02
4.769371388067157795e+02
1.169139170112288753e+02
1.230818295311486850e+02
1.230818295311486850e+02
3.762664036772438294e+02
3.762664036772438294e+02
1.383378064450607212e+02
1.383378064450607212e+02
1.383378064450607212e+02
2.566799173603520785e+02
6.064098116492509689e+02
2.098634930893138062e+02
6.064098116492509689e+02
1.756151223111806701e+02
1.756151223111806701e+02
2.491621735800845840e+02
1.120444842675637176e+02
2.491621735800845840e+02
1.120444842675637176e+02
6.241064060135196314e+02
3.996482404595305979e+02
3.996482404595305979e+02
5.486834738308490387e+02
1.529583023325061788e+02
3.233385020110303003e+02
3.512767312603092051e+01
6.650460399768392961e+01
1.598639151356014452e+02
1.598639151356014452e+02
1.075529460054246158e+02
4.604652755437725205e+02
1.598639151356014452e+02
3.042466762521016221e+02
3.042466762521016221e+02
1.075529460054246158e+02
2.006994159268243152e+02
3.864898031543961565e+02
2.006994159268243152e+02
1.277280445121148631e+02
2.036585398194918923e+02
1.723103568150315539e+02
2.036585398194918923e+02
8.258960424575923298e+02
3.960335510128875285e+02
8.258960424575923298e+02
5.323540117613515577e+02
2.568687541437674895e+02
2.210773001220538845e+02
2.210773001220538845e+02
3.112161108334076971e+02
2.106841271720142288e+02
4.290778514175445366e+02
4.290778514175445366e+02
3.132709836915661299e+02
2.206493251857332325e+02
2.206493251857332325e+02
2.435587793750498165e+01
4.033205297988083089e+02
3.479731270123420472e+02
3.479731270123420472e+02
4.452548057107510999e+02
6.442503722885925299e+02
3.479731270123420472e+02
8.264427340645995628e+02
2.547258268888543569e+02
2.547258268888543569e+02
2.547258268888543569e+02
1.913337204816743053e+02
8.357999856401961836e+01
1.913337204816743053e+02
4.109271320386313278e+02
3.965236791677793349e+02
3.965236791677793349e+02
3.965236791677793349e+02
6.001612163151791037e+02
6.001612163151791037e+02
6.248108272449509570e+01
2.107501818771459341e+02
6.248108272449509570e+01
4.263669419447916198e+01
4.263669419447916198e+01
8.050980002548664061e+01
4.263669419447916198e+01
8.050980002548664061e+01
1.343216412186258708e+02
3.489476087135398075e+02
5.332188384519755573e+02
5.332188384519755573e+02
8.119356103558726545e+01
6.442682882651905629e+02
2.192873291795845319e+02
2.192873291795845319e+02
2.288412197363533380e+02
5.307248839192917558e+02
4.478154365455050083e+02
4.478154365455050083e+02
1.661899337260225309e+02
8.932137163968219795e+01
1.544176317695090006e+02
1.544176317695090006e+02
1.442961705416080918e+02
2.756197967720286215e+02
4.009504948388644152e+02
2.756197967720286215e+02
5.402065314836554535e+02
5.402065314836554535e+02
5.402065314836554535e+02
4.286486399435970185e+01
5.080472284825295901e+02
2.564698817920614147e+02
2.564698817920614147e+02
2.564698817920614147e+02
2.564698817920614147e+02
2.564698817920614147e+02
2.328011210556987862e+02
2.328011210556987862e+02
3.450021000604065193e+02
3.450021000604065193e+02
2.421535201923359182e+02
3.503613096471435711e+02
2.458745936747351379e+02
2.458745936747351379e+02
4.158749101480173636e+02
1.137924507487173997e+02
4.158749101480173636e+02
2.939720391081016828e+02
8.229139442201953614e+01
4.520338246753568257e+01
5.646387083208927038e+01
2.864228646806223537e+02
2.934627884717943402e+02
5.499215143856589521e+02
3.155804705799819772e+02
3.155804705799819772e+02
1.491249657263480231e+02
2.285437208409770733e+02
4.485571086540514898e+02
4.485571086540514898e+02
4.485571086540514898e+02
1.202483422180086166e+02
1.202483422180086166e+02
1.202483422180086166e+02
1.472303874569714424e+02
1.472303874569714424e+02
1.202299360505616477e+02
1.158438215227153307e+02
9.495331302172725430e+01
9.495331302172725430e+01
1.202299360505616477e+02
4.751460885061862314e+02
4.751460885061862314e+02
6.857289561684991668e+02
5.545958003621434500e+02
4.751460885061862314e+02
8.010341573007328861e+02
8.010341573007328861e+02
6.857289561684991668e+02
8.010341573007328861e+02
8.134217715265748438e+02
1.143327845630306712e+02
1.143327845630306712e+02
6.881766381968841415e+02
4.265900663510705044e+02
4.265900663510705044e+02
3.880966968751009745e+02
2.806421848007333892e+02
1.113683172064094151e+02
1.724080804736653079e+02
2.340835885877116311e+02
1.500715131980053059e+02
6.893574483938752451e+01
6.893574483938752451e+01
6.893574483938752451e+01
2.848277864744277394e+02
6.893574483938752451e+01
5.498974419887236991e+02
2.848277864744277394e+02
5.498974419887236991e+02
5.498974419887236991e+02
3.483777356285259543e+02
3.884320815375203324e+02
1.927358916435613025e+02
2.144463393789871191e+02
3.401326868948164019e+02
3.410566674293694405e+02
3.402869437612200159e+02
3.402869437612200159e+02
3.393651020316294762e+02
3.402869437612200159e+02
3.402869437612200159e+02
4.167783085473192273e+02
4.167783085473192273e+02
4.167783085473192273e+02
6.951200380562053738e+01
4.705953922424114211e+01
2.664687070904068946e+02
4.705953922424114211e+01
2.222900634637610722e+02
2.222900634637610722e+02
6.525406681158482058e+01
9.628941127155457025e+01
2.491021333723263353e+02
2.319355887221243790e+02
5.077420722706075935e+02
2.078956190840585236e+02
2.078956190840585236e+02
2.078956190840585236e+02
2.454496066726301819e+02
5.875283802538331202e+02
5.875283802538331202e+02
6.171109431455365666e+02
6.171109431455365666e+02
2.279829020082793249e+02
4.412923314204021494e+02
6.171109431455365666e+02
1.645831110606344510e+02
1.645831110606344510e+02
8.375594570468035727e+02
8.375594570468035727e+02
3.890786550271382680e+02
6.625212682528779169e+02
3.087310307567088330e+02
2.244842958740140091e+02
2.244842958740140091e+02
2.299540003747807475e+02
1.605262202133717437e+02
1.643759903994003650e+02
1.643759903994003650e+02
3.514740571935131896e+01
6.864728392236959564e+01
6.864728392236959564e+01
6.864728392236959564e+01
1.058388563669283400e+02
1.058388563669283400e+02
7.243379169384392071e+02
1.653901707629594000e+02
1.653901707629594000e+02
1.653901707629594000e+02
2.285825760273128253e+02
2.285825760273128253e+02
2.285825760273128253e+02
2.285825760273128253e+02
5.665168871194653093e+02
7.322195804270670578e+02
5.665168871194653093e+02
4.230755153090399290e+02
7.322195804270670578e+02
2.775545419156482581e+02
8.045164566647484605e+01
5.530184015060254978e+02
2.775545419156482581e+02
2.983070713983422024e+02
2.983070713983422024e+02
3.413062944391507472e+02
2.557622531939686041e+02
3.413062944391507472e+02
2.592990009423638185e+02
3.906336258567535538e+02
3.906336258567535538e+02
3.183600236335777822e+02
3.906336258567535538e+02
4.739344705269756446e+02
4.739344705269756446e+02
4.739344705269756446e+02
2.339112857678985904e+02
2.853294613858000730e+02
2.853294613858000730e+02
5.801112043998854233e+02
2.339112857678985904e+02
2.853294613858000730e+02
1.644856165728769497e+02
1.644856165728769497e+02
1.234796305422308649e+02
