6.871382625613091655e+00
6.871382625613091655e+00
6.871382625613091655e+00
8.363663846390238632e+00
1.074732214934239138e+01
6.205910124756681689e+00
1.173877396658058814e+01
1.173877396658058814e+01
9.706476698301273132e+00
7.553668449622030323e+00
1.299754683171852498e+01
1.173877396658058814e+01
9.236096328830939228e+00
9.236096328830939228e+00
9.236096328830939228e+00
8.982516579024254710e+00
1.022356006095611569e+01
9.236096328830939228e+00
9.944786244719370671e+00
9.944786244719370671e+00
1.022356006095611569e+01
8.982516579024254710e+00
9.944786244719370671e+00
9.944786244719370671e+00
8.797296420292131103e+00
8.797296420292131103e+00
8.797296420292131103e+00
7.966992283438053768e+00
1.048705967340511158e+01
8.225158422584410545e+00
8.888453888071680353e+00
8.888453888071680353e+00
9.805026803676694769e+00
7.448853665045593431e+00
9.506730394001987605e+00
8.888453888071680353e+00
1.300938903394010993e+01
1.300938903394010993e+01
1.300938903394010993e+01
1.269819426827185893e+01
1.001973417588416027e+01
1.375059362440880051e+01
1.033144322946351501e+01
1.033144322946351501e+01
1.059060441022537091e+01
1.342166866493657196e+01
9.774542679784572030e+00
1.033144322946351501e+01
1.374190247499840822e+01
1.374190247499840822e+01
1.374190247499840822e+01
1.111963180947418017e+01
1.100094268864479297e+01
1.122393232456020407e+01
7.250239743230325828e+00
7.250239743230325828e+00
8.985206849514396410e+00
9.082148205507445837e+00
8.876754117076574246e+00
7.250239743230325828e+00
7.896232105555846204e+00
7.896232105555846204e+00
7.896232105555846204e+00
9.550951224197907763e+00
5.050740808252014880e+00
9.932226391208262228e+00
7.714052678597837165e+00
7.714052678597837165e+00
6.353042879220417660e+00
1.201360453213825608e+01
6.132758963147570519e+00
7.714052678597837165e+00
8.372757784248587853e+00
8.372757784248587853e+00
8.372757784248587853e+00
7.694639566228800298e+00
7.369173980633561882e+00
1.406084324902668925e+01
1.135871755427896090e+01
1.135871755427896090e+01
1.237546849992790321e+01
1.292204117047817569e+01
6.763733094617456310e+00
1.135871755427896090e+01
9.087524074223647830e+00
9.087524074223647830e+00
9.087524074223647830e+00
9.157753446102443462e+00
1.751909470679052205e+01
7.612734316828380088e+00
1.478521655514735400e+01
1.478521655514735400e+01
1.467596810581702371e+01
7.671566353473815880e+00
1.764950749568377830e+01
1.478521655514735400e+01
9.573936803631726278e+00
9.573936803631726278e+00
9.573936803631726278e+00
7.452059880582631912e+00
1.030946567234493827e+01
1.156473978330592800e+01
9.705700442158599728e+00
9.705700442158599728e+00
1.245321441440553834e+01
9.001640091864873128e+00
8.034920318945912854e+00
9.705700442158599728e+00
1.579325902165100537e+01
1.579325902165100537e+01
1.579325902165100537e+01
1.690110656344132778e+01
9.054338501486833835e+00
1.255581921174366755e+01
7.723843870319833549e+00
7.723843870319833549e+00
7.198301322782605816e+00
1.343657051391789281e+01
9.715388922823787965e+00
7.723843870319833549e+00
1.030390104413569929e+01
1.030390104413569929e+01
1.030390104413569929e+01
1.084525385579696888e+01
1.149950058324356306e+01
8.070339856954554136e+00
9.475120605224898185e+00
9.475120605224898185e+00
9.006771075780186209e+00
8.494344430941691115e+00
1.209747133676854780e+01
9.475120605224898185e+00
9.614217937973629446e+00
9.614217937973629446e+00
9.614217937973629446e+00
1.053645261170506586e+01
1.116319561640657909e+01
1.077826025343337157e+01
1.370598479434951855e+01
1.370598479434951855e+01
1.251478054583982669e+01
1.181215457456758600e+01
1.222575088827098888e+01
1.370598479434951855e+01
9.649825349286047071e+00
9.649825349286047071e+00
9.649825349286047071e+00
1.107552817150523161e+01
8.763785165568711122e+00
1.027518502648913312e+01
1.072334501463238610e+01
1.072334501463238610e+01
9.331724756581385449e+00
1.179328092572462694e+01
1.007070980080411005e+01
1.072334501463238610e+01
8.775808909833488158e+00
8.775808909833488158e+00
8.775808909833488158e+00
8.062921768156504854e+00
1.344594895376487997e+01
8.775808909833488158e+00
1.239072400482849723e+01
1.239072400482849723e+01
1.344594895376487997e+01
8.062921768156504854e+00
1.239072400482849723e+01
1.239072400482849723e+01
1.321709213310107423e+01
1.321709213310107423e+01
1.321709213310107423e+01
1.347307737113092685e+01
1.190049980985324041e+01
1.388841754457988742e+01
1.274842263379363061e+01
1.274842263379363061e+01
1.250495257837448193e+01
1.415740484036361835e+01
1.213220123615302448e+01
1.274842263379363061e+01
7.089507497797761459e+00
7.089507497797761459e+00
7.089507497797761459e+00
7.321895701618169383e+00
6.378438916960841532e+00
7.089507497797761459e+00
6.589277510861560216e+00
6.589277510861560216e+00
6.378438916960841532e+00
7.321895701618169383e+00
6.589277510861560216e+00
6.589277510861560216e+00
1.147062315970584478e+01
1.147062315970584478e+01
1.147062315970584478e+01
1.096152595668656815e+01
7.981479897685174407e+00
1.342425549850278799e+01
8.918309317608933640e+00
8.918309317608933640e+00
9.340854800205757869e+00
1.282845082148128490e+01
7.620427472897461030e+00
8.918309317608933640e+00
9.254451380728923482e+00
9.254451380728923482e+00
9.254451380728923482e+00
8.850284330222256912e+00
1.181096517109345356e+01
6.989474175362839325e+00
8.539705704871460412e+00
8.539705704871460412e+00
8.920294964363995049e+00
6.684224836873537079e+00
1.130704388751299838e+01
8.539705704871460412e+00
9.839923911510178201e+00
9.839923911510178201e+00
9.839923911510178201e+00
1.279664030559418642e+01
1.031061188286922459e+01
1.052438420699453125e+01
1.432647706057714565e+01
1.432647706057714565e+01
1.102781300347118787e+01
1.368676834759341787e+01
1.339474513885431328e+01
1.432647706057714565e+01
1.340906697310484219e+01
1.340906697310484219e+01
1.340906697310484219e+01
1.284595166663226351e+01
1.315309170516434278e+01
1.030613218909133977e+01
9.684248854440323129e+00
9.684248854440323129e+00
1.010939106207450422e+01
9.873324984992240871e+00
1.259994914589322867e+01
9.684248854440323129e+00
1.186483637679620706e+01
1.186483637679620706e+01
1.186483637679620706e+01
1.169163182668982159e+01
1.479984200840587505e+01
9.292913576882527948e+00
1.142633871041642557e+01
1.142633871041642557e+01
1.159170243633555764e+01
9.157254317526092535e+00
1.458871193230480579e+01
1.142633871041642557e+01
8.780536741894074737e+00
8.780536741894074737e+00
8.780536741894074737e+00
8.721361514353633382e+00
7.077951745070212297e+00
1.303352656281862387e+01
1.043448672302632829e+01
1.043448672302632829e+01
1.050626798696378827e+01
1.294568889153717350e+01
7.029593534240268227e+00
1.043448672302632829e+01
7.270389520238928149e+00
7.270389520238928149e+00
7.270389520238928149e+00
6.261999254498681999e+00
8.186079125284107860e+00
8.211037472759114664e+00
7.970639719053279393e+00
7.970639719053279393e+00
9.245199623151695079e+00
7.072180986994569984e+00
7.057531484329297555e+00
7.970639719053279393e+00
1.025560186847534894e+01
1.025560186847534894e+01
1.025560186847534894e+01
1.165376398221717302e+01
1.029014769589448264e+01
9.080730735387955832e+00
1.035321617332554567e+01
1.035321617332554567e+01
9.111319028581029045e+00
1.031872084480684748e+01
1.169272233985587661e+01
1.035321617332554567e+01
1.217291873126789881e+01
1.217291873126789881e+01
1.217291873126789881e+01
1.293458920669449874e+01
1.199115214018701359e+01
1.217291873126789881e+01
1.274247908838272636e+01
1.274247908838272636e+01
1.199115214018701359e+01
1.293458920669449874e+01
1.274247908838272636e+01
1.274247908838272636e+01
8.897669658131649228e+00
8.897669658131649228e+00
8.897669658131649228e+00
9.081232022577662377e+00
8.964603127903128410e+00
8.388921313336011210e+00
8.626330201015969479e+00
8.626330201015969479e+00
8.452027680813740673e+00
8.561988002771958151e+00
9.149476270398073652e+00
8.626330201015969479e+00
1.376267605080015954e+01
1.376267605080015954e+01
1.376267605080015954e+01
1.028456436584377443e+01
1.170618279876098633e+01
7.689397227951551450e+00
4.875240744849822505e+00
4.875240744849822505e+00
6.540406039525539228e+00
5.746128182738893919e+00
8.725828182881404160e+00
4.875240744849822505e+00
6.398173003324048480e+00
6.398173003324048480e+00
6.398173003324048480e+00
6.503125518896328394e+00
9.203225919494579799e+00
1.019202905442766927e+01
1.489479698747564562e+01
1.489479698747564562e+01
1.466036412538685774e+01
1.035921413796514479e+01
9.350394064453592335e+00
1.489479698747564562e+01
6.164228564679183897e+00
6.164228564679183897e+00
6.164228564679183897e+00
6.648551261773834931e+00
5.059838118009842844e+00
7.087782114848114823e+00
6.278658573234800144e+00
6.278658573234800144e+00
5.817926726849623087e+00
7.644668303324666070e+00
5.460535594614730037e+00
6.278658573234800144e+00
1.291592635160596991e+01
1.291592635160596991e+01
1.291592635160596991e+01
1.270039761808233081e+01
1.202984279593877126e+01
1.221971321612561034e+01
1.119032365233253756e+01
1.119032365233253756e+01
1.138139263105726151e+01
1.201580222733570125e+01
1.182788774072287197e+01
1.119032365233253756e+01
9.314901707667610609e+00
9.314901707667610609e+00
9.314901707667610609e+00
1.093023894143374264e+01
1.294503688644091532e+01
1.100359970777625662e+01
1.786580791255792633e+01
1.786580791255792633e+01
1.529184188637677444e+01
1.291178133665999894e+01
1.512398206524537336e+01
1.786580791255792633e+01
1.411595919499951179e+01
1.411595919499951179e+01
1.411595919499951179e+01
1.222144607847557651e+01
1.017456836025754185e+01
1.313057435904984160e+01
8.155859616991843808e+00
8.155859616991843808e+00
9.464317980808820252e+00
1.136831045568541576e+01
8.767916650519781641e+00
8.155859616991843808e+00
1.241199686166950933e+01
1.241199686166950933e+01
1.241199686166950933e+01
1.131392177368725704e+01
1.249298473557186995e+01
1.241199686166950933e+01
1.138822301929781844e+01
1.138822301929781844e+01
1.249298473557186995e+01
1.131392177368725704e+01
1.138822301929781844e+01
1.138822301929781844e+01
4.278743108510719040e+00
4.278743108510719040e+00
4.278743108510719040e+00
5.336291664444654081e+00
4.710587415552355495e+00
5.417242756153583194e+00
7.429076180609560431e+00
7.429076180609560431e+00
5.963993375384317730e+00
6.756186719047364342e+00
5.867765197392437848e+00
7.429076180609560431e+00
1.240567915387207876e+01
1.240567915387207876e+01
1.240567915387207876e+01
1.115884133560322766e+01
1.024124193657913118e+01
1.240567915387207876e+01
9.193532408257643951e+00
9.193532408257643951e+00
1.024124193657913118e+01
1.115884133560322766e+01
9.193532408257643951e+00
9.193532408257643951e+00
9.717407431512807392e+00
9.717407431512807392e+00
9.717407431512807392e+00
7.910172793810961167e+00
1.308038857781276398e+01
9.717407431512807392e+00
1.067103936986858237e+01
1.067103936986858237e+01
1.308038857781276398e+01
7.910172793810961167e+00
1.067103936986858237e+01
1.067103936986858237e+01
9.715225236236223694e+00
9.715225236236223694e+00
9.715225236236223694e+00
1.096604896247386129e+01
9.284450518462715962e+00
7.481365869967867788e+00
8.072931973022301477e+00
8.072931973022301477e+00
7.149640851470582703e+00
8.444582852309867604e+00
1.048342693004284243e+01
8.072931973022301477e+00
1.210574139601339105e+01
1.210574139601339105e+01
1.210574139601339105e+01
1.082107178049123242e+01
1.148132575862469906e+01
1.600055120763172667e+01
1.355972914873140311e+01
1.355972914873140311e+01
1.517524079878936227e+01
1.430256169210977291e+01
1.025905747523452760e+01
1.355972914873140311e+01
7.243539393543730220e+00
7.243539393543730220e+00
7.243539393543730220e+00
7.267539917281347073e+00
9.410092285463807826e+00
8.249468682845773060e+00
1.075180965794015364e+01
1.075180965794015364e+01
1.071689644993350399e+01
8.276802222181782298e+00
9.440748223109469706e+00
1.075180965794015364e+01
1.508465034172497532e+01
1.508465034172497532e+01
1.508465034172497532e+01
1.537273794644461056e+01
1.163638843738024242e+01
1.215239546074501220e+01
9.558362375983550763e+00
9.558362375983550763e+00
9.374429689943660549e+00
1.238448267659568103e+01
1.186470229239660412e+01
9.558362375983550763e+00
1.208424564560067438e+01
1.208424564560067438e+01
1.208424564560067438e+01
1.279483781377905949e+01
6.806743767281932200e+00
1.697054835071347867e+01
1.014922924444622510e+01
1.014922924444622510e+01
9.559072001786816486e+00
1.796847069534074137e+01
7.226977983787189252e+00
1.014922924444622510e+01
1.245759163241903700e+01
1.245759163241903700e+01
1.245759163241903700e+01
1.089089472458278429e+01
1.468981449168723863e+01
9.903925981075479612e+00
1.022584238731259099e+01
1.022584238731259099e+01
1.167856835367699730e+01
8.658384252960809491e+00
1.286251217971924632e+01
1.022584238731259099e+01
1.039496083647015467e+01
1.039496083647015467e+01
1.039496083647015467e+01
1.097644531815896407e+01
1.068942758953802041e+01
8.490260875978764332e+00
9.218309035302615584e+00
9.218309035302615584e+00
8.730771599605269273e+00
8.965198205954099109e+00
1.128633887700217286e+01
9.218309035302615584e+00
8.493393551099023497e+00
8.493393551099023497e+00
8.493393551099023497e+00
1.033373234575410571e+01
8.318733809549792468e+00
1.068336219749526705e+01
1.273666641905929353e+01
1.273666641905929353e+01
1.046366752903734643e+01
1.299822089221076560e+01
1.012579358691967713e+01
1.273666641905929353e+01
9.465660788514808743e+00
9.465660788514808743e+00
9.465660788514808743e+00
7.537436265080908804e+00
1.243532420275406025e+01
9.465660788514808743e+00
9.963594949675085743e+00
9.963594949675085743e+00
1.243532420275406025e+01
7.537436265080908804e+00
9.963594949675085743e+00
9.963594949675085743e+00
1.088423716804314800e+01
1.088423716804314800e+01
1.088423716804314800e+01
1.248580207555604105e+01
8.075507424934217582e+00
9.708749442084215531e+00
8.288283433694809688e+00
8.288283433694809688e+00
7.203359959536139279e+00
1.113734679458687360e+01
9.291788107875120772e+00
8.288283433694809688e+00
1.130240050298477428e+01
1.130240050298477428e+01
1.130240050298477428e+01
1.087543477226281396e+01
1.261730258310439901e+01
1.244850039246499129e+01
1.337634023883762424e+01
1.337634023883762424e+01
1.389673778735287257e+01
1.197823895861668397e+01
1.214481663470446193e+01
1.337634023883762424e+01
7.503551119533455882e+00
7.503551119533455882e+00
7.503551119533455882e+00
8.713409323204274415e+00
8.424443410767089802e+00
6.371349538474653684e+00
8.303247873270402479e+00
8.303247873270402479e+00
7.153289526790623576e+00
7.398653728821413367e+00
9.778751659912524374e+00
8.303247873270402479e+00
9.711146863596347600e+00
9.711146863596347600e+00
9.711146863596347600e+00
9.280156827612422887e+00
1.312585579551916481e+01
1.081575576547439077e+01
1.398628854299941793e+01
1.398628854299941793e+01
1.461887586412191276e+01
1.033574212424017169e+01
1.255787436984020822e+01
1.398628854299941793e+01
1.058192192632781392e+01
1.058192192632781392e+01
1.058192192632781392e+01
9.344266269459998497e+00
8.585975386461919712e+00
9.203074297505079215e+00
6.584998124277460896e+00
6.584998124277460896e+00
7.467203968077270382e+00
8.126687886399261984e+00
7.571593337566524973e+00
6.584998124277460896e+00
7.727985216205134122e+00
7.727985216205134122e+00
7.727985216205134122e+00
7.317827652288230844e+00
6.874446055865454319e+00
9.609532464552678732e+00
8.091102113203593404e+00
8.091102113203593404e+00
8.548180502614160403e+00
9.099513059006147486e+00
6.506863652762960193e+00
8.091102113203593404e+00
1.347594959421128991e+01
1.347594959421128991e+01
1.347594959421128991e+01
1.586023318307538510e+01
1.177336111870372548e+01
1.274954926757931517e+01
1.313218725435824652e+01
1.313218725435824652e+01
1.113873620396998199e+01
1.500531171842445310e+01
1.388038822293799690e+01
1.313218725435824652e+01
1.453340008059618427e+01
1.453340008059618427e+01
1.453340008059618427e+01
1.513047875456935287e+01
8.471945548422619154e+00
9.808198033019035478e+00
5.960495879188819401e+00
5.960495879188819401e+00
5.717486562199864508e+00
1.021115025639036311e+01
8.832027147022417424e+00
5.960495879188819401e+00
9.534738540509946958e+00
9.534738540509946958e+00
9.534738540509946958e+00
9.596704767977698225e+00
1.050269293877110499e+01
1.217358923471599041e+01
1.349548704477476413e+01
1.349548704477476413e+01
1.340943636280491624e+01
1.225270534224346797e+01
1.057009054337199849e+01
1.349548704477476413e+01
8.419811086071268491e+00
8.419811086071268491e+00
8.419811086071268491e+00
1.043419237783078479e+01
1.128065856618406571e+01
1.005095314779954307e+01
1.662918463799743307e+01
1.662918463799743307e+01
1.346602311690867282e+01
1.245557384276645507e+01
1.393047914047736313e+01
1.662918463799743307e+01
7.835678403989211560e+00
7.835678403989211560e+00
7.835678403989211560e+00
7.016741245126082660e+00
1.100676512649342165e+01
6.486811744927103440e+00
8.179509802372974647e+00
8.179509802372974647e+00
9.112014252632144817e+00
5.808849875312081856e+00
9.880355841033001241e+00
8.179509802372974647e+00
7.224181698787614181e+00
7.224181698787614181e+00
7.224181698787614181e+00
7.953235111701811633e+00
6.369643789730538685e+00
8.227422734313346808e+00
7.991114724764038613e+00
7.991114724764038613e+00
7.254212907449677950e+00
9.057721704360798043e+00
7.016688775062756456e+00
7.991114724764038613e+00
1.267154993674832042e+01
1.267154993674832042e+01
1.267154993674832042e+01
1.370890790866067377e+01
1.094698156480430562e+01
1.267154993674832042e+01
1.185680236520945385e+01
1.185680236520945385e+01
1.094698156480430562e+01
1.370890790866067377e+01
1.185680236520945385e+01
1.185680236520945385e+01
9.354160023713161465e+00
9.354160023713161465e+00
9.354160023713161465e+00
1.003487366876015763e+01
1.444638210285299706e+01
5.980563625183421550e+00
9.886804551380805606e+00
9.886804551380805606e+00
9.236265693638163299e+00
6.415776541619939266e+00
1.546388562899960029e+01
9.886804551380805606e+00
9.456850286163836827e+00
9.456850286163836827e+00
9.456850286163836827e+00
7.657643668404984005e+00
8.890617305500777334e+00
1.437214831473537480e+01
1.093061176638601140e+01
1.093061176638601140e+01
1.351160974930088443e+01
1.163778501439670698e+01
7.192324817919653057e+00
1.093061176638601140e+01
9.055922123136857849e+00
9.055922123136857849e+00
9.055922123136857849e+00
8.889584290327789518e+00
1.022535277999221037e+01
1.041272272504829743e+01
1.154343461185467490e+01
1.154343461185467490e+01
1.175736295167912893e+01
1.022146338025986090e+01
1.003929977190414213e+01
1.154343461185467490e+01
9.784756642387154812e+00
9.784756642387154812e+00
9.784756642387154812e+00
9.084044144480074578e+00
1.052952861691374409e+01
8.360780690353335487e+00
8.354514255811386292e+00
8.354514255811386292e+00
8.997165975232435997e+00
7.762042905029989726e+00
9.777422932859387572e+00
8.354514255811386292e+00
1.542545089654693058e+01
1.542545089654693058e+01
1.542545089654693058e+01
1.357092684355048995e+01
9.690489830748814981e+00
1.718004184395417511e+01
9.449430880038587333e+00
9.449430880038587333e+00
1.079274906757799535e+01
1.511457218314636108e+01
8.484364203783616887e+00
9.449430880038587333e+00
9.414000436076685574e+00
9.414000436076685574e+00
9.414000436076685574e+00
1.027854416760625611e+01
1.079760675712727114e+01
7.689044802213036434e+00
9.620129280159328999e+00
9.620129280159328999e+00
8.819128772722898191e+00
8.395175583738014424e+00
1.177830323117225042e+01
9.620129280159328999e+00
