2.021760983850092064e+00
2.019067856486330470e+00
2.068008358287029669e+00
1.999773954093754469e+00
2.171566291630486756e+00
2.021760983850092064e+00
2.188856600382931283e+00
2.151297698867227215e+00
2.203629644293441103e+00
2.045094082314228512e+00
2.186960487940914355e+00
2.186960487940914355e+00
2.279204178862199726e+00
2.279836250585335566e+00
2.280622360158094608e+00
2.280997454271143976e+00
2.298813133562709332e+00
2.279204178862199726e+00
2.301789809318275815e+00
2.301072931286486156e+00
2.300693838272354519e+00
2.283028974798778865e+00
2.302362812733716790e+00
2.302362812733716790e+00
2.231325711811314783e+00
2.232941530103678129e+00
2.222284281777290982e+00
2.238670843274039868e+00
2.270643206479899145e+00
2.231325711811314783e+00
2.269566499930790737e+00
2.278590163417076653e+00
2.264231122057158263e+00
2.231470666138268388e+00
2.270976274367527470e+00
2.270976274367527470e+00
2.290816896334779695e+00
2.296624975057198537e+00
2.278655599226329986e+00
2.292449511565548992e+00
2.235020303735517189e+00
2.290816896334779695e+00
2.221990712826596770e+00
2.244043350188202002e+00
2.227554660571469558e+00
2.286447232732476298e+00
2.229486765589394626e+00
2.229486765589394626e+00
2.284580263154822877e+00
2.282241400498612016e+00
2.295145444817334290e+00
2.298548170121008649e+00
2.236565494836053603e+00
2.284580263154822877e+00
2.264653714312707233e+00
2.250038232697312068e+00
2.246547832868467154e+00
2.306385210245970985e+00
2.262121977840512610e+00
2.262121977840512610e+00
2.308220176414908842e+00
2.311034118802116843e+00
2.272862522794848683e+00
2.296830132854453144e+00
2.212601927517277911e+00
2.308220176414908842e+00
2.144650659049007757e+00
2.201538332502177120e+00
2.166848042855123335e+00
2.263048790675776800e+00
2.149504603086968668e+00
2.149504603086968668e+00
2.249463710240522385e+00
2.243213877213292573e+00
2.219337152056174656e+00
2.257128023286195440e+00
2.219178442102842208e+00
2.249463710240522385e+00
2.194923298449583449e+00
2.220615406426082128e+00
2.178303929217522583e+00
2.221082668138397054e+00
2.187495500133143977e+00
2.187495500133143977e+00
2.225605795145392474e+00
2.225226053859660880e+00
2.249762639384718543e+00
2.225030527759433330e+00
2.349723760879289802e+00
2.225605795145392474e+00
2.363283388796528772e+00
2.349131081332036519e+00
2.363423166135803832e+00
2.248881776590760939e+00
2.363082572480557086e+00
2.363082572480557086e+00
2.235794602660500008e+00
2.233938090833156753e+00
2.235285409389707656e+00
2.254629584063077452e+00
2.252779421866153431e+00
2.235794602660500008e+00
2.270347635054491331e+00
2.269160335454741162e+00
2.250545829315506730e+00
2.252410869454773756e+00
2.268708769744920861e+00
2.268708769744920861e+00
2.336501912989207508e+00
2.334164953823107513e+00
2.328485526143091011e+00
2.332837813217307321e+00
2.228057722816324748e+00
2.336501912989207508e+00
2.210016831548765825e+00
2.219145787813310289e+00
2.211516737766137997e+00
2.322161180837897021e+00
2.206098389515217750e+00
2.206098389515217750e+00
2.177621279253179942e+00
2.178879849321262885e+00
2.172128986174334031e+00
2.172844044455858104e+00
2.207211662336252989e+00
2.177621279253179942e+00
2.197554219217844995e+00
2.203852979639085774e+00
2.203330517590177173e+00
2.168575762208016844e+00
2.198745900062995862e+00
2.198745900062995862e+00
2.285490702642904548e+00
2.286381092705564111e+00
2.309055241114362556e+00
2.279534859514092737e+00
2.313028291458967267e+00
2.285490702642904548e+00
2.328965005787864140e+00
2.308458875925060827e+00
2.334491782089291423e+00
2.304518145413122721e+00
2.329687881263817317e+00
2.329687881263817317e+00
2.236205228083748331e+00
2.241519863340972751e+00
2.233665436466729215e+00
2.224583837705635059e+00
2.212602374075321787e+00
2.236205228083748331e+00
2.197560699592626232e+00
2.206339843832684888e+00
2.215643054654947264e+00
2.227513371597830361e+00
2.203551080790748795e+00
2.203551080790748795e+00
2.195945834061728608e+00
2.195108935739376488e+00
2.221619068352042703e+00
2.202882385532856979e+00
2.292794957009848034e+00
2.195945834061728608e+00
2.316037976545825217e+00
2.297700204809075331e+00
2.310447492098604005e+00
2.227283385655699277e+00
2.315504143929001835e+00
2.315504143929001835e+00
2.293075988588610503e+00
2.299339389971505998e+00
2.294797686244827606e+00
2.291858444727474353e+00
2.272269674314720600e+00
2.293075988588610503e+00
2.272850242561981648e+00
2.277830655223950007e+00
2.280928679168084727e+00
2.299838265269159798e+00
2.279666663768041168e+00
2.279666663768041168e+00
2.262713310186581062e+00
2.255871734739412826e+00
2.247417011359452044e+00
2.260493273093097333e+00
2.239023339547655755e+00
2.262713310186581062e+00
2.219903151686847931e+00
2.229167816325372531e+00
2.214526634070328459e+00
2.237775732674408324e+00
2.211981215428337588e+00
2.211981215428337588e+00
2.267171787484370427e+00
2.269570702148497876e+00
2.294583408552858916e+00
2.270271145452192663e+00
2.178485723772859650e+00
2.267171787484370427e+00
2.218509894729759235e+00
2.185504175698905538e+00
2.217892657016694358e+00
2.299464277481718000e+00
2.221346245341791814e+00
2.221346245341791814e+00
2.237575277001347285e+00
2.233027164419690624e+00
2.172093950274720964e+00
2.241034594787110201e+00
2.289594821647777056e+00
2.237575277001347285e+00
2.239287664391011567e+00
2.288948347059259536e+00
2.230973313802718572e+00
2.170829506262620612e+00
2.234758992866963556e+00
2.234758992866963556e+00
2.287296139148798702e+00
2.280719233957766434e+00
2.312962975092219153e+00
2.267610762731779417e+00
2.296214336237484499e+00
2.287296139148798702e+00
2.303857523066522806e+00
2.270200098299132829e+00
2.315272339393792844e+00
2.289097962622629989e+00
2.297752975310522583e+00
2.297752975310522583e+00
2.244517941800278749e+00
2.257863204192761319e+00
2.223378642926335136e+00
2.247662705076673539e+00
2.240063158757636952e+00
2.244517941800278749e+00
2.222010503846726603e+00
2.256646946231118722e+00
2.233147264158237721e+00
2.240925609773781968e+00
2.236401008051527306e+00
2.236401008051527306e+00
2.192833076142737259e+00
2.200821085152616430e+00
2.233248584871333708e+00
2.194238818447703299e+00
2.247595341719570428e+00
2.192833076142737259e+00
2.282630763776310356e+00
2.255549001589665536e+00
2.287422866990827419e+00
2.241516933474310580e+00
2.288502815159114689e+00
2.288502815159114689e+00
2.298915890308458554e+00
2.295831694576566662e+00
2.284103388852492866e+00
2.299328537421298613e+00
2.255282741972596927e+00
2.298915890308458554e+00
2.238125251761365231e+00
2.252080037350137065e+00
2.233705892733576892e+00
2.281258394232387854e+00
2.234214673788412320e+00
2.234214673788412320e+00
2.182811743981505792e+00
2.172226186430594286e+00
2.227013464180294111e+00
2.194986287015104676e+00
2.214234708271016761e+00
2.182811743981505792e+00
2.264475758823848661e+00
2.216248654955544684e+00
2.246088107204784023e+00
2.228722276312940398e+00
2.256318965909396734e+00
2.256318965909396734e+00
2.291628353023203335e+00
2.295527731196923327e+00
2.225056844568571446e+00
2.283567487728073608e+00
2.292269737628501058e+00
2.291628353023203335e+00
2.215583625914672172e+00
2.288251428410974508e+00
2.230873432419872682e+00
2.219913567144598421e+00
2.220742481170999483e+00
2.220742481170999483e+00
2.263171479956726184e+00
2.268277928909084196e+00
2.293184545383222694e+00
2.258524501959676467e+00
2.259926448936421028e+00
2.263171479956726184e+00
2.286163670818921023e+00
2.260499881306674119e+00
2.294882804301754842e+00
2.293666344448614058e+00
2.290816004692521890e+00
2.290816004692521890e+00
2.251176271129218698e+00
2.236864631728591846e+00
2.241986633794686767e+00
2.249743556429065983e+00
2.252850339774561839e+00
2.251176271129218698e+00
2.242242964494012281e+00
2.237125454131466018e+00
2.229022852462008597e+00
2.225653037315876936e+00
2.227476168031058190e+00
2.227476168031058190e+00
2.240393643314646965e+00
2.236520629582388064e+00
2.295998131201538062e+00
2.262254944476656870e+00
2.200257749867831514e+00
2.240393643314646965e+00
2.283153544839681803e+00
2.220387414226657530e+00
2.259991942465434889e+00
2.310697481456855495e+00
2.279860667815988506e+00
2.279860667815988506e+00
2.235803051359040783e+00
2.240230886269146460e+00
2.148145761769858275e+00
2.234657699922904417e+00
2.310211608028262198e+00
2.235803051359040783e+00
2.243213014652235771e+00
2.312589318590009047e+00
2.248726903624489459e+00
2.152380755584853755e+00
2.247539123123257099e+00
2.247539123123257099e+00
2.220973277598657258e+00
2.232956662476351273e+00
2.254808704703523237e+00
2.214816089193152759e+00
2.168158887926971534e+00
2.220973277598657258e+00
2.201293278887567428e+00
2.175358777650894915e+00
2.220031701678487845e+00
2.260202513625048759e+00
2.214002430571600843e+00
2.214002430571600843e+00
2.291543719582963323e+00
2.287103000783091922e+00
2.251331264361587703e+00
2.292639391601415166e+00
2.277556299304668297e+00
2.291543719582963323e+00
2.236292485051008860e+00
2.274010338508300144e+00
2.229447470143377519e+00
2.247430740223592682e+00
2.230806554017767507e+00
2.230806554017767507e+00
2.203404672634833528e+00
2.197468837653361984e+00
2.267096423192125787e+00
2.189266686840971143e+00
2.279229536172017401e+00
2.203404672634833528e+00
2.318489899119576592e+00
2.262617160210127931e+00
2.324274210121534789e+00
2.250657922876687866e+00
2.314670159749700584e+00
2.314670159749700584e+00
2.319848198021428054e+00
2.322341989027811415e+00
2.300309525979263192e+00
2.329101774067890762e+00
2.256852367719810903e+00
2.319848198021428054e+00
2.243500458687594179e+00
2.271177060170675777e+00
2.234855252304010609e+00
2.313099381620091766e+00
2.246938050388349151e+00
2.246938050388349151e+00
2.255712943356797950e+00
2.259210717916376066e+00
2.268285375549856209e+00
2.262267877076441724e+00
2.257142661622882684e+00
2.255712943356797950e+00
2.275875758762029744e+00
2.267067824236095763e+00
2.272966198949032179e+00
2.277790367243564429e+00
2.279111990728755810e+00
2.279111990728755810e+00
2.209129308111578371e+00
2.203985889469480153e+00
2.163024707799737989e+00
2.191727394348061519e+00
2.232945131746458589e+00
2.209129308111578371e+00
2.171368499003415220e+00
2.211450800656570959e+00
2.184648228522429125e+00
2.137187897954939242e+00
2.165652806325220947e+00
2.165652806325220947e+00
2.200868894593898784e+00
2.194600741285368084e+00
2.293480849699769397e+00
2.211077874947489974e+00
2.146590036860178241e+00
2.200868894593898784e+00
2.262286146476307991e+00
2.150745570439441146e+00
2.248864608398152942e+00
2.296460408135296838e+00
2.257177837954765121e+00
2.257177837954765121e+00
2.252263894436569824e+00
2.264146462445181029e+00
2.208969709420391503e+00
2.267510674894135381e+00
2.311143140544994257e+00
2.252263894436569824e+00
2.291397836296724666e+00
2.332135077048764327e+00
2.287934458874803401e+00
2.239544525755480464e+00
2.301579951226123466e+00
2.301579951226123466e+00
2.229474809825298998e+00
2.234395801502501833e+00
2.285219890373142437e+00
2.220024883956036366e+00
2.218337936079550321e+00
2.229474809825298998e+00
2.268230722585086401e+00
2.213889977374452034e+00
2.280296805502790125e+00
2.281649207589381501e+00
2.272512214897957517e+00
2.272512214897957517e+00
2.304065507747532937e+00
2.300661145067011137e+00
2.262140622823707758e+00
2.310789354967083931e+00
2.294286819098414476e+00
2.304065507747532937e+00
2.258783913840391566e+00
2.297799431580428209e+00
2.246257772082785653e+00
2.266220474376981375e+00
2.254670888578077292e+00
2.254670888578077292e+00
2.203126507520935196e+00
2.187220382921372774e+00
2.222502102358590914e+00
2.202865340706675834e+00
2.265051121795022215e+00
2.203126507520935196e+00
2.280576741568109522e+00
2.251854008290668840e+00
2.268610864236063840e+00
2.207245441578124190e+00
2.268389602222089074e+00
2.268389602222089074e+00
2.322450163863922334e+00
2.325879639464029314e+00
2.265135178597451837e+00
2.321262685693319838e+00
2.274582500895478088e+00
2.322450163863922334e+00
2.202042360819449485e+00
2.277501293278020089e+00
2.209229899619911563e+00
2.268062912756068528e+00
2.207513067092625736e+00
2.207513067092625736e+00
2.309039749077860471e+00
2.315037453159924041e+00
2.370018984024621300e+00
2.305181454261268303e+00
2.179945508088781736e+00
2.309039749077860471e+00
2.274334787032179062e+00
2.184273354116988752e+00
2.285047139327844423e+00
2.371581108918242808e+00
2.281303116256161889e+00
2.281303116256161889e+00
2.261591622776199628e+00
2.249762347565365417e+00
2.213126499087529453e+00
2.270734581866765467e+00
2.294845081366016171e+00
2.261591622776199628e+00
2.262194991974601610e+00
2.293150381969716989e+00
2.240149963394772126e+00
2.210422971071303255e+00
2.250376317278319771e+00
2.250376317278319771e+00
2.278641514720153971e+00
2.276965693188827355e+00
2.283922027552105050e+00
2.275053676533025815e+00
2.284212783284832238e+00
2.278641514720153971e+00
2.285924304149345776e+00
2.279026190849924305e+00
2.287770785379640959e+00
2.278748063773202492e+00
2.284298651593857699e+00
2.284298651593857699e+00
2.239126338658913085e+00
2.244244638580680018e+00
2.217056436111493500e+00
2.220968736085422446e+00
2.234231602861147525e+00
2.239126338658913085e+00
2.192124887016134505e+00
2.221407612979852342e+00
2.217390683211091229e+00
2.203399004486939372e+00
2.198044149460078867e+00
2.198044149460078867e+00
2.149427923442333022e+00
2.161584090608677844e+00
2.182296250438673368e+00
2.172296627088303733e+00
2.223897257452477572e+00
2.149427923442333022e+00
2.268877974515201679e+00
2.253171672195021014e+00
2.259628615012598374e+00
2.213846190706236339e+00
2.277315739266510874e+00
2.277315739266510874e+00
2.294243513627351572e+00
2.290347844774796027e+00
2.250816138617364182e+00
2.285555413031425953e+00
2.230400869777220851e+00
2.294243513627351572e+00
2.163318923991177645e+00
2.214973088910995536e+00
2.169577287194789594e+00
2.235699976716723381e+00
2.157307410429085248e+00
2.157307410429085248e+00
2.208650312442490549e+00
2.201186698133801745e+00
2.256806292095157485e+00
2.211789899346539467e+00
2.235802866434408287e+00
2.208650312442490549e+00
2.282433549022878427e+00
2.231978669753858835e+00
2.274100525727668742e+00
2.253184017234632464e+00
2.276675739199717885e+00
2.276675739199717885e+00
2.306114715419753214e+00
2.309186371766851931e+00
2.289576339573079711e+00
2.295940715121707054e+00
2.325831404488671428e+00
2.306114715419753214e+00
2.300813654736530101e+00
2.319459063920628061e+00
2.313841381286447341e+00
2.282085855521965190e+00
2.303963887114039988e+00
2.303963887114039988e+00
2.180855428570674714e+00
2.178634915057483745e+00
2.189781381119412895e+00
2.184832284695320759e+00
2.255766410778146547e+00
2.180855428570674714e+00
2.266136274469498613e+00
2.257429279360601448e+00
2.261112858355230681e+00
2.191519095663429173e+00
2.264445373936248007e+00
2.264445373936248007e+00
2.287306661902956062e+00
2.285933020281738504e+00
2.293915203772017630e+00
2.295162931454308275e+00
2.242949055378514078e+00
2.287306661902956062e+00
2.259557584757831528e+00
2.250389513163335575e+00
2.249202258615873973e+00
2.300259108039145683e+00
2.258023989774731177e+00
2.258023989774731177e+00
2.245883939338486623e+00
2.247174821072298823e+00
2.222056472476172662e+00
2.249815198917865633e+00
2.217894615400567648e+00
2.245883939338486623e+00
2.196346071204098749e+00
2.223498679003578893e+00
2.193332048780298749e+00
2.227690540430898647e+00
2.197855696256203029e+00
2.197855696256203029e+00
2.325598581050086544e+00
2.327301238575742115e+00
2.317741872996728514e+00
2.315997466474827515e+00
2.302372512206773969e+00
2.325598581050086544e+00
2.282706066218542773e+00
2.293939595769518558e+00
2.295550852232119077e+00
2.309607200042778974e+00
2.284789269649385002e+00
2.284789269649385002e+00
2.280566621448628872e+00
2.275387583566234273e+00
2.214094338079398927e+00
2.277898333966426492e+00
2.145820527618687468e+00
2.280566621448628872e+00
2.042216054994281382e+00
2.134268142030430582e+00
2.037046242103958793e+00
2.204091482893546061e+00
2.032542681215125491e+00
2.032542681215125491e+00
2.251430837274741581e+00
2.257771746023563786e+00
2.261487526606883680e+00
2.250825997680901747e+00
2.272251596625285863e+00
2.251430837274741581e+00
2.280992751813118780e+00
2.277550939388700790e+00
2.287191697748324426e+00
2.267027430921097153e+00
2.286649762287429333e+00
2.286649762287429333e+00
2.249819055779268773e+00
2.243944200300816760e+00
2.276660783312264513e+00
2.233445666130111196e+00
2.308401555899127544e+00
2.249819055779268773e+00
2.317256008383273613e+00
2.289937210968350012e+00
2.325287502246160098e+00
2.256239736957880382e+00
2.312836456160462628e+00
2.312836456160462628e+00
2.167958540913262677e+00
2.168851302879659659e+00
2.162411164819125098e+00
2.177067180766325993e+00
2.254211339868458452e+00
2.167958540913262677e+00
2.257582350387291381e+00
2.262406487804394128e+00
2.250636481167914038e+00
2.172533363077722601e+00
2.258261097481776059e+00
2.258261097481776059e+00
2.229033415711038746e+00
2.227474820653041476e+00
2.200063013234609954e+00
2.221627743744328587e+00
2.197087800866194041e+00
2.229033415711038746e+00
2.156512978783919454e+00
2.187339049977801597e+00
2.163343426708324913e+00
2.190231531072321491e+00
2.154600406015476199e+00
2.154600406015476199e+00
2.327769389721915161e+00
2.324018706531211009e+00
2.327028308157873759e+00
2.322939235979270212e+00
2.302778060582174380e+00
2.327769389721915161e+00
2.296662591829708777e+00
2.293171626950026631e+00
2.297674217694990695e+00
2.318315953783551819e+00
2.292294869242533562e+00
2.292294869242533562e+00
2.171873245385321116e+00
2.174132506128772846e+00
2.206287695135240146e+00
2.165781348643899040e+00
2.277223454188442187e+00
2.171873245385321116e+00
2.297284455657032431e+00
2.274070867454061950e+00
2.303044384151841761e+00
2.202832712053103936e+00
2.298759122422931345e+00
2.298759122422931345e+00
2.258074102725637022e+00
2.257515641612091173e+00
2.256667058229156808e+00
2.273007240294706577e+00
2.244243169221347589e+00
2.258074102725637022e+00
2.258335239781275927e+00
2.259178626745938168e+00
2.242175064105703886e+00
2.271147999158742881e+00
2.257777294869661944e+00
2.257777294869661944e+00
2.207709816204747266e+00
2.217857326648780880e+00
2.249109830643304608e+00
2.209285897713710423e+00
2.237627928165229818e+00
2.207709816204747266e+00
2.276506673197470576e+00
2.248284788633638343e+00
2.283246004151174180e+00
2.259301440677831341e+00
2.284489186290694640e+00
2.284489186290694640e+00
2.239042080514688671e+00
2.239878400305663764e+00
2.242211658792863549e+00
2.244703453257347547e+00
2.255695468092309586e+00
2.239042080514688671e+00
2.264007215632862557e+00
2.261850268257990404e+00
2.259464660112343370e+00
2.248623325715521037e+00
2.264771877705971992e+00
2.264771877705971992e+00
2.300159464568754419e+00
2.302655140482631868e+00
2.288707810704586176e+00
2.308471027916979779e+00
2.196266918950619651e+00
2.300159464568754419e+00
2.191037044794550415e+00
2.210616061369535146e+00
2.183485598088269697e+00
2.299981143667653161e+00
2.194715868347641319e+00
2.194715868347641319e+00
2.268650307003818423e+00
2.266028586591056548e+00
2.265042043228006730e+00
2.262653542344815083e+00
2.295873727455755020e+00
2.268650307003818423e+00
2.287037881625504365e+00
2.287940719217397056e+00
2.290276109584401087e+00
2.256241712843541247e+00
2.284604503827945443e+00
2.284604503827945443e+00
