9.625045838290702704e+00
8.457109800485492102e+00
6.479759175874458599e+00
6.479759175874458599e+00
6.479759175874458599e+00
7.868045979384857169e+00
8.103415608590546881e+00
1.031638811480028117e+01
8.103415608590546881e+00
1.061747906796787433e+01
8.779795308499664941e+00
1.104116048887990686e+01
1.207775420893723428e+01
9.689811493773239803e+00
9.689811493773239803e+00
7.928793750924595152e+00
9.169253843010300997e+00
9.689811493773239803e+00
7.495916528980423266e+00
7.495916528980423266e+00
8.370770411462052252e+00
8.370770411462052252e+00
9.304908320815270528e+00
9.304908320815270528e+00
8.227364514471306123e+00
9.304908320815270528e+00
9.421845475108915124e+00
9.421845475108915124e+00
6.650628719362706498e+00
5.131925663084525802e+00
5.131925663084525802e+00
7.678421974949338313e+00
8.571844576581648667e+00
7.137725211088561394e+00
8.571844576581648667e+00
8.571844576581648667e+00
1.140843966145461152e+01
1.140843966145461152e+01
1.153084227644882809e+01
9.977416306538035684e+00
1.059033468974453207e+01
8.600582659878099889e+00
7.900401389210285785e+00
1.216606314720088555e+01
1.073962252456203359e+01
1.073962252456203359e+01
1.073962252456203359e+01
1.078727214327283157e+01
9.356160196585815214e+00
5.996076055226056134e+00
7.451560579700029052e+00
7.451560579700029052e+00
1.033538505935402263e+01
1.033538505935402263e+01
1.138651202554141939e+01
1.184571486927536910e+01
9.550135778376388274e+00
9.943161513409652486e+00
1.138651202554141939e+01
8.997857544873468782e+00
7.626615783446376362e+00
7.507426114882343349e+00
8.997857544873468782e+00
9.828293465041118893e+00
9.828293465041118893e+00
9.509519851072230523e+00
9.509519851072230523e+00
8.477101060107754549e+00
8.199583261700098546e+00
8.199583261700098546e+00
6.798490119703772372e+00
6.798490119703772372e+00
6.033778139958778652e+00
6.033778139958778652e+00
6.772578626152543357e+00
1.387283715989205568e+01
1.387283715989205568e+01
9.582224707325512014e+00
7.649593488899884441e+00
7.649593488899884441e+00
9.391837535381094781e+00
7.649593488899884441e+00
1.136895626173197549e+01
9.287834026771568219e+00
9.934148315473567692e+00
9.934148315473567692e+00
8.277089202907042420e+00
8.584545411652538149e+00
9.581869395469167827e+00
8.277089202907042420e+00
9.972182887601000800e+00
1.076924480012257135e+01
1.076924480012257135e+01
1.076924480012257135e+01
6.933512076179420447e+00
6.933512076179420447e+00
8.325358814336338398e+00
6.933512076179420447e+00
1.083402740062266112e+01
7.341338284383939872e+00
8.508372977127407921e+00
9.370122562164896252e+00
7.341338284383939872e+00
6.554200557014949524e+00
7.741088443918286544e+00
6.554200557014949524e+00
9.779444695385443254e+00
9.108046378986859537e+00
9.398468786196257696e+00
7.699826088355151477e+00
8.710323674608524414e+00
7.699826088355151477e+00
8.805100538944211408e+00
9.954080574083734589e+00
9.954080574083734589e+00
9.168572569748675960e+00
7.149309423658668727e+00
1.068641935070674087e+01
9.168572569748675960e+00
1.068641935070674087e+01
7.250769978818628836e+00
7.895884544699701912e+00
1.121318772278184639e+01
7.895884544699701912e+00
7.895884544699701912e+00
7.895884544699701912e+00
1.062977865057570170e+01
1.062977865057570170e+01
6.149846343843446306e+00
6.149846343843446306e+00
6.089330035380928763e+00
8.304429953444083523e+00
9.387007829390704217e+00
6.150851719866956557e+00
9.387007829390704217e+00
7.655954724059144567e+00
7.655954724059144567e+00
7.655954724059144567e+00
8.680778899523872383e+00
9.640315434049560039e+00
7.298315754166865510e+00
7.260151888009820809e+00
7.260151888009820809e+00
7.260151888009820809e+00
9.361847093671148201e+00
9.361847093671148201e+00
9.361847093671148201e+00
8.465232979517246292e+00
8.819421771394589271e+00
8.465232979517246292e+00
9.501580712911753324e+00
9.501580712911753324e+00
9.501580712911753324e+00
1.215277294551794363e+01
1.084877542795137018e+01
1.084877542795137018e+01
8.939660028722252960e+00
8.939660028722252960e+00
8.939660028722252960e+00
9.937464180003729552e+00
8.472319925474637969e+00
8.134000380663227503e+00
9.074396727452128886e+00
9.074396727452128886e+00
8.841337358198165575e+00
9.267841456311963100e+00
9.267841456311963100e+00
8.354598255984335253e+00
8.354598255984335253e+00
1.284407432678633043e+01
1.394032631022731294e+01
8.864829740933219071e+00
8.864829740933219071e+00
7.544107988911830986e+00
7.544107988911830986e+00
9.553006689841247123e+00
1.159515385159978962e+01
6.175402752065723533e+00
9.553006689841247123e+00
7.837410681411580704e+00
7.702014993561698830e+00
7.917512278842498752e+00
7.837410681411580704e+00
7.837410681411580704e+00
7.780809537312451063e+00
7.702014993561698830e+00
7.780809537312451063e+00
1.085896276638517222e+01
1.011798217899608154e+01
1.681200682129373192e+01
1.681200682129373192e+01
1.008571009231986615e+01
1.191843479273928175e+01
4.921945098194324686e+00
1.147159690806267385e+01
1.094124580577807215e+01
1.147159690806267385e+01
1.068243342641667937e+01
1.068243342641667937e+01
7.455601310607411492e+00
8.721064583223041566e+00
7.455601310607411492e+00
7.455601310607411492e+00
7.521216861261760478e+00
9.508550940051268441e+00
9.508550940051268441e+00
9.508550940051268441e+00
7.478348216842655383e+00
7.478348216842655383e+00
8.342531472168111861e+00
1.043864168721962926e+01
1.051325325134833122e+01
1.395514410951510165e+01
1.395514410951510165e+01
9.291381749693243819e+00
8.418276135550321726e+00
8.418276135550321726e+00
6.847955070256360521e+00
6.847955070256360521e+00
6.847955070256360521e+00
6.736161058918886724e+00
8.847406792925809782e+00
1.029924895323417466e+01
9.265060164968572209e+00
1.029924895323417466e+01
1.041698508564326531e+01
5.711638523895183006e+00
9.125607485364755078e+00
8.388165626703374400e+00
6.859093681305401091e+00
8.388165626703374400e+00
8.388165626703374400e+00
8.060539381633013534e+00
8.060539381633013534e+00
8.060539381633013534e+00
8.060539381633013534e+00
9.764368749259233482e+00
9.764368749259233482e+00
6.922329209724852106e+00
9.113250646870939775e+00
6.922329209724852106e+00
6.891394067582589322e+00
8.507300544766875916e+00
7.341145032542979010e+00
6.891394067582589322e+00
7.341145032542979010e+00
9.052916127051087614e+00
1.122563183501831929e+01
1.007856055274121587e+01
1.122563183501831929e+01
8.529121902040435188e+00
8.529121902040435188e+00
8.313924264636879613e+00
7.734773011241437679e+00
9.002456208795594605e+00
1.095954540102661667e+01
1.095954540102661667e+01
1.095954540102661667e+01
1.054045975015766423e+01
1.189831438418068821e+01
1.054045975015766423e+01
1.032343281012128422e+01
1.032343281012128422e+01
9.130362578022566566e+00
1.032343281012128422e+01
1.032343281012128422e+01
1.032343281012128422e+01
8.395531171878882759e+00
8.395531171878882759e+00
7.608144997939519705e+00
7.941991213444757669e+00
7.194072746294096099e+00
7.941991213444757669e+00
6.804230611480722501e+00
6.804230611480722501e+00
1.260900698475221660e+01
1.260900698475221660e+01
1.234485107792850300e+01
9.874246498301431529e+00
9.874246498301431529e+00
8.905670322022572805e+00
7.435140233469512694e+00
8.905670322022572805e+00
9.071026196356239524e+00
9.976572894641375200e+00
8.955930544211515354e+00
9.071026196356239524e+00
9.071026196356239524e+00
9.850799791222971891e+00
9.850799791222971891e+00
