5.770044080011790255e-01
5.281517409843651256e-01
4.371676766913590306e-01
4.371676766913590306e-01
4.371676766913590306e-01
5.016757033848657787e-01
5.126498933266320224e-01
6.062881832565994999e-01
5.126498933266320224e-01
6.191025593589836173e-01
5.410204397256495046e-01
6.351825314540965328e-01
6.769516039836873667e-01
5.825581762148182019e-01
5.825581762148182019e-01
5.037055631117964838e-01
5.605829749399733331e-01
5.825581762148182019e-01
4.842467622905436420e-01
4.842467622905436420e-01
5.236356388020620978e-01
5.236356388020620978e-01
5.636951477403017163e-01
5.636951477403017163e-01
5.171647103210541552e-01
5.636951477403017163e-01
5.684678145101130786e-01
5.684678145101130786e-01
4.515209850692989413e-01
3.762253781906157446e-01
3.762253781906157446e-01
4.935476566690952804e-01
5.321273996981810139e-01
4.680503480877710176e-01
5.321273996981810139e-01
5.321273996981810139e-01
6.498907275526630833e-01
6.498907275526630833e-01
6.572171873950333199e-01
5.920973563950657770e-01
6.183468336211901395e-01
5.336983727757608209e-01
5.026323838816686429e-01
6.798409320387642785e-01
6.236238728042596824e-01
6.236238728042596824e-01
6.236238728042596824e-01
6.249654708715265405e-01
5.657272697753512603e-01
4.140591544203822694e-01
4.822259514572388439e-01
4.822259514572388439e-01
6.064933020946156050e-01
6.064933020946156050e-01
6.502465062804736462e-01
6.695295561927534500e-01
5.751932479967659662e-01
5.927292832082271534e-01
6.502465062804736462e-01
5.508707730592208307e-01
4.905652026083162642e-01
4.852995245031231364e-01
5.508707730592208307e-01
5.861656298794523101e-01
5.861656298794523101e-01
5.728173743921172179e-01
5.728173743921172179e-01
5.280660326710486796e-01
5.158742110204052045e-01
5.158742110204052045e-01
4.523024005780664214e-01
4.523024005780664214e-01
4.160437275427518178e-01
4.160437275427518178e-01
4.512498340242160899e-01
7.461566145249430848e-01
7.461566145249430848e-01
5.755061824936644754e-01
4.912506784562987172e-01
4.912506784562987172e-01
5.673048899235429987e-01
4.912506784562987172e-01
6.502160144428120736e-01
5.647866640423013784e-01
5.901419584472956670e-01
5.901419584472956670e-01
5.191572285788590424e-01
5.328337240490320648e-01
5.752114235413832155e-01
5.191572285788590424e-01
5.932627714634647331e-01
6.256624690603368455e-01
6.256624690603368455e-01
6.256624690603368455e-01
4.585029802474100413e-01
4.585029802474100413e-01
5.212636786227292651e-01
4.585029802474100413e-01
6.275746758967514216e-01
4.772880349773101494e-01
5.301103062407609423e-01
5.664175517048742892e-01
4.772880349773101494e-01
4.409002575772617005e-01
4.960045887544566323e-01
4.409002575772617005e-01
5.839384909394336187e-01
5.555803467294229137e-01
5.684009475264529820e-01
4.945817593374359222e-01
5.393346156899483379e-01
4.945817593374359222e-01
5.421098424380159653e-01
5.907543623507278685e-01
5.907543623507278685e-01
5.619371341264057795e-01
4.684423011410543958e-01
6.250445728684292934e-01
5.619371341264057795e-01
6.250445728684292934e-01
4.731049296004289362e-01
5.030401293342099400e-01
6.427353564456697033e-01
5.030401293342099400e-01
5.030401293342099400e-01
5.030401293342099400e-01
6.195694841296454092e-01
6.195694841296454092e-01
4.218715285795030523e-01
4.218715285795030523e-01
4.188517669648544328e-01
5.205951469600648140e-01
5.670320481757619158e-01
4.216011083727889686e-01
5.670320481757619158e-01
4.971123422944614956e-01
4.971123422944614956e-01
4.971123422944614956e-01
5.378982843587427620e-01
5.777659393151405309e-01
4.755018929301943476e-01
4.739387976837700078e-01
4.739387976837700078e-01
4.739387976837700078e-01
5.661379506287106400e-01
5.661379506287106400e-01
5.661379506287106400e-01
5.279374900692128669e-01
5.429287429591416192e-01
5.279374900692128669e-01
5.734803784278407202e-01
5.734803784278407202e-01
5.734803784278407202e-01
6.807556008003121661e-01
6.274378331527489250e-01
6.274378331527489250e-01
5.480317249158409565e-01
5.480317249158409565e-01
5.480317249158409565e-01
5.918606527746673729e-01
5.282529018873091120e-01
5.133520312505213123e-01
5.536863325548135872e-01
5.536863325548135872e-01
5.444006395853818736e-01
5.636039320482250092e-01
5.636039320482250092e-01
5.242404977602336258e-01
5.242404977602336258e-01
7.060460527064549296e-01
7.479166427752855784e-01
5.452832134476840453e-01
5.452832134476840453e-01
4.886193319243324340e-01
4.886193319243324340e-01
5.741041092651304467e-01
6.593177080326634298e-01
4.226567027192238979e-01
5.741041092651304467e-01
4.996226250840611338e-01
4.935427506594389224e-01
5.031981846216576626e-01
4.996226250840611338e-01
4.996226250840611338e-01
4.970798717272483236e-01
4.935427506594389224e-01
4.970798717272483236e-01
6.307816996106230256e-01
5.985237269410929040e-01
8.524297039020355404e-01
8.524297039020355404e-01
5.968471635791338104e-01
6.704881541168032921e-01
3.603079104232061458e-01
6.532421074927676763e-01
6.313719876587011726e-01
6.532421074927676763e-01
6.208990675000717330e-01
6.208990675000717330e-01
4.824833706932096233e-01
5.385226780677605518e-01
4.824833706932096233e-01
4.824833706932096233e-01
4.862317748507492543e-01
5.725205136349375001e-01
5.725205136349375001e-01
5.725205136349375001e-01
4.836633084758833467e-01
4.836633084758833467e-01
5.220142510979095540e-01
6.146474255411435994e-01
6.176960208181686562e-01
7.519987479833899480e-01
7.519987479833899480e-01
5.670594726283838538e-01
5.264020445453517771e-01
5.264020445453517771e-01
4.545186173220875925e-01
4.545186173220875925e-01
4.545186173220875925e-01
4.492513592795466248e-01
5.439309577427449138e-01
6.054722780636799806e-01
5.618539082731914824e-01
6.054722780636799806e-01
6.102988701827851692e-01
4.044960175418743642e-01
5.567280165611716569e-01
5.240563212105384672e-01
4.564777046123850712e-01
5.240563212105384672e-01
5.240563212105384672e-01
5.113315030223568591e-01
5.113315030223568591e-01
5.113315030223568591e-01
5.113315030223568591e-01
5.839608813433604384e-01
5.839608813433604384e-01
4.581836799774048341e-01
5.555170058389693466e-01
4.581836799774048341e-01
4.564955553760815521e-01
5.321410434938560474e-01
4.772171521297297048e-01
4.564955553760815521e-01
4.772171521297297048e-01
5.556933292354018228e-01
6.426290523529890608e-01
5.959706403041910017e-01
6.426290523529890608e-01
5.302708257674538794e-01
5.302708257674538794e-01
5.210378749461093140e-01
4.952818979224345997e-01
5.509823020942192784e-01
6.321985339508539026e-01
6.321985339508539026e-01
6.321985339508539026e-01
6.149731544007769335e-01
6.714525248433764748e-01
6.149731544007769335e-01
6.082813891837764997e-01
6.082813891837764997e-01
5.561852446754871337e-01
6.082813891837764997e-01
6.082813891837764997e-01
6.082813891837764997e-01
5.256413929931815776e-01
5.256413929931815776e-01
4.894034632496055970e-01
5.056341289411090401e-01
4.705698676008713277e-01
5.056341289411090401e-01
4.533574287526403457e-01
4.533574287526403457e-01
6.980131173287895674e-01
6.980131173287895674e-01
6.873849583624280779e-01
5.878196313836608899e-01
5.878196313836608899e-01
5.484629270542458190e-01
4.835476151513694032e-01
5.484629270542458190e-01
5.535470307201306728e-01
5.921509230656349931e-01
5.486147338843613275e-01
5.535470307201306728e-01
5.535470307201306728e-01
5.869244648621533278e-01
5.869244648621533278e-01
