3.903186229389025291e-02
3.429560239844850478e-02
2.977699447734598326e-02
2.977699447734598326e-02
2.977699447734598326e-02
3.504287737994156438e-02
3.609117184553416874e-02
4.214832497126740768e-02
3.609117184553416874e-02
4.337845311289966616e-02
3.680278671890623021e-02
4.301879322877105033e-02
4.705759068582283239e-02
4.157481060908081727e-02
4.157481060908081727e-02
3.401904141943132287e-02
4.004460625570621657e-02
4.157481060908081727e-02
3.273669058224194794e-02
3.273669058224194794e-02
3.633288057037505070e-02
3.633288057037505070e-02
3.883864188120666333e-02
3.883864188120666333e-02
3.571043495637065551e-02
3.883864188120666333e-02
3.832319618612936574e-02
3.832319618612936574e-02
2.705131917590667193e-02
2.264853098172815021e-02
2.264853098172815021e-02
3.470078336110724027e-02
3.655977784742846237e-02
3.225723424020751628e-02
3.655977784742846237e-02
3.655977784742846237e-02
4.416936268612702693e-02
4.416936268612702693e-02
4.665697131875605475e-02
4.099837225815113756e-02
4.351692568586545268e-02
3.705358787286736760e-02
3.466865672605781712e-02
4.651280397772257491e-02
4.105929348185387295e-02
4.105929348185387295e-02
4.105929348185387295e-02
4.265647481665562485e-02
3.871840402931246011e-02
2.775181896333617920e-02
3.275772560441785747e-02
3.275772560441785747e-02
4.107909729008192568e-02
4.107909729008192568e-02
4.562335971785998201e-02
4.746328896714578638e-02
4.048922614508033285e-02
4.215551741421909304e-02
4.562335971785998201e-02
3.825552512382467130e-02
3.242551799229373422e-02
3.380576144139301603e-02
3.825552512382467130e-02
4.083322197666703485e-02
4.083322197666703485e-02
3.992729574295454664e-02
3.992729574295454664e-02
3.521947635540725874e-02
3.442730978914416290e-02
3.442730978914416290e-02
3.114923378098545179e-02
3.114923378098545179e-02
2.764548635872179916e-02
2.764548635872179916e-02
2.992788337539349641e-02
5.217924635175336806e-02
5.217924635175336806e-02
3.977369516579939285e-02
3.299318985884135830e-02
3.299318985884135830e-02
3.795828321844241932e-02
3.299318985884135830e-02
4.594905523601519604e-02
4.005902691003662003e-02
4.067749180519560775e-02
4.067749180519560775e-02
3.550572932551056271e-02
3.682460564296419214e-02
3.923501053487857271e-02
3.550572932551056271e-02
4.193723392554495749e-02
4.404428188964622931e-02
4.404428188964622931e-02
4.404428188964622931e-02
3.141403433169969589e-02
3.141403433169969589e-02
3.560386953145735361e-02
3.141403433169969589e-02
4.375067719541223671e-02
3.202650615623306440e-02
3.711768195059610836e-02
3.783904104536089247e-02
3.202650615623306440e-02
2.934683631853685776e-02
3.466119986942428621e-02
2.934683631853685776e-02
3.858579354777378484e-02
3.857466338460296268e-02
3.980466882498970987e-02
3.209175719109366720e-02
3.491367962355750032e-02
3.209175719109366720e-02
3.669838062528616579e-02
3.989904314620734693e-02
3.989904314620734693e-02
4.048850634983750668e-02
3.157142050135856165e-02
4.491588832024201450e-02
4.048850634983750668e-02
4.491588832024201450e-02
3.233795540323277512e-02
3.521512377602357968e-02
4.471209233311013859e-02
3.521512377602357968e-02
3.521512377602357968e-02
3.521512377602357968e-02
4.041710788141814753e-02
4.041710788141814753e-02
2.939202316968302434e-02
2.939202316968302434e-02
2.910279696125024976e-02
3.599227855600718035e-02
3.880460434048771390e-02
2.905777602423825767e-02
3.880460434048771390e-02
3.616816463074017801e-02
3.616816463074017801e-02
3.616816463074017801e-02
3.781988225699661754e-02
3.966881676476433777e-02
3.287599551995166319e-02
3.294554736200624306e-02
3.294554736200624306e-02
3.294554736200624306e-02
3.770359170408135036e-02
3.770359170408135036e-02
3.770359170408135036e-02
3.474527161121421237e-02
3.619902791127152519e-02
3.474527161121421237e-02
4.052355587243038765e-02
4.052355587243038765e-02
4.052355587243038765e-02
4.788302107183978890e-02
4.274515328716310680e-02
4.274515328716310680e-02
3.765409859133329179e-02
3.765409859133329179e-02
3.765409859133329179e-02
4.185687764182079162e-02
3.476053280679514829e-02
3.380571296553006033e-02
3.771409352682855015e-02
3.771409352682855015e-02
3.801011691336883547e-02
3.984371628601399151e-02
3.984371628601399151e-02
3.712630571860644352e-02
3.712630571860644352e-02
4.756987191794297826e-02
5.162999841015133984e-02
3.797677716666880005e-02
3.797677716666880005e-02
3.481475160945507463e-02
3.481475160945507463e-02
3.841546612694006491e-02
4.662754402720852703e-02
2.849841402290485132e-02
3.841546612694006491e-02
3.402905441881752535e-02
3.344118331990415111e-02
3.426656401173026889e-02
3.402905441881752535e-02
3.402905441881752535e-02
3.367492195571021585e-02
3.344118331990415111e-02
3.367492195571021585e-02
4.497695836195791941e-02
4.190787582221618818e-02
5.905567152338166842e-02
5.905567152338166842e-02
4.155750051510818943e-02
4.640992911968935125e-02
2.446695719342596373e-02
4.558306856668909585e-02
4.347568710501421851e-02
4.558306856668909585e-02
4.277449146637222338e-02
4.277449146637222338e-02
3.307577336955899727e-02
3.681742268636217091e-02
3.307577336955899727e-02
3.307577336955899727e-02
3.175206623622206514e-02
3.969113835264048012e-02
3.969113835264048012e-02
3.969113835264048012e-02
3.339177289821537720e-02
3.339177289821537720e-02
3.517657740788839721e-02
4.411633827626162963e-02
4.432950214674798162e-02
5.373273729325216130e-02
5.373273729325216130e-02
4.082659260332052731e-02
3.699014199042197082e-02
3.699014199042197082e-02
3.113092752372651970e-02
3.113092752372651970e-02
3.113092752372651970e-02
3.062270992754955595e-02
3.690319061836980913e-02
4.199272022579234737e-02
3.777606320123802486e-02
4.199272022579234737e-02
4.231837398434119824e-02
2.470006344852454169e-02
3.894949639787913254e-02
3.590208343725243695e-02
2.935752160951764916e-02
3.590208343725243695e-02
3.590208343725243695e-02
3.278730312211088072e-02
3.278730312211088072e-02
3.278730312211088072e-02
3.278730312211088072e-02
4.098160942947225160e-02
4.098160942947225160e-02
3.169473786669926157e-02
3.824882982540818432e-02
3.169473786669926157e-02
3.084772721673464252e-02
3.808095778330725101e-02
3.221383566050273206e-02
3.084772721673464252e-02
3.221383566050273206e-02
3.972529504217110069e-02
4.387900932519975955e-02
4.077922299105025961e-02
4.387900932519975955e-02
3.547944200091383143e-02
3.547944200091383143e-02
3.458426285085776375e-02
3.291774951706166741e-02
3.818310870434919041e-02
4.365101618828377134e-02
4.365101618828377134e-02
4.365101618828377134e-02
4.211433194252059420e-02
4.753963047241441947e-02
4.211433194252059420e-02
4.318196514299828953e-02
4.318196514299828953e-02
3.819146264995881834e-02
4.318196514299828953e-02
4.318196514299828953e-02
4.318196514299828953e-02
3.705427621526605209e-02
3.705427621526605209e-02
3.357909112215880926e-02
3.567664111349554829e-02
3.231687679022122311e-02
3.567664111349554829e-02
3.185289590981992686e-02
3.185289590981992686e-02
4.881069644504901217e-02
4.881069644504901217e-02
4.778812315297843727e-02
3.893030870871547200e-02
3.893030870871547200e-02
3.892399308321464052e-02
3.441802283022837167e-02
3.892399308321464052e-02
3.735927096834974759e-02
4.108878996029338010e-02
3.703517611491690537e-02
3.735927096834974759e-02
3.735927096834974759e-02
4.073570058853654557e-02
4.073570058853654557e-02
