-1.732952606921008964e+02
-1.732952606921008964e+02
-1.760653885815343074e+02
-1.531524867400713106e+02
-1.531524867400713106e+02
-1.807819616531521376e+02
-1.982997042879814273e+02
-1.982997042879814273e+02
-1.803114937556053121e+02
-1.803114937556053121e+02
-1.625195199490713094e+02
-2.190591440087963804e+02
-2.190591440087963804e+02
-1.768874022678627398e+02
-1.682900334642084204e+02
-1.774980300462524667e+02
-1.774980300462524667e+02
-1.774980300462524667e+02
-1.682900334642084204e+02
-1.768874022678627398e+02
-1.341036344400002065e+02
-1.916837483158955422e+02
-1.916837483158955422e+02
-1.421772720769976672e+02
-2.032239659339077491e+02
-2.032239659339077491e+02
-1.889289437951923105e+02
-1.766612600132177420e+02
-1.987394831617907869e+02
-1.766612600132177420e+02
-1.679405860014933580e+02
-1.683256228824370169e+02
-1.608943685992403232e+02
-1.599530012460560329e+02
-1.599530012460560329e+02
-1.599530012460560329e+02
-2.397360556681823311e+02
-2.397360556681823311e+02
-1.903437105697127265e+02
-1.625701081147618936e+02
-1.625701081147618936e+02
-1.675776389127960897e+02
-1.696320631825269345e+02
-1.844635859322477529e+02
-1.651737360323482164e+02
-1.651737360323482164e+02
-1.651737360323482164e+02
-1.650029786538227938e+02
-1.650029786538227938e+02
-1.937919331988272518e+02
-1.736457873936511476e+02
-1.677318602011615667e+02
-1.736457873936511476e+02
-1.405305319151990773e+02
-2.077754619761146841e+02
-2.077754619761146841e+02
-2.034182587828798034e+02
-1.831903050785693949e+02
-1.831903050785693949e+02
-1.533040141856870093e+02
-1.533040141856870093e+02
-2.054678441876653494e+02
-2.081347112016158576e+02
-1.842022330093600431e+02
-1.752989704964844293e+02
-1.842022330093600431e+02
-1.723251843379905495e+02
-1.723251843379905495e+02
-1.723251843379905495e+02
-1.723251843379905495e+02
-1.494120695303471109e+02
-2.057560625670793968e+02
-1.494120695303471109e+02
-2.075265081650967716e+02
-2.075265081650967716e+02
-1.897127260447163621e+02
-1.897127260447163621e+02
-1.798636313000769178e+02
-1.653370058805579390e+02
-1.441059060754741097e+02
-1.730762726011384132e+02
-1.730762726011384132e+02
-1.653370058805579390e+02
-1.376620762750762026e+02
-2.047785077655299517e+02
-2.143618075551968332e+02
-2.143618075551968332e+02
-1.879217156670834470e+02
-1.879217156670834470e+02
-1.879217156670834470e+02
-1.754918600854055910e+02
-1.746450016404022563e+02
-1.596561326484533652e+02
-1.596561326484533652e+02
-1.923505870558624906e+02
-2.004250879858876146e+02
-1.936043562648666239e+02
-1.936043562648666239e+02
-1.657621745669145525e+02
-1.630868373679388696e+02
-1.983347030032914518e+02
-1.983347030032914518e+02
-1.983347030032914518e+02
-1.792012521264227018e+02
-1.792012521264227018e+02
-1.792012521264227018e+02
-1.676425058393166125e+02
-1.677654902942329045e+02
-1.560218754631359843e+02
-2.180947939456239055e+02
-2.149046681241463261e+02
-2.149046681241463261e+02
-1.945994761110252114e+02
-1.945994761110252114e+02
-1.945994761110252114e+02
-1.406798049481691635e+02
-1.491754176620537180e+02
-1.491754176620537180e+02
-1.491754176620537180e+02
-1.933183635541941214e+02
-1.863897068699778288e+02
-1.678794697272310259e+02
-1.715145357314991656e+02
-1.715145357314991656e+02
-1.715145357314991656e+02
-1.715145357314991656e+02
-2.119984933971807095e+02
-2.218936295860010546e+02
-1.875001602550638609e+02
-1.890822777904728582e+02
-1.767412797894905054e+02
-1.767412797894905054e+02
-1.699929472645376904e+02
-1.740441287882987638e+02
-1.740441287882987638e+02
-1.535340884682042315e+02
-1.699929472645376904e+02
-1.499603140076681029e+02
-2.008821621417806114e+02
-1.835478680342794746e+02
-1.589890063905878890e+02
-1.554525469603482861e+02
-1.841607888483494264e+02
-1.841607888483494264e+02
-1.870029082586238474e+02
-1.562010343672912711e+02
-1.842707784542344882e+02
-1.562010343672912711e+02
-1.585169821537565724e+02
-1.585169821537565724e+02
-1.788445238051847923e+02
-1.758449070228631399e+02
-1.729675563601691977e+02
-1.788445238051847923e+02
-1.700665092729220760e+02
-1.700665092729220760e+02
-1.864972884179933317e+02
-1.922148077450734718e+02
-1.922148077450734718e+02
-1.950545436846593077e+02
-1.630933422712138849e+02
-1.748818886492513798e+02
-1.748818886492513798e+02
-1.748818886492513798e+02
-2.194918772813659018e+02
-2.276828564389205383e+02
-2.309999760719776702e+02
-2.309999760719776702e+02
-2.309999760719776702e+02
-1.833972824481984105e+02
-1.311634923627198930e+02
-1.791079827907614686e+02
-1.791079827907614686e+02
-1.916792645131517929e+02
-1.538408915862297306e+02
-1.976724195772003156e+02
-1.586509701349424972e+02
-1.586509701349424972e+02
-1.586509701349424972e+02
-1.757832224734657132e+02
-1.757832224734657132e+02
-1.757832224734657132e+02
-1.757832224734657132e+02
-1.757832224734657132e+02
-1.780633659007892788e+02
-1.772324767606288560e+02
-1.772324767606288560e+02
-1.982725512824763427e+02
-1.982725512824763427e+02
-1.969253280264314299e+02
-2.112161318235502847e+02
-1.900052949965347580e+02
-1.790932945318064071e+02
-1.495441310379521553e+02
-1.511656500981131899e+02
-1.511656500981131899e+02
-1.511656500981131899e+02
-1.817108132364179482e+02
-1.817108132364179482e+02
-1.899672101830870190e+02
-1.899672101830870190e+02
-1.899672101830870190e+02
-1.899672101830870190e+02
-1.637815632319164649e+02
-1.731004657251949084e+02
-1.669735459509960549e+02
-1.731004657251949084e+02
-1.715017542561152197e+02
-1.654314211402601416e+02
-2.006964726327940980e+02
-2.006964726327940980e+02
-2.006964726327940980e+02
-1.732158630517801328e+02
-1.666926812195040384e+02
-1.676035707363157599e+02
-1.722744719280337620e+02
-1.722744719280337620e+02
-2.080088921813793092e+02
-2.029566197510772270e+02
-2.080088921813793092e+02
-1.922202737648538005e+02
-1.922202737648538005e+02
-1.504329756808820093e+02
-1.514692532829297420e+02
-1.514692532829297420e+02
-1.906721098164741761e+02
-1.880105245323144345e+02
-1.619871360643734022e+02
-1.804348798231420403e+02
-1.622074621787329534e+02
-1.622074621787329534e+02
-1.622074621787329534e+02
-1.804348798231420403e+02
-1.836520936094266858e+02
-1.836520936094266858e+02
-1.836520936094266858e+02
-1.845077908230163644e+02
-1.790555917701589124e+02
-1.790555917701589124e+02
-1.337973501548078161e+02
-1.337973501548078161e+02
-1.867703502704914911e+02
-1.812165621453318067e+02
-1.812165621453318067e+02
-1.812165621453318067e+02
-1.839006651789041769e+02
-1.839006651789041769e+02
-2.028104586535903024e+02
-1.995178888927187302e+02
-1.995178888927187302e+02
-1.474339532397141284e+02
-1.799220993155233828e+02
-1.809971179897378875e+02
-1.809971179897378875e+02
-1.481158569205721278e+02
-1.481158569205721278e+02
-1.481158569205721278e+02
-1.481158569205721278e+02
-1.783425578466913350e+02
-1.736173779684745853e+02
-1.736173779684745853e+02
-1.783425578466913350e+02
-1.730118905301053758e+02
-1.777205914296981462e+02
-1.777205914296981462e+02
-1.777205914296981462e+02
-1.777205914296981462e+02
-2.106899740351985315e+02
-2.117074919074612183e+02
-2.106899740351985315e+02
-2.106899740351985315e+02
-2.117074919074612183e+02
-2.080780860224439266e+02
-1.759603680932738996e+02
-1.675150027476378227e+02
-1.675150027476378227e+02
-1.759603680932738996e+02
-1.749072682901118583e+02
-2.051414047990485869e+02
-2.051414047990485869e+02
-1.934058463646423149e+02
-1.561502927009734378e+02
-1.561502927009734378e+02
-1.837183149750873952e+02
-1.830951801017822049e+02
-1.830951801017822049e+02
-1.830951801017822049e+02
-1.830951801017822049e+02
-1.595651873212791827e+02
-1.601082416645452895e+02
