2.439491393368140720e-02
2.143475149903031549e-02
1.861062154834124127e-02
1.861062154834124127e-02
1.861062154834124127e-02
2.190179836246347600e-02
2.255698240345885633e-02
2.634270310704213067e-02
2.255698240345885633e-02
2.711153319556229221e-02
2.300174169931639562e-02
2.688674576798190732e-02
2.941099417863926938e-02
2.598425663067550906e-02
2.598425663067550906e-02
2.126190088714457679e-02
2.502787890981638536e-02
2.598425663067550906e-02
2.046043161390121573e-02
2.046043161390121573e-02
2.270805035648440495e-02
2.270805035648440495e-02
2.427415117575416545e-02
2.427415117575416545e-02
2.231902184773166056e-02
2.427415117575416545e-02
2.395199761633085359e-02
2.395199761633085359e-02
1.690707448494167126e-02
1.415533186358009302e-02
1.415533186358009302e-02
2.168798960069202517e-02
2.284986115464279072e-02
2.016077140012969768e-02
2.284986115464279072e-02
2.284986115464279072e-02
2.760585167882939270e-02
2.760585167882939270e-02
2.916060707422253595e-02
2.562398266134446184e-02
2.719807855366590879e-02
2.315849242054210388e-02
2.166791045378613570e-02
2.907050248607660758e-02
2.566205842615867233e-02
2.566205842615867233e-02
2.566205842615867233e-02
2.666029676040976640e-02
2.419900251832028670e-02
1.734488685208511113e-02
2.047357850276116178e-02
2.047357850276116178e-02
2.567443580630120181e-02
2.567443580630120181e-02
2.851459982366248702e-02
2.966455560446611822e-02
2.530576634067520717e-02
2.634719838388693142e-02
2.851459982366248702e-02
2.390970320239042129e-02
2.026594874518358388e-02
2.112860090087063589e-02
2.390970320239042129e-02
2.552076373541689591e-02
2.552076373541689591e-02
2.495455983934659339e-02
2.495455983934659339e-02
2.201217272212953671e-02
2.151706861821510094e-02
2.151706861821510094e-02
1.946827111311590780e-02
1.946827111311590780e-02
1.727842897420112447e-02
1.727842897420112447e-02
1.870492710962093352e-02
3.261202896984585764e-02
3.261202896984585764e-02
2.485855947862462140e-02
2.062074366177584980e-02
2.062074366177584980e-02
2.372392701152651120e-02
2.062074366177584980e-02
2.871815952250949752e-02
2.503689181877288839e-02
2.542343237824725571e-02
2.542343237824725571e-02
2.219108082844409996e-02
2.301537852685262009e-02
2.452188158429910794e-02
2.219108082844409996e-02
2.621077120346559930e-02
2.752767618102889419e-02
2.752767618102889419e-02
2.752767618102889419e-02
1.963377145731231080e-02
1.963377145731231080e-02
2.225241845716084688e-02
1.963377145731231080e-02
2.734417324713264708e-02
2.001656634764566525e-02
2.319855121912256860e-02
2.364940065335055866e-02
2.001656634764566525e-02
1.834177269908553523e-02
2.166324991839017888e-02
1.834177269908553523e-02
2.411612096735861466e-02
2.410916461537685254e-02
2.487791801561856780e-02
2.005734824443354200e-02
2.182104976472343943e-02
2.005734824443354200e-02
2.293648789080385275e-02
2.493690196637959183e-02
2.493690196637959183e-02
2.530531646864844081e-02
1.973213781334910016e-02
2.807243020015125906e-02
2.530531646864844081e-02
2.807243020015125906e-02
2.021122212702048532e-02
2.200945236001473904e-02
2.794505770819383575e-02
2.200945236001473904e-02
2.200945236001473904e-02
2.200945236001473904e-02
2.526069242588634134e-02
2.526069242588634134e-02
1.837001448105188978e-02
1.837001448105188978e-02
1.818924810078140566e-02
2.249517409750448685e-02
2.425287771280482119e-02
1.816111001514891105e-02
2.425287771280482119e-02
2.260510289421261212e-02
2.260510289421261212e-02
2.260510289421261212e-02
2.363742641062288596e-02
2.479301047797771024e-02
2.054749719996978863e-02
2.059096710125390278e-02
2.059096710125390278e-02
2.059096710125390278e-02
2.356474481505084484e-02
2.356474481505084484e-02
2.356474481505084484e-02
2.171579475700888273e-02
2.262439244454470325e-02
2.171579475700888273e-02
2.532722242026899315e-02
2.532722242026899315e-02
2.532722242026899315e-02
2.992688816989986719e-02
2.671572080447694175e-02
2.671572080447694175e-02
2.353381161958330650e-02
2.353381161958330650e-02
2.353381161958330650e-02
2.616054852613799303e-02
2.172533300424696681e-02
2.112857060345628771e-02
2.357130845426784471e-02
2.357130845426784471e-02
2.375632307085552217e-02
2.490232267875874470e-02
2.490232267875874470e-02
2.320394107412902807e-02
2.320394107412902807e-02
2.973116994871436228e-02
3.226874900634459087e-02
2.373548572916800090e-02
2.373548572916800090e-02
2.175921975590942165e-02
2.175921975590942165e-02
2.400966632933754230e-02
2.914221501700533026e-02
1.781150876431553121e-02
2.400966632933754230e-02
2.126815901176095508e-02
2.090073957494009357e-02
2.141660250733141979e-02
2.126815901176095508e-02
2.126815901176095508e-02
2.104682622231888317e-02
2.090073957494009357e-02
2.104682622231888317e-02
2.811059897622369963e-02
2.619242238888511848e-02
3.690979470211354363e-02
3.690979470211354363e-02
2.597343782194262013e-02
2.900620569980584540e-02
1.529184824589122776e-02
2.848941785418068404e-02
2.717230444063388484e-02
2.848941785418068404e-02
2.673405716648263875e-02
2.673405716648263875e-02
2.067235835597437330e-02
2.301088917897635769e-02
2.067235835597437330e-02
2.067235835597437330e-02
1.984504139763879071e-02
2.480696147040030095e-02
2.480696147040030095e-02
2.480696147040030095e-02
2.086985806138461075e-02
2.086985806138461075e-02
2.198536087993024912e-02
2.757271142266351852e-02
2.770593884171748678e-02
3.358296080828260255e-02
3.358296080828260255e-02
2.551662037707532957e-02
2.311883874401373176e-02
2.311883874401373176e-02
1.945682970232907524e-02
1.945682970232907524e-02
1.945682970232907524e-02
1.913919370471847334e-02
2.306449413648112984e-02
2.624545014112021624e-02
2.361003950077376554e-02
2.624545014112021624e-02
2.644898374021324716e-02
1.543753965532783899e-02
2.434343524867445957e-02
2.243880214828277223e-02
1.834845100594853159e-02
2.243880214828277223e-02
2.243880214828277223e-02
2.049206445131929871e-02
2.049206445131929871e-02
2.049206445131929871e-02
2.049206445131929871e-02
2.561350589342015899e-02
2.561350589342015899e-02
1.980921116668703935e-02
2.390551864088011347e-02
1.980921116668703935e-02
1.927982951045915244e-02
2.380059861456703188e-02
2.013364728781420754e-02
1.927982951045915244e-02
2.013364728781420754e-02
2.482830940135693706e-02
2.742438082824984885e-02
2.548701436940641052e-02
2.742438082824984885e-02
2.217465125057114378e-02
2.217465125057114378e-02
2.161516428178610061e-02
2.057359344816354213e-02
2.386444294021824314e-02
2.728188511767735622e-02
2.728188511767735622e-02
2.728188511767735622e-02
2.632145746407537137e-02
2.971226904525901130e-02
2.632145746407537137e-02
2.698872821437393182e-02
2.698872821437393182e-02
2.386966415622426146e-02
2.698872821437393182e-02
2.698872821437393182e-02
2.698872821437393182e-02
2.315892263454128255e-02
2.315892263454128255e-02
2.098693195134925665e-02
2.229790069593471855e-02
2.019804799388826358e-02
2.229790069593471855e-02
1.990805994363745515e-02
1.990805994363745515e-02
3.050668527815563261e-02
3.050668527815563261e-02
2.986757697061152156e-02
2.433144294294717000e-02
2.433144294294717000e-02
2.432749567700915119e-02
2.151126426889273316e-02
2.432749567700915119e-02
2.334954435521859051e-02
2.568049372518336343e-02
2.314698507182306672e-02
2.334954435521859051e-02
2.334954435521859051e-02
2.545981286783534012e-02
2.545981286783534012e-02
