1.072770392514364346e+01
9.425967577329561919e+00
7.119873293912894141e+00
7.222089028238714015e+00
7.119873293912894141e+00
8.258662731844484739e+00
8.505717513936781771e+00
1.082855518055901989e+01
6.120721168574873694e+00
8.019658873144598132e+00
8.303793449708079422e+00
1.173057251755835217e+01
1.283189133423752715e+01
1.165742411951192636e+01
1.165742411951192636e+01
9.538814203977008077e+00
1.103116205884130174e+01
1.365590450726898375e+01
1.056403629523603627e+01
1.056403629523603627e+01
1.152560012704895698e+01
1.152560012704895698e+01
9.443592325764390338e+00
9.443592325764390338e+00
8.349988383692103611e+00
9.443592325764390338e+00
7.706473395713375751e+00
7.706473395713375751e+00
5.439793448739781212e+00
6.440061963954720525e+00
6.440061963954720525e+00
7.799555396047577638e+00
9.828446703294346776e+00
8.184090506214056759e+00
9.828446703294346776e+00
9.828446703294346776e+00
1.035129673456574473e+01
1.302008009746818828e+01
1.046235712726543987e+01
1.064095808018758227e+01
1.129463821359074416e+01
8.112031929359801552e+00
8.725762637959086021e+00
1.343706148979702064e+01
1.186159947500775225e+01
1.270147362507631783e+01
1.270147362507631783e+01
1.314951165461424232e+01
1.140500915462362741e+01
5.321017348718029005e+00
6.282467993792433703e+00
6.282467993792433703e+00
1.345354236132091685e+01
1.345354236132091685e+01
1.513238725741743451e+01
1.238347616825851816e+01
9.983684405734095435e+00
1.039455237588256509e+01
1.190342683949025293e+01
1.066365867285225200e+01
9.038554693499927239e+00
6.466153719982103532e+00
7.749863820879498988e+00
9.461408550156026109e+00
9.461408550156026109e+00
9.154534583938252368e+00
1.061075466636519238e+01
9.458778260044924835e+00
7.893497223695383980e+00
9.149122954564766985e+00
8.335866999695531021e+00
8.335866999695531021e+00
7.398226840779499547e+00
6.813432280607281122e+00
7.647696810193603589e+00
1.289289937423753507e+01
1.289289937423753507e+01
7.981281964626434799e+00
7.959758908179157544e+00
7.959758908179157544e+00
9.772645120933360019e+00
7.959758908179157544e+00
1.173617943381955975e+01
9.587835873433121492e+00
1.125337577081544715e+01
1.125337577081544715e+01
1.100456108768406871e+01
1.141333046880167679e+01
1.273929330852411290e+01
1.100456108768406871e+01
1.149850912571316108e+01
1.068358051170041811e+01
1.241756804974103012e+01
1.068358051170041811e+01
8.347936219712408956e+00
8.347936219712408956e+00
1.002371721931097781e+01
6.918054540327585933e+00
8.189373589213092330e+00
8.582422383467877225e+00
9.946749197094010952e+00
1.095418117217436205e+01
5.549271718858444835e+00
9.294715258990409623e+00
1.097787781362173654e+01
6.282769554347643393e+00
9.374445724709014272e+00
8.222751835573879120e+00
8.267432203009391856e+00
9.560053022166398407e+00
1.081468012575297877e+01
8.969372424138798650e+00
1.025688438407923719e+01
1.235892044614810281e+01
1.159530809973331067e+01
9.979567258993480294e+00
7.781692701453232885e+00
1.163167329013251994e+01
9.979567258993480294e+00
1.371316096368295590e+01
7.812680919607615238e+00
7.866108535372377197e+00
1.117090189902993735e+01
8.507789752813382123e+00
7.866108535372377197e+00
7.866108535372377197e+00
1.441411841156732265e+01
1.441411841156732265e+01
7.213812196221414119e+00
7.213812196221414119e+00
6.554728076875402820e+00
8.939124642942735122e+00
1.225183963956583177e+01
8.028037292416863480e+00
7.571224363879462516e+00
6.175018918602210860e+00
6.175018918602210860e+00
9.992484428665644458e+00
7.598134574271610653e+00
1.046088262593188034e+01
8.346778608618571127e+00
9.060978144493399000e+00
9.060978144493399000e+00
9.060978144493399000e+00
9.575637251554590890e+00
9.575637251554590890e+00
9.575637251554590890e+00
8.631042210974539941e+00
8.992168528554254081e+00
8.631042210974539941e+00
7.386012305068283545e+00
7.386012305068283545e+00
7.386012305068283545e+00
9.446905018058767922e+00
9.917657176581352374e+00
9.917657176581352374e+00
1.206551334311724943e+01
1.020842340435878270e+01
1.206551334311724943e+01
1.134784114711203529e+01
1.028754135178982487e+01
5.847353116422838504e+00
6.523383267852506329e+00
6.523383267852506329e+00
8.491735019809517837e+00
8.901374380837504319e+00
1.023769258572886365e+01
8.024242454790801560e+00
9.228881290775833079e+00
1.343397099254971216e+01
1.458057112669546562e+01
9.271969514005908408e+00
1.283914198003095208e+01
8.399843226228588478e+00
8.399843226228588478e+00
1.009349510929728311e+01
1.225118253262909995e+01
6.524793659173308669e+00
1.009349510929728311e+01
7.675244119797405062e+00
7.542649950720563545e+00
7.753688307509322364e+00
8.253709476508271692e+00
7.675244119797405062e+00
8.194101856284897067e+00
8.111121992285276860e+00
8.194101856284897067e+00
1.299086498406558476e+01
1.210441026701071721e+01
2.163073978939288722e+01
2.011264937777480455e+01
1.117600175682173536e+01
1.044378493144590259e+01
4.312960295863773830e+00
1.025602595747413304e+01
9.781872732321758690e+00
1.370344082927829454e+01
9.550485027356247159e+00
1.276074251429806239e+01
9.484601122709497290e+00
1.109445308181592793e+01
6.931339903182397677e+00
9.484601122709497290e+00
6.992341513323848901e+00
1.042631352778394138e+01
1.042631352778394138e+01
1.042631352778394138e+01
7.230863216392859449e+00
8.200156224679707506e+00
1.028223559607381254e+01
1.286570790761372862e+01
1.110250770547824395e+01
1.970712410838041961e+01
1.970712410838041961e+01
1.312106932344018340e+01
1.018407832947532654e+01
1.018407832947532654e+01
5.042199695007032467e+00
5.042199695007032467e+00
5.042199695007032467e+00
6.648274974107181379e+00
8.731975475745942461e+00
1.040393941879903039e+01
9.359238242084806814e+00
1.040393941879903039e+01
9.925659337923045555e+00
6.639927200388970441e+00
1.071477101567566415e+01
9.423619312676995818e+00
7.705795350158509471e+00
7.101124233034502353e+00
9.423619312676995818e+00
6.823767445891329331e+00
9.055550160518601288e+00
6.823767445891329331e+00
6.823767445891329331e+00
1.002522037803979238e+01
1.002522037803979238e+01
7.773558178584254463e+00
1.023389410604002059e+01
7.773558178584254463e+00
6.469243099910776174e+00
7.986162858831571398e+00
6.891443354055994064e+00
9.067803750155079001e+00
9.659593081415057014e+00
8.498355284091342554e+00
1.165847838230435052e+01
1.046717744317392373e+01
1.165847838230435052e+01
7.283568962545206027e+00
7.283568962545206027e+00
8.889047165466234190e+00
8.269832623271243577e+00
1.242809744753097867e+01
1.412645685254806160e+01
1.512990400236796518e+01
1.512990400236796518e+01
1.237966796966563088e+01
1.397445509648193429e+01
1.237966796966563088e+01
1.127703593136781635e+01
1.127703593136781635e+01
9.973758608457188757e+00
1.212477192890395905e+01
1.127703593136781635e+01
1.127703593136781635e+01
8.314124640034801672e+00
8.314124640034801672e+00
7.534373287088905968e+00
7.864982392038878167e+00
5.627274685115127184e+00
6.212303889732926798e+00
7.289487655915717568e+00
7.289487655915717568e+00
1.455159442982957430e+01
1.455159442982957430e+01
1.424674174579260999e+01
1.072625514001758340e+01
8.849791900037972781e+00
1.118125317645074901e+01
9.334972253268531972e+00
8.968682837289884802e+00
8.376908815350628146e+00
9.213162835058289701e+00
8.270620313676259272e+00
1.148887624514441619e+01
8.376908815350628146e+00
1.247649574229170533e+01
1.247649574229170533e+01
