1.836280769637711074e+01
1.918767642011007268e+01
1.262277217140539065e+01
1.094090405867449789e+01
1.099468608330911223e+01
1.411670289015697044e+01
1.532669080712045329e+01
2.028768023298577816e+01
1.520047602534750197e+01
1.991638388276444616e+01
1.628655060321985815e+01
2.658587899314751013e+01
2.576578289851715198e+01
1.432637892430595805e+01
1.363651951610014734e+01
1.538078934011213939e+01
1.360384075182424723e+01
1.342599710995117945e+01
1.288132652447594495e+01
1.353298139011736012e+01
1.031292838258685407e+01
1.469186339142505204e+01
1.875909254423071815e+01
1.396695578043658159e+01
1.759086165935984880e+01
1.989474937406562560e+01
2.172871334977372015e+01
2.034431572050700154e+01
2.634865152796966470e+01
1.583660315955941122e+01
1.505011801589978049e+01
1.260483276891861060e+01
1.421831401279565554e+01
1.176977526362062498e+01
1.413457106814916742e+01
1.413457106814916742e+01
3.092331654735496116e+01
2.880582438894280628e+01
2.030517474513329290e+01
1.636499768613287742e+01
1.602380894959500424e+01
1.509466535734200221e+01
1.384245286500018146e+01
2.316287824286983721e+01
2.166290323287068631e+01
2.113663949056358859e+01
2.113663949056358859e+01
1.810320550983802690e+01
1.570151272464060987e+01
1.469601145424262079e+01
1.548004199975179951e+01
1.494950485458796408e+01
1.840711921368978210e+01
1.492863876316916993e+01
2.037111245828629791e+01
2.194641783489574394e+01
1.830942159692735061e+01
1.625356620667715291e+01
1.967568666218767959e+01
1.335667462555658958e+01
1.408458882488963937e+01
1.643498846652201451e+01
1.995477558965724896e+01
1.834186968480657498e+01
1.746263865302504215e+01
1.774696436302620484e+01
1.585108315448513849e+01
1.719162063847874933e+01
1.742263406481482946e+01
1.662881258926226735e+01
1.028131795125056414e+01
1.411904809032731656e+01
1.066247703084016685e+01
1.523127612069782266e+01
1.709625589660318923e+01
2.561495043421106033e+01
2.561495043421106033e+01
1.884223367905682167e+01
1.492538573178418027e+01
1.303658764376483425e+01
1.918823120925203085e+01
1.562869544632128971e+01
1.719377166478911079e+01
1.171602831338633521e+01
2.047594401054623248e+01
2.143931553115616495e+01
1.758525616469477271e+01
1.525615002654160257e+01
1.786509529527270246e+01
1.543237350399793151e+01
1.558242545022947922e+01
1.783707886511346530e+01
1.553063793425394223e+01
1.631934650520455321e+01
1.385534875658924570e+01
1.443330879771721698e+01
1.674570960447925572e+01
1.486807284100141224e+01
1.911035371440807396e+01
1.367259848470623318e+01
1.584953249904046402e+01
2.118738620529735783e+01
1.877412048505445341e+01
1.285150625352992826e+01
1.220959234314913644e+01
1.488416842135313622e+01
2.079001283703149028e+01
1.611047753677649652e+01
1.493395875232212866e+01
2.129267449010066571e+01
2.373302144681793280e+01
2.150191959181969992e+01
1.862860984792926899e+01
2.054800678328585661e+01
2.105946236380988168e+01
1.066743671222388024e+01
1.231393706201601823e+01
1.318979873244488310e+01
1.131638417790541418e+01
1.600982073797533545e+01
1.470553562305033957e+01
1.323744801895404777e+01
1.920862007396295112e+01
1.319559441027545255e+01
1.352595266543753105e+01
1.352595266543753105e+01
2.626496410724739761e+01
2.749751797153834687e+01
1.133858220038655595e+01
1.143479356540891700e+01
1.105253400339623937e+01
1.507308585771557929e+01
1.576919880938817542e+01
1.058064071990380128e+01
1.881493041157082047e+01
1.010463417924403196e+01
1.117286444120132316e+01
8.468742090637004338e+00
1.752614664362301866e+01
1.845757413459384821e+01
1.178748578724061424e+01
1.082889904860928532e+01
1.280985623507745075e+01
1.280985623507745075e+01
2.116412944873551893e+01
1.770339701940772770e+01
2.085316565333929617e+01
1.692625010605240021e+01
1.694327645035005503e+01
1.717891251990637969e+01
1.703336894960609627e+01
1.674598241407374744e+01
1.647861482515025244e+01
2.178612923431795423e+01
2.075382275545252497e+01
2.075382275545252497e+01
1.600278537389808164e+01
1.764141824460894981e+01
1.648958489858292964e+01
1.727595582985845368e+01
1.664307625537086111e+01
1.985375503688112175e+01
1.915449419586463620e+01
1.915449419586463620e+01
1.961620857137775076e+01
2.002403687283703348e+01
1.943460591999452092e+01
1.830430512215298577e+01
1.751954060611884501e+01
2.627512859243423904e+01
1.830510813257906477e+01
1.583930167431414482e+01
1.389472896750916142e+01
1.281632351612864795e+01
1.030666329782940238e+01
2.212690861618435889e+01
1.662921785858522128e+01
1.150318741472430695e+01
1.779479505050902688e+01
1.560157471150252562e+01
1.568635266247233062e+01
1.576102929511815454e+01
1.525724929552161946e+01
1.560157471150252562e+01
1.569635777641867236e+01
1.546445457660232670e+01
1.562266183064379632e+01
1.791545316367958307e+01
1.841672485553797856e+01
2.951456992469292828e+01
3.258022969665567103e+01
1.857982952222856809e+01
2.245693879362628564e+01
8.987103428310730280e+00
1.757578200285237813e+01
1.787325291045018716e+01
1.603569421520974458e+01
2.094276754492830861e+01
1.910764575460636294e+01
1.428370815505505043e+01
1.670812803937285906e+01
1.588675598126231492e+01
1.428370815505505043e+01
1.684203537892918234e+01
1.642157656942681854e+01
1.584556892923869320e+01
1.642157656942681854e+01
1.380740032371305404e+01
1.280861179146259765e+01
1.821839629374180447e+01
1.666466566781619107e+01
1.774190301816809168e+01
1.802115666316952414e+01
1.733975616718779378e+01
1.160738135491939182e+01
1.325339273300108367e+01
1.325339273300108367e+01
1.703913312628008114e+01
1.662837635079533882e+01
1.703913312628008114e+01
1.471609009163279680e+01
1.932840297362432835e+01
1.575990271907902773e+01
1.643280133752416106e+01
1.586922770751292866e+01
2.050829777597388670e+01
1.809880769987411497e+01
1.385672701505781923e+01
1.591577558265634273e+01
1.531907892379459746e+01
1.556049335940033274e+01
1.432140562485766111e+01
2.173751535986978567e+01
2.036544220474012334e+01
2.212745986595568937e+01
2.212745986595568937e+01
1.731476132433715165e+01
1.680014802363808712e+01
1.267843786444533016e+01
1.250820091821025315e+01
9.501097679889181080e+00
1.538340932762237756e+01
1.394312970012616582e+01
1.589741423234421269e+01
1.326099341023993006e+01
1.434006317331821734e+01
1.506174442840410244e+01
2.433244530653753657e+01
2.148946718042578397e+01
2.393524805807287237e+01
1.582701108598184625e+01
1.927613377286653318e+01
1.834309883440355193e+01
1.706531131277699131e+01
1.222228820416107453e+01
1.534224986296023552e+01
1.487935285339823110e+01
1.487935285339823110e+01
1.914981011231072117e+01
1.783347786695869885e+01
1.864705062945667180e+01
1.630454901260697653e+01
1.582079497102659005e+01
1.696081573423530031e+01
1.583445545282186728e+01
1.624736206302436869e+01
1.624736206302436869e+01
1.700875099422502501e+01
1.709133238412160338e+01
1.754734026028374316e+01
1.608991118992818770e+01
1.771375676234178798e+01
1.688500165823046117e+01
1.161844183727149371e+01
1.105833637407030423e+01
1.939458093679740358e+01
2.037691773428075592e+01
2.042107843460500760e+01
2.443676819496458208e+01
2.587124996050246750e+01
1.468437463529634890e+01
9.917017561601378262e+00
1.284029941369155736e+01
1.970551959332769698e+01
1.903629377249575327e+01
1.938910694754795117e+01
1.765681122765605693e+01
1.963828283135091013e+01
1.474604335912804132e+01
1.479657425075865795e+01
