2.174115659262873024e+01 6.398684045938687603e+01 9.291617906789990684e+02 2.332962376078409932e+02 1.811933919016003713e+01 2.781372709199786186e+00
2.097670235512201842e+01 6.398684045938687603e+01 9.291617906789990684e+02 2.332962376078409932e+02 1.811933919016003713e+01 2.781372709199786186e+00
2.174115659262873024e+01 8.265292397298195226e+01 9.291617906789990684e+02 2.332962376078409932e+02 1.811933919016003713e+01 2.781372709199786186e+00
2.174115659262873024e+01 6.398684045938687603e+01 6.951862968412012833e+02 2.332962376078409932e+02 1.811933919016003713e+01 2.781372709199786186e+00
2.174115659262873024e+01 6.398684045938687603e+01 9.291617906789990684e+02 2.328703958045038007e+02 1.811933919016003713e+01 2.781372709199786186e+00
2.174115659262873024e+01 6.398684045938687603e+01 9.291617906789990684e+02 2.332962376078409932e+02 1.581487352416639069e+01 2.781372709199786186e+00
2.174115659262873024e+01 6.398684045938687603e+01 9.291617906789990684e+02 2.332962376078409932e+02 1.811933919016003713e+01 7.666210476309061050e-01
2.174115659262873024e+01 8.265292397298195226e+01 6.951862968412012833e+02 2.328703958045038007e+02 1.581487352416639069e+01 7.666210476309061050e-01
2.097670235512201842e+01 6.398684045938687603e+01 6.951862968412012833e+02 2.328703958045038007e+02 1.581487352416639069e+01 7.666210476309061050e-01
2.097670235512201842e+01 8.265292397298195226e+01 9.291617906789990684e+02 2.328703958045038007e+02 1.581487352416639069e+01 7.666210476309061050e-01
2.097670235512201842e+01 8.265292397298195226e+01 6.951862968412012833e+02 2.332962376078409932e+02 1.581487352416639069e+01 7.666210476309061050e-01
2.097670235512201842e+01 8.265292397298195226e+01 6.951862968412012833e+02 2.328703958045038007e+02 1.811933919016003713e+01 7.666210476309061050e-01
2.097670235512201842e+01 8.265292397298195226e+01 6.951862968412012833e+02 2.328703958045038007e+02 1.581487352416639069e+01 2.781372709199786186e+00
2.097670235512201842e+01 8.265292397298195226e+01 6.951862968412012833e+02 2.328703958045038007e+02 1.581487352416639069e+01 7.666210476309061050e-01
2.096808666548655609e+01 7.399840283387850093e+01 7.213371331459291014e+02 2.469470966472377427e+02 1.501920524161902293e+01 9.391212239861488342e-01
2.128894978517709191e+01 7.399840283387850093e+01 7.213371331459291014e+02 2.469470966472377427e+02 1.501920524161902293e+01 9.391212239861488342e-01
2.096808666548655609e+01 7.172948615777377768e+01 7.213371331459291014e+02 2.469470966472377427e+02 1.501920524161902293e+01 9.391212239861488342e-01
2.096808666548655609e+01 7.399840283387850093e+01 8.090523211566654709e+02 2.469470966472377427e+02 1.501920524161902293e+01 9.391212239861488342e-01
2.096808666548655609e+01 7.399840283387850093e+01 7.213371331459291014e+02 2.541912830430754866e+02 1.501920524161902293e+01 9.391212239861488342e-01
2.096808666548655609e+01 7.399840283387850093e+01 7.213371331459291014e+02 2.469470966472377427e+02 1.715607413488138633e+01 9.391212239861488342e-01
2.096808666548655609e+01 7.399840283387850093e+01 7.213371331459291014e+02 2.469470966472377427e+02 1.501920524161902293e+01 2.444235436618328094e+00
2.096808666548655609e+01 7.172948615777377768e+01 8.090523211566654709e+02 2.541912830430754866e+02 1.715607413488138633e+01 2.444235436618328094e+00
2.128894978517709191e+01 7.399840283387850093e+01 8.090523211566654709e+02 2.541912830430754866e+02 1.715607413488138633e+01 2.444235436618328094e+00
2.128894978517709191e+01 7.172948615777377768e+01 7.213371331459291014e+02 2.541912830430754866e+02 1.715607413488138633e+01 2.444235436618328094e+00
2.128894978517709191e+01 7.172948615777377768e+01 8.090523211566654709e+02 2.469470966472377427e+02 1.715607413488138633e+01 2.444235436618328094e+00
2.128894978517709191e+01 7.172948615777377768e+01 8.090523211566654709e+02 2.541912830430754866e+02 1.501920524161902293e+01 2.444235436618328094e+00
2.128894978517709191e+01 7.172948615777377768e+01 8.090523211566654709e+02 2.541912830430754866e+02 1.715607413488138633e+01 9.391212239861488342e-01
2.128894978517709191e+01 7.172948615777377768e+01 8.090523211566654709e+02 2.541912830430754866e+02 1.715607413488138633e+01 2.444235436618328094e+00
