2.576330350832302774e+00
2.527030724703961173e+00
2.576330350832302774e+00
2.576330350832302774e+00
2.576330350832302774e+00
2.576330350832302774e+00
2.576330350832302774e+00
2.527030724703961173e+00
2.527030724703961173e+00
2.527030724703961173e+00
2.527030724703961173e+00
2.527030724703961173e+00
2.484478612752102133e+00
2.475235800757821014e+00
2.484478612752102133e+00
2.484478612752102133e+00
2.484478612752102133e+00
2.484478612752102133e+00
2.484478612752102133e+00
2.475235800757821014e+00
2.475235800757821014e+00
2.475235800757821014e+00
2.475235800757821014e+00
2.475235800757821014e+00
2.497804039650904251e+00
2.494484326062475610e+00
2.497804039650904251e+00
2.497804039650904251e+00
2.497804039650904251e+00
2.497804039650904251e+00
2.497804039650904251e+00
2.494484326062475610e+00
2.494484326062475610e+00
2.494484326062475610e+00
2.494484326062475610e+00
2.494484326062475610e+00
2.533426682212038372e+00
2.586311408610581175e+00
2.533426682212038372e+00
2.533426682212038372e+00
2.533426682212038372e+00
2.533426682212038372e+00
2.533426682212038372e+00
2.586311408610581175e+00
2.586311408610581175e+00
2.586311408610581175e+00
2.586311408610581175e+00
2.586311408610581175e+00
