1.059929646927309399e+01
1.059929646927309399e+01
1.059929646927309399e+01
1.059929646927309399e+01
1.081081358402626869e+01
1.059929646927309399e+01
1.081081358402626869e+01
1.081081358402626869e+01
1.081081358402626869e+01
1.059929646927309399e+01
1.081081358402626869e+01
1.081081358402626869e+01
1.090550553486433394e+01
1.090550553486433394e+01
1.090550553486433394e+01
1.090550553486433394e+01
1.011207356803524782e+01
1.090550553486433394e+01
1.011207356803524782e+01
1.011207356803524782e+01
1.011207356803524782e+01
1.090550553486433394e+01
1.011207356803524782e+01
1.011207356803524782e+01
9.603195010516207830e+00
9.603195010516207830e+00
9.603195010516207830e+00
9.603195010516207830e+00
1.053204160848028614e+01
9.603195010516207830e+00
1.053204160848028614e+01
1.053204160848028614e+01
1.053204160848028614e+01
9.603195010516207830e+00
1.053204160848028614e+01
1.053204160848028614e+01
1.117340559041326209e+01
1.117340559041326209e+01
1.117340559041326209e+01
1.117340559041326209e+01
1.132497947180805475e+01
1.117340559041326209e+01
1.132497947180805475e+01
1.132497947180805475e+01
1.132497947180805475e+01
1.117340559041326209e+01
1.132497947180805475e+01
1.132497947180805475e+01
