2.213836431868007715e+00
2.208874877248680590e+00
2.178955561408269848e+00
2.206661322317819085e+00
2.218805565949277803e+00
2.228130184756556442e+00
2.192533298063343850e+00
2.221349072219238163e+00
2.194834516460855589e+00
2.181803475566473693e+00
2.171124465375406043e+00
2.187250270653054773e+00
2.042712985279907745e+00
2.041308320094069373e+00
2.143201600797850048e+00
2.081196411642388000e+00
2.013810385438173700e+00
2.006201258066901527e+00
2.123232985288420860e+00
2.016922493726018839e+00
2.086555670618046587e+00
2.145633381257230354e+00
2.151467212140153684e+00
2.122032173193859617e+00
2.097350244705566524e+00
2.096898311314172592e+00
2.034879152034615668e+00
2.032881301393816731e+00
2.127570831091798453e+00
2.150696157528273922e+00
2.064347881897267367e+00
2.123165352887733892e+00
2.124847875339889391e+00
2.029619099416342554e+00
2.000340248120745734e+00
2.063866106063476202e+00
2.166020662705330224e+00
2.171990071228351749e+00
2.190482440492212302e+00
2.177301753662517658e+00
2.169900435964631225e+00
2.152232023181724685e+00
2.192156686396099285e+00
2.173749447922732170e+00
2.187051457131948595e+00
2.194122431526353001e+00
2.209949413326353973e+00
2.197721310053750710e+00
