6.262664374601177641e+00
6.262664374601177641e+00
6.262664374601177641e+00
6.262664374601177641e+00
6.387640659869098236e+00
5.635654135915030061e+00
5.748117949530509918e+00
5.748117949530509918e+00
5.748117949530509918e+00
5.635654135915030061e+00
6.387640659869098236e+00
5.748117949530509918e+00
7.167465714734172266e+00
7.167465714734172266e+00
7.167465714734172266e+00
7.167465714734172266e+00
6.645995490264446026e+00
8.085243397686662448e+00
7.497000097015301456e+00
7.497000097015301456e+00
7.497000097015301456e+00
8.085243397686662448e+00
6.645995490264446026e+00
7.497000097015301456e+00
8.155919191752001751e+00
8.155919191752001751e+00
8.155919191752001751e+00
8.155919191752001751e+00
8.944781417941612744e+00
6.865898960973980891e+00
7.529986994683814494e+00
7.529986994683814494e+00
7.529986994683814494e+00
6.865898960973980891e+00
8.944781417941612744e+00
7.529986994683814494e+00
6.497291104828462949e+00
6.497291104828462949e+00
6.497291104828462949e+00
6.497291104828462949e+00
6.585430716636315296e+00
7.011540366897126120e+00
7.106656075296606367e+00
7.106656075296606367e+00
7.106656075296606367e+00
7.011540366897126120e+00
6.585430716636315296e+00
7.106656075296606367e+00
