1.639954182867718941e+02
1.639954182867718941e+02
1.639954182867718941e+02
1.639954182867718941e+02
1.670978503033913398e+02
1.484304122131967176e+02
1.512222325599432793e+02
1.512222325599432793e+02
1.512222325599432793e+02
1.484304122131967176e+02
1.670978503033913398e+02
1.512222325599432793e+02
1.864563566983350995e+02
1.864563566983350995e+02
1.864563566983350995e+02
1.864563566983350995e+02
1.735112934278089085e+02
2.092394219944951601e+02
1.946367728146740035e+02
1.946367728146740035e+02
1.946367728146740035e+02
2.092394219944951601e+02
1.735112934278089085e+02
1.946367728146740035e+02
2.109938896187986472e+02
2.109938896187986472e+02
2.109938896187986472e+02
2.109938896187986472e+02
2.305767362523470752e+02
1.789702136272086079e+02
1.954556450290012322e+02
1.954556450290012322e+02
1.954556450290012322e+02
1.789702136272086079e+02
2.305767362523470752e+02
1.954556450290012322e+02
1.698198311203856861e+02
1.698198311203856861e+02
1.698198311203856861e+02
1.698198311203856861e+02
1.720078234504415491e+02
1.825856400236066008e+02
1.849468081315350219e+02
1.849468081315350219e+02
1.849468081315350219e+02
1.825856400236066008e+02
1.720078234504415491e+02
1.849468081315350219e+02
