2.085816611024539080e-01
2.085816611024539080e-01
2.085816611024539080e-01
2.085816611024539080e-01
2.127440686051323415e-01
1.876987222619493911e-01
1.914443946554707787e-01
1.914443946554707787e-01
1.914443946554707787e-01
1.876987222619493911e-01
2.127440686051323415e-01
1.914443946554707787e-01
2.387165933300307574e-01
2.387165933300307574e-01
2.387165933300307574e-01
2.387165933300307574e-01
2.213487257373670525e-01
2.692837101644184328e-01
2.496919266283197936e-01
2.496919266283197936e-01
2.496919266283197936e-01
2.692837101644184328e-01
2.213487257373670525e-01
2.496919266283197936e-01
2.716376083847460987e-01
2.716376083847460987e-01
2.716376083847460987e-01
2.716376083847460987e-01
2.979111213302785277e-01
2.286727380840626600e-01
2.507905743441736779e-01
2.507905743441736779e-01
2.507905743441736779e-01
2.286727380840626600e-01
2.979111213302785277e-01
2.507905743441736779e-01
2.163960401275091816e-01
2.163960401275091816e-01
2.163960401275091816e-01
2.163960401275091816e-01
2.193315809037907071e-01
2.335234093887469387e-01
2.366912930989710784e-01
2.366912930989710784e-01
2.366912930989710784e-01
2.335234093887469387e-01
2.193315809037907071e-01
2.366912930989710784e-01
