1.861905321343569142e+02
1.826276646550775524e+02
1.634641864391238357e+02
1.861905321343569142e+02
1.861905321343569142e+02
1.861905321343569142e+02
1.634641864391238357e+02
1.826276646550775524e+02
1.603362012122995850e+02
1.603362012122995850e+02
1.603362012122995850e+02
1.603362012122995850e+02
1.531873639217715493e+02
1.526174729203513039e+02
2.056568827015565262e+02
1.531873639217715493e+02
1.531873639217715493e+02
1.531873639217715493e+02
2.056568827015565262e+02
1.526174729203513039e+02
2.048917934420298366e+02
2.048917934420298366e+02
2.048917934420298366e+02
2.048917934420298366e+02
2.035145467462414501e+02
2.032440651569928320e+02
1.710867891280231561e+02
2.035145467462414501e+02
2.035145467462414501e+02
2.035145467462414501e+02
1.710867891280231561e+02
2.032440651569928320e+02
1.708594057425962092e+02
1.708594057425962092e+02
1.708594057425962092e+02
1.708594057425962092e+02
1.706006778782187894e+02
1.741619296153789378e+02
1.860748062749388225e+02
1.706006778782187894e+02
1.706006778782187894e+02
1.706006778782187894e+02
1.860748062749388225e+02
1.741619296153789378e+02
1.899590770488298688e+02
1.899590770488298688e+02
1.899590770488298688e+02
1.899590770488298688e+02
