2.494373884502258498e+00
2.477238770724382810e+00
2.494373884502258498e+00
2.494373884502258498e+00
2.494373884502258498e+00
2.494373884502258498e+00
2.494373884502258498e+00
2.477238770724382810e+00
2.477238770724382810e+00
2.477238770724382810e+00
2.477238770724382810e+00
2.477238770724382810e+00
2.556353148709773926e+00
2.564360434462650939e+00
2.556353148709773926e+00
2.556353148709773926e+00
2.556353148709773926e+00
2.556353148709773926e+00
2.556353148709773926e+00
2.564360434462650939e+00
2.564360434462650939e+00
2.564360434462650939e+00
2.564360434462650939e+00
2.564360434462650939e+00
2.524658977968348594e+00
2.541670563937687088e+00
2.524658977968348594e+00
2.524658977968348594e+00
2.524658977968348594e+00
2.524658977968348594e+00
2.524658977968348594e+00
2.541670563937687088e+00
2.541670563937687088e+00
2.541670563937687088e+00
2.541670563937687088e+00
2.541670563937687088e+00
2.425279077992601451e+00
2.500424064873876251e+00
2.425279077992601451e+00
2.425279077992601451e+00
2.425279077992601451e+00
2.425279077992601451e+00
2.425279077992601451e+00
2.500424064873876251e+00
2.500424064873876251e+00
2.500424064873876251e+00
2.500424064873876251e+00
2.500424064873876251e+00
2.483049227651607183e+00
2.454063479713123108e+00
2.483049227651607183e+00
2.483049227651607183e+00
2.483049227651607183e+00
2.483049227651607183e+00
2.483049227651607183e+00
2.454063479713123108e+00
2.454063479713123108e+00
2.454063479713123108e+00
2.454063479713123108e+00
2.454063479713123108e+00
2.545398327719411657e+00
2.586260208856977272e+00
2.545398327719411657e+00
2.545398327719411657e+00
2.545398327719411657e+00
2.545398327719411657e+00
2.545398327719411657e+00
2.586260208856977272e+00
2.586260208856977272e+00
2.586260208856977272e+00
2.586260208856977272e+00
2.586260208856977272e+00
2.600390232269740309e+00
2.530491180552175035e+00
2.600390232269740309e+00
2.600390232269740309e+00
2.600390232269740309e+00
2.600390232269740309e+00
2.600390232269740309e+00
2.530491180552175035e+00
2.530491180552175035e+00
2.530491180552175035e+00
2.530491180552175035e+00
2.530491180552175035e+00
2.515470521160742656e+00
2.511588383454646856e+00
2.515470521160742656e+00
2.515470521160742656e+00
2.515470521160742656e+00
2.515470521160742656e+00
2.515470521160742656e+00
2.511588383454646856e+00
2.511588383454646856e+00
2.511588383454646856e+00
2.511588383454646856e+00
2.511588383454646856e+00
2.514262582025688086e+00
2.494764780442589203e+00
2.514262582025688086e+00
2.514262582025688086e+00
2.514262582025688086e+00
2.514262582025688086e+00
2.514262582025688086e+00
2.494764780442589203e+00
2.494764780442589203e+00
2.494764780442589203e+00
2.494764780442589203e+00
2.494764780442589203e+00
2.590345950641164130e+00
2.551488366808265962e+00
2.590345950641164130e+00
2.590345950641164130e+00
2.590345950641164130e+00
2.590345950641164130e+00
2.590345950641164130e+00
2.551488366808265962e+00
2.551488366808265962e+00
2.551488366808265962e+00
2.551488366808265962e+00
2.551488366808265962e+00
2.544562077802891675e+00
2.555933735998528356e+00
2.544562077802891675e+00
2.544562077802891675e+00
2.544562077802891675e+00
2.544562077802891675e+00
2.544562077802891675e+00
2.555933735998528356e+00
2.555933735998528356e+00
2.555933735998528356e+00
2.555933735998528356e+00
2.555933735998528356e+00
2.479498381432167609e+00
2.490735944105414656e+00
2.479498381432167609e+00
2.479498381432167609e+00
2.479498381432167609e+00
2.479498381432167609e+00
2.479498381432167609e+00
2.490735944105414656e+00
2.490735944105414656e+00
2.490735944105414656e+00
2.490735944105414656e+00
2.490735944105414656e+00
2.463898469121240442e+00
2.520148589928656868e+00
2.463898469121240442e+00
2.463898469121240442e+00
2.463898469121240442e+00
2.463898469121240442e+00
2.463898469121240442e+00
2.520148589928656868e+00
2.520148589928656868e+00
2.520148589928656868e+00
2.520148589928656868e+00
2.520148589928656868e+00
2.533378020297213151e+00
2.525507497118901767e+00
2.533378020297213151e+00
2.533378020297213151e+00
2.533378020297213151e+00
2.533378020297213151e+00
2.533378020297213151e+00
2.525507497118901767e+00
2.525507497118901767e+00
2.525507497118901767e+00
2.525507497118901767e+00
2.525507497118901767e+00
2.570867326849104906e+00
2.657858708512268908e+00
2.570867326849104906e+00
2.570867326849104906e+00
2.570867326849104906e+00
2.570867326849104906e+00
2.570867326849104906e+00
2.657858708512268908e+00
2.657858708512268908e+00
2.657858708512268908e+00
2.657858708512268908e+00
2.657858708512268908e+00
2.503515257284693707e+00
2.426420883565917563e+00
2.503515257284693707e+00
2.503515257284693707e+00
2.503515257284693707e+00
2.503515257284693707e+00
2.503515257284693707e+00
2.426420883565917563e+00
2.426420883565917563e+00
2.426420883565917563e+00
2.426420883565917563e+00
2.426420883565917563e+00
2.499852260926949565e+00
2.528368606180367628e+00
2.499852260926949565e+00
2.499852260926949565e+00
2.499852260926949565e+00
2.499852260926949565e+00
2.499852260926949565e+00
2.528368606180367628e+00
2.528368606180367628e+00
2.528368606180367628e+00
2.528368606180367628e+00
2.528368606180367628e+00
2.565888131533821781e+00
2.517294971883840216e+00
2.565888131533821781e+00
2.565888131533821781e+00
2.565888131533821781e+00
2.565888131533821781e+00
2.565888131533821781e+00
2.517294971883840216e+00
2.517294971883840216e+00
2.517294971883840216e+00
2.517294971883840216e+00
2.517294971883840216e+00
2.529960999903009711e+00
2.447581857067574251e+00
2.529960999903009711e+00
2.529960999903009711e+00
2.529960999903009711e+00
2.529960999903009711e+00
2.529960999903009711e+00
2.447581857067574251e+00
2.447581857067574251e+00
2.447581857067574251e+00
2.447581857067574251e+00
2.447581857067574251e+00
2.456684395565851275e+00
2.606589715944836350e+00
2.456684395565851275e+00
2.456684395565851275e+00
2.456684395565851275e+00
2.456684395565851275e+00
2.456684395565851275e+00
2.606589715944836350e+00
2.606589715944836350e+00
2.606589715944836350e+00
2.606589715944836350e+00
2.606589715944836350e+00
2.472791337015892488e+00
2.547526720274280621e+00
2.472791337015892488e+00
2.472791337015892488e+00
2.472791337015892488e+00
2.472791337015892488e+00
2.472791337015892488e+00
2.547526720274280621e+00
2.547526720274280621e+00
2.547526720274280621e+00
2.547526720274280621e+00
2.547526720274280621e+00
2.540058326367722774e+00
2.498568353438220147e+00
2.540058326367722774e+00
2.540058326367722774e+00
2.540058326367722774e+00
2.540058326367722774e+00
2.540058326367722774e+00
2.498568353438220147e+00
2.498568353438220147e+00
2.498568353438220147e+00
2.498568353438220147e+00
2.498568353438220147e+00
2.579840264431170205e+00
2.484971489701969016e+00
2.579840264431170205e+00
2.579840264431170205e+00
2.579840264431170205e+00
2.579840264431170205e+00
2.579840264431170205e+00
2.484971489701969016e+00
2.484971489701969016e+00
2.484971489701969016e+00
2.484971489701969016e+00
2.484971489701969016e+00
2.510143668429245078e+00
2.562083291311383348e+00
2.510143668429245078e+00
2.510143668429245078e+00
2.510143668429245078e+00
2.510143668429245078e+00
2.510143668429245078e+00
2.562083291311383348e+00
2.562083291311383348e+00
2.562083291311383348e+00
2.562083291311383348e+00
2.562083291311383348e+00
2.518600718468099853e+00
2.579504615970809489e+00
2.518600718468099853e+00
2.518600718468099853e+00
2.518600718468099853e+00
2.518600718468099853e+00
2.518600718468099853e+00
2.579504615970809489e+00
2.579504615970809489e+00
2.579504615970809489e+00
2.579504615970809489e+00
2.579504615970809489e+00
2.618723318752584017e+00
2.461420080803497168e+00
2.618723318752584017e+00
2.618723318752584017e+00
2.618723318752584017e+00
2.618723318752584017e+00
2.618723318752584017e+00
2.461420080803497168e+00
2.461420080803497168e+00
2.461420080803497168e+00
2.461420080803497168e+00
2.461420080803497168e+00
2.549033137632575663e+00
2.507483083900447607e+00
2.549033137632575663e+00
2.549033137632575663e+00
2.549033137632575663e+00
2.549033137632575663e+00
2.549033137632575663e+00
2.507483083900447607e+00
2.507483083900447607e+00
2.507483083900447607e+00
2.507483083900447607e+00
2.507483083900447607e+00
2.487433099223723687e+00
2.534601009208473421e+00
2.487433099223723687e+00
2.487433099223723687e+00
2.487433099223723687e+00
2.487433099223723687e+00
2.487433099223723687e+00
2.534601009208473421e+00
2.534601009208473421e+00
2.534601009208473421e+00
2.534601009208473421e+00
2.534601009208473421e+00
2.446889650594355370e+00
2.569697615350320596e+00
2.446889650594355370e+00
2.446889650594355370e+00
2.446889650594355370e+00
2.446889650594355370e+00
2.446889650594355370e+00
2.569697615350320596e+00
2.569697615350320596e+00
2.569697615350320596e+00
2.569697615350320596e+00
2.569697615350320596e+00
2.528975269446021912e+00
2.471736707062476501e+00
2.528975269446021912e+00
2.528975269446021912e+00
2.528975269446021912e+00
2.528975269446021912e+00
2.528975269446021912e+00
2.471736707062476501e+00
2.471736707062476501e+00
2.471736707062476501e+00
2.471736707062476501e+00
2.471736707062476501e+00
2.561840800225681392e+00
2.505218601500629028e+00
2.561840800225681392e+00
2.561840800225681392e+00
2.561840800225681392e+00
2.561840800225681392e+00
2.561840800225681392e+00
2.505218601500629028e+00
2.505218601500629028e+00
2.505218601500629028e+00
2.505218601500629028e+00
2.505218601500629028e+00
2.499286270453572101e+00
2.536878897536039457e+00
2.499286270453572101e+00
2.499286270453572101e+00
2.499286270453572101e+00
2.499286270453572101e+00
2.499286270453572101e+00
2.536878897536039457e+00
2.536878897536039457e+00
2.536878897536039457e+00
2.536878897536039457e+00
2.536878897536039457e+00
2.495741528652064112e+00
2.535673235212265730e+00
2.495741528652064112e+00
2.495741528652064112e+00
2.495741528652064112e+00
2.495741528652064112e+00
2.495741528652064112e+00
2.535673235212265730e+00
2.535673235212265730e+00
2.535673235212265730e+00
2.535673235212265730e+00
2.535673235212265730e+00
2.560290413512423591e+00
2.510210663362922201e+00
2.560290413512423591e+00
2.560290413512423591e+00
2.560290413512423591e+00
2.560290413512423591e+00
2.560290413512423591e+00
2.510210663362922201e+00
2.510210663362922201e+00
2.510210663362922201e+00
2.510210663362922201e+00
2.510210663362922201e+00
2.526344882792300961e+00
2.467939964615002424e+00
2.526344882792300961e+00
2.526344882792300961e+00
2.526344882792300961e+00
2.526344882792300961e+00
2.526344882792300961e+00
2.467939964615002424e+00
2.467939964615002424e+00
2.467939964615002424e+00
2.467939964615002424e+00
2.467939964615002424e+00
2.444791258848882709e+00
2.580721889221517795e+00
2.444791258848882709e+00
2.444791258848882709e+00
2.444791258848882709e+00
2.444791258848882709e+00
2.444791258848882709e+00
2.580721889221517795e+00
2.580721889221517795e+00
2.580721889221517795e+00
2.580721889221517795e+00
2.580721889221517795e+00
2.488796602366859734e+00
2.540153228480841019e+00
2.488796602366859734e+00
2.488796602366859734e+00
2.488796602366859734e+00
2.488796602366859734e+00
2.488796602366859734e+00
2.540153228480841019e+00
2.540153228480841019e+00
2.540153228480841019e+00
2.540153228480841019e+00
2.540153228480841019e+00
2.552854195386717429e+00
2.505819356542441145e+00
2.552854195386717429e+00
2.552854195386717429e+00
2.552854195386717429e+00
2.552854195386717429e+00
2.552854195386717429e+00
2.505819356542441145e+00
2.505819356542441145e+00
2.505819356542441145e+00
2.505819356542441145e+00
2.505819356542441145e+00
2.624062175466622460e+00
2.473546781094171365e+00
2.624062175466622460e+00
2.624062175466622460e+00
2.624062175466622460e+00
2.624062175466622460e+00
2.624062175466622460e+00
2.473546781094171365e+00
2.473546781094171365e+00
2.473546781094171365e+00
2.473546781094171365e+00
2.473546781094171365e+00
2.521200351083679791e+00
2.574417885338975420e+00
2.521200351083679791e+00
2.521200351083679791e+00
2.521200351083679791e+00
2.521200351083679791e+00
2.521200351083679791e+00
2.574417885338975420e+00
2.574417885338975420e+00
2.574417885338975420e+00
2.574417885338975420e+00
2.574417885338975420e+00
2.507405949807509415e+00
2.594818276605296514e+00
2.507405949807509415e+00
2.507405949807509415e+00
2.507405949807509415e+00
2.507405949807509415e+00
2.507405949807509415e+00
2.594818276605296514e+00
2.594818276605296514e+00
2.594818276605296514e+00
2.594818276605296514e+00
2.594818276605296514e+00
2.578596626949350323e+00
2.444603351654706103e+00
2.578596626949350323e+00
2.578596626949350323e+00
2.578596626949350323e+00
2.578596626949350323e+00
2.578596626949350323e+00
2.444603351654706103e+00
2.444603351654706103e+00
2.444603351654706103e+00
2.444603351654706103e+00
2.444603351654706103e+00
2.536824620172153821e+00
2.516035704783750937e+00
2.536824620172153821e+00
2.536824620172153821e+00
2.536824620172153821e+00
2.536824620172153821e+00
2.536824620172153821e+00
2.516035704783750937e+00
2.516035704783750937e+00
2.516035704783750937e+00
2.516035704783750937e+00
2.516035704783750937e+00
2.471048178242460924e+00
2.525944279947426985e+00
2.471048178242460924e+00
2.471048178242460924e+00
2.471048178242460924e+00
2.471048178242460924e+00
2.471048178242460924e+00
2.525944279947426985e+00
2.525944279947426985e+00
2.525944279947426985e+00
2.525944279947426985e+00
2.525944279947426985e+00
2.458219068388723283e+00
2.560256389023044754e+00
2.458219068388723283e+00
2.458219068388723283e+00
2.458219068388723283e+00
2.458219068388723283e+00
2.458219068388723283e+00
2.560256389023044754e+00
2.560256389023044754e+00
2.560256389023044754e+00
2.560256389023044754e+00
2.560256389023044754e+00
2.532643126779431597e+00
2.481624820187671610e+00
2.532643126779431597e+00
2.532643126779431597e+00
2.532643126779431597e+00
2.532643126779431597e+00
2.532643126779431597e+00
2.481624820187671610e+00
2.481624820187671610e+00
2.481624820187671610e+00
2.481624820187671610e+00
2.481624820187671610e+00
2.567456173995118274e+00
2.495324449623745888e+00
2.567456173995118274e+00
2.567456173995118274e+00
2.567456173995118274e+00
2.567456173995118274e+00
2.567456173995118274e+00
2.495324449623745888e+00
2.495324449623745888e+00
2.495324449623745888e+00
2.495324449623745888e+00
2.495324449623745888e+00
2.503178348636246664e+00
2.546600678834820553e+00
2.503178348636246664e+00
2.503178348636246664e+00
2.503178348636246664e+00
2.503178348636246664e+00
2.503178348636246664e+00
2.546600678834820553e+00
2.546600678834820553e+00
2.546600678834820553e+00
2.546600678834820553e+00
2.546600678834820553e+00
2.506511031202136586e+00
2.486791246879140882e+00
2.506511031202136586e+00
2.506511031202136586e+00
2.506511031202136586e+00
2.506511031202136586e+00
2.506511031202136586e+00
2.486791246879140882e+00
2.486791246879140882e+00
2.486791246879140882e+00
2.486791246879140882e+00
2.486791246879140882e+00
2.573100902507350796e+00
2.555154110631616682e+00
2.573100902507350796e+00
2.573100902507350796e+00
2.573100902507350796e+00
2.573100902507350796e+00
2.573100902507350796e+00
2.555154110631616682e+00
2.555154110631616682e+00
2.555154110631616682e+00
2.555154110631616682e+00
2.555154110631616682e+00
2.535924024981754510e+00
2.550250008442235483e+00
2.535924024981754510e+00
2.535924024981754510e+00
2.535924024981754510e+00
2.535924024981754510e+00
2.535924024981754510e+00
2.550250008442235483e+00
2.550250008442235483e+00
2.550250008442235483e+00
2.550250008442235483e+00
2.550250008442235483e+00
2.465669118900621015e+00
2.491656065623811589e+00
2.465669118900621015e+00
2.465669118900621015e+00
2.465669118900621015e+00
2.465669118900621015e+00
2.465669118900621015e+00
2.491656065623811589e+00
2.491656065623811589e+00
2.491656065623811589e+00
2.491656065623811589e+00
2.491656065623811589e+00
2.477608556390086925e+00
2.415394393357636282e+00
2.477608556390086925e+00
2.477608556390086925e+00
2.477608556390086925e+00
2.477608556390086925e+00
2.477608556390086925e+00
2.415394393357636282e+00
2.415394393357636282e+00
2.415394393357636282e+00
2.415394393357636282e+00
2.415394393357636282e+00
2.541392598500403999e+00
2.614885788132196520e+00
2.541392598500403999e+00
2.541392598500403999e+00
2.541392598500403999e+00
2.541392598500403999e+00
2.541392598500403999e+00
2.614885788132196520e+00
2.614885788132196520e+00
2.614885788132196520e+00
2.614885788132196520e+00
2.614885788132196520e+00
2.587951269562857259e+00
2.522403285126330719e+00
2.587951269562857259e+00
2.587951269562857259e+00
2.587951269562857259e+00
2.587951269562857259e+00
2.587951269562857259e+00
2.522403285126330719e+00
2.522403285126330719e+00
2.522403285126330719e+00
2.522403285126330719e+00
2.522403285126330719e+00
2.511803926254406072e+00
2.519567705117812917e+00
2.511803926254406072e+00
2.511803926254406072e+00
2.511803926254406072e+00
2.511803926254406072e+00
2.511803926254406072e+00
2.519567705117812917e+00
2.519567705117812917e+00
2.519567705117812917e+00
2.519567705117812917e+00
2.519567705117812917e+00
2.517831447335012296e+00
2.501784364595705856e+00
2.517831447335012296e+00
2.517831447335012296e+00
2.517831447335012296e+00
2.517831447335012296e+00
2.517831447335012296e+00
2.501784364595705856e+00
2.501784364595705856e+00
2.501784364595705856e+00
2.501784364595705856e+00
2.501784364595705856e+00
2.603625239162230987e+00
2.544306447352781664e+00
2.603625239162230987e+00
2.603625239162230987e+00
2.603625239162230987e+00
2.603625239162230987e+00
2.603625239162230987e+00
2.544306447352781664e+00
2.544306447352781664e+00
2.544306447352781664e+00
2.544306447352781664e+00
2.544306447352781664e+00
2.548728619452046651e+00
2.568936938692871763e+00
2.548728619452046651e+00
2.548728619452046651e+00
2.548728619452046651e+00
2.548728619452046651e+00
2.548728619452046651e+00
2.568936938692871763e+00
2.568936938692871763e+00
2.568936938692871763e+00
2.568936938692871763e+00
2.568936938692871763e+00
2.484815811796148743e+00
2.478518162033344296e+00
2.484815811796148743e+00
2.484815811796148743e+00
2.484815811796148743e+00
2.484815811796148743e+00
2.484815811796148743e+00
2.478518162033344296e+00
2.478518162033344296e+00
2.478518162033344296e+00
2.478518162033344296e+00
2.478518162033344296e+00
2.416859366667097664e+00
2.514503002945187582e+00
2.416859366667097664e+00
2.416859366667097664e+00
2.416859366667097664e+00
2.416859366667097664e+00
2.416859366667097664e+00
2.514503002945187582e+00
2.514503002945187582e+00
2.514503002945187582e+00
2.514503002945187582e+00
2.514503002945187582e+00
2.522314278394207854e+00
2.531318224001836814e+00
2.522314278394207854e+00
2.522314278394207854e+00
2.522314278394207854e+00
2.522314278394207854e+00
2.522314278394207854e+00
2.531318224001836814e+00
2.531318224001836814e+00
2.531318224001836814e+00
2.531318224001836814e+00
2.531318224001836814e+00
2.554708109739650901e+00
2.589617841224466144e+00
2.554708109739650901e+00
2.554708109739650901e+00
2.554708109739650901e+00
2.554708109739650901e+00
2.554708109739650901e+00
2.589617841224466144e+00
2.589617841224466144e+00
2.589617841224466144e+00
2.589617841224466144e+00
2.589617841224466144e+00
2.490912289362948950e+00
2.460325713957210780e+00
2.490912289362948950e+00
2.490912289362948950e+00
2.490912289362948950e+00
2.490912289362948950e+00
2.490912289362948950e+00
2.460325713957210780e+00
2.460325713957210780e+00
2.460325713957210780e+00
2.460325713957210780e+00
2.460325713957210780e+00
