1.928296156925898401e+02
1.928296156925898401e+02
1.928296156925898401e+02
1.928296156925898401e+02
2.205055649017957649e+02
1.718794065001695230e+02
1.964092996345825100e+02
1.964092996345825100e+02
1.964092996345825100e+02
1.718794065001695230e+02
2.205055649017957649e+02
1.964092996345825100e+02
1.643739083696872285e+02
1.643739083696872285e+02
1.643739083696872285e+02
1.643739083696872285e+02
1.695075412667822263e+02
1.638155553317399722e+02
1.689307955976838684e+02
1.689307955976838684e+02
1.689307955976838684e+02
1.638155553317399722e+02
1.695075412667822263e+02
1.689307955976838684e+02
1.697951526143442322e+02
1.697951526143442322e+02
1.697951526143442322e+02
1.697951526143442322e+02
1.790613104165912546e+02
1.618557676019857468e+02
1.706657351288712618e+02
1.706657351288712618e+02
1.706657351288712618e+02
1.618557676019857468e+02
1.790613104165912546e+02
1.706657351288712618e+02
2.040447594745225501e+02
2.040447594745225501e+02
2.040447594745225501e+02
2.040447594745225501e+02
1.883975388865069931e+02
2.077838682830581547e+02
1.918374034820378142e+02
1.918374034820378142e+02
1.918374034820378142e+02
2.077838682830581547e+02
1.883975388865069931e+02
1.918374034820378142e+02
2.023419904545432928e+02
2.023419904545432928e+02
2.023419904545432928e+02
2.023419904545432928e+02
1.889744461243192859e+02
1.605409679190414920e+02
1.500565115777573340e+02
1.500565115777573340e+02
1.500565115777573340e+02
1.605409679190414920e+02
1.889744461243192859e+02
1.500565115777573340e+02
1.732618987996356736e+02
1.732618987996356736e+02
1.732618987996356736e+02
1.732618987996356736e+02
1.517970142518036027e+02
2.162794526392870011e+02
1.892092977496048434e+02
1.892092977496048434e+02
1.892092977496048434e+02
2.162794526392870011e+02
1.517970142518036027e+02
1.892092977496048434e+02
1.251443283007601934e+02
1.251443283007601934e+02
1.251443283007601934e+02
1.251443283007601934e+02
1.204259044074355955e+02
1.970981957423568645e+02
1.894683899262387854e+02
1.894683899262387854e+02
1.894683899262387854e+02
1.970981957423568645e+02
1.204259044074355955e+02
1.894683899262387854e+02
1.976543956300197635e+02
1.976543956300197635e+02
1.976543956300197635e+02
1.976543956300197635e+02
2.417179522159371174e+02
1.675211587127556641e+02
2.045640578864044983e+02
2.045640578864044983e+02
2.045640578864044983e+02
1.675211587127556641e+02
2.417179522159371174e+02
2.045640578864044983e+02
1.548456636330642482e+02
1.548456636330642482e+02
1.548456636330642482e+02
1.548456636330642482e+02
1.583641660105085407e+02
1.921388810859380385e+02
1.965541861091986675e+02
1.965541861091986675e+02
1.965541861091986675e+02
1.921388810859380385e+02
1.583641660105085407e+02
1.965541861091986675e+02
2.382595734333494306e+02
2.382595734333494306e+02
2.382595734333494306e+02
2.382595734333494306e+02
2.010486590659740500e+02
1.881387531440712166e+02
1.590462604667445419e+02
1.590462604667445419e+02
1.590462604667445419e+02
1.881387531440712166e+02
2.010486590659740500e+02
1.590462604667445419e+02
1.921564849438005638e+02
1.921564849438005638e+02
1.921564849438005638e+02
1.921564849438005638e+02
1.986743215385600081e+02
1.506402398072331152e+02
1.556844539999142114e+02
1.556844539999142114e+02
1.556844539999142114e+02
1.506402398072331152e+02
1.986743215385600081e+02
1.556844539999142114e+02
1.835243455381199453e+02
1.835243455381199453e+02
1.835243455381199453e+02
1.835243455381199453e+02
1.920298977443569584e+02
2.141415103553730432e+02
2.241352014666663024e+02
2.241352014666663024e+02
2.241352014666663024e+02
2.141415103553730432e+02
1.920298977443569584e+02
2.241352014666663024e+02
1.697360837074091080e+02
1.697360837074091080e+02
1.697360837074091080e+02
1.697360837074091080e+02
1.648845409701151823e+02
1.809725778376102028e+02
1.757828696276721985e+02
1.757828696276721985e+02
1.757828696276721985e+02
1.809725778376102028e+02
1.648845409701151823e+02
1.757828696276721985e+02
1.709951913053095325e+02
1.709951913053095325e+02
1.709951913053095325e+02
1.709951913053095325e+02
1.947571073374758441e+02
1.725296811637041969e+02
1.965160293888497165e+02
1.965160293888497165e+02
1.965160293888497165e+02
1.725296811637041969e+02
1.947571073374758441e+02
1.965160293888497165e+02
2.261389039053423744e+02
2.261389039053423744e+02
2.261389039053423744e+02
2.261389039053423744e+02
2.189966774222221773e+02
2.404017699840644298e+02
2.327914164252386797e+02
2.327914164252386797e+02
2.327914164252386797e+02
2.404017699840644298e+02
2.189966774222221773e+02
2.327914164252386797e+02
1.390083320661317146e+02
1.390083320661317146e+02
1.390083320661317146e+02
1.390083320661317146e+02
1.347181830612904037e+02
1.356805770959249173e+02
1.314998452214815359e+02
1.314998452214815359e+02
1.314998452214815359e+02
1.356805770959249173e+02
1.347181830612904037e+02
1.314998452214815359e+02
1.983787583452743775e+02
1.983787583452743775e+02
1.983787583452743775e+02
1.983787583452743775e+02
1.778160450738450038e+02
2.308235753858831174e+02
2.067467307829402614e+02
2.067467307829402614e+02
2.067467307829402614e+02
2.308235753858831174e+02
1.778160450738450038e+02
2.067467307829402614e+02
1.673554422240035819e+02
1.673554422240035819e+02
1.673554422240035819e+02
1.673554422240035819e+02
1.802382365776646793e+02
1.343514152859758042e+02
1.445571568580955670e+02
1.445571568580955670e+02
1.445571568580955670e+02
1.343514152859758042e+02
1.802382365776646793e+02
1.445571568580955670e+02
1.686190645690529095e+02
1.686190645690529095e+02
1.686190645690529095e+02
1.686190645690529095e+02
1.710243744239144803e+02
1.880270176038988836e+02
1.907239285173529595e+02
1.907239285173529595e+02
1.907239285173529595e+02
1.880270176038988836e+02
1.710243744239144803e+02
1.907239285173529595e+02
2.387539431442141336e+02
2.387539431442141336e+02
2.387539431442141336e+02
2.387539431442141336e+02
2.373457964856589513e+02
1.869276457274157792e+02
1.858364905447949127e+02
1.858364905447949127e+02
1.858364905447949127e+02
1.869276457274157792e+02
2.373457964856589513e+02
1.858364905447949127e+02
2.000147757432077356e+02
2.000147757432077356e+02
2.000147757432077356e+02
2.000147757432077356e+02
2.141098475841008906e+02
1.562366221224047820e+02
1.671092120821566311e+02
1.671092120821566311e+02
1.671092120821566311e+02
1.562366221224047820e+02
2.141098475841008906e+02
1.671092120821566311e+02
1.441848981954288433e+02
1.441848981954288433e+02
1.441848981954288433e+02
1.441848981954288433e+02
1.351957190622539997e+02
2.179981000516982590e+02
2.041176851230914906e+02
2.041176851230914906e+02
2.041176851230914906e+02
2.179981000516982590e+02
1.351957190622539997e+02
2.041176851230914906e+02
1.551826661470007593e+02
1.551826661470007593e+02
1.551826661470007593e+02
1.551826661470007593e+02
1.607740640353033541e+02
1.813610644270228818e+02
1.879505610523463019e+02
1.879505610523463019e+02
1.879505610523463019e+02
1.813610644270228818e+02
1.607740640353033541e+02
1.879505610523463019e+02
1.943979471920689264e+02
1.943979471920689264e+02
1.943979471920689264e+02
1.943979471920689264e+02
1.945960434248989657e+02
1.700075838066705671e+02
1.701796850297262154e+02
1.701796850297262154e+02
1.701796850297262154e+02
1.700075838066705671e+02
1.945960434248989657e+02
1.701796850297262154e+02
1.923903424513544564e+02
1.923903424513544564e+02
1.923903424513544564e+02
1.923903424513544564e+02
1.915061696826235220e+02
1.945096689591314316e+02
1.936153044831447119e+02
1.936153044831447119e+02
1.936153044831447119e+02
1.945096689591314316e+02
1.915061696826235220e+02
1.936153044831447119e+02
1.901024457200733480e+02
1.901024457200733480e+02
1.901024457200733480e+02
1.901024457200733480e+02
1.905315905937664525e+02
1.756711457469298807e+02
1.760661823704440963e+02
1.760661823704440963e+02
1.760661823704440963e+02
1.756711457469298807e+02
1.905315905937664525e+02
1.760661823704440963e+02
2.243865196107508950e+02
2.243865196107508950e+02
2.243865196107508950e+02
2.243865196107508950e+02
2.135277045987361078e+02
1.257477044045852352e+02
1.198509848125259936e+02
1.198509848125259936e+02
1.198509848125259936e+02
1.257477044045852352e+02
2.135277045987361078e+02
1.198509848125259936e+02
1.402341391751789104e+02
1.402341391751789104e+02
1.402341391751789104e+02
1.402341391751789104e+02
1.563112394053182754e+02
2.218873778997802049e+02
2.479318740774743901e+02
2.479318740774743901e+02
2.479318740774743901e+02
2.218873778997802049e+02
1.563112394053182754e+02
2.479318740774743901e+02
1.439494418348574243e+02
1.439494418348574243e+02
1.439494418348574243e+02
1.439494418348574243e+02
1.358469952458140426e+02
1.653567328453713969e+02
1.559734403919632371e+02
1.559734403919632371e+02
1.559734403919632371e+02
1.653567328453713969e+02
1.358469952458140426e+02
1.559734403919632371e+02
2.130635486178462656e+02
2.130635486178462656e+02
2.130635486178462656e+02
2.130635486178462656e+02
2.084688753433077579e+02
1.980203529705340202e+02
1.937636123699819848e+02
1.937636123699819848e+02
1.937636123699819848e+02
1.980203529705340202e+02
2.084688753433077579e+02
1.937636123699819848e+02
1.843613576751351388e+02
1.843613576751351388e+02
1.843613576751351388e+02
1.843613576751351388e+02
2.038014273626511397e+02
2.112172025970194795e+02
2.336264781400868742e+02
2.336264781400868742e+02
2.336264781400868742e+02
2.112172025970194795e+02
2.038014273626511397e+02
2.336264781400868742e+02
1.818965408977236962e+02
1.818965408977236962e+02
1.818965408977236962e+02
1.818965408977236962e+02
1.644254606518448156e+02
1.660277093100505112e+02
1.501558167081136901e+02
1.501558167081136901e+02
1.501558167081136901e+02
1.660277093100505112e+02
1.644254606518448156e+02
1.501558167081136901e+02
2.081602516253503268e+02
2.081602516253503268e+02
2.081602516253503268e+02
2.081602516253503268e+02
2.085755378402423332e+02
2.087368727782819917e+02
2.091533585248786551e+02
2.091533585248786551e+02
2.091533585248786551e+02
2.087368727782819917e+02
2.085755378402423332e+02
2.091533585248786551e+02
1.198780908207423153e+02
1.198780908207423153e+02
1.198780908207423153e+02
1.198780908207423153e+02
1.232676580039597241e+02
1.440960803173247768e+02
1.482228716580114281e+02
1.482228716580114281e+02
1.482228716580114281e+02
1.440960803173247768e+02
1.232676580039597241e+02
1.482228716580114281e+02
1.800442769692961065e+02
1.800442769692961065e+02
1.800442769692961065e+02
1.800442769692961065e+02
1.697706482705461895e+02
1.754862635932830415e+02
1.654856578629795081e+02
1.654856578629795081e+02
1.654856578629795081e+02
1.754862635932830415e+02
1.697706482705461895e+02
1.654856578629795081e+02
1.847596324493025293e+02
1.847596324493025293e+02
1.847596324493025293e+02
1.847596324493025293e+02
2.022412666270943191e+02
1.928696149364340613e+02
2.111557434836340690e+02
2.111557434836340690e+02
2.111557434836340690e+02
1.928696149364340613e+02
2.022412666270943191e+02
2.111557434836340690e+02
1.931267568715010157e+02
1.931267568715010157e+02
1.931267568715010157e+02
1.931267568715010157e+02
1.905020625954308855e+02
1.447939055953150387e+02
1.428564333497980670e+02
1.428564333497980670e+02
1.428564333497980670e+02
1.447939055953150387e+02
1.905020625954308855e+02
1.428564333497980670e+02
1.881709926783043443e+02
1.881709926783043443e+02
1.881709926783043443e+02
1.881709926783043443e+02
1.851421465734466665e+02
2.374211289315757369e+02
2.335618983964696440e+02
2.335618983964696440e+02
2.335618983964696440e+02
2.374211289315757369e+02
1.851421465734466665e+02
2.335618983964696440e+02
1.527990793839598211e+02
1.527990793839598211e+02
1.527990793839598211e+02
1.527990793839598211e+02
1.652649894335839065e+02
1.768772003141238258e+02
1.914236371887689074e+02
1.914236371887689074e+02
1.914236371887689074e+02
1.768772003141238258e+02
1.652649894335839065e+02
1.914236371887689074e+02
2.362813956083909375e+02
2.362813956083909375e+02
2.362813956083909375e+02
2.362813956083909375e+02
2.181514859794587551e+02
1.832342321305299038e+02
1.693270859992951500e+02
1.693270859992951500e+02
1.693270859992951500e+02
1.832342321305299038e+02
2.181514859794587551e+02
1.693270859992951500e+02
1.652221570310849188e+02
1.652221570310849188e+02
1.652221570310849188e+02
1.652221570310849188e+02
1.389077238366541565e+02
2.217532390902744908e+02
1.859451374797512528e+02
1.859451374797512528e+02
1.859451374797512528e+02
2.217532390902744908e+02
1.389077238366541565e+02
1.859451374797512528e+02
2.114680938438395970e+02
2.114680938438395970e+02
2.114680938438395970e+02
2.114680938438395970e+02
2.224694027275154440e+02
1.725734953407519185e+02
1.814663213667525099e+02
1.814663213667525099e+02
1.814663213667525099e+02
1.725734953407519185e+02
2.224694027275154440e+02
1.814663213667525099e+02
1.894547341636503575e+02
1.894547341636503575e+02
1.894547341636503575e+02
1.894547341636503575e+02
1.910689899466872248e+02
1.566824355361580388e+02
1.580042886644257010e+02
1.580042886644257010e+02
1.580042886644257010e+02
1.566824355361580388e+02
1.910689899466872248e+02
1.580042886644257010e+02
1.607940972576471097e+02
1.607940972576471097e+02
1.607940972576471097e+02
1.607940972576471097e+02
1.597966853940855856e+02
2.042782056284522127e+02
2.029959494296427920e+02
2.029959494296427920e+02
2.029959494296427920e+02
2.042782056284522127e+02
1.597966853940855856e+02
2.029959494296427920e+02
1.661336747073696074e+02
1.661336747073696074e+02
1.661336747073696074e+02
1.661336747073696074e+02
1.806422230615025626e+02
1.684881042282946737e+02
1.832133947022680331e+02
1.832133947022680331e+02
1.832133947022680331e+02
1.684881042282946737e+02
1.806422230615025626e+02
1.832133947022680331e+02
2.008365504235287062e+02
2.008365504235287062e+02
2.008365504235287062e+02
2.008365504235287062e+02
1.835781336891155888e+02
1.839321908950131217e+02
1.681908440717858753e+02
1.681908440717858753e+02
1.681908440717858753e+02
1.839321908950131217e+02
1.835781336891155888e+02
1.681908440717858753e+02
2.116028905968582592e+02
2.116028905968582592e+02
2.116028905968582592e+02
2.116028905968582592e+02
2.188459132967123253e+02
2.246414122894638012e+02
2.323494813493441313e+02
2.323494813493441313e+02
2.323494813493441313e+02
2.246414122894638012e+02
2.188459132967123253e+02
2.323494813493441313e+02
1.623779174151804057e+02
1.623779174151804057e+02
1.623779174151804057e+02
1.623779174151804057e+02
1.681434696827527091e+02
1.366732387274913663e+02
1.414754911923431280e+02
1.414754911923431280e+02
1.414754911923431280e+02
1.366732387274913663e+02
1.681434696827527091e+02
1.414754911923431280e+02
1.798661657510713781e+02
1.798661657510713781e+02
1.798661657510713781e+02
1.798661657510713781e+02
1.971739797445592046e+02
2.068358486493765156e+02
2.268680509996425485e+02
2.268680509996425485e+02
2.268680509996425485e+02
2.068358486493765156e+02
1.971739797445592046e+02
2.268680509996425485e+02
1.772205218393187920e+02
1.772205218393187920e+02
1.772205218393187920e+02
1.772205218393187920e+02
1.663795514303118637e+02
1.512728423665138848e+02
1.420994109649149379e+02
1.420994109649149379e+02
1.420994109649149379e+02
1.512728423665138848e+02
1.663795514303118637e+02
1.420994109649149379e+02
1.365825088659570099e+02
1.365825088659570099e+02
1.365825088659570099e+02
1.365825088659570099e+02
1.319141809569251507e+02
1.744612811801789576e+02
1.684120312453281940e+02
1.684120312453281940e+02
1.684120312453281940e+02
1.744612811801789576e+02
1.319141809569251507e+02
1.684120312453281940e+02
2.191614203082620804e+02
2.191614203082620804e+02
2.191614203082620804e+02
2.191614203082620804e+02
2.102821467676657790e+02
2.055902393927999583e+02
1.972830658145024074e+02
1.972830658145024074e+02
1.972830658145024074e+02
2.055902393927999583e+02
2.102821467676657790e+02
1.972830658145024074e+02
2.432468518285454024e+02
2.432468518285454024e+02
2.432468518285454024e+02
2.432468518285454024e+02
2.065112581199524868e+02
1.679872345263906936e+02
1.430305425129164121e+02
1.430305425129164121e+02
1.430305425129164121e+02
1.679872345263906936e+02
2.065112581199524868e+02
1.430305425129164121e+02
1.567995083240334964e+02
1.567995083240334964e+02
1.567995083240334964e+02
1.567995083240334964e+02
1.614849653125609166e+02
1.994888231815292556e+02
2.055233029792331649e+02
2.055233029792331649e+02
2.055233029792331649e+02
1.994888231815292556e+02
1.614849653125609166e+02
2.055233029792331649e+02
1.795224624330968197e+02
1.795224624330968197e+02
1.795224624330968197e+02
1.795224624330968197e+02
1.961856224474339854e+02
2.043989332370818772e+02
2.234862972642771695e+02
2.234862972642771695e+02
2.234862972642771695e+02
2.043989332370818772e+02
1.961856224474339854e+02
2.234862972642771695e+02
1.729325976925975965e+02
1.729325976925975965e+02
1.729325976925975965e+02
1.729325976925975965e+02
1.915994728732467820e+02
1.479044154241537683e+02
1.637294988024790428e+02
1.637294988024790428e+02
1.637294988024790428e+02
1.479044154241537683e+02
1.915994728732467820e+02
1.637294988024790428e+02
1.609738802985007169e+02
1.609738802985007169e+02
1.609738802985007169e+02
1.609738802985007169e+02
1.550673227334538922e+02
1.811425544109082466e+02
1.744545457674557269e+02
1.744545457674557269e+02
1.744545457674557269e+02
1.811425544109082466e+02
1.550673227334538922e+02
1.744545457674557269e+02
1.967514617807136972e+02
1.967514617807136972e+02
1.967514617807136972e+02
1.967514617807136972e+02
1.881362867311615332e+02
1.895741885191430072e+02
1.812875278958519232e+02
1.812875278958519232e+02
1.812875278958519232e+02
1.895741885191430072e+02
1.881362867311615332e+02
1.812875278958519232e+02
1.975638171103044840e+02
1.975638171103044840e+02
1.975638171103044840e+02
1.975638171103044840e+02
2.255144020043628643e+02
1.285374986075049151e+02
1.462818357268012335e+02
1.462818357268012335e+02
1.462818357268012335e+02
1.285374986075049151e+02
2.255144020043628643e+02
1.462818357268012335e+02
1.473677092662661892e+02
1.473677092662661892e+02
1.473677092662661892e+02
1.473677092662661892e+02
1.446450794588364204e+02
2.334707073916949582e+02
2.290595839434217567e+02
2.290595839434217567e+02
2.290595839434217567e+02
2.334707073916949582e+02
1.446450794588364204e+02
2.290595839434217567e+02
1.555130030265177652e+02
1.555130030265177652e+02
1.555130030265177652e+02
1.555130030265177652e+02
1.613418755909230811e+02
1.725418377046365492e+02
1.790460190136943197e+02
1.790460190136943197e+02
1.790460190136943197e+02
1.725418377046365492e+02
1.613418755909230811e+02
1.790460190136943197e+02
2.111475786991544794e+02
2.111475786991544794e+02
2.111475786991544794e+02
2.111475786991544794e+02
2.158780813464335324e+02
1.863999053859831747e+02
1.905526253212509573e+02
1.905526253212509573e+02
1.905526253212509573e+02
1.863999053859831747e+02
2.158780813464335324e+02
1.905526253212509573e+02
2.162361094849246967e+02
2.162361094849246967e+02
2.162361094849246967e+02
2.162361094849246967e+02
1.874533988206735557e+02
2.293436600008309370e+02
1.987445808390334037e+02
1.987445808390334037e+02
1.987445808390334037e+02
2.293436600008309370e+02
1.874533988206735557e+02
1.987445808390334037e+02
1.781086719774069422e+02
1.781086719774069422e+02
1.781086719774069422e+02
1.781086719774069422e+02
1.856568343683016735e+02
1.526030971551353161e+02
1.590159739680341886e+02
1.590159739680341886e+02
1.590159739680341886e+02
1.526030971551353161e+02
1.856568343683016735e+02
1.590159739680341886e+02
