-3.516670614968756126e+03
-3.487276948791067753e+03
-4.090393110097064437e+03
-3.311917215009686515e+03
-3.618387638039352169e+03
-3.191743664831793467e+03
-3.627378489609937787e+03
-3.092716199166119623e+03
-3.761813946446802674e+03
-3.494874710915322794e+03
-3.964188567821460765e+03
-3.597582562811670869e+03
-3.942321452030687396e+03
-3.956153857691545909e+03
-3.973849341251201622e+03
-3.959404856350842238e+03
-3.957399691588469068e+03
-3.929166577168253752e+03
-3.992214185709622598e+03
-3.974550198990375065e+03
-3.989504669678312894e+03
-3.991504256913064182e+03
-4.019600793029856050e+03
-4.006120980162641899e+03
-3.726902699852767910e+03
-3.755553406064559113e+03
-3.570825048133216114e+03
-3.791639815228566931e+03
-3.755453082541259846e+03
-3.558800262695527636e+03
-3.493623234464459074e+03
-3.670414813657779632e+03
-3.462778565763191637e+03
-3.496116750565833172e+03
-3.688292856803152972e+03
-3.519999277702375366e+03
-4.619941412025051250e+03
-4.783630073207667920e+03
-4.301829144263038870e+03
-4.641194898382826977e+03
-4.563533422278100261e+03
-4.697860880736156105e+03
-4.339633127093489747e+03
-4.829397881824820615e+03
-4.472633969174497906e+03
-4.551860294699279621e+03
-4.421769130330641929e+03
-4.495626505206307229e+03
-3.721889697406081268e+03
-3.671856689479999659e+03
-3.965846811505038204e+03
-3.866423627730359385e+03
-3.680770371954532493e+03
-2.980984329431962124e+03
-3.252443808310195436e+03
-3.019398275200766875e+03
-3.102146575158220458e+03
-3.234108298236849350e+03
-4.025305200452017289e+03
-3.210474967603848199e+03
-4.943714704002411054e+03
-5.030198191716965084e+03
-4.031276927514551062e+03
-4.820019553268238269e+03
-4.878528620019107620e+03
-6.124533835519211607e+03
-4.698203025299609180e+03
-5.937091810355259440e+03
-4.976938798331801081e+03
-4.895869376583902522e+03
-3.907760093418493852e+03
-4.786800738965742312e+03
-2.361093122782966475e+03
-2.288594558818929272e+03
-2.037418038274045784e+03
-2.399281173927183772e+03
-2.347044884322668622e+03
-3.667330334399096955e+03
-3.196969163523476254e+03
-3.599737850478661585e+03
-3.023774018052923111e+03
-3.118890677447001508e+03
-1.998116196786197179e+03
-3.095265705864919255e+03
-4.655633743474201765e+03
-4.647395299675999013e+03
-5.239511349584709023e+03
-4.648787997599297341e+03
-4.787506437857362471e+03
-3.986655860513268635e+03
-4.577781757048330292e+03
-4.075515436814455370e+03
-4.574563308122619674e+03
-4.466469635995108547e+03
-5.359775308865880106e+03
-4.570011208742225790e+03
-3.358422344831677492e+03
-3.328541942650485908e+03
-3.350077103646866817e+03
-3.503827631022858441e+03
-3.370020316655369697e+03
-4.117528668381446550e+03
-4.323023917208446619e+03
-4.295825232326018522e+03
-4.086022895631984738e+03
-4.272675886977978735e+03
-3.474322429318800005e+03
-4.285365626137127947e+03
-5.435830791154572580e+03
-5.344092877797143046e+03
-5.128124118232241926e+03
-5.371670629248616024e+03
-5.307982372677257445e+03
-4.344690428256298219e+03
-3.968621713759685917e+03
-4.137059415473797344e+03
-3.949475664617988969e+03
-3.991931453430549936e+03
-4.844326208975504414e+03
-3.900776820449377283e+03
-3.582831020893108871e+03
-3.601784687540216510e+03
-3.500693704392615018e+03
-3.537368303698131058e+03
-3.605365346918294108e+03
-2.855700979597601417e+03
-2.776510053885059733e+03
-2.855317330443033825e+03
-2.821523460817600153e+03
-2.774790082335036459e+03
-3.497445880028285956e+03
-2.790981683460888235e+03
-4.191760283998367413e+03
-4.212907220065273577e+03
-4.826800509138757661e+03
-4.131720063797830335e+03
-4.213711319563243705e+03
-4.851095313957367580e+03
-5.547020523547515040e+03
-4.829322932489879349e+03
-5.652599003375087705e+03
-5.542975621079037410e+03
-4.813858509592775590e+03
-5.575197085548619725e+03
-3.279773481173129312e+03
-3.365381892410828641e+03
-3.239524443513172628e+03
-3.187244007705845434e+03
-3.265394562537680031e+03
-3.486327008935671984e+03
-3.323794525519741455e+03
-3.456923813203442933e+03
-3.517844039832352792e+03
-3.431409414929026298e+03
-3.214928085296771769e+03
-3.413346431533565919e+03
-3.967725787913255317e+03
-3.953417144351619754e+03
-4.455654608121817546e+03
-4.035501332806461050e+03
-4.050373054528588000e+03
-4.000890957416176207e+03
-4.643747738615979870e+03
-4.132526324850866331e+03
-4.563548868791649511e+03
-4.548040826001766618e+03
-4.587964344686845834e+03
-4.627591657828103052e+03
-4.587735671208993153e+03
-4.764383592139824941e+03
-4.635830551241409012e+03
-4.571561587559926011e+03
-4.566575643114362720e+03
-4.844569265642115170e+03
-4.853503863420991365e+03
-4.989910103578585222e+03
-5.061425226960785039e+03
-5.067055126680161266e+03
-4.775991036363953754e+03
-5.042719796737451361e+03
-3.654827736762175846e+03
-3.529559870228903492e+03
-3.381091012224212591e+03
-3.636999397662162210e+03
-3.640868058859334269e+03
-3.566368014768683224e+03
-3.268917813091642529e+03
-3.413342314763248851e+03
-3.172687270516915760e+03
-3.169042550704221412e+03
-3.233003622558316692e+03
-3.155460386258478138e+03
-4.013078440143389798e+03
-4.065327958347628282e+03
-4.693404436859489579e+03
-4.046215213462756765e+03
-3.945856443256946477e+03
-4.600226616170219131e+03
-5.350615383399684106e+03
-4.620519737564290153e+03
-5.372034985844436051e+03
-5.507914345578674329e+03
-4.721076554743536690e+03
-5.420723745317773137e+03
-4.517045074258607201e+03
-4.419389079392011809e+03
-3.364914904181697693e+03
-4.554181674667231164e+03
-4.565422175678323583e+03
-3.641242254902173954e+03
-2.779782010296326462e+03
-3.623257980776503700e+03
-2.696357658426092712e+03
-2.688863420194988976e+03
-3.366772446359680544e+03
-2.719770979869169423e+03
-3.222807518117670952e+03
-3.105850265675386709e+03
-3.766962270311229076e+03
-3.070942395647297417e+03
-3.228262827451400881e+03
-3.584221597053529422e+03
-4.016008512404453086e+03
-3.284264933425136405e+03
-4.048787223787585845e+03
-3.857615242390677849e+03
-3.482931242855532219e+03
-3.866260196927188190e+03
-4.984899248972095847e+03
-5.345628175838917741e+03
-4.480734180267339070e+03
-5.035660376718263251e+03
-4.979294462480158472e+03
-4.021515974369273408e+03
-3.654931793448857661e+03
-4.334401392163615128e+03
-3.879701153964363584e+03
-3.916398426823308455e+03
-4.853676348445708754e+03
-3.912885609151125664e+03
-3.540100821436962633e+03
-3.668010748173076081e+03
-4.279417410967412252e+03
-3.553639304202842595e+03
-3.587581172189275094e+03
-2.820196494323729439e+03
-3.439105721122479736e+03
-2.961639430343763252e+03
-3.547810893523621417e+03
-3.523153710329548630e+03
-4.495494772337115137e+03
-3.557184188758001255e+03
-3.247888399362485416e+03
-3.189175136415656652e+03
-2.978004874114439644e+03
-3.250982778106563728e+03
-3.223574133872058155e+03
-4.852040270168961797e+03
-4.399478004769615836e+03
-4.722226547724173543e+03
-4.310623466762899625e+03
-4.361246756861470203e+03
-2.903206226815793798e+03
-4.316636367573302778e+03
-3.726038317074406677e+03
-3.569036307403775936e+03
-4.526464783671645819e+03
-3.824351394278773569e+03
-3.746093554653848969e+03
-4.313025681856913252e+03
-5.407964067464873551e+03
-4.275642134333304966e+03
-5.059016750530419813e+03
-5.163289395244256411e+03
-4.458850421611494312e+03
-5.186448703904480681e+03
-4.702202672209904449e+03
-4.810770571303256474e+03
-3.313512983242095743e+03
-4.604573009122987060e+03
-4.702778185863866383e+03
-4.128415152532623324e+03
-2.846523814271444735e+03
-4.144237130527801128e+03
-2.987866703200239954e+03
-2.914432059343665514e+03
-3.303264919088468105e+03
-2.914919021995547155e+03
-3.474637708478240711e+03
-3.571327236203036136e+03
-4.122186405047714288e+03
-3.430782539085522785e+03
-3.472133701024436050e+03
-3.510397993057599251e+03
-4.115740088479180486e+03
-3.560520289136371048e+03
-4.276706098456009386e+03
-4.232426468240291797e+03
-4.186135600563964545e+03
-4.229583880297402175e+03
-4.678521325798045837e+03
-4.361369316132773747e+03
-4.468148594206927555e+03
-4.662208241351110701e+03
-4.679942884728398894e+03
-4.340338650237879847e+03
-4.133403558016546413e+03
-4.035007300484646748e+03
-3.867059657558953859e+03
-3.851881383274565451e+03
-4.149574849497886134e+03
-3.853122230678548931e+03
-4.449992848529777802e+03
-4.364195657129807842e+03
-6.074334023135497773e+03
-4.727577382305930769e+03
-4.407456084197604468e+03
-2.567385617998376802e+03
-3.567445562003923442e+03
-2.619829232131639856e+03
-3.380338900081050269e+03
-3.518553076264950960e+03
-6.224603286311436932e+03
-3.504842686915128525e+03
-3.988876351442654595e+03
-4.073236949819777237e+03
-2.748158151421139337e+03
-3.979158480463024262e+03
-4.039180395617012891e+03
-6.135246127100039303e+03
-4.237184157319664337e+03
-6.359746221516138576e+03
-4.350455195376644042e+03
-4.234997863287056134e+03
-2.846483935429191661e+03
-4.333194409226813150e+03
-3.164154910140080574e+03
-3.341091142815914282e+03
-3.716370984727023369e+03
-3.126951467742678688e+03
-3.141594304406205993e+03
-3.628771844671492090e+03
-4.188407062485595816e+03
-3.756491496867635306e+03
-4.475259159551524135e+03
-4.456335286027156144e+03
-3.857258442553744771e+03
-4.424842403762417234e+03
-5.149679839139086653e+03
-5.016512193174198728e+03
-4.108875185180966582e+03
-5.166081485019069987e+03
-5.132903758684187778e+03
-4.813461655735556633e+03
-3.846637758708471210e+03
-4.689727997881575902e+03
-3.731904676720112548e+03
-3.759381215158130999e+03
-4.000150267850876389e+03
-3.745704393164201520e+03
-3.284929265217593638e+03
-3.200835540271771151e+03
-4.482696252746488426e+03
-3.166477496004210025e+03
-3.337306007803301327e+03
-3.713139956736234581e+03
-5.008354190626512718e+03
-3.545033757657785372e+03
-5.030164592872641151e+03
-4.798665256848818899e+03
-4.308535078193520349e+03
-4.880806181024792750e+03
-3.822268318145189824e+03
-3.887404356796760567e+03
-3.363633793657598744e+03
-3.916289991900318455e+03
-3.766570280508830820e+03
-3.495947073571242981e+03
-3.117650008516122398e+03
-3.595592364829410144e+03
-3.083985708245148089e+03
-3.211455173862603260e+03
-3.466507154771449677e+03
-3.170592191163958432e+03
-4.281825231218879708e+03
-4.361316088845946979e+03
-4.582909698313954323e+03
-4.361885740534064098e+03
-4.283238271592845194e+03
-4.292463348110545667e+03
-4.677584232022804827e+03
-4.454297102131068641e+03
-4.680583069863962010e+03
-4.761371252498870490e+03
-4.750599272410176127e+03
-4.762702057766233338e+03
-3.356260812449844707e+03
-3.284093977884497690e+03
-2.781997290475488171e+03
-3.249433802898621252e+03
-3.366099508142138802e+03
-4.046104813610981637e+03
-3.230137851877684170e+03
-3.835150152373172205e+03
-3.287112033233030161e+03
-3.141896124926620814e+03
-2.631109379285084742e+03
-3.157067487605850602e+03
-2.548805756600821951e+03
-2.478450593517981360e+03
-4.132405842059833958e+03
-2.617177928140053609e+03
-2.517811196983640912e+03
-2.489073574674307110e+03
-4.075842072677726264e+03
-2.458785525907762349e+03
-3.891802808052067576e+03
-4.000453905474723342e+03
-4.069312146836408374e+03
-3.969756968604265694e+03
-4.344544201912422977e+03
-4.618589461855593072e+03
-3.528737711918145123e+03
-4.488334818228449876e+03
-4.397248449814122068e+03
-4.523135142350225578e+03
-3.861836605288156989e+03
-5.012184476434986209e+03
-3.962616580400178009e+03
-4.057309208032560946e+03
-3.936229047423729298e+03
-4.101767837340417827e+03
-3.749464003533762025e+03
-3.838206446783809952e+03
-5.015862169301241920e+03
-3.657283259723707943e+03
-3.741608331313201234e+03
-2.838380587548498625e+03
-3.708349034664073315e+03
-2.838686201194776004e+03
-3.858166688957278893e+03
-3.799864235212743552e+03
-5.022244817003333992e+03
-3.793752765621018170e+03
-4.048407502242943337e+03
-3.964348309896013234e+03
-3.172558653195797433e+03
-4.121037612064769746e+03
-4.039642925797037606e+03
-5.017882422518721796e+03
-4.000350030849715495e+03
-5.006711486211104784e+03
-3.813980963351752052e+03
-3.925555746012287727e+03
-3.166038717641725725e+03
-3.914751454805293633e+03
-3.418134694430596028e+03
-3.195345281320271170e+03
-3.728966922254616293e+03
-3.416121534526166670e+03
-3.455670151339938457e+03
-3.932003106300103809e+03
-4.339179835500819536e+03
-3.716944987100108847e+03
-4.060321117701092135e+03
-4.010406548821574688e+03
-3.523619965848388802e+03
-4.057928679560729051e+03
-6.715418812728523335e+03
-6.876976935936912014e+03
-4.706996898826061624e+03
-6.690876472024981922e+03
-6.635795544536636044e+03
-5.301202436708842470e+03
-3.684728978251790522e+03
-5.357041808689416939e+03
-3.790847694249872802e+03
-3.823850618576972920e+03
-4.728333656792018701e+03
-3.775260844436827938e+03
-2.615261538754203229e+03
-2.717999455957286500e+03
-4.132169745582011274e+03
-2.588630631977979192e+03
-2.550677979985415732e+03
-3.469273633957745460e+03
-5.358647333481638270e+03
-3.459489386773653223e+03
-5.623603104741781863e+03
-5.690279848167944692e+03
-4.183066013143545206e+03
-5.569922413836619853e+03
-4.967334976927799289e+03
-4.668889071208223868e+03
-3.891852385800688353e+03
-5.097219030372951238e+03
-5.007670483327507100e+03
-4.114017313191041467e+03
-3.349857143872425695e+03
-3.988007403282771065e+03
-3.069428578992277380e+03
-3.128948114684330903e+03
-3.804109166049922806e+03
-3.152607535088563964e+03
-4.122708855968368880e+03
-4.084654155184543015e+03
-4.248171388240057240e+03
-4.084318746924709103e+03
-4.127298589437474220e+03
-3.425465950173944293e+03
-3.503313767553564503e+03
-3.369203934288942946e+03
-3.499842083169201942e+03
-3.467603462581775148e+03
-4.175345325045352183e+03
-3.471239082330661859e+03
-3.892103870152152012e+03
-3.989926626403394494e+03
-3.506862962360319216e+03
-3.740133566621629598e+03
-3.888764626188186867e+03
-4.871827514224789411e+03
-4.159632471959284885e+03
-4.767044114622281086e+03
-4.488909233475977089e+03
-4.277119203025942625e+03
-3.443212773286151332e+03
-4.271410809152347611e+03
-3.415927584161135201e+03
-3.585657090555758714e+03
-3.912333026816217171e+03
-3.600225912152839101e+03
-3.472802018738584593e+03
-3.460006188561722865e+03
-4.208235264682181878e+03
-3.871026609536068008e+03
-4.219223978439335951e+03
-4.356011247167415604e+03
-4.346141224911843892e+03
-4.405496174005286775e+03
-5.319856881951559444e+03
-5.199838896823920550e+03
-4.184679184965784771e+03
-5.195497998720754367e+03
-5.257857482107672695e+03
-4.892243563673171593e+03
-3.695673493426409550e+03
-4.614483025329811426e+03
-3.716125302982157336e+03
-3.665621186577633580e+03
-3.906417756422698403e+03
-3.608473219242874620e+03
-4.315844836519904675e+03
-4.172441197639053826e+03
-5.475424375958037672e+03
-4.355177838696184153e+03
-4.343135905049382927e+03
-4.536186065523583238e+03
-5.844365029904240146e+03
-4.456394003677944966e+03
-5.609842829011724461e+03
-5.624068026071761778e+03
-5.367580594221297360e+03
-5.655240870066820207e+03
-3.548554944324688677e+03
-3.615524072629616967e+03
-3.217428545550839317e+03
-3.479437448371212213e+03
-3.559778129421790254e+03
-2.976811848434929743e+03
-2.657990925648283337e+03
-2.989116988147228767e+03
-2.760250023695578875e+03
-2.698682452899356576e+03
-3.223530404112512770e+03
-2.708842120127467297e+03
-3.595331402749127847e+03
-3.562077420118676855e+03
-3.735899251477993403e+03
-3.632133529225270649e+03
-3.653888701800228318e+03
-4.065721929343996635e+03
-4.345633126918524795e+03
-4.144147860358566504e+03
-4.261917150096363002e+03
-4.234315998645966829e+03
-3.795312981650673464e+03
-4.305742444678425272e+03
-3.963308719299471704e+03
-3.932245228356306598e+03
-4.120611662162645189e+03
-4.039155689751171849e+03
-3.930070750708796822e+03
-3.390532632250500683e+03
-3.560907084846994621e+03
-3.400809547392356762e+03
-3.470248251148287181e+03
-3.556732124631447732e+03
-4.135291361621969372e+03
-3.533556344923152665e+03
-2.905074411602343389e+03
-2.923542803000340427e+03
-2.591284183247752935e+03
-2.930375238710133090e+03
-2.891454900827941401e+03
-3.695964348644831716e+03
-3.308568735755386115e+03
-3.737626375361715873e+03
-3.293778307585716902e+03
-3.348096522805814857e+03
-2.620018377905289526e+03
-3.330056446958605193e+03
-5.126574160840194963e+03
-5.186976756607622519e+03
-4.859555579833606316e+03
-4.982517863344780380e+03
-5.100285622762086859e+03
-4.826029528999714785e+03
-4.420572071009412866e+03
-4.724931582566993711e+03
-4.606373985994848226e+03
-4.501570694338357498e+03
-4.743887009777397907e+03
-4.474034850810690841e+03
-4.891845805828424091e+03
-4.749532497642589078e+03
-3.447658489898708012e+03
-4.849685608594235418e+03
-4.752408374343933247e+03
-3.470387024133957766e+03
-2.382714916365745466e+03
-3.271279102042614795e+03
-2.334912344199298786e+03
-2.383021974248366405e+03
-3.179764694882957428e+03
-2.311616823554338680e+03
-3.856558327851445029e+03
-3.983885214496011940e+03
-4.064091003922074378e+03
-3.851572548517634914e+03
-3.873217532148113605e+03
-4.835760216027577371e+03
-5.118629511808175266e+03
-5.015963104421874959e+03
-5.296946605096174608e+03
-5.264651388834669888e+03
-4.209644765483663832e+03
-5.289669926461210707e+03
-3.493693180846143150e+03
-3.394307257908157681e+03
-4.023260574630197880e+03
-3.357715548443731223e+03
-3.532179536033030672e+03
-3.949813441422996220e+03
-4.441566653276865509e+03
-3.727937925800855737e+03
-4.474335602629173081e+03
-4.252842361211975913e+03
-3.819166662622759759e+03
-4.313048153085607737e+03
-4.275480987666357578e+03
-4.290843576098156518e+03
-4.180741826521391886e+03
-4.369116027544167991e+03
-4.347053019134643364e+03
-3.687710878787672300e+03
-3.730160807473797377e+03
-3.824695528841957184e+03
-3.675636013484924661e+03
-3.692808348395777102e+03
-4.353358884526033762e+03
-3.743085508201270386e+03
-3.463793324238166406e+03
-3.438992239877446082e+03
-3.039750525098032995e+03
-3.407426909772743784e+03
-3.446741715217124693e+03
-3.881458969765491474e+03
-3.315500540561944035e+03
-3.763388073701630674e+03
-3.357921893489290142e+03
-3.312407164444254704e+03
-2.945222334417702768e+03
-3.290810855178741804e+03
-5.133581682819189155e+03
-5.003160330557212546e+03
-5.107070484221876541e+03
-5.066934988456733663e+03
-5.105454234216478653e+03
-4.953135125593434168e+03
-4.836167333210925790e+03
-4.736555674429162536e+03
-4.776359679494472402e+03
-4.740307819909716272e+03
-4.880761405905596803e+03
-4.711739999706404888e+03
-3.969594455825731075e+03
-4.006593457907682932e+03
-4.605702677668214164e+03
-3.904475833684328791e+03
-4.060692052269323540e+03
-2.636244259773226986e+03
-3.061560782936751366e+03
-2.676431184864939041e+03
-3.120378663306880753e+03
-3.036529026301040176e+03
-4.681052938340504625e+03
-3.088694467730004817e+03
-3.251779910033173564e+03
-3.242421387100791435e+03
-3.227985451872037629e+03
-3.362913936521289543e+03
-3.243038318490294387e+03
-4.979581832074588419e+03
-5.159093376951160280e+03
-5.182399791854490104e+03
-4.908782661585441019e+03
-5.159007522814058575e+03
-3.322531994800160646e+03
-5.144081885332867387e+03
-2.521501551882305193e+03
-2.639620944135584978e+03
-3.073715359356591762e+03
-2.531198811689896047e+03
-2.536720462742850486e+03
-2.785534240779311858e+03
-3.430470454654798232e+03
-2.946058464598701448e+03
-3.576393582236167276e+03
-3.569540583727831745e+03
-3.241170350169256380e+03
-3.588100332347057702e+03
-5.162559959862788673e+03
-5.183635742368131105e+03
-5.244158314501267341e+03
-5.232808301637089244e+03
-5.179427509400269628e+03
-4.604969128430755518e+03
-4.746254199829366371e+03
-4.692737609813291783e+03
-4.709361163377100638e+03
-4.752486532827018891e+03
-5.351887024937229398e+03
-4.765148182577295302e+03
-4.222058658423408815e+03
-4.288624002215823566e+03
-3.933515776688936057e+03
-4.327597561868283265e+03
-4.120923186993133640e+03
-4.451258405594692704e+03
-4.162508901653616704e+03
-4.539560999119850749e+03
-4.101939559953873868e+03
-4.326284610151437846e+03
-4.011701556369474929e+03
-4.228821283693306214e+03
-4.497105539557429438e+03
-4.435037340289311032e+03
-4.411037551294209152e+03
-4.429768003042655437e+03
-4.520894356199058166e+03
-3.865754507075746915e+03
-3.759943239847971654e+03
-3.780350013819523610e+03
-3.759106362842449926e+03
-3.687775040192620509e+03
-4.308972670572770767e+03
-3.708096023840780617e+03
