4.351355463775961496e+00
4.351355463775961496e+00
4.351355463775961496e+00
4.351355463775961496e+00
5.004790862184697708e+00
4.883067544571117580e+00
5.616349211170415856e+00
5.616349211170415856e+00
5.616349211170415856e+00
4.883067544571117580e+00
5.004790862184697708e+00
5.616349211170415856e+00
6.847089878961507559e+00
6.847089878961507559e+00
6.847089878961507559e+00
6.847089878961507559e+00
7.072638931341666435e+00
6.861260766368810771e+00
7.087276620015288131e+00
7.087276620015288131e+00
7.087276620015288131e+00
6.861260766368810771e+00
7.072638931341666435e+00
7.087276620015288131e+00
6.321955458675018846e+00
6.321955458675018846e+00
6.321955458675018846e+00
6.321955458675018846e+00
6.685209614636099751e+00
6.523455447834191290e+00
6.898287620908275741e+00
6.898287620908275741e+00
6.898287620908275741e+00
6.523455447834191290e+00
6.685209614636099751e+00
6.898287620908275741e+00
6.165734440273503481e+00
6.165734440273503481e+00
6.165734440273503481e+00
6.165734440273503481e+00
5.672285213558444283e+00
6.070836613400002690e+00
5.584982144412716565e+00
5.584982144412716565e+00
5.584982144412716565e+00
6.070836613400002690e+00
5.672285213558444283e+00
5.584982144412716565e+00
6.652907569918008690e+00
6.652907569918008690e+00
6.652907569918008690e+00
6.652907569918008690e+00
6.194045160749257484e+00
7.713809084913767933e+00
7.181774484496952660e+00
7.181774484496952660e+00
7.181774484496952660e+00
7.713809084913767933e+00
6.194045160749257484e+00
7.181774484496952660e+00
6.504814784046496712e+00
6.504814784046496712e+00
6.504814784046496712e+00
6.504814784046496712e+00
5.657224855429116239e+00
5.413037950091357686e+00
4.707708651404240996e+00
4.707708651404240996e+00
4.707708651404240996e+00
5.413037950091357686e+00
5.657224855429116239e+00
4.707708651404240996e+00
8.137830602230790689e+00
8.137830602230790689e+00
8.137830602230790689e+00
8.137830602230790689e+00
7.808559449080874515e+00
6.311655969450902681e+00
6.056275101879520228e+00
6.056275101879520228e+00
6.056275101879520228e+00
6.311655969450902681e+00
7.808559449080874515e+00
6.056275101879520228e+00
5.339739876948941699e+00
5.339739876948941699e+00
5.339739876948941699e+00
5.339739876948941699e+00
6.583830727514351722e+00
6.104515347934146519e+00
7.526789066600837685e+00
7.526789066600837685e+00
7.526789066600837685e+00
6.104515347934146519e+00
6.583830727514351722e+00
7.526789066600837685e+00
6.841125594313767877e+00
6.841125594313767877e+00
6.841125594313767877e+00
6.841125594313767877e+00
7.005636461231975254e+00
5.894631262477317613e+00
6.036381459251856541e+00
6.036381459251856541e+00
6.036381459251856541e+00
5.894631262477317613e+00
7.005636461231975254e+00
6.036381459251856541e+00
5.991860819493488144e+00
5.991860819493488144e+00
5.991860819493488144e+00
5.991860819493488144e+00
5.021316990402667102e+00
7.263917122244579083e+00
6.087329389250876410e+00
6.087329389250876410e+00
6.087329389250876410e+00
7.263917122244579083e+00
5.021316990402667102e+00
6.087329389250876410e+00
5.563338850837268978e+00
5.563338850837268978e+00
5.563338850837268978e+00
5.563338850837268978e+00
5.760810003008661084e+00
6.617012772926429420e+00
6.851884164232379781e+00
6.851884164232379781e+00
6.851884164232379781e+00
6.617012772926429420e+00
5.760810003008661084e+00
6.851884164232379781e+00
6.497615626318579807e+00
6.497615626318579807e+00
6.497615626318579807e+00
6.497615626318579807e+00
6.813430453110658647e+00
5.720558162905774680e+00
5.998604324647678787e+00
5.998604324647678787e+00
5.998604324647678787e+00
5.720558162905774680e+00
6.813430453110658647e+00
5.998604324647678787e+00
6.682420757436081438e+00
6.682420757436081438e+00
6.682420757436081438e+00
6.682420757436081438e+00
6.481311412505131209e+00
6.397240804341706166e+00
6.204714030852464646e+00
6.204714030852464646e+00
6.204714030852464646e+00
6.397240804341706166e+00
6.481311412505131209e+00
6.204714030852464646e+00
5.820057377191694137e+00
5.820057377191694137e+00
5.820057377191694137e+00
5.820057377191694137e+00
6.671290269530647521e+00
5.781112334301079514e+00
6.626649182880744782e+00
6.626649182880744782e+00
6.626649182880744782e+00
5.781112334301079514e+00
6.671290269530647521e+00
6.626649182880744782e+00
5.821163127475892374e+00
5.821163127475892374e+00
5.821163127475892374e+00
5.821163127475892374e+00
5.630104468085251668e+00
5.459174465159165379e+00
5.279996776464982666e+00
5.279996776464982666e+00
5.279996776464982666e+00
5.459174465159165379e+00
5.630104468085251668e+00
5.279996776464982666e+00
7.060885803626365309e+00
7.060885803626365309e+00
7.060885803626365309e+00
7.060885803626365309e+00
6.828722717817050203e+00
7.145343553109135826e+00
6.910403482614647430e+00
6.910403482614647430e+00
6.910403482614647430e+00
7.145343553109135826e+00
6.828722717817050203e+00
6.910403482614647430e+00
6.207320612466531884e+00
6.207320612466531884e+00
6.207320612466531884e+00
6.207320612466531884e+00
5.534999365540873129e+00
5.383877704511154327e+00
4.800744401500746328e+00
4.800744401500746328e+00
4.800744401500746328e+00
5.383877704511154327e+00
5.534999365540873129e+00
4.800744401500746328e+00
6.017162729053072923e+00
6.017162729053072923e+00
6.017162729053072923e+00
6.017162729053072923e+00
6.505232328894480887e+00
6.854798271336204785e+00
7.410810930447245148e+00
7.410810930447245148e+00
7.410810930447245148e+00
6.854798271336204785e+00
6.505232328894480887e+00
7.410810930447245148e+00
7.372773764069411762e+00
7.372773764069411762e+00
7.372773764069411762e+00
7.372773764069411762e+00
7.483548384685245303e+00
6.880203833270528868e+00
6.983577677874906797e+00
6.983577677874906797e+00
6.983577677874906797e+00
6.880203833270528868e+00
7.483548384685245303e+00
6.983577677874906797e+00
4.778084749640630235e+00
4.778084749640630235e+00
4.778084749640630235e+00
4.778084749640630235e+00
4.748859969704141371e+00
6.093425717661333785e+00
6.056155758045948190e+00
6.056155758045948190e+00
6.056155758045948190e+00
6.093425717661333785e+00
4.748859969704141371e+00
6.056155758045948190e+00
5.650821670865073365e+00
5.650821670865073365e+00
5.650821670865073365e+00
5.650821670865073365e+00
6.066775038968510891e+00
6.761902373749353323e+00
7.259641681582985839e+00
7.259641681582985839e+00
7.259641681582985839e+00
6.761902373749353323e+00
6.066775038968510891e+00
7.259641681582985839e+00
7.796368557300666247e+00
7.796368557300666247e+00
7.796368557300666247e+00
7.796368557300666247e+00
7.279741775060459830e+00
5.923004392357183789e+00
5.530516187377100934e+00
5.530516187377100934e+00
5.530516187377100934e+00
5.923004392357183789e+00
7.279741775060459830e+00
5.530516187377100934e+00
6.010617405934727486e+00
6.010617405934727486e+00
6.010617405934727486e+00
6.010617405934727486e+00
6.239783055315087701e+00
5.346214941333525594e+00
5.550049046220650872e+00
5.550049046220650872e+00
5.550049046220650872e+00
5.346214941333525594e+00
6.239783055315087701e+00
5.550049046220650872e+00
6.172157341767428029e+00
6.172157341767428029e+00
6.172157341767428029e+00
6.172157341767428029e+00
6.178735566449573113e+00
6.791179841633065983e+00
6.798417814416553462e+00
6.798417814416553462e+00
6.798417814416553462e+00
6.791179841633065983e+00
6.178735566449573113e+00
6.798417814416553462e+00
6.620584197202584065e+00
6.620584197202584065e+00
6.620584197202584065e+00
6.620584197202584065e+00
6.588746226152325747e+00
6.566796118191794207e+00
6.535216810614635108e+00
6.535216810614635108e+00
6.535216810614635108e+00
6.566796118191794207e+00
6.588746226152325747e+00
6.535216810614635108e+00
5.717112291346894359e+00
5.717112291346894359e+00
5.717112291346894359e+00
5.717112291346894359e+00
5.730624635813194701e+00
6.083375771907999052e+00
6.097753776879562437e+00
6.097753776879562437e+00
6.097753776879562437e+00
6.083375771907999052e+00
5.730624635813194701e+00
6.097753776879562437e+00
5.257807970361938033e+00
5.257807970361938033e+00
5.257807970361938033e+00
5.257807970361938033e+00
4.993310218698873371e+00
7.761241191420862329e+00
7.370806459529299914e+00
7.370806459529299914e+00
7.370806459529299914e+00
7.761241191420862329e+00
4.993310218698873371e+00
7.370806459529299914e+00
6.528443833143418473e+00
6.528443833143418473e+00
6.528443833143418473e+00
6.528443833143418473e+00
7.325369780267044995e+00
4.456101114884129188e+00
5.000056564639113965e+00
5.000056564639113965e+00
5.000056564639113965e+00
4.456101114884129188e+00
7.325369780267044995e+00
5.000056564639113965e+00
6.796636797030541466e+00
6.796636797030541466e+00
6.796636797030541466e+00
6.796636797030541466e+00
6.389978891142683359e+00
6.253324071947779395e+00
5.879173775576574279e+00
5.879173775576574279e+00
5.879173775576574279e+00
6.253324071947779395e+00
6.389978891142683359e+00
5.879173775576574279e+00
5.763093645910409180e+00
5.763093645910409180e+00
5.763093645910409180e+00
5.763093645910409180e+00
5.633630618781285015e+00
6.144886915179283093e+00
6.006847224991396672e+00
6.006847224991396672e+00
6.006847224991396672e+00
6.144886915179283093e+00
5.633630618781285015e+00
6.006847224991396672e+00
6.108608778491929847e+00
6.108608778491929847e+00
6.108608778491929847e+00
6.108608778491929847e+00
6.783981942401974941e+00
5.427012854853451529e+00
6.027028173442528391e+00
6.027028173442528391e+00
6.027028173442528391e+00
5.427012854853451529e+00
6.783981942401974941e+00
6.027028173442528391e+00
7.488119087312639977e+00
7.488119087312639977e+00
7.488119087312639977e+00
7.488119087312639977e+00
6.733500988643212892e+00
7.890866830104735996e+00
7.095661671805859605e+00
7.095661671805859605e+00
7.095661671805859605e+00
7.890866830104735996e+00
6.733500988643212892e+00
7.095661671805859605e+00
5.785985360098256258e+00
5.785985360098256258e+00
5.785985360098256258e+00
5.785985360098256258e+00
5.798021812189324997e+00
5.771350831619814770e+00
5.783356839838328156e+00
5.783356839838328156e+00
5.783356839838328156e+00
5.771350831619814770e+00
5.798021812189324997e+00
5.783356839838328156e+00
6.745215026527374036e+00
6.745215026527374036e+00
6.745215026527374036e+00
6.745215026527374036e+00
6.950547325708593682e+00
6.130567341168613460e+00
6.317189040031712999e+00
6.317189040031712999e+00
6.317189040031712999e+00
6.130567341168613460e+00
6.950547325708593682e+00
6.317189040031712999e+00
6.835852474060588158e+00
6.835852474060588158e+00
6.835852474060588158e+00
6.835852474060588158e+00
6.426387959508826242e+00
6.951533933572168422e+00
6.535140151187127877e+00
6.535140151187127877e+00
6.535140151187127877e+00
6.951533933572168422e+00
6.426387959508826242e+00
6.535140151187127877e+00
5.999343640246642018e+00
5.999343640246642018e+00
5.999343640246642018e+00
5.999343640246642018e+00
6.594466772310282110e+00
5.793513921610462525e+00
6.368219148954528563e+00
6.368219148954528563e+00
6.368219148954528563e+00
5.793513921610462525e+00
6.594466772310282110e+00
6.368219148954528563e+00
5.948355695215288286e+00
5.948355695215288286e+00
5.948355695215288286e+00
5.948355695215288286e+00
5.863778829349067578e+00
7.175033705290783992e+00
7.073015282995338104e+00
7.073015282995338104e+00
7.073015282995338104e+00
7.175033705290783992e+00
5.863778829349067578e+00
7.073015282995338104e+00
6.900421946988053890e+00
6.900421946988053890e+00
6.900421946988053890e+00
6.900421946988053890e+00
6.784077031362715893e+00
5.650463429335355059e+00
5.555193502948168494e+00
5.555193502948168494e+00
5.555193502948168494e+00
5.650463429335355059e+00
6.784077031362715893e+00
5.555193502948168494e+00
6.407920504257027083e+00
6.407920504257027083e+00
6.407920504257027083e+00
6.407920504257027083e+00
6.961611987922874611e+00
5.796822654883434289e+00
6.297710787655667275e+00
6.297710787655667275e+00
6.297710787655667275e+00
5.796822654883434289e+00
6.961611987922874611e+00
6.297710787655667275e+00
5.258424144013772228e+00
5.258424144013772228e+00
5.258424144013772228e+00
5.258424144013772228e+00
4.839832836299068575e+00
6.604750446249405549e+00
6.078986253269240692e+00
6.078986253269240692e+00
6.078986253269240692e+00
6.604750446249405549e+00
4.839832836299068575e+00
6.078986253269240692e+00
8.410412050312780607e+00
8.410412050312780607e+00
8.410412050312780607e+00
8.410412050312780607e+00
6.997991478479784533e+00
6.975664597663565836e+00
5.804191414066010246e+00
5.804191414066010246e+00
5.804191414066010246e+00
6.975664597663565836e+00
6.997991478479784533e+00
5.804191414066010246e+00
5.457292912137106988e+00
5.457292912137106988e+00
5.457292912137106988e+00
5.457292912137106988e+00
5.753133697166425087e+00
6.444429971811482361e+00
6.793783626200645465e+00
6.793783626200645465e+00
6.793783626200645465e+00
6.444429971811482361e+00
5.753133697166425087e+00
6.793783626200645465e+00
6.401020080770904563e+00
6.401020080770904563e+00
6.401020080770904563e+00
6.401020080770904563e+00
6.458131584792085711e+00
7.232774405303787013e+00
7.297307029685595303e+00
7.297307029685595303e+00
7.297307029685595303e+00
7.232774405303787013e+00
6.458131584792085711e+00
7.297307029685595303e+00
6.416263172272112847e+00
6.416263172272112847e+00
6.416263172272112847e+00
6.416263172272112847e+00
6.374233191974599144e+00
5.312645278483840272e+00
5.277844589923042840e+00
5.277844589923042840e+00
5.277844589923042840e+00
5.312645278483840272e+00
6.374233191974599144e+00
5.277844589923042840e+00
5.837862499429864904e+00
5.837862499429864904e+00
5.837862499429864904e+00
5.837862499429864904e+00
6.375279602901734677e+00
5.778107553397656915e+00
6.310023785614356839e+00
6.310023785614356839e+00
6.310023785614356839e+00
5.778107553397656915e+00
6.375279602901734677e+00
6.310023785614356839e+00
5.843794212499713758e+00
5.843794212499713758e+00
5.843794212499713758e+00
5.843794212499713758e+00
5.319346992124989626e+00
6.272823445423473032e+00
5.709873296902324924e+00
5.709873296902324924e+00
5.709873296902324924e+00
6.272823445423473032e+00
5.319346992124989626e+00
5.709873296902324924e+00
5.156122357477586959e+00
5.156122357477586959e+00
5.156122357477586959e+00
5.156122357477586959e+00
5.340026329931372828e+00
4.825207308563604691e+00
4.997308498263065779e+00
4.997308498263065779e+00
4.997308498263065779e+00
4.825207308563604691e+00
5.340026329931372828e+00
4.997308498263065779e+00
7.364101502378781028e+00
7.364101502378781028e+00
7.364101502378781028e+00
7.364101502378781028e+00
7.640076067579385288e+00
8.016481059340284432e+00
8.316903979105264355e+00
8.316903979105264355e+00
8.316903979105264355e+00
8.016481059340284432e+00
7.640076067579385288e+00
8.316903979105264355e+00
5.772255098685851848e+00
5.772255098685851848e+00
5.772255098685851848e+00
5.772255098685851848e+00
6.355349258246801192e+00
5.087769990182421154e+00
5.601719723128257833e+00
5.601719723128257833e+00
5.601719723128257833e+00
5.087769990182421154e+00
6.355349258246801192e+00
5.601719723128257833e+00
6.802331950454570730e+00
6.802331950454570730e+00
6.802331950454570730e+00
6.802331950454570730e+00
6.365177102730737779e+00
7.460878818295983983e+00
6.981402167133702541e+00
6.981402167133702541e+00
6.981402167133702541e+00
7.460878818295983983e+00
6.365177102730737779e+00
6.981402167133702541e+00
7.423560678644169464e+00
7.423560678644169464e+00
7.423560678644169464e+00
7.423560678644169464e+00
7.152924704328478711e+00
6.462205082612813456e+00
6.226616630592489265e+00
6.226616630592489265e+00
6.226616630592489265e+00
6.462205082612813456e+00
7.152924704328478711e+00
6.226616630592489265e+00
6.195857887971104816e+00
6.195857887971104816e+00
6.195857887971104816e+00
6.195857887971104816e+00
5.934668380131096654e+00
6.540291720451335777e+00
6.264582431038606458e+00
6.264582431038606458e+00
6.264582431038606458e+00
6.540291720451335777e+00
5.934668380131096654e+00
6.264582431038606458e+00
5.217273772614698935e+00
5.217273772614698935e+00
5.217273772614698935e+00
5.217273772614698935e+00
4.400716937925752248e+00
7.127347669635896388e+00
6.011844687332396298e+00
6.011844687332396298e+00
6.011844687332396298e+00
7.127347669635896388e+00
4.400716937925752248e+00
6.011844687332396298e+00
6.691883588944476990e+00
6.691883588944476990e+00
6.691883588944476990e+00
6.691883588944476990e+00
6.903353452725969674e+00
5.608437394105967755e+00
5.785669331272060845e+00
5.785669331272060845e+00
5.785669331272060845e+00
5.608437394105967755e+00
6.903353452725969674e+00
5.785669331272060845e+00
6.498808052719996731e+00
6.498808052719996731e+00
6.498808052719996731e+00
6.498808052719996731e+00
7.132114790011456762e+00
5.867448244684653424e+00
6.439229173421654906e+00
6.439229173421654906e+00
6.439229173421654906e+00
5.867448244684653424e+00
7.132114790011456762e+00
6.439229173421654906e+00
5.357472609185431445e+00
5.357472609185431445e+00
5.357472609185431445e+00
5.357472609185431445e+00
5.965779739869620180e+00
5.992682823567893280e+00
6.673114056618893564e+00
6.673114056618893564e+00
6.673114056618893564e+00
5.992682823567893280e+00
5.965779739869620180e+00
6.673114056618893564e+00
6.517831878845015581e+00
6.517831878845015581e+00
6.517831878845015581e+00
6.517831878845015581e+00
6.265293376700407535e+00
6.005955000638595109e+00
5.773249569138886095e+00
5.773249569138886095e+00
5.773249569138886095e+00
6.005955000638595109e+00
6.265293376700407535e+00
5.773249569138886095e+00
6.587650518981162939e+00
6.587650518981162939e+00
6.587650518981162939e+00
6.587650518981162939e+00
6.286123998841730121e+00
6.769808265727001562e+00
6.459944115755133609e+00
6.459944115755133609e+00
6.459944115755133609e+00
6.769808265727001562e+00
6.286123998841730121e+00
6.459944115755133609e+00
5.172419795258991648e+00
5.172419795258991648e+00
5.172419795258991648e+00
5.172419795258991648e+00
5.937215009179541703e+00
6.924293826857264911e+00
7.948121549312047840e+00
7.948121549312047840e+00
7.948121549312047840e+00
6.924293826857264911e+00
5.937215009179541703e+00
7.948121549312047840e+00
7.261910089111182742e+00
7.261910089111182742e+00
7.261910089111182742e+00
7.261910089111182742e+00
7.119502864359503747e+00
5.076633375380960267e+00
4.977079778434920776e+00
4.977079778434920776e+00
4.977079778434920776e+00
5.076633375380960267e+00
7.119502864359503747e+00
4.977079778434920776e+00
7.171119948100711738e+00
7.171119948100711738e+00
7.171119948100711738e+00
7.171119948100711738e+00
7.455503471779318936e+00
6.738931561003600912e+00
7.006175885044611640e+00
7.006175885044611640e+00
7.006175885044611640e+00
6.738931561003600912e+00
7.455503471779318936e+00
7.006175885044611640e+00
5.030494479848448997e+00
5.030494479848448997e+00
5.030494479848448997e+00
5.030494479848448997e+00
5.147941187122446749e+00
5.658585433562918432e+00
5.790696149450354824e+00
5.790696149450354824e+00
5.790696149450354824e+00
5.658585433562918432e+00
5.147941187122446749e+00
5.790696149450354824e+00
6.399262240415331426e+00
6.399262240415331426e+00
6.399262240415331426e+00
6.399262240415331426e+00
5.512489511450850088e+00
6.066595253898475093e+00
5.225921590792997229e+00
5.225921590792997229e+00
5.225921590792997229e+00
6.066595253898475093e+00
5.512489511450850088e+00
5.225921590792997229e+00
6.213302451711830265e+00
6.213302451711830265e+00
6.213302451711830265e+00
6.213302451711830265e+00
6.489864447052338114e+00
6.860628792755387728e+00
7.166004106923816508e+00
7.166004106923816508e+00
7.166004106923816508e+00
6.860628792755387728e+00
6.489864447052338114e+00
7.166004106923816508e+00
