9.028842511738613297e+00
9.028842511738613297e+00
9.028842511738613297e+00
9.028842511738613297e+00
1.038468791507140310e+01
9.028842511738613297e+00
1.038468791507140310e+01
1.038468791507140310e+01
1.038468791507140310e+01
9.028842511738613297e+00
1.038468791507140310e+01
1.038468791507140310e+01
1.080237681845781950e+01
1.080237681845781950e+01
1.080237681845781950e+01
1.080237681845781950e+01
1.115821643761381665e+01
1.080237681845781950e+01
1.115821643761381665e+01
1.115821643761381665e+01
1.115821643761381665e+01
1.080237681845781950e+01
1.115821643761381665e+01
1.115821643761381665e+01
1.041483248289794439e+01
1.041483248289794439e+01
1.041483248289794439e+01
1.041483248289794439e+01
1.101325985363491533e+01
1.041483248289794439e+01
1.101325985363491533e+01
1.101325985363491533e+01
1.101325985363491533e+01
1.041483248289794439e+01
1.101325985363491533e+01
1.101325985363491533e+01
1.112785957380074819e+01
1.112785957380074819e+01
1.112785957380074819e+01
1.112785957380074819e+01
1.023728704673580125e+01
1.112785957380074819e+01
1.023728704673580125e+01
1.023728704673580125e+01
1.023728704673580125e+01
1.112785957380074819e+01
1.023728704673580125e+01
1.023728704673580125e+01
1.157181676939843662e+01
1.157181676939843662e+01
1.157181676939843662e+01
1.157181676939843662e+01
1.077368878318158174e+01
1.157181676939843662e+01
1.077368878318158174e+01
1.077368878318158174e+01
1.077368878318158174e+01
1.157181676939843662e+01
1.077368878318158174e+01
1.077368878318158174e+01
1.068567712673759296e+01
1.068567712673759296e+01
1.068567712673759296e+01
1.068567712673759296e+01
9.293312760684777629e+00
1.068567712673759296e+01
9.293312760684777629e+00
9.293312760684777629e+00
9.293312760684777629e+00
1.068567712673759296e+01
9.293312760684777629e+00
9.293312760684777629e+00
1.109747871752309933e+01
1.109747871752309933e+01
1.109747871752309933e+01
1.109747871752309933e+01
1.064845491830887170e+01
1.109747871752309933e+01
1.064845491830887170e+01
1.064845491830887170e+01
1.064845491830887170e+01
1.109747871752309933e+01
1.064845491830887170e+01
1.064845491830887170e+01
1.013967886590880418e+01
1.013967886590880418e+01
1.013967886590880418e+01
1.013967886590880418e+01
1.250209388900847962e+01
1.013967886590880418e+01
1.250209388900847962e+01
1.250209388900847962e+01
1.250209388900847962e+01
1.013967886590880418e+01
1.250209388900847962e+01
1.250209388900847962e+01
1.055458760553832676e+01
1.055458760553832676e+01
1.055458760553832676e+01
1.055458760553832676e+01
1.080839735263527857e+01
1.055458760553832676e+01
1.080839735263527857e+01
1.080839735263527857e+01
1.080839735263527857e+01
1.055458760553832676e+01
1.080839735263527857e+01
1.080839735263527857e+01
1.182235102551121741e+01
1.182235102551121741e+01
1.182235102551121741e+01
1.182235102551121741e+01
9.907401700282164825e+00
1.182235102551121741e+01
9.907401700282164825e+00
9.907401700282164825e+00
9.907401700282164825e+00
1.182235102551121741e+01
9.907401700282164825e+00
9.907401700282164825e+00
1.022374197625772752e+01
1.022374197625772752e+01
1.022374197625772752e+01
1.022374197625772752e+01
1.058663450566941400e+01
1.022374197625772752e+01
1.058663450566941400e+01
1.058663450566941400e+01
1.058663450566941400e+01
1.022374197625772752e+01
1.058663450566941400e+01
1.058663450566941400e+01
1.093893679590020263e+01
1.093893679590020263e+01
1.093893679590020263e+01
1.093893679590020263e+01
1.147062082095911073e+01
1.093893679590020263e+01
1.147062082095911073e+01
1.147062082095911073e+01
1.147062082095911073e+01
1.093893679590020263e+01
1.147062082095911073e+01
1.147062082095911073e+01
1.077379862472322891e+01
1.077379862472322891e+01
1.077379862472322891e+01
1.077379862472322891e+01
1.044955810433621579e+01
1.077379862472322891e+01
1.044955810433621579e+01
1.044955810433621579e+01
1.044955810433621579e+01
1.077379862472322891e+01
1.044955810433621579e+01
1.044955810433621579e+01
9.943391141180185855e+00
9.943391141180185855e+00
9.943391141180185855e+00
9.943391141180185855e+00
1.139769666640311208e+01
9.943391141180185855e+00
1.139769666640311208e+01
1.139769666640311208e+01
1.139769666640311208e+01
9.943391141180185855e+00
1.139769666640311208e+01
1.139769666640311208e+01
1.134403318726144683e+01
1.134403318726144683e+01
1.134403318726144683e+01
1.134403318726144683e+01
1.097170626128833781e+01
1.134403318726144683e+01
1.097170626128833781e+01
1.097170626128833781e+01
1.097170626128833781e+01
1.134403318726144683e+01
1.097170626128833781e+01
1.097170626128833781e+01
1.037239953622738042e+01
1.037239953622738042e+01
1.037239953622738042e+01
1.037239953622738042e+01
1.003135333458212841e+01
1.037239953622738042e+01
1.003135333458212841e+01
1.003135333458212841e+01
1.003135333458212841e+01
1.037239953622738042e+01
1.003135333458212841e+01
1.003135333458212841e+01
1.102564378093701514e+01
1.102564378093701514e+01
1.102564378093701514e+01
1.102564378093701514e+01
9.831445021480288204e+00
1.102564378093701514e+01
9.831445021480288204e+00
9.831445021480288204e+00
9.831445021480288204e+00
1.102564378093701514e+01
9.831445021480288204e+00
9.831445021480288204e+00
1.004812039599077522e+01
1.004812039599077522e+01
1.004812039599077522e+01
1.004812039599077522e+01
1.086315271631515778e+01
1.004812039599077522e+01
1.086315271631515778e+01
1.086315271631515778e+01
1.086315271631515778e+01
1.004812039599077522e+01
1.086315271631515778e+01
1.086315271631515778e+01
1.143580191107986366e+01
1.143580191107986366e+01
1.143580191107986366e+01
1.143580191107986366e+01
1.160762281033372645e+01
1.143580191107986366e+01
1.160762281033372645e+01
1.160762281033372645e+01
1.160762281033372645e+01
1.143580191107986366e+01
1.160762281033372645e+01
1.160762281033372645e+01
1.062112195913845092e+01
1.062112195913845092e+01
1.062112195913845092e+01
1.062112195913845092e+01
1.055615870122265676e+01
1.062112195913845092e+01
1.055615870122265676e+01
1.055615870122265676e+01
1.055615870122265676e+01
1.062112195913845092e+01
1.055615870122265676e+01
1.055615870122265676e+01
1.051066663068773899e+01
1.051066663068773899e+01
1.051066663068773899e+01
1.051066663068773899e+01
1.128435007721874150e+01
1.051066663068773899e+01
1.128435007721874150e+01
1.128435007721874150e+01
1.128435007721874150e+01
1.051066663068773899e+01
1.128435007721874150e+01
1.128435007721874150e+01
1.123926249344533446e+01
1.123926249344533446e+01
1.123926249344533446e+01
1.123926249344533446e+01
1.049449215914599165e+01
1.123926249344533446e+01
1.049449215914599165e+01
1.049449215914599165e+01
1.049449215914599165e+01
1.123926249344533446e+01
1.049449215914599165e+01
1.049449215914599165e+01
9.732632472943722135e+00
9.732632472943722135e+00
9.732632472943722135e+00
9.732632472943722135e+00
1.010370667218327156e+01
9.732632472943722135e+00
1.010370667218327156e+01
1.010370667218327156e+01
1.010370667218327156e+01
9.732632472943722135e+00
1.010370667218327156e+01
1.010370667218327156e+01
1.088944832664094697e+01
1.088944832664094697e+01
1.088944832664094697e+01
1.088944832664094697e+01
1.090105419372934925e+01
1.088944832664094697e+01
1.090105419372934925e+01
1.090105419372934925e+01
1.090105419372934925e+01
1.088944832664094697e+01
1.090105419372934925e+01
1.090105419372934925e+01
1.128692257896387297e+01
1.128692257896387297e+01
1.128692257896387297e+01
1.128692257896387297e+01
1.123264448150120565e+01
1.128692257896387297e+01
1.123264448150120565e+01
1.123264448150120565e+01
1.123264448150120565e+01
1.128692257896387297e+01
1.123264448150120565e+01
1.123264448150120565e+01
1.032538431584842264e+01
1.032538431584842264e+01
1.032538431584842264e+01
1.032538431584842264e+01
1.034978827059212314e+01
1.032538431584842264e+01
1.034978827059212314e+01
1.034978827059212314e+01
1.034978827059212314e+01
1.032538431584842264e+01
1.034978827059212314e+01
1.034978827059212314e+01
1.073620287044516886e+01
1.073620287044516886e+01
1.073620287044516886e+01
1.073620287044516886e+01
1.019611058547801719e+01
1.073620287044516886e+01
1.019611058547801719e+01
1.019611058547801719e+01
1.019611058547801719e+01
1.073620287044516886e+01
1.019611058547801719e+01
1.019611058547801719e+01
9.871068302759928415e+00
9.871068302759928415e+00
9.871068302759928415e+00
9.871068302759928415e+00
1.107602780878531590e+01
9.871068302759928415e+00
1.107602780878531590e+01
1.107602780878531590e+01
1.107602780878531590e+01
9.871068302759928415e+00
1.107602780878531590e+01
1.107602780878531590e+01
1.023355489826749753e+01
1.023355489826749753e+01
1.023355489826749753e+01
1.023355489826749753e+01
9.621258533315927508e+00
1.023355489826749753e+01
9.621258533315927508e+00
9.621258533315927508e+00
9.621258533315927508e+00
1.023355489826749753e+01
9.621258533315927508e+00
9.621258533315927508e+00
1.095411382757800212e+01
1.095411382757800212e+01
1.095411382757800212e+01
1.095411382757800212e+01
1.070803892011201164e+01
1.095411382757800212e+01
1.070803892011201164e+01
1.070803892011201164e+01
1.070803892011201164e+01
1.095411382757800212e+01
1.070803892011201164e+01
1.070803892011201164e+01
1.057117314717173606e+01
1.057117314717173606e+01
1.057117314717173606e+01
1.057117314717173606e+01
1.173993135604312776e+01
1.057117314717173606e+01
1.173993135604312776e+01
1.173993135604312776e+01
1.173993135604312776e+01
1.057117314717173606e+01
1.173993135604312776e+01
1.173993135604312776e+01
1.188812690367074154e+01
1.188812690367074154e+01
1.188812690367074154e+01
1.188812690367074154e+01
1.069009631465557320e+01
1.188812690367074154e+01
1.069009631465557320e+01
1.069009631465557320e+01
1.069009631465557320e+01
1.188812690367074154e+01
1.069009631465557320e+01
1.069009631465557320e+01
1.085256085375863222e+01
1.085256085375863222e+01
1.085256085375863222e+01
1.085256085375863222e+01
1.087513718616391323e+01
1.085256085375863222e+01
1.087513718616391323e+01
1.087513718616391323e+01
1.087513718616391323e+01
1.085256085375863222e+01
1.087513718616391323e+01
1.087513718616391323e+01
9.571207097493653393e+00
9.571207097493653393e+00
9.571207097493653393e+00
9.571207097493653393e+00
9.862565927647917619e+00
9.571207097493653393e+00
9.862565927647917619e+00
9.862565927647917619e+00
9.862565927647917619e+00
9.571207097493653393e+00
9.862565927647917619e+00
9.862565927647917619e+00
1.118885020576892053e+01
1.118885020576892053e+01
1.118885020576892053e+01
1.118885020576892053e+01
1.051864306843201646e+01
1.118885020576892053e+01
1.051864306843201646e+01
1.051864306843201646e+01
1.051864306843201646e+01
1.118885020576892053e+01
1.051864306843201646e+01
1.051864306843201646e+01
1.047201614230858979e+01
1.047201614230858979e+01
1.047201614230858979e+01
1.047201614230858979e+01
1.151081962137975445e+01
1.047201614230858979e+01
1.151081962137975445e+01
1.151081962137975445e+01
1.151081962137975445e+01
1.047201614230858979e+01
1.151081962137975445e+01
1.151081962137975445e+01
1.063338412632488783e+01
1.063338412632488783e+01
1.063338412632488783e+01
1.063338412632488783e+01
1.048219304949005881e+01
1.063338412632488783e+01
1.048219304949005881e+01
1.048219304949005881e+01
1.048219304949005881e+01
1.063338412632488783e+01
1.048219304949005881e+01
1.048219304949005881e+01
1.145967408312643165e+01
1.145967408312643165e+01
1.145967408312643165e+01
1.145967408312643165e+01
1.126645766469028587e+01
1.145967408312643165e+01
1.126645766469028587e+01
1.126645766469028587e+01
1.126645766469028587e+01
1.145967408312643165e+01
1.126645766469028587e+01
1.126645766469028587e+01
1.006944062031389109e+01
1.006944062031389109e+01
1.006944062031389109e+01
1.006944062031389109e+01
1.093951438496856099e+01
1.006944062031389109e+01
1.093951438496856099e+01
1.093951438496856099e+01
1.093951438496856099e+01
1.006944062031389109e+01
1.093951438496856099e+01
1.093951438496856099e+01
1.103870859610174904e+01
1.103870859610174904e+01
1.103870859610174904e+01
1.103870859610174904e+01
1.015998384127495768e+01
1.103870859610174904e+01
1.015998384127495768e+01
1.015998384127495768e+01
1.015998384127495768e+01
1.103870859610174904e+01
1.015998384127495768e+01
1.015998384127495768e+01
1.238722736962816384e+01
1.238722736962816384e+01
1.238722736962816384e+01
1.238722736962816384e+01
1.030695179452303201e+01
1.238722736962816384e+01
1.030695179452303201e+01
1.030695179452303201e+01
1.030695179452303201e+01
1.238722736962816384e+01
1.030695179452303201e+01
1.030695179452303201e+01
1.060782077366077658e+01
1.060782077366077658e+01
1.060782077366077658e+01
1.060782077366077658e+01
1.118287255769653044e+01
1.060782077366077658e+01
1.118287255769653044e+01
1.118287255769653044e+01
1.118287255769653044e+01
1.060782077366077658e+01
1.118287255769653044e+01
1.118287255769653044e+01
1.099285331670199106e+01
1.099285331670199106e+01
1.099285331670199106e+01
1.099285331670199106e+01
1.109093430668155555e+01
1.099285331670199106e+01
1.109093430668155555e+01
1.109093430668155555e+01
1.109093430668155555e+01
1.099285331670199106e+01
1.109093430668155555e+01
1.109093430668155555e+01
1.028069522827995463e+01
1.028069522827995463e+01
1.028069522827995463e+01
1.028069522827995463e+01
1.021335113619896617e+01
1.028069522827995463e+01
1.021335113619896617e+01
1.021335113619896617e+01
1.021335113619896617e+01
1.028069522827995463e+01
1.021335113619896617e+01
1.021335113619896617e+01
9.837811953392185060e+00
9.837811953392185060e+00
9.837811953392185060e+00
9.837811953392185060e+00
1.074345308574316071e+01
9.837811953392185060e+00
1.074345308574316071e+01
1.074345308574316071e+01
1.074345308574316071e+01
9.837811953392185060e+00
1.074345308574316071e+01
1.074345308574316071e+01
1.072449564784512965e+01
1.072449564784512965e+01
1.072449564784512965e+01
1.072449564784512965e+01
9.762033294122492322e+00
1.072449564784512965e+01
9.762033294122492322e+00
9.762033294122492322e+00
9.762033294122492322e+00
1.072449564784512965e+01
9.762033294122492322e+00
9.762033294122492322e+00
1.031007133338601989e+01
1.031007133338601989e+01
1.031007133338601989e+01
1.031007133338601989e+01
1.067780176005866188e+01
1.031007133338601989e+01
1.067780176005866188e+01
1.067780176005866188e+01
1.067780176005866188e+01
1.031007133338601989e+01
1.067780176005866188e+01
1.067780176005866188e+01
1.126873059431273560e+01
1.126873059431273560e+01
1.126873059431273560e+01
1.126873059431273560e+01
1.169103371236775324e+01
1.126873059431273560e+01
1.169103371236775324e+01
1.169103371236775324e+01
1.169103371236775324e+01
1.126873059431273560e+01
1.169103371236775324e+01
1.169103371236775324e+01
1.012073240362491333e+01
1.012073240362491333e+01
1.012073240362491333e+01
1.012073240362491333e+01
1.114309538899894214e+01
1.012073240362491333e+01
1.114309538899894214e+01
1.114309538899894214e+01
1.114309538899894214e+01
1.012073240362491333e+01
1.114309538899894214e+01
1.114309538899894214e+01
1.108366334689979915e+01
1.108366334689979915e+01
1.108366334689979915e+01
1.108366334689979915e+01
1.037136685829453064e+01
1.108366334689979915e+01
1.037136685829453064e+01
1.037136685829453064e+01
1.037136685829453064e+01
1.108366334689979915e+01
1.037136685829453064e+01
1.037136685829453064e+01
1.067350750804344095e+01
1.067350750804344095e+01
1.067350750804344095e+01
1.067350750804344095e+01
1.028439031363360812e+01
1.067350750804344095e+01
1.028439031363360812e+01
1.028439031363360812e+01
1.028439031363360812e+01
1.067350750804344095e+01
1.028439031363360812e+01
1.028439031363360812e+01
1.154164082237082312e+01
1.154164082237082312e+01
1.154164082237082312e+01
1.154164082237082312e+01
1.105509714422840339e+01
1.154164082237082312e+01
1.105509714422840339e+01
1.105509714422840339e+01
1.105509714422840339e+01
1.154164082237082312e+01
1.105509714422840339e+01
1.105509714422840339e+01
1.117434009768969005e+01
1.117434009768969005e+01
1.117434009768969005e+01
1.117434009768969005e+01
9.425441309245544019e+00
1.117434009768969005e+01
9.425441309245544019e+00
9.425441309245544019e+00
9.425441309245544019e+00
1.117434009768969005e+01
9.425441309245544019e+00
9.425441309245544019e+00
1.045493378406944629e+01
1.045493378406944629e+01
1.045493378406944629e+01
1.045493378406944629e+01
1.078531960052541017e+01
1.045493378406944629e+01
1.078531960052541017e+01
1.078531960052541017e+01
1.078531960052541017e+01
1.045493378406944629e+01
1.078531960052541017e+01
1.078531960052541017e+01
1.083856223682060183e+01
1.083856223682060183e+01
1.083856223682060183e+01
1.083856223682060183e+01
1.189477661204874614e+01
1.083856223682060183e+01
1.189477661204874614e+01
1.189477661204874614e+01
1.189477661204874614e+01
1.083856223682060183e+01
1.189477661204874614e+01
1.189477661204874614e+01
9.529977356244755171e+00
9.529977356244755171e+00
9.529977356244755171e+00
9.529977356244755171e+00
1.061204601136457093e+01
9.529977356244755171e+00
1.061204601136457093e+01
1.061204601136457093e+01
1.061204601136457093e+01
9.529977356244755171e+00
1.061204601136457093e+01
1.061204601136457093e+01
1.038682679214301174e+01
1.038682679214301174e+01
1.038682679214301174e+01
1.038682679214301174e+01
9.984381051154045394e+00
1.038682679214301174e+01
9.984381051154045394e+00
9.984381051154045394e+00
9.984381051154045394e+00
1.038682679214301174e+01
9.984381051154045394e+00
9.984381051154045394e+00
1.136467322909028788e+01
1.136467322909028788e+01
1.136467322909028788e+01
1.136467322909028788e+01
1.084449530504653580e+01
1.136467322909028788e+01
1.084449530504653580e+01
1.084449530504653580e+01
1.084449530504653580e+01
1.136467322909028788e+01
1.084449530504653580e+01
1.084449530504653580e+01
9.970059919670498871e+00
9.970059919670498871e+00
9.970059919670498871e+00
9.970059919670498871e+00
1.144423533676525651e+01
9.970059919670498871e+00
1.144423533676525651e+01
1.144423533676525651e+01
1.144423533676525651e+01
9.970059919670498871e+00
1.144423533676525651e+01
1.144423533676525651e+01
1.078558312782753426e+01
1.078558312782753426e+01
1.078558312782753426e+01
1.078558312782753426e+01
1.057407610808826348e+01
1.078558312782753426e+01
1.057407610808826348e+01
1.057407610808826348e+01
1.057407610808826348e+01
1.078558312782753426e+01
1.057407610808826348e+01
1.057407610808826348e+01
1.090151889843794031e+01
1.090151889843794031e+01
1.090151889843794031e+01
1.090151889843794031e+01
1.133383803132426415e+01
1.090151889843794031e+01
1.133383803132426415e+01
1.133383803132426415e+01
1.133383803132426415e+01
1.090151889843794031e+01
1.133383803132426415e+01
1.133383803132426415e+01
1.017288773169153160e+01
1.017288773169153160e+01
1.017288773169153160e+01
1.017288773169153160e+01
1.041039364136727841e+01
1.017288773169153160e+01
1.041039364136727841e+01
1.041039364136727841e+01
1.041039364136727841e+01
1.017288773169153160e+01
1.041039364136727841e+01
1.041039364136727841e+01
1.167080137655206684e+01
1.167080137655206684e+01
1.167080137655206684e+01
1.167080137655206684e+01
1.005352926031889815e+01
1.167080137655206684e+01
1.005352926031889815e+01
1.005352926031889815e+01
1.005352926031889815e+01
1.167080137655206684e+01
1.005352926031889815e+01
1.005352926031889815e+01
1.051717491940097560e+01
1.051717491940097560e+01
1.051717491940097560e+01
1.051717491940097560e+01
1.098530775273074767e+01
1.051717491940097560e+01
1.098530775273074767e+01
1.098530775273074767e+01
1.098530775273074767e+01
1.051717491940097560e+01
1.098530775273074767e+01
1.098530775273074767e+01
