7.424201794650034714e+00
7.424201794650034714e+00
7.424201794650034714e+00
7.424201794650034714e+00
8.539081123157998832e+00
6.580257654559702907e+00
7.568403375573302228e+00
7.568403375573302228e+00
7.568403375573302228e+00
6.580257654559702907e+00
8.539081123157998832e+00
7.568403375573302228e+00
6.277911214602861278e+00
6.277911214602861278e+00
6.277911214602861278e+00
6.277911214602861278e+00
6.484711030351038019e+00
6.255418896261348394e+00
6.461477795623522091e+00
6.461477795623522091e+00
6.461477795623522091e+00
6.255418896261348394e+00
6.484711030351038019e+00
6.461477795623522091e+00
6.496296972485033905e+00
6.496296972485033905e+00
6.496296972485033905e+00
6.496296972485033905e+00
6.869568642783571377e+00
6.176472125126220014e+00
6.531366933116547813e+00
6.531366933116547813e+00
6.531366933116547813e+00
6.176472125126220014e+00
6.869568642783571377e+00
6.531366933116547813e+00
7.875985105647087536e+00
7.875985105647087536e+00
7.875985105647087536e+00
7.875985105647087536e+00
7.245662992742646580e+00
8.026608850696154818e+00
7.384232185128219328e+00
7.384232185128219328e+00
7.384232185128219328e+00
8.026608850696154818e+00
7.245662992742646580e+00
7.384232185128219328e+00
7.807391903395975774e+00
7.807391903395975774e+00
7.807391903395975774e+00
7.807391903395975774e+00
7.268902735995588671e+00
6.123507618775859918e+00
5.701158829320286614e+00
5.701158829320286614e+00
5.701158829320286614e+00
6.123507618775859918e+00
7.268902735995588671e+00
5.701158829320286614e+00
6.635949044757212256e+00
6.635949044757212256e+00
6.635949044757212256e+00
6.635949044757212256e+00
5.771272068719560444e+00
8.368839258432432260e+00
7.278363340953277749e+00
7.278363340953277749e+00
7.278363340953277749e+00
8.368839258432432260e+00
5.771272068719560444e+00
7.278363340953277749e+00
4.697613189256488297e+00
4.697613189256488297e+00
4.697613189256488297e+00
4.697613189256488297e+00
4.507539373827752271e+00
7.596154403161968993e+00
7.288800435982029313e+00
7.288800435982029313e+00
7.288800435982029313e+00
7.596154403161968993e+00
4.507539373827752271e+00
7.288800435982029313e+00
7.618559985445210181e+00
7.618559985445210181e+00
7.618559985445210181e+00
7.618559985445210181e+00
9.393586670413959894e+00
6.404692931197405237e+00
7.896904173692700368e+00
7.896904173692700368e+00
7.896904173692700368e+00
6.404692931197405237e+00
9.393586670413959894e+00
7.896904173692700368e+00
5.894081810468377647e+00
5.894081810468377647e+00
5.894081810468377647e+00
5.894081810468377647e+00
6.035818794384144148e+00
7.396376706208805274e+00
7.574239884894402586e+00
7.574239884894402586e+00
7.574239884894402586e+00
7.396376706208805274e+00
6.035818794384144148e+00
7.574239884894402586e+00
9.254271664966010391e+00
9.254271664966010391e+00
9.254271664966010391e+00
9.254271664966010391e+00
7.755292211380830025e+00
7.235238241903084067e+00
6.063295828815698840e+00
6.063295828815698840e+00
6.063295828815698840e+00
7.235238241903084067e+00
7.755292211380830025e+00
6.063295828815698840e+00
7.397085848182017642e+00
7.397085848182017642e+00
7.397085848182017642e+00
7.397085848182017642e+00
7.659645994941974401e+00
5.724673344814942055e+00
5.927871077600054051e+00
5.927871077600054051e+00
5.927871077600054051e+00
5.724673344814942055e+00
7.659645994941974401e+00
5.927871077600054051e+00
7.049354548653870900e+00
7.049354548653870900e+00
7.049354548653870900e+00
7.049354548653870900e+00
7.391986494557455600e+00
8.282715829029481114e+00
8.685294961952894965e+00
8.685294961952894965e+00
8.685294961952894965e+00
8.282715829029481114e+00
7.391986494557455600e+00
8.685294961952894965e+00
6.493917480356262040e+00
6.493917480356262040e+00
6.493917480356262040e+00
6.493917480356262040e+00
6.298481194926791815e+00
6.946560854426888199e+00
6.737502138481445968e+00
6.737502138481445968e+00
6.737502138481445968e+00
6.946560854426888199e+00
6.298481194926791815e+00
6.737502138481445968e+00
6.544638524200331098e+00
6.544638524200331098e+00
6.544638524200331098e+00
6.544638524200331098e+00
7.501847572018364829e+00
6.606452881857861392e+00
7.572702805228616718e+00
7.572702805228616718e+00
7.572702805228616718e+00
6.606452881857861392e+00
7.501847572018364829e+00
7.572702805228616718e+00
8.766010763693785179e+00
8.766010763693785179e+00
8.766010763693785179e+00
8.766010763693785179e+00
8.478298114513743045e+00
9.340566470392190013e+00
9.033996104865234855e+00
9.033996104865234855e+00
9.033996104865234855e+00
9.340566470392190013e+00
8.478298114513743045e+00
9.033996104865234855e+00
5.256101394720740672e+00
5.256101394720740672e+00
5.256101394720740672e+00
5.256101394720740672e+00
5.083279916925659947e+00
5.122048351098695385e+00
4.953634559411984384e+00
4.953634559411984384e+00
4.953634559411984384e+00
5.122048351098695385e+00
5.083279916925659947e+00
4.953634559411984384e+00
7.647739726001706373e+00
7.647739726001706373e+00
7.647739726001706373e+00
7.647739726001706373e+00
6.819405211038533920e+00
8.954724919621202872e+00
7.984829501017439490e+00
7.984829501017439490e+00
7.984829501017439490e+00
8.954724919621202872e+00
6.819405211038533920e+00
7.984829501017439490e+00
6.398017319593050978e+00
6.398017319593050978e+00
6.398017319593050978e+00
6.398017319593050978e+00
6.916979144885684327e+00
5.068505290481230219e+00
5.479626521584870957e+00
5.479626521584870957e+00
5.479626521584870957e+00
5.068505290481230219e+00
6.916979144885684327e+00
5.479626521584870957e+00
6.448920232475533254e+00
6.448920232475533254e+00
6.448920232475533254e+00
6.448920232475533254e+00
6.545814117327353188e+00
7.230737162534281559e+00
7.339377708356542129e+00
7.339377708356542129e+00
7.339377708356542129e+00
7.230737162534281559e+00
6.545814117327353188e+00
7.339377708356542129e+00
9.274186521982011655e+00
9.274186521982011655e+00
9.274186521982011655e+00
9.274186521982011655e+00
9.217461688833070710e+00
7.186450805084739102e+00
7.142495443405815436e+00
7.142495443405815436e+00
7.142495443405815436e+00
7.186450805084739102e+00
9.217461688833070710e+00
7.142495443405815436e+00
7.713643950794419446e+00
7.713643950794419446e+00
7.713643950794419446e+00
7.713643950794419446e+00
8.281440347241744604e+00
5.950114246966075271e+00
6.388098350125165581e+00
6.388098350125165581e+00
6.388098350125165581e+00
5.950114246966075271e+00
8.281440347241744604e+00
6.388098350125165581e+00
5.464630703926443900e+00
5.464630703926443900e+00
5.464630703926443900e+00
5.464630703926443900e+00
5.102516656091073521e+00
8.438072095167584052e+00
7.878922793438494665e+00
7.878922793438494665e+00
7.878922793438494665e+00
8.438072095167584052e+00
5.102516656091073521e+00
7.878922793438494665e+00
5.907657393137753843e+00
5.907657393137753843e+00
5.907657393137753843e+00
5.907657393137753843e+00
6.132897505988450959e+00
6.962210386974613918e+00
7.227657238221270930e+00
7.227657238221270930e+00
7.227657238221270930e+00
6.962210386974613918e+00
6.132897505988450959e+00
7.227657238221270930e+00
7.487379406221728928e+00
7.487379406221728928e+00
7.487379406221728928e+00
7.487379406221728928e+00
7.495359381664235876e+00
6.504854407796993421e+00
6.511787217744913647e+00
6.511787217744913647e+00
6.511787217744913647e+00
6.504854407796993421e+00
7.495359381664235876e+00
6.511787217744913647e+00
7.406506406769453044e+00
7.406506406769453044e+00
7.406506406769453044e+00
7.406506406769453044e+00
7.370888985475737343e+00
7.491879930763840179e+00
7.455851953587981917e+00
7.455851953587981917e+00
7.455851953587981917e+00
7.491879930763840179e+00
7.370888985475737343e+00
7.455851953587981917e+00
7.314342313238828552e+00
7.314342313238828552e+00
7.314342313238828552e+00
7.314342313238828552e+00
7.331629696771686078e+00
6.733001528793273849e+00
6.748914918510471317e+00
6.748914918510471317e+00
6.748914918510471317e+00
6.733001528793273849e+00
7.331629696771686078e+00
6.748914918510471317e+00
8.695418893081729550e+00
8.695418893081729550e+00
8.695418893081729550e+00
8.695418893081729550e+00
8.257989690654937931e+00
4.721919186510103117e+00
4.484379699444995815e+00
4.484379699444995815e+00
4.484379699444995815e+00
4.721919186510103117e+00
8.257989690654937931e+00
4.484379699444995815e+00
5.305480984063256855e+00
5.305480984063256855e+00
5.305480984063256855e+00
5.305480984063256855e+00
5.953120079417961286e+00
8.594745148831371750e+00
9.643904120414450887e+00
9.643904120414450887e+00
9.643904120414450887e+00
8.594745148831371750e+00
5.953120079417961286e+00
9.643904120414450887e+00
5.455145738219123075e+00
5.455145738219123075e+00
5.455145738219123075e+00
5.455145738219123075e+00
5.128752227948503162e+00
6.317502654925620575e+00
5.939512411101578238e+00
5.939512411101578238e+00
5.939512411101578238e+00
6.317502654925620575e+00
5.128752227948503162e+00
5.939512411101578238e+00
8.239291943221394021e+00
8.239291943221394021e+00
8.239291943221394021e+00
8.239291943221394021e+00
8.054203214509346509e+00
7.633301964879092516e+00
7.461826288778428129e+00
7.461826288778428129e+00
7.461826288778428129e+00
7.633301964879092516e+00
8.054203214509346509e+00
7.461826288778428129e+00
7.083072182770576930e+00
7.083072182770576930e+00
7.083072182770576930e+00
7.083072182770576930e+00
7.866182878470094231e+00
8.164914981609973310e+00
9.067635169486830904e+00
9.067635169486830904e+00
9.067635169486830904e+00
8.164914981609973310e+00
7.866182878470094231e+00
9.067635169486830904e+00
6.983781161063480347e+00
6.983781161063480347e+00
6.983781161063480347e+00
6.983781161063480347e+00
6.279987912073307754e+00
6.344531819661091809e+00
5.705159170418334647e+00
5.705159170418334647e+00
5.705159170418334647e+00
6.344531819661091809e+00
6.279987912073307754e+00
5.705159170418334647e+00
8.041770824175159760e+00
8.041770824175159760e+00
8.041770824175159760e+00
8.041770824175159760e+00
8.058499934815511523e+00
8.064999042977138544e+00
8.081776474746108718e+00
8.081776474746108718e+00
8.081776474746108718e+00
8.064999042977138544e+00
8.058499934815511523e+00
8.081776474746108718e+00
4.485471619653779385e+00
4.485471619653779385e+00
4.485471619653779385e+00
4.485471619653779385e+00
4.622014664901927361e+00
5.461052824246449333e+00
5.627293711741167215e+00
5.627293711741167215e+00
5.627293711741167215e+00
5.461052824246449333e+00
4.622014664901927361e+00
5.627293711741167215e+00
6.909165806441498248e+00
6.909165806441498248e+00
6.909165806441498248e+00
6.909165806441498248e+00
6.495309855976304725e+00
6.725553860431368491e+00
6.322696183645167167e+00
6.322696183645167167e+00
6.322696183645167167e+00
6.725553860431368491e+00
6.495309855976304725e+00
6.322696183645167167e+00
7.099116015971343785e+00
7.099116015971343785e+00
7.099116015971343785e+00
7.099116015971343785e+00
7.803334412458183600e+00
7.425813097293380238e+00
8.162439204011739946e+00
8.162439204011739946e+00
8.162439204011739946e+00
7.425813097293380238e+00
7.803334412458183600e+00
8.162439204011739946e+00
7.436171630102193397e+00
7.436171630102193397e+00
7.436171630102193397e+00
7.436171630102193397e+00
7.330440210741504536e+00
5.489163548524081726e+00
5.411115719350935827e+00
5.411115719350935827e+00
5.411115719350935827e+00
5.489163548524081726e+00
7.330440210741504536e+00
5.411115719350935827e+00
7.236536957622128341e+00
7.236536957622128341e+00
7.236536957622128341e+00
7.236536957622128341e+00
7.114524957744109201e+00
9.220496330430501430e+00
9.065033682518672364e+00
9.065033682518672364e+00
9.065033682518672364e+00
9.220496330430501430e+00
7.114524957744109201e+00
9.065033682518672364e+00
5.811638586710124343e+00
5.811638586710124343e+00
5.811638586710124343e+00
5.811638586710124343e+00
6.313806925013865978e+00
6.781585420021468913e+00
7.367564301988536180e+00
7.367564301988536180e+00
7.367564301988536180e+00
6.781585420021468913e+00
6.313806925013865978e+00
7.367564301988536180e+00
9.174584079601265429e+00
9.174584079601265429e+00
9.174584079601265429e+00
9.174584079601265429e+00
8.444250990744077257e+00
7.037667815216100742e+00
6.477441691694544090e+00
6.477441691694544090e+00
6.477441691694544090e+00
7.037667815216100742e+00
8.444250990744077257e+00
6.477441691694544090e+00
6.312081493312299507e+00
6.312081493312299507e+00
6.312081493312299507e+00
6.312081493312299507e+00
5.252048560453906667e+00
8.589341591224796346e+00
7.146872103478891347e+00
7.146872103478891347e+00
7.146872103478891347e+00
8.589341591224796346e+00
5.252048560453906667e+00
7.146872103478891347e+00
8.175021715896447105e+00
8.175021715896447105e+00
8.175021715896447105e+00
8.175021715896447105e+00
8.618191045635692049e+00
6.608217862705195067e+00
6.966450486759431904e+00
6.966450486759431904e+00
6.966450486759431904e+00
6.608217862705195067e+00
8.618191045635692049e+00
6.966450486759431904e+00
7.288250336424120235e+00
7.288250336424120235e+00
7.288250336424120235e+00
7.288250336424120235e+00
7.353277930954948083e+00
5.968073094758722164e+00
6.021321737357725468e+00
6.021321737357725468e+00
6.021321737357725468e+00
5.968073094758722164e+00
7.353277930954948083e+00
6.021321737357725468e+00
6.133704510846916591e+00
6.133704510846916591e+00
6.133704510846916591e+00
6.133704510846916591e+00
6.093525441999530834e+00
7.885389093541718353e+00
7.833735547023858992e+00
7.833735547023858992e+00
7.833735547023858992e+00
7.885389093541718353e+00
6.093525441999530834e+00
7.833735547023858992e+00
6.348800458475070130e+00
6.348800458475070130e+00
6.348800458475070130e+00
6.348800458475070130e+00
6.933253064758237549e+00
6.443644714166759435e+00
7.036828414267184861e+00
7.036828414267184861e+00
7.036828414267184861e+00
6.443644714166759435e+00
6.933253064758237549e+00
7.036828414267184861e+00
7.746747769451394205e+00
7.746747769451394205e+00
7.746747769451394205e+00
7.746747769451394205e+00
7.051521314361179904e+00
7.065783916773859197e+00
6.431670085901061817e+00
6.431670085901061817e+00
6.431670085901061817e+00
7.065783916773859197e+00
7.051521314361179904e+00
6.431670085901061817e+00
8.180451777657092194e+00
8.180451777657092194e+00
8.180451777657092194e+00
8.180451777657092194e+00
8.472224833856198956e+00
8.705686818359978929e+00
9.016193489427068997e+00
9.016193489427068997e+00
9.016193489427068997e+00
8.705686818359978929e+00
8.472224833856198956e+00
9.016193489427068997e+00
6.197506057105019117e+00
6.197506057105019117e+00
6.197506057105019117e+00
6.197506057105019117e+00
6.429761687868008835e+00
5.162036064794469858e+00
5.355486774031884778e+00
5.355486774031884778e+00
5.355486774031884778e+00
5.162036064794469858e+00
6.429761687868008835e+00
5.355486774031884778e+00
6.901990893889335510e+00
6.901990893889335510e+00
6.901990893889335510e+00
6.901990893889335510e+00
7.599207234949170164e+00
7.988419465225695681e+00
8.795383234958702445e+00
8.795383234958702445e+00
8.795383234958702445e+00
7.988419465225695681e+00
7.599207234949170164e+00
8.795383234958702445e+00
6.795415553491449323e+00
6.795415553491449323e+00
6.795415553491449323e+00
6.795415553491449323e+00
6.358705191053432237e+00
5.750156680948137478e+00
5.380620338623637977e+00
5.380620338623637977e+00
5.380620338623637977e+00
5.750156680948137478e+00
6.358705191053432237e+00
5.380620338623637977e+00
5.158381164059594681e+00
5.158381164059594681e+00
5.158381164059594681e+00
5.158381164059594681e+00
4.970325381577333168e+00
6.684264158104782361e+00
6.440580241272769513e+00
6.440580241272769513e+00
6.440580241272769513e+00
6.684264158104782361e+00
4.970325381577333168e+00
6.440580241272769513e+00
8.484934506161099677e+00
8.484934506161099677e+00
8.484934506161099677e+00
8.484934506161099677e+00
8.127247821316132104e+00
7.938242179487160932e+00
7.603601584840792960e+00
7.603601584840792960e+00
7.603601584840792960e+00
7.938242179487160932e+00
8.127247821316132104e+00
7.603601584840792960e+00
9.455175834369125454e+00
9.455175834369125454e+00
9.455175834369125454e+00
9.455175834369125454e+00
7.975343878594537195e+00
6.423468015882359161e+00
5.418129415806188121e+00
5.418129415806188121e+00
5.418129415806188121e+00
6.423468015882359161e+00
7.975343878594537195e+00
5.418129415806188121e+00
5.972789176225216323e+00
5.972789176225216323e+00
5.972789176225216323e+00
5.972789176225216323e+00
6.161534975028202687e+00
7.692456831452687993e+00
7.935545758011392614e+00
7.935545758011392614e+00
7.935545758011392614e+00
7.692456831452687993e+00
6.161534975028202687e+00
7.935545758011392614e+00
6.888145380535743101e+00
6.888145380535743101e+00
6.888145380535743101e+00
6.888145380535743101e+00
7.559392914167783140e+00
7.890252403349957255e+00
8.659154941390028171e+00
8.659154941390028171e+00
8.659154941390028171e+00
7.890252403349957255e+00
7.559392914167783140e+00
8.659154941390028171e+00
6.622683700384875749e+00
6.622683700384875749e+00
6.622683700384875749e+00
6.622683700384875749e+00
7.374647548469316582e+00
5.614465234947886962e+00
6.251952252901404883e+00
6.251952252901404883e+00
6.251952252901404883e+00
5.614465234947886962e+00
7.374647548469316582e+00
6.251952252901404883e+00
6.140946769977714936e+00
6.140946769977714936e+00
6.140946769977714936e+00
6.140946769977714936e+00
5.903010976623874306e+00
6.953408076412594063e+00
6.683992833267564215e+00
6.683992833267564215e+00
6.683992833267564215e+00
6.953408076412594063e+00
5.903010976623874306e+00
6.683992833267564215e+00
7.582186805396646356e+00
7.582186805396646356e+00
7.582186805396646356e+00
7.582186805396646356e+00
7.235138886583862394e+00
7.293062355359121618e+00
6.959248090799222908e+00
6.959248090799222908e+00
6.959248090799222908e+00
7.293062355359121618e+00
7.235138886583862394e+00
6.959248090799222908e+00
7.614911181262417728e+00
7.614911181262417728e+00
7.614911181262417728e+00
7.614911181262417728e+00
8.740853749032668318e+00
4.834301380310054519e+00
5.549102325449795536e+00
5.549102325449795536e+00
5.549102325449795536e+00
4.834301380310054519e+00
8.740853749032668318e+00
5.549102325449795536e+00
5.592844924967234732e+00
5.592844924967234732e+00
5.592844924967234732e+00
5.592844924967234732e+00
5.483168336513551289e+00
9.061360205399580536e+00
8.883665474469056633e+00
8.883665474469056633e+00
8.883665474469056633e+00
9.061360205399580536e+00
5.483168336513551289e+00
8.883665474469056633e+00
5.920964461872179285e+00
5.920964461872179285e+00
5.920964461872179285e+00
5.920964461872179285e+00
6.155770844895933180e+00
6.606942587778663167e+00
6.868952654191287088e+00
6.868952654191287088e+00
6.868952654191287088e+00
6.606942587778663167e+00
6.155770844895933180e+00
6.868952654191287088e+00
8.162110299323805052e+00
8.162110299323805052e+00
8.162110299323805052e+00
8.162110299323805052e+00
8.352670687155029583e+00
7.165191668025510552e+00
7.332477045589832265e+00
7.332477045589832265e+00
7.332477045589832265e+00
7.165191668025510552e+00
8.352670687155029583e+00
7.332477045589832265e+00
8.367093251946242205e+00
8.367093251946242205e+00
8.367093251946242205e+00
8.367093251946242205e+00
7.207629889174737237e+00
8.895109003351690191e+00
7.662476273359558832e+00
7.662476273359558832e+00
7.662476273359558832e+00
8.895109003351690191e+00
7.207629889174737237e+00
7.662476273359558832e+00
6.831193196457946648e+00
6.831193196457946648e+00
6.831193196457946648e+00
6.831193196457946648e+00
7.135258294793598743e+00
5.803743770383513301e+00
6.062075787866436194e+00
6.062075787866436194e+00
6.062075787866436194e+00
5.803743770383513301e+00
7.135258294793598743e+00
6.062075787866436194e+00
