2.093750000000000000e+01 6.796875000000000000e+01 4.406250000000000000e+02
3.093750000000000000e+01 6.796875000000000000e+01 4.406250000000000000e+02
2.093750000000000000e+01 6.421875000000000000e+01 4.406250000000000000e+02
2.093750000000000000e+01 6.796875000000000000e+01 4.843750000000000000e+02
2.093750000000000000e+01 6.421875000000000000e+01 4.843750000000000000e+02
3.093750000000000000e+01 6.796875000000000000e+01 4.843750000000000000e+02
3.093750000000000000e+01 6.421875000000000000e+01 4.406250000000000000e+02
3.093750000000000000e+01 6.421875000000000000e+01 4.843750000000000000e+02
3.093750000000000000e+01 8.296875000000000000e+01 3.406250000000000000e+02
2.093750000000000000e+01 8.296875000000000000e+01 3.406250000000000000e+02
3.093750000000000000e+01 7.921875000000000000e+01 3.406250000000000000e+02
3.093750000000000000e+01 8.296875000000000000e+01 3.843750000000000000e+02
3.093750000000000000e+01 7.921875000000000000e+01 3.843750000000000000e+02
2.093750000000000000e+01 8.296875000000000000e+01 3.843750000000000000e+02
2.093750000000000000e+01 7.921875000000000000e+01 3.406250000000000000e+02
2.093750000000000000e+01 7.921875000000000000e+01 3.843750000000000000e+02
3.593750000000000000e+01 6.046875000000000000e+01 4.906250000000000000e+02
3.593750000000000000e+01 6.046875000000000000e+01 4.906250000000000000e+02
3.593750000000000000e+01 8.671875000000000000e+01 4.906250000000000000e+02
3.593750000000000000e+01 6.046875000000000000e+01 3.343750000000000000e+02
3.593750000000000000e+01 8.671875000000000000e+01 3.343750000000000000e+02
3.593750000000000000e+01 6.046875000000000000e+01 3.343750000000000000e+02
3.593750000000000000e+01 8.671875000000000000e+01 4.906250000000000000e+02
3.593750000000000000e+01 8.671875000000000000e+01 3.343750000000000000e+02
2.593750000000000000e+01 7.546875000000000000e+01 3.906250000000000000e+02
2.593750000000000000e+01 7.546875000000000000e+01 3.906250000000000000e+02
2.593750000000000000e+01 7.171875000000000000e+01 3.906250000000000000e+02
2.593750000000000000e+01 7.546875000000000000e+01 4.343750000000000000e+02
2.593750000000000000e+01 7.171875000000000000e+01 4.343750000000000000e+02
2.593750000000000000e+01 7.546875000000000000e+01 4.343750000000000000e+02
2.593750000000000000e+01 7.171875000000000000e+01 3.906250000000000000e+02
2.593750000000000000e+01 7.171875000000000000e+01 4.343750000000000000e+02
2.843750000000000000e+01 6.421875000000000000e+01 3.156250000000000000e+02
2.843750000000000000e+01 6.421875000000000000e+01 3.156250000000000000e+02
2.843750000000000000e+01 6.796875000000000000e+01 3.156250000000000000e+02
2.843750000000000000e+01 6.421875000000000000e+01 4.593750000000000000e+02
2.843750000000000000e+01 6.796875000000000000e+01 4.593750000000000000e+02
2.843750000000000000e+01 6.421875000000000000e+01 4.593750000000000000e+02
2.843750000000000000e+01 6.796875000000000000e+01 3.156250000000000000e+02
2.843750000000000000e+01 6.796875000000000000e+01 4.593750000000000000e+02
3.843750000000000000e+01 7.921875000000000000e+01 4.156250000000000000e+02
3.843750000000000000e+01 7.921875000000000000e+01 4.156250000000000000e+02
3.843750000000000000e+01 8.296875000000000000e+01 4.156250000000000000e+02
3.843750000000000000e+01 7.921875000000000000e+01 3.593750000000000000e+02
3.843750000000000000e+01 8.296875000000000000e+01 3.593750000000000000e+02
3.843750000000000000e+01 7.921875000000000000e+01 3.593750000000000000e+02
3.843750000000000000e+01 8.296875000000000000e+01 4.156250000000000000e+02
3.843750000000000000e+01 8.296875000000000000e+01 3.593750000000000000e+02
3.343750000000000000e+01 7.171875000000000000e+01 3.656250000000000000e+02
2.343750000000000000e+01 7.171875000000000000e+01 3.656250000000000000e+02
3.343750000000000000e+01 7.546875000000000000e+01 3.656250000000000000e+02
3.343750000000000000e+01 7.171875000000000000e+01 3.093750000000000000e+02
3.343750000000000000e+01 7.546875000000000000e+01 3.093750000000000000e+02
2.343750000000000000e+01 7.171875000000000000e+01 3.093750000000000000e+02
2.343750000000000000e+01 7.546875000000000000e+01 3.656250000000000000e+02
2.343750000000000000e+01 7.546875000000000000e+01 3.093750000000000000e+02
2.343750000000000000e+01 8.671875000000000000e+01 4.656250000000000000e+02
3.343750000000000000e+01 8.671875000000000000e+01 4.656250000000000000e+02
2.343750000000000000e+01 6.046875000000000000e+01 4.656250000000000000e+02
2.343750000000000000e+01 8.671875000000000000e+01 4.093750000000000000e+02
2.343750000000000000e+01 6.046875000000000000e+01 4.093750000000000000e+02
3.343750000000000000e+01 8.671875000000000000e+01 4.093750000000000000e+02
3.343750000000000000e+01 6.046875000000000000e+01 4.656250000000000000e+02
3.343750000000000000e+01 6.046875000000000000e+01 4.093750000000000000e+02
2.468750000000000000e+01 6.234375000000000000e+01 3.531250000000000000e+02
3.968750000000000000e+01 6.234375000000000000e+01 3.531250000000000000e+02
2.468750000000000000e+01 8.109375000000000000e+01 3.531250000000000000e+02
2.468750000000000000e+01 6.234375000000000000e+01 4.468750000000000000e+02
2.468750000000000000e+01 8.109375000000000000e+01 4.468750000000000000e+02
3.968750000000000000e+01 6.234375000000000000e+01 4.468750000000000000e+02
3.968750000000000000e+01 8.109375000000000000e+01 3.531250000000000000e+02
3.968750000000000000e+01 8.109375000000000000e+01 4.468750000000000000e+02
3.468750000000000000e+01 7.734375000000000000e+01 4.531250000000000000e+02
2.968750000000000000e+01 7.734375000000000000e+01 4.531250000000000000e+02
3.468750000000000000e+01 6.609375000000000000e+01 4.531250000000000000e+02
3.468750000000000000e+01 7.734375000000000000e+01 3.468750000000000000e+02
3.468750000000000000e+01 6.609375000000000000e+01 3.468750000000000000e+02
2.968750000000000000e+01 7.734375000000000000e+01 3.468750000000000000e+02
2.968750000000000000e+01 6.609375000000000000e+01 4.531250000000000000e+02
2.968750000000000000e+01 6.609375000000000000e+01 3.468750000000000000e+02
3.968750000000000000e+01 6.984375000000000000e+01 3.031250000000000000e+02
3.468750000000000000e+01 6.984375000000000000e+01 3.031250000000000000e+02
3.968750000000000000e+01 7.359375000000000000e+01 3.031250000000000000e+02
3.968750000000000000e+01 6.984375000000000000e+01 3.968750000000000000e+02
3.968750000000000000e+01 7.359375000000000000e+01 3.968750000000000000e+02
3.468750000000000000e+01 6.984375000000000000e+01 3.968750000000000000e+02
3.468750000000000000e+01 7.359375000000000000e+01 3.031250000000000000e+02
3.468750000000000000e+01 7.359375000000000000e+01 3.968750000000000000e+02
2.968750000000000000e+01 8.484375000000000000e+01 4.031250000000000000e+02
2.468750000000000000e+01 8.484375000000000000e+01 4.031250000000000000e+02
2.968750000000000000e+01 8.859375000000000000e+01 4.031250000000000000e+02
2.968750000000000000e+01 8.484375000000000000e+01 4.968750000000000000e+02
2.968750000000000000e+01 8.859375000000000000e+01 4.968750000000000000e+02
2.468750000000000000e+01 8.484375000000000000e+01 4.968750000000000000e+02
2.468750000000000000e+01 8.859375000000000000e+01 4.031250000000000000e+02
2.468750000000000000e+01 8.859375000000000000e+01 4.968750000000000000e+02
2.718750000000000000e+01 7.359375000000000000e+01 4.781250000000000000e+02
2.218750000000000000e+01 7.359375000000000000e+01 4.781250000000000000e+02
2.718750000000000000e+01 8.484375000000000000e+01 4.781250000000000000e+02
2.718750000000000000e+01 7.359375000000000000e+01 4.218750000000000000e+02
2.718750000000000000e+01 8.484375000000000000e+01 4.218750000000000000e+02
2.218750000000000000e+01 7.359375000000000000e+01 4.218750000000000000e+02
2.218750000000000000e+01 8.484375000000000000e+01 4.781250000000000000e+02
2.218750000000000000e+01 8.484375000000000000e+01 4.218750000000000000e+02
3.718750000000000000e+01 8.859375000000000000e+01 3.781250000000000000e+02
3.218750000000000000e+01 8.859375000000000000e+01 3.781250000000000000e+02
3.718750000000000000e+01 6.984375000000000000e+01 3.781250000000000000e+02
3.718750000000000000e+01 8.859375000000000000e+01 3.218750000000000000e+02
3.718750000000000000e+01 6.984375000000000000e+01 3.218750000000000000e+02
3.218750000000000000e+01 8.859375000000000000e+01 3.218750000000000000e+02
3.218750000000000000e+01 6.984375000000000000e+01 3.781250000000000000e+02
3.218750000000000000e+01 6.984375000000000000e+01 3.218750000000000000e+02
3.218750000000000000e+01 6.609375000000000000e+01 4.281250000000000000e+02
2.718750000000000000e+01 6.609375000000000000e+01 4.281250000000000000e+02
3.218750000000000000e+01 6.234375000000000000e+01 4.281250000000000000e+02
3.218750000000000000e+01 6.609375000000000000e+01 3.718750000000000000e+02
3.218750000000000000e+01 6.234375000000000000e+01 3.718750000000000000e+02
2.718750000000000000e+01 6.609375000000000000e+01 3.718750000000000000e+02
2.718750000000000000e+01 6.234375000000000000e+01 4.281250000000000000e+02
2.718750000000000000e+01 6.234375000000000000e+01 3.718750000000000000e+02
2.218750000000000000e+01 8.109375000000000000e+01 3.281250000000000000e+02
3.718750000000000000e+01 8.109375000000000000e+01 3.281250000000000000e+02
2.218750000000000000e+01 7.734375000000000000e+01 3.281250000000000000e+02
2.218750000000000000e+01 8.109375000000000000e+01 4.718750000000000000e+02
2.218750000000000000e+01 7.734375000000000000e+01 4.718750000000000000e+02
3.718750000000000000e+01 8.109375000000000000e+01 4.718750000000000000e+02
3.718750000000000000e+01 7.734375000000000000e+01 3.281250000000000000e+02
3.718750000000000000e+01 7.734375000000000000e+01 4.718750000000000000e+02
2.156250000000000000e+01 6.703125000000000000e+01 4.593750000000000000e+02
2.281250000000000000e+01 6.703125000000000000e+01 4.593750000000000000e+02
2.156250000000000000e+01 7.265625000000000000e+01 4.593750000000000000e+02
2.156250000000000000e+01 6.703125000000000000e+01 3.156250000000000000e+02
2.156250000000000000e+01 7.265625000000000000e+01 3.156250000000000000e+02
2.281250000000000000e+01 6.703125000000000000e+01 3.156250000000000000e+02
2.281250000000000000e+01 7.265625000000000000e+01 4.593750000000000000e+02
2.281250000000000000e+01 7.265625000000000000e+01 3.156250000000000000e+02
3.156250000000000000e+01 8.203125000000000000e+01 3.593750000000000000e+02
3.281250000000000000e+01 8.203125000000000000e+01 3.593750000000000000e+02
3.156250000000000000e+01 8.765625000000000000e+01 3.593750000000000000e+02
3.156250000000000000e+01 8.203125000000000000e+01 4.156250000000000000e+02
3.156250000000000000e+01 8.765625000000000000e+01 4.156250000000000000e+02
3.281250000000000000e+01 8.203125000000000000e+01 4.156250000000000000e+02
3.281250000000000000e+01 8.765625000000000000e+01 3.593750000000000000e+02
3.281250000000000000e+01 8.765625000000000000e+01 4.156250000000000000e+02
3.656250000000000000e+01 7.453125000000000000e+01 4.093750000000000000e+02
2.781250000000000000e+01 7.453125000000000000e+01 4.093750000000000000e+02
3.656250000000000000e+01 8.015625000000000000e+01 4.093750000000000000e+02
3.656250000000000000e+01 7.453125000000000000e+01 4.656250000000000000e+02
3.656250000000000000e+01 8.015625000000000000e+01 4.656250000000000000e+02
2.781250000000000000e+01 7.453125000000000000e+01 4.656250000000000000e+02
2.781250000000000000e+01 8.015625000000000000e+01 4.093750000000000000e+02
2.781250000000000000e+01 8.015625000000000000e+01 4.656250000000000000e+02
2.656250000000000000e+01 8.953125000000000000e+01 3.093750000000000000e+02
3.781250000000000000e+01 8.953125000000000000e+01 3.093750000000000000e+02
2.656250000000000000e+01 6.515625000000000000e+01 3.093750000000000000e+02
2.656250000000000000e+01 8.953125000000000000e+01 3.656250000000000000e+02
2.656250000000000000e+01 6.515625000000000000e+01 3.656250000000000000e+02
3.781250000000000000e+01 8.953125000000000000e+01 3.656250000000000000e+02
3.781250000000000000e+01 6.515625000000000000e+01 3.093750000000000000e+02
3.781250000000000000e+01 6.515625000000000000e+01 3.656250000000000000e+02
2.906250000000000000e+01 7.078125000000000000e+01 3.843750000000000000e+02
3.531250000000000000e+01 7.078125000000000000e+01 3.843750000000000000e+02
2.906250000000000000e+01 6.140625000000000000e+01 3.843750000000000000e+02
2.906250000000000000e+01 7.078125000000000000e+01 3.406250000000000000e+02
2.906250000000000000e+01 6.140625000000000000e+01 3.406250000000000000e+02
3.531250000000000000e+01 7.078125000000000000e+01 3.406250000000000000e+02
3.531250000000000000e+01 6.140625000000000000e+01 3.843750000000000000e+02
3.531250000000000000e+01 6.140625000000000000e+01 3.406250000000000000e+02
3.906250000000000000e+01 8.578125000000000000e+01 4.843750000000000000e+02
2.531250000000000000e+01 8.578125000000000000e+01 4.843750000000000000e+02
3.906250000000000000e+01 7.640625000000000000e+01 4.843750000000000000e+02
3.906250000000000000e+01 8.578125000000000000e+01 4.406250000000000000e+02
3.906250000000000000e+01 7.640625000000000000e+01 4.406250000000000000e+02
2.531250000000000000e+01 8.578125000000000000e+01 4.406250000000000000e+02
2.531250000000000000e+01 7.640625000000000000e+01 4.843750000000000000e+02
2.531250000000000000e+01 7.640625000000000000e+01 4.406250000000000000e+02
3.406250000000000000e+01 6.328125000000000000e+01 3.343750000000000000e+02
3.031250000000000000e+01 6.328125000000000000e+01 3.343750000000000000e+02
3.406250000000000000e+01 8.390625000000000000e+01 3.343750000000000000e+02
3.406250000000000000e+01 6.328125000000000000e+01 4.906250000000000000e+02
3.406250000000000000e+01 8.390625000000000000e+01 4.906250000000000000e+02
3.031250000000000000e+01 6.328125000000000000e+01 4.906250000000000000e+02
3.031250000000000000e+01 8.390625000000000000e+01 3.343750000000000000e+02
3.031250000000000000e+01 8.390625000000000000e+01 4.906250000000000000e+02
2.406250000000000000e+01 7.828125000000000000e+01 4.343750000000000000e+02
2.031250000000000000e+01 7.828125000000000000e+01 4.343750000000000000e+02
2.406250000000000000e+01 6.890625000000000000e+01 4.343750000000000000e+02
2.406250000000000000e+01 7.828125000000000000e+01 3.906250000000000000e+02
2.406250000000000000e+01 6.890625000000000000e+01 3.906250000000000000e+02
2.031250000000000000e+01 7.828125000000000000e+01 3.906250000000000000e+02
2.031250000000000000e+01 6.890625000000000000e+01 4.343750000000000000e+02
2.031250000000000000e+01 6.890625000000000000e+01 3.906250000000000000e+02
2.281250000000000000e+01 7.265625000000000000e+01 3.468750000000000000e+02
2.656250000000000000e+01 7.265625000000000000e+01 3.468750000000000000e+02
2.281250000000000000e+01 8.953125000000000000e+01 3.468750000000000000e+02
2.281250000000000000e+01 7.265625000000000000e+01 3.531250000000000000e+02
2.281250000000000000e+01 8.953125000000000000e+01 3.531250000000000000e+02
2.656250000000000000e+01 7.265625000000000000e+01 3.531250000000000000e+02
2.656250000000000000e+01 8.953125000000000000e+01 3.468750000000000000e+02
2.656250000000000000e+01 8.953125000000000000e+01 3.531250000000000000e+02
3.281250000000000000e+01 8.765625000000000000e+01 4.468750000000000000e+02
3.656250000000000000e+01 8.765625000000000000e+01 4.468750000000000000e+02
3.281250000000000000e+01 7.453125000000000000e+01 4.468750000000000000e+02
3.281250000000000000e+01 8.765625000000000000e+01 4.531250000000000000e+02
3.281250000000000000e+01 7.453125000000000000e+01 4.531250000000000000e+02
3.656250000000000000e+01 8.765625000000000000e+01 4.531250000000000000e+02
3.656250000000000000e+01 7.453125000000000000e+01 4.468750000000000000e+02
3.656250000000000000e+01 7.453125000000000000e+01 4.531250000000000000e+02
3.781250000000000000e+01 6.515625000000000000e+01 3.968750000000000000e+02
2.156250000000000000e+01 6.515625000000000000e+01 3.968750000000000000e+02
3.781250000000000000e+01 6.703125000000000000e+01 3.968750000000000000e+02
3.781250000000000000e+01 6.515625000000000000e+01 4.031250000000000000e+02
3.781250000000000000e+01 6.703125000000000000e+01 4.031250000000000000e+02
2.156250000000000000e+01 6.515625000000000000e+01 4.031250000000000000e+02
2.156250000000000000e+01 6.703125000000000000e+01 3.968750000000000000e+02
2.156250000000000000e+01 6.703125000000000000e+01 4.031250000000000000e+02
2.781250000000000000e+01 8.015625000000000000e+01 4.968750000000000000e+02
3.156250000000000000e+01 8.015625000000000000e+01 4.968750000000000000e+02
2.781250000000000000e+01 8.203125000000000000e+01 4.968750000000000000e+02
2.781250000000000000e+01 8.015625000000000000e+01 3.031250000000000000e+02
2.781250000000000000e+01 8.203125000000000000e+01 3.031250000000000000e+02
3.156250000000000000e+01 8.015625000000000000e+01 3.031250000000000000e+02
3.156250000000000000e+01 8.203125000000000000e+01 4.968750000000000000e+02
3.156250000000000000e+01 8.203125000000000000e+01 3.031250000000000000e+02
2.531250000000000000e+01 6.140625000000000000e+01 4.218750000000000000e+02
3.406250000000000000e+01 6.140625000000000000e+01 4.218750000000000000e+02
2.531250000000000000e+01 7.828125000000000000e+01 4.218750000000000000e+02
2.531250000000000000e+01 6.140625000000000000e+01 3.781250000000000000e+02
2.531250000000000000e+01 7.828125000000000000e+01 3.781250000000000000e+02
3.406250000000000000e+01 6.140625000000000000e+01 3.781250000000000000e+02
3.406250000000000000e+01 7.828125000000000000e+01 4.218750000000000000e+02
3.406250000000000000e+01 7.828125000000000000e+01 3.781250000000000000e+02
3.531250000000000000e+01 7.640625000000000000e+01 3.218750000000000000e+02
2.406250000000000000e+01 7.640625000000000000e+01 3.218750000000000000e+02
3.531250000000000000e+01 6.328125000000000000e+01 3.218750000000000000e+02
3.531250000000000000e+01 7.640625000000000000e+01 4.781250000000000000e+02
3.531250000000000000e+01 6.328125000000000000e+01 4.781250000000000000e+02
2.406250000000000000e+01 7.640625000000000000e+01 4.781250000000000000e+02
2.406250000000000000e+01 6.328125000000000000e+01 3.218750000000000000e+02
2.406250000000000000e+01 6.328125000000000000e+01 4.781250000000000000e+02
3.031250000000000000e+01 6.890625000000000000e+01 4.718750000000000000e+02
3.906250000000000000e+01 6.890625000000000000e+01 4.718750000000000000e+02
3.031250000000000000e+01 7.078125000000000000e+01 4.718750000000000000e+02
3.031250000000000000e+01 6.890625000000000000e+01 4.281250000000000000e+02
3.031250000000000000e+01 7.078125000000000000e+01 4.281250000000000000e+02
3.906250000000000000e+01 6.890625000000000000e+01 4.281250000000000000e+02
3.906250000000000000e+01 7.078125000000000000e+01 4.718750000000000000e+02
3.906250000000000000e+01 7.078125000000000000e+01 4.281250000000000000e+02
2.031250000000000000e+01 8.390625000000000000e+01 3.718750000000000000e+02
2.906250000000000000e+01 8.390625000000000000e+01 3.718750000000000000e+02
2.031250000000000000e+01 8.578125000000000000e+01 3.718750000000000000e+02
2.031250000000000000e+01 8.390625000000000000e+01 3.281250000000000000e+02
2.031250000000000000e+01 8.578125000000000000e+01 3.281250000000000000e+02
2.906250000000000000e+01 8.390625000000000000e+01 3.281250000000000000e+02
2.906250000000000000e+01 8.578125000000000000e+01 3.718750000000000000e+02
2.906250000000000000e+01 8.578125000000000000e+01 3.281250000000000000e+02
