7.090700685070682852e+00
7.090700685070682852e+00
7.090700685070682852e+00
6.279846024025924400e+00
6.279846024025924400e+00
7.013408521159311348e+00
6.929680337501256560e+00
9.009663468266287722e+00
9.118523144445850548e+00
9.009663468266287722e+00
5.650273347838016491e+00
6.992379195776277534e+00
6.607937504606002044e+00
5.339620767278699276e+00
9.431027111718220723e+00
9.431027111718220723e+00
9.431027111718220723e+00
6.564528888388689865e+00
6.564528888388689865e+00
8.280028428194169621e+00
7.744316824958738188e+00
7.352942275373398395e+00
7.861580620610371994e+00
7.352942275373398395e+00
5.280121616069096468e+00
6.881431303940823696e+00
8.020296973073685720e+00
6.153973140815659271e+00
6.578014406267351788e+00
6.578014406267351788e+00
6.578014406267351788e+00
5.560786579715044198e+00
5.560786579715044198e+00
6.604603202897088465e+00
7.032201043728725232e+00
7.518927642467396311e+00
7.061734054670932181e+00
7.518927642467396311e+00
6.793718104181953876e+00
8.072005447230026220e+00
8.264200298510136378e+00
6.955476870229406750e+00
8.198060941522600231e+00
8.198060941522600231e+00
8.198060941522600231e+00
4.389257295481950649e+00
4.389257295481950649e+00
7.900304135560172192e+00
8.380642398181651131e+00
6.716496789382803811e+00
6.331539378550568031e+00
6.716496789382803811e+00
6.222107184798591817e+00
7.964758832576665171e+00
8.045742073017471796e+00
6.285371674381638130e+00
5.024242882929159215e+00
5.024242882929159215e+00
5.024242882929159215e+00
6.196364874814151769e+00
6.196364874814151769e+00
7.704847374792911374e+00
8.168137035291451298e+00
7.105728001993681708e+00
6.702697262007919043e+00
7.105728001993681708e+00
7.835620639485988193e+00
9.303356941047271178e+00
9.217635522887396959e+00
7.763422988935140268e+00
6.471790209834773933e+00
6.471790209834773933e+00
6.471790209834773933e+00
6.058653639530359847e+00
6.058653639530359847e+00
9.360924739691744989e+00
9.948501704831175019e+00
6.562602693303712265e+00
6.175003204621442698e+00
6.562602693303712265e+00
5.142197590726627077e+00
7.366394685771406436e+00
8.309210654875489155e+00
5.800341256879902652e+00
7.132118205522983700e+00
7.132118205522983700e+00
7.132118205522983700e+00
6.836028947958610935e+00
6.836028947958610935e+00
7.382691982225499494e+00
7.548531967850271585e+00
6.668486785385307591e+00
6.521981245323027920e+00
6.668486785385307591e+00
6.972405772021128101e+00
7.388974546060405046e+00
7.624067082276803298e+00
7.194244478631405038e+00
6.817627483194424798e+00
6.817627483194424798e+00
6.817627483194424798e+00
7.140791962318790098e+00
7.140791962318790098e+00
5.245006753987451198e+00
5.746081766589055562e+00
5.344131021094353784e+00
4.878107280480398877e+00
5.344131021094353784e+00
8.042892095687127707e+00
8.292650358717066794e+00
7.708472147178991207e+00
7.476308178988737119e+00
6.837076901065164414e+00
6.837076901065164414e+00
6.837076901065164414e+00
8.013203216506948223e+00
8.013203216506948223e+00
8.481014122937580169e+00
8.176670803295582601e+00
5.260611798681712692e+00
5.456416680237340167e+00
5.260611798681712692e+00
7.709873404885768444e+00
6.988880244318460555e+00
6.652653202651694464e+00
7.338960206214581561e+00
6.444255289911161810e+00
6.444255289911161810e+00
6.444255289911161810e+00
7.965946790032921498e+00
7.965946790032921498e+00
5.929728796308586958e+00
5.803271861282867761e+00
5.710882381578263001e+00
5.835326091872945042e+00
5.710882381578263001e+00
7.362112012718696974e+00
7.649500709564535761e+00
7.577635658912438288e+00
7.292946903414384785e+00
8.232179971614371539e+00
8.232179971614371539e+00
8.232179971614371539e+00
9.374041598629379024e+00
9.374041598629379024e+00
5.472517491681652579e+00
5.148387053629534194e+00
5.688184113822789101e+00
6.046298915474054070e+00
5.688184113822789101e+00
7.383224345203254657e+00
6.986816111678919583e+00
7.378586078535333215e+00
7.797222010345566723e+00
6.034553728947252615e+00
6.034553728947252615e+00
6.034553728947252615e+00
7.541830579186246553e+00
7.541830579186246553e+00
5.886747191031575177e+00
5.058481565234282940e+00
7.305141545988272256e+00
8.501270770953738065e+00
7.305141545988272256e+00
7.559662105780111219e+00
5.218242995390494521e+00
5.604532924350689171e+00
8.119279843088326842e+00
8.832429439639927438e+00
8.832429439639927438e+00
8.832429439639927438e+00
9.265676618835803069e+00
9.265676618835803069e+00
5.964364135706599512e+00
6.314431099279598669e+00
6.480708931848664811e+00
6.121423659445977883e+00
6.480708931848664811e+00
6.160785241944819468e+00
5.525533847173901059e+00
6.334887853142602943e+00
7.063187861020472802e+00
7.693875941291816289e+00
7.693875941291816289e+00
7.693875941291816289e+00
6.931376012651035978e+00
6.931376012651035978e+00
7.007561031506145177e+00
6.789635869254487588e+00
7.271545619297879348e+00
7.504938512439851550e+00
7.271545619297879348e+00
7.101530308713602579e+00
6.452805145990902602e+00
5.892803394014812568e+00
6.485229440390972933e+00
8.423851724830097254e+00
8.423851724830097254e+00
8.423851724830097254e+00
6.092918326031889542e+00
6.092918326031889542e+00
4.225977919531085369e+00
4.789919962127194175e+00
9.109894998435931868e+00
8.037339959129493394e+00
9.109894998435931868e+00
5.841878322026620829e+00
4.558966685591786749e+00
4.434170183920690178e+00
5.681963580802205982e+00
8.481116142793547752e+00
8.481116142793547752e+00
8.481116142793547752e+00
8.176757067568159343e+00
8.176757067568159343e+00
7.569687775900153071e+00
8.314200802847462768e+00
8.283520916934730138e+00
7.541755186482770767e+00
8.283520916934730138e+00
7.855423702410218034e+00
7.899384536276205182e+00
6.572688916265660097e+00
6.536111270985338173e+00
7.222802797765401905e+00
7.222802797765401905e+00
7.222802797765401905e+00
7.444582926911758491e+00
7.444582926911758491e+00
5.776967736769639927e+00
5.557036992466301228e+00
7.476791882457177962e+00
7.772700728473365572e+00
7.476791882457177962e+00
6.182412929890984010e+00
8.106458233652631407e+00
7.886503173974279690e+00
6.014663591554152866e+00
7.627853360506405167e+00
7.627853360506405167e+00
7.627853360506405167e+00
5.341819333216450971e+00
5.341819333216450971e+00
7.948316329190938667e+00
7.362152065223790842e+00
8.300297080541749750e+00
8.961155140226033211e+00
8.300297080541749750e+00
6.701910712983148777e+00
5.917548896448809437e+00
6.445970808700241861e+00
7.300374120158065416e+00
5.925208940072573149e+00
5.925208940072573149e+00
5.925208940072573149e+00
6.868312843248827626e+00
6.868312843248827626e+00
8.965738528105463345e+00
8.774213150950131990e+00
6.545973907475303832e+00
6.688860807976737100e+00
6.545973907475303832e+00
4.977688518029672160e+00
7.143483319003599341e+00
7.341363991505093445e+00
5.115574799478715740e+00
9.204523312094311294e+00
9.204523312094311294e+00
9.204523312094311294e+00
6.132478707684644981e+00
6.132478707684644981e+00
6.747652460146357889e+00
6.842852471332418141e+00
5.671555257383896986e+00
5.592650717762838397e+00
5.671555257383896986e+00
6.629618632934737299e+00
8.859886115586368405e+00
9.459795126547573929e+00
7.078514691557567851e+00
6.885814197870982589e+00
6.885814197870982589e+00
6.885814197870982589e+00
4.833756402135543695e+00
4.833756402135543695e+00
7.171143756011664649e+00
7.845015673887721697e+00
8.155005035992607176e+00
7.454505621799607518e+00
8.155005035992607176e+00
9.162486055447871536e+00
7.887216326570029246e+00
7.709210340429245356e+00
8.955698603668865942e+00
6.169758847944992297e+00
6.169758847944992297e+00
6.169758847944992297e+00
6.808402251266123528e+00
6.808402251266123528e+00
7.013984266830293635e+00
6.710696002299179064e+00
8.072111086650664902e+00
8.436928172946014826e+00
8.072111086650664902e+00
7.188641129414818032e+00
6.709763759712688014e+00
6.765427411982781081e+00
7.248277509241606076e+00
7.928319211816855727e+00
7.928319211816855727e+00
7.928319211816855727e+00
4.498073643599199478e+00
4.498073643599199478e+00
5.231819679049752203e+00
5.626276339413547767e+00
8.268035771432376890e+00
7.688366096247604808e+00
8.268035771432376890e+00
5.366703527027186560e+00
5.789506539457777379e+00
6.013373390679586983e+00
5.574221561914678880e+00
9.130072190894326312e+00
9.130072190894326312e+00
9.130072190894326312e+00
9.148345562669115694e+00
9.148345562669115694e+00
7.428273342884312846e+00
7.503588012286673603e+00
7.079537768284762222e+00
7.008479356540031624e+00
7.079537768284762222e+00
7.445906626297350783e+00
6.930143443788487900e+00
6.118260437840297605e+00
6.573600720539198861e+00
7.247850783085440618e+00
7.247850783085440618e+00
7.247850783085440618e+00
6.566094509146945590e+00
6.566094509146945590e+00
6.075217253782541071e+00
6.172732621692276211e+00
6.694599132766390959e+00
6.588839441321836077e+00
6.694599132766390959e+00
5.033570466579511127e+00
9.657072895080396790e+00
9.175722810821749675e+00
4.782675646323552243e+00
7.981437376315247967e+00
7.981437376315247967e+00
7.981437376315247967e+00
6.310498105234805699e+00
6.310498105234805699e+00
8.084741081950243213e+00
7.982700847983172920e+00
7.453921347506385686e+00
7.549202367396270930e+00
7.453921347506385686e+00
6.559356783563012883e+00
5.931090044070590928e+00
5.570980721569399385e+00
6.161101908013806749e+00
6.399118698003388062e+00
6.399118698003388062e+00
6.399118698003388062e+00
7.705793851316341758e+00
7.705793851316341758e+00
7.788429195840624431e+00
7.545510528102192360e+00
7.301762916551574278e+00
7.536834422081195584e+00
7.301762916551574278e+00
5.687511387710175725e+00
7.435210355459169307e+00
8.096158087793837055e+00
6.193098664279231613e+00
8.366636829026035116e+00
8.366636829026035116e+00
8.366636829026035116e+00
6.643620092679018541e+00
6.643620092679018541e+00
6.673179032468659955e+00
6.872014467073683797e+00
5.252859618607065073e+00
5.100872944220786742e+00
5.252859618607065073e+00
6.530466402030883799e+00
8.327111764890672063e+00
8.090499486421080633e+00
6.344905240072115760e+00
7.011225478338799277e+00
7.011225478338799277e+00
7.011225478338799277e+00
5.691183052670140796e+00
5.691183052670140796e+00
7.097475907107291704e+00
7.692459828416216894e+00
9.204079483466822253e+00
8.492177253846781682e+00
9.204079483466822253e+00
1.047608667393367021e+01
8.263016194638138856e+00
7.503221730251683930e+00
9.512797667135821200e+00
5.771957259103251303e+00
5.771957259103251303e+00
5.771957259103251303e+00
5.589917797016296319e+00
5.589917797016296319e+00
7.884644941003416285e+00
8.449758228656833126e+00
6.741035949818564355e+00
6.290200685103847889e+00
6.741035949818564355e+00
5.180383259825715569e+00
7.167783089091802395e+00
6.849727323490133912e+00
4.950514311039947657e+00
6.321571343995207926e+00
6.321571343995207926e+00
6.321571343995207926e+00
8.294708325396548787e+00
8.294708325396548787e+00
7.657918592435678740e+00
7.848071496626620736e+00
6.732200595078952965e+00
6.569084408471768555e+00
6.732200595078952965e+00
7.982874691834723535e+00
8.689062407328691506e+00
7.679763933345388871e+00
7.055605112360530562e+00
6.629228323753677543e+00
6.629228323753677543e+00
6.629228323753677543e+00
5.271335647732627194e+00
5.271335647732627194e+00
6.394031351887545789e+00
6.585888509375729782e+00
7.039780161375968071e+00
6.834700435355625103e+00
7.039780161375968071e+00
7.634889446225632703e+00
6.856907143363947021e+00
7.622850999944832395e+00
8.487737026737249835e+00
6.814389800163631605e+00
6.814389800163631605e+00
6.814389800163631605e+00
9.005987291573454456e+00
9.005987291573454456e+00
8.419600376995468594e+00
7.409602409976127291e+00
6.072426365881619326e+00
6.900154757375008607e+00
6.072426365881619326e+00
8.403471875295091209e+00
6.236269830017656446e+00
5.760774650004170105e+00
7.762734626748166278e+00
5.933348630682875324e+00
5.933348630682875324e+00
5.933348630682875324e+00
7.226949625453527482e+00
7.226949625453527482e+00
5.609658474498625758e+00
5.255499570883456428e+00
6.585759634973130439e+00
7.029562432468754452e+00
6.585759634973130439e+00
7.233240076822884390e+00
7.130348915917867458e+00
8.375165315141863687e+00
8.496019216151202258e+00
7.692926938892270528e+00
7.692926938892270528e+00
7.692926938892270528e+00
8.241131810047072292e+00
8.241131810047072292e+00
6.457738693739844216e+00
6.114711460933821563e+00
4.336128821302290604e+00
4.579379918294300467e+00
4.336128821302290604e+00
6.581133110744842973e+00
4.589294813084420888e+00
5.550407480814335770e+00
7.959386341005843413e+00
7.030645413467994764e+00
7.030645413467994764e+00
7.030645413467994764e+00
7.226799584232227680e+00
7.226799584232227680e+00
5.995022153473319904e+00
6.021758159997819604e+00
7.530208352358127577e+00
7.496774977205849844e+00
7.530208352358127577e+00
8.796170757985946054e+00
7.217857425520562309e+00
7.312106898645305719e+00
8.911029560339699174e+00
8.693290523981421103e+00
8.693290523981421103e+00
8.693290523981421103e+00
6.967157798063193574e+00
6.967157798063193574e+00
4.876056015194649262e+00
5.120432882761718041e+00
6.403578957747523503e+00
6.097962889195772895e+00
6.403578957747523503e+00
6.648190979364998476e+00
5.930030780062309326e+00
6.655095511974477240e+00
7.461065142912513437e+00
6.764301515434890888e+00
6.764301515434890888e+00
6.764301515434890888e+00
9.089961487044030619e+00
9.089961487044030619e+00
6.337198554636271020e+00
6.415295621108105806e+00
9.457323452667255381e+00
9.342194039784326165e+00
9.457323452667255381e+00
8.986728420251893112e+00
5.786278787166797777e+00
5.603887928206766844e+00
8.703455322618648182e+00
7.671877121283941392e+00
7.671877121283941392e+00
7.671877121283941392e+00
6.035294585806141754e+00
6.035294585806141754e+00
6.388566243523605692e+00
6.895854321886704774e+00
7.339183373346003236e+00
6.799282143355914521e+00
7.339183373346003236e+00
6.044440447632392299e+00
6.606468650563659395e+00
6.878366222611798975e+00
6.293207038231531492e+00
7.321713891843549149e+00
7.321713891843549149e+00
7.321713891843549149e+00
7.715893841148512067e+00
7.715893841148512067e+00
7.829318549786135506e+00
8.195411613626452763e+00
8.144578986652646790e+00
7.780756641237372762e+00
8.144578986652646790e+00
6.110852171045344505e+00
6.194210506214443690e+00
5.117579790257114070e+00
5.048710169022434968e+00
8.689561882235366852e+00
8.689561882235366852e+00
8.689561882235366852e+00
5.372080560930495352e+00
5.372080560930495352e+00
5.779031832219654774e+00
5.870883520944432554e+00
7.793686366997292225e+00
7.671751865717181929e+00
7.793686366997292225e+00
7.202850488012690455e+00
8.113282772856710068e+00
7.414011503215848009e+00
6.582047966173249165e+00
7.362297397695732215e+00
7.362297397695732215e+00
7.362297397695732215e+00
7.397089877302512662e+00
7.397089877302512662e+00
6.975978984620172518e+00
6.612219779060471758e+00
6.665733465484962927e+00
7.032436628854713767e+00
6.665733465484962927e+00
6.799446589342625025e+00
6.942314597531945353e+00
6.865782575700123402e+00
6.724489543315803175e+00
4.742158134275266335e+00
4.742158134275266335e+00
4.742158134275266335e+00
6.471378479644501525e+00
6.471378479644501525e+00
8.386271628186733551e+00
8.181385621880016501e+00
8.400402241396403014e+00
8.610773069292203985e+00
8.400402241396403014e+00
5.107293791129665195e+00
7.642494958475286815e+00
7.348218957883704050e+00
4.910636286104669956e+00
8.079531808519302416e+00
8.079531808519302416e+00
8.079531808519302416e+00
5.316581474693474085e+00
5.316581474693474085e+00
7.320731305385956844e+00
7.664022901202480753e+00
7.015083922505381153e+00
6.700859997865769913e+00
7.015083922505381153e+00
6.785279279419509812e+00
8.047425702174217932e+00
7.486604077372418509e+00
6.312416094216081852e+00
7.636252764547709404e+00
7.636252764547709404e+00
7.636252764547709404e+00
6.717987025808151991e+00
6.717987025808151991e+00
7.351039639608087484e+00
7.065365017551826554e+00
6.722760994083670560e+00
6.994583072828143955e+00
6.722760994083670560e+00
9.048542406998537402e+00
8.493019361848929805e+00
8.101318962805201807e+00
8.631221131657206058e+00
5.491960281263607691e+00
5.491960281263607691e+00
5.491960281263607691e+00
6.606300589348294672e+00
6.606300589348294672e+00
7.896694929734656476e+00
8.096446442253421694e+00
5.804864098659450633e+00
5.661649369587472336e+00
5.804864098659450633e+00
5.180976605199051122e+00
9.385358525259871243e+00
9.227765920125298393e+00
5.093981143261491873e+00
6.259106833237463974e+00
6.259106833237463974e+00
6.259106833237463974e+00
7.522475207659716112e+00
7.522475207659716112e+00
7.174356189916563764e+00
6.547342148858886546e+00
5.949377089389036755e+00
6.519126292314673776e+00
5.949377089389036755e+00
7.931947034550963949e+00
7.576724267062080465e+00
8.710066204791088396e+00
9.118423921558971301e+00
6.155331339551298520e+00
6.155331339551298520e+00
6.155331339551298520e+00
6.750837145221475488e+00
6.750837145221475488e+00
6.412364039660176651e+00
5.880358573097264951e+00
5.439421080006013653e+00
5.931534224728161497e+00
5.439421080006013653e+00
8.253041866593250120e+00
7.842328340257319397e+00
8.084576645100877812e+00
8.507977048498618799e+00
6.381685746694802930e+00
6.381685746694802930e+00
6.381685746694802930e+00
7.421673672778307917e+00
7.421673672778307917e+00
6.929154379945209996e+00
7.249535358783524508e+00
5.385271489657941224e+00
5.147278505862606046e+00
5.385271489657941224e+00
8.769800660825005423e+00
7.723917173415456361e+00
7.483766652344381320e+00
8.497131735058250257e+00
5.554151452778866904e+00
5.554151452778866904e+00
5.554151452778866904e+00
7.261577302396363010e+00
7.261577302396363010e+00
5.900977304904098553e+00
6.061842154727486331e+00
6.426765791597176758e+00
6.256216858199248776e+00
6.426765791597176758e+00
9.702842471793307055e+00
7.646226924322629515e+00
6.543137979777448265e+00
8.303054266809214212e+00
6.744079052050539147e+00
6.744079052050539147e+00
6.744079052050539147e+00
9.285801942629561267e+00
9.285801942629561267e+00
7.184866824597748725e+00
7.248506271174250060e+00
6.171850244808314123e+00
6.117663475943310836e+00
6.171850244808314123e+00
7.321591907089258555e+00
6.398409499175156334e+00
6.005189800004154144e+00
6.871637247649343472e+00
6.483326719369534530e+00
6.483326719369534530e+00
6.483326719369534530e+00
9.505698850835097247e+00
9.505698850835097247e+00
5.267147200604744839e+00
5.197835702852323436e+00
7.181538389062594341e+00
7.277301935732468863e+00
7.181538389062594341e+00
7.256745358982051641e+00
5.690368635660266960e+00
6.178890832151817669e+00
7.879742111764207912e+00
8.067153415380369452e+00
8.067153415380369452e+00
8.067153415380369452e+00
8.265897828852056151e+00
8.265897828852056151e+00
6.253205559795423696e+00
6.215477122982735914e+00
6.777056018839511253e+00
6.818193283883474898e+00
6.777056018839511253e+00
6.472796037108290435e+00
4.656859993819019827e+00
4.492507297002363842e+00
6.244354235968701872e+00
8.249477641839479958e+00
8.249477641839479958e+00
8.249477641839479958e+00
8.410395048032585308e+00
8.410395048032585308e+00
6.036642504138987952e+00
5.322577017765286911e+00
6.554835305914438415e+00
7.434217914225190071e+00
6.554835305914438415e+00
8.064902850923973077e+00
6.074146946324902707e+00
6.727640327029223322e+00
8.932573764333634259e+00
7.950687442993260134e+00
7.950687442993260134e+00
7.950687442993260134e+00
6.321108030287446056e+00
6.321108030287446056e+00
6.946061669912482195e+00
6.886937924653028453e+00
8.388415877291061307e+00
8.460429676295108337e+00
8.388415877291061307e+00
6.283103032669379751e+00
4.998701653508394571e+00
5.152766926756554788e+00
6.476754915232755927e+00
8.383646806725097989e+00
8.383646806725097989e+00
8.383646806725097989e+00
7.756213979401640479e+00
7.756213979401640479e+00
7.563302021749300330e+00
7.595231775409168051e+00
7.369310412821336698e+00
7.338330414701157878e+00
7.369310412821336698e+00
5.444491506059215169e+00
6.784038935899570966e+00
7.180142284838020750e+00
5.762381975025256509e+00
9.145925233226817497e+00
9.145925233226817497e+00
9.145925233226817497e+00
6.884903713863508301e+00
6.884903713863508301e+00
5.821861207036184815e+00
6.393657995005388450e+00
7.882201240907259709e+00
7.177281247501538175e+00
7.882201240907259709e+00
6.848190714821420499e+00
8.000691748891650690e+00
8.281955568273710711e+00
7.088938432239013210e+00
7.291730345989260620e+00
7.291730345989260620e+00
7.291730345989260620e+00
5.204600397915970511e+00
5.204600397915970511e+00
6.321840665488767996e+00
7.880755685510151487e+00
9.907772263067137430e+00
7.947887245410131918e+00
9.907772263067137430e+00
6.771093396333741410e+00
5.866991510055795445e+00
5.573137663965671784e+00
6.431956747961602439e+00
4.932582750351189205e+00
4.932582750351189205e+00
4.932582750351189205e+00
6.086485860855763264e+00
6.086485860855763264e+00
8.392233282351080348e+00
8.140015045265037941e+00
7.441043778211500204e+00
7.671604401672786899e+00
7.441043778211500204e+00
6.579473236071113895e+00
6.889878792133045771e+00
6.840409284706480797e+00
6.532232448542843350e+00
7.555985872926562763e+00
7.555985872926562763e+00
7.555985872926562763e+00
6.382791646819438114e+00
6.382791646819438114e+00
8.872974089414238819e+00
9.806457655891128056e+00
6.477078112242123709e+00
5.860520514307363982e+00
6.477078112242123709e+00
6.605123715339557222e+00
9.935992411882320852e+00
8.733005133433628941e+00
5.805417005355471005e+00
5.984564157985505339e+00
5.984564157985505339e+00
5.984564157985505339e+00
5.573923632992503485e+00
5.573923632992503485e+00
7.942451762347831234e+00
6.473329415127736297e+00
6.348796248307372991e+00
7.789655788768657274e+00
6.348796248307372991e+00
7.422994575114926441e+00
7.721779027733537859e+00
7.390398775451094693e+00
7.104436661691341470e+00
5.943132932076867547e+00
5.943132932076867547e+00
5.943132932076867547e+00
7.278183236710080273e+00
7.278183236710080273e+00
7.469095211581585403e+00
7.451994148759691683e+00
6.686164198869940734e+00
6.701507811830425432e+00
6.686164198869940734e+00
7.091469662514926497e+00
8.108196201927714952e+00
8.580027998224126762e+00
7.504136152806617055e+00
5.618553456106134547e+00
5.618553456106134547e+00
5.618553456106134547e+00
8.227518062210766203e+00
8.227518062210766203e+00
8.821938563124749777e+00
8.295117065820422297e+00
4.747467078643815341e+00
5.048977918687247879e+00
4.747467078643815341e+00
8.266872564465961304e+00
8.601971713947508036e+00
9.036339621579418946e+00
8.684319198551538221e+00
4.982537119942438864e+00
4.982537119942438864e+00
4.982537119942438864e+00
6.178804363168482361e+00
6.178804363168482361e+00
6.980323491657618007e+00
6.005125059490305617e+00
6.061222579609951921e+00
7.045530932574450844e+00
6.061222579609951921e+00
6.863010425429338923e+00
6.813046302087025552e+00
7.239810700463916504e+00
7.292904541129899165e+00
9.238023440241098783e+00
9.238023440241098783e+00
9.238023440241098783e+00
5.959069988503035376e+00
5.959069988503035376e+00
5.706916156022545650e+00
6.026886526005247546e+00
7.586737293111755598e+00
7.183953678692596156e+00
7.586737293111755598e+00
7.084462183821735870e+00
9.005149848205274310e+00
9.364599422199834322e+00
7.367245586305905647e+00
6.871353791805339561e+00
6.871353791805339561e+00
6.871353791805339561e+00
5.795023712619299161e+00
5.795023712619299161e+00
6.884545096433718925e+00
7.386657678192673160e+00
7.999114536575845591e+00
7.455369824592874117e+00
7.999114536575845591e+00
6.457745969563374544e+00
5.718837877152423310e+00
5.430933827048461282e+00
6.132642992504409030e+00
5.153074513229958242e+00
5.153074513229958242e+00
5.153074513229958242e+00
6.749903314747629501e+00
6.749903314747629501e+00
8.469344140018289835e+00
8.652816206646152253e+00
8.108341337805232030e+00
7.936414174828095192e+00
8.108341337805232030e+00
6.098330369913637306e+00
7.703969502838652339e+00
7.488709058289420462e+00
5.927933887171591643e+00
8.101304850107117872e+00
8.101304850107117872e+00
8.101304850107117872e+00
7.103789490541408291e+00
7.103789490541408291e+00
8.495960105944208252e+00
7.910419660684699927e+00
5.403356761667890140e+00
5.803320867219420087e+00
5.403356761667890140e+00
6.671397715182456167e+00
8.040979448627007642e+00
7.453837362953582790e+00
6.184260744633678364e+00
6.538266401216970891e+00
6.538266401216970891e+00
6.538266401216970891e+00
6.509127252960640320e+00
6.509127252960640320e+00
7.630478529006989419e+00
6.933685615048134743e+00
8.119219402623640391e+00
8.935151197158305081e+00
8.119219402623640391e+00
7.542064067683382333e+00
6.664409552490171862e+00
6.704226216850282860e+00
7.587124298631104047e+00
5.047363535052411088e+00
5.047363535052411088e+00
5.047363535052411088e+00
6.645862805771347581e+00
6.645862805771347581e+00
7.196102608959876967e+00
7.153848424648216131e+00
6.241048306312793059e+00
6.277911039457139353e+00
6.241048306312793059e+00
7.450323515997148149e+00
7.670032214281055083e+00
7.196239905956132610e+00
6.990103026982864343e+00
5.654801574578719681e+00
5.654801574578719681e+00
5.654801574578719681e+00
9.677479616614110824e+00
9.677479616614110824e+00
9.198949385650045940e+00
9.004752630250592915e+00
6.042872568963836954e+00
6.173193333383601100e+00
6.042872568963836954e+00
8.221456159648008466e+00
8.357183435180459696e+00
8.393234243997012456e+00
8.256921474787253246e+00
4.945422060616162518e+00
4.945422060616162518e+00
4.945422060616162518e+00
4.332779399538127407e+00
4.332779399538127407e+00
6.606928628054968833e+00
6.285917700767822858e+00
6.716449703291265116e+00
7.059447154095885857e+00
6.716449703291265116e+00
7.140248499443425878e+00
7.688567397455451591e+00
8.215392085262813282e+00
7.629502087547653133e+00
6.215090711211876062e+00
6.215090711211876062e+00
6.215090711211876062e+00
7.315116025698016777e+00
7.315116025698016777e+00
7.887155107849354252e+00
8.261908698935664930e+00
7.543591640735695769e+00
7.201420338671009169e+00
7.543591640735695769e+00
8.680062040090763986e+00
5.336111064336504839e+00
5.385473921887735216e+00
8.760358844421640256e+00
6.501614443686039024e+00
6.501614443686039024e+00
6.501614443686039024e+00
7.492124389698811449e+00
7.492124389698811449e+00
5.952092456596018266e+00
5.445352655096916905e+00
6.152205956455410352e+00
6.724724913926000802e+00
6.152205956455410352e+00
8.046168479607409552e+00
8.986376797758433455e+00
9.098515690333780270e+00
8.146574732659571438e+00
7.183359873600863921e+00
7.183359873600863921e+00
7.183359873600863921e+00
6.288230916208883414e+00
6.288230916208883414e+00
6.231897390442547646e+00
6.629256698945966697e+00
6.428955288713681604e+00
6.043602096955570602e+00
6.428955288713681604e+00
7.779528637882487274e+00
5.521907395748152148e+00
5.102178910757811714e+00
7.188194967268661806e+00
5.674048614693346870e+00
5.674048614693346870e+00
5.674048614693346870e+00
8.283613370892998873e+00
8.283613370892998873e+00
5.390828711008004426e+00
6.726078145125357288e+00
7.867319875405070384e+00
6.305513101086207328e+00
7.867319875405070384e+00
7.579790611831014324e+00
7.049854454632100698e+00
6.816046129776644591e+00
7.328406961698650690e+00
7.553178874540800614e+00
7.553178874540800614e+00
7.553178874540800614e+00
7.445181225828152449e+00
7.445181225828152449e+00
6.607174406330136307e+00
6.735208825976746638e+00
6.168219142648666775e+00
6.050963036923152849e+00
6.168219142648666775e+00
6.186598694825442557e+00
6.188543430376970633e+00
5.628771786736096239e+00
5.627002958137207855e+00
8.682905319225486807e+00
8.682905319225486807e+00
8.682905319225486807e+00
1.012048919556559667e+01
1.012048919556559667e+01
4.510911731188200768e+00
4.626501291843804431e+00
8.293859933232790027e+00
8.086644250074636275e+00
8.293859933232790027e+00
8.269214344352336710e+00
6.131776181020483385e+00
6.323564414462001793e+00
8.527856859054928407e+00
6.966806480738689800e+00
6.966806480738689800e+00
6.966806480738689800e+00
6.746580145025856901e+00
6.746580145025856901e+00
7.434958276182082493e+00
5.864453207292940284e+00
6.328822065973777278e+00
8.023685471542219005e+00
6.328822065973777278e+00
7.142074868601040016e+00
7.047283298097958060e+00
7.196877982166329346e+00
7.293681720258244461e+00
7.779007510732923514e+00
7.779007510732923514e+00
7.779007510732923514e+00
7.450809062581585707e+00
7.450809062581585707e+00
8.723398933521075094e+00
7.960996961292656771e+00
7.886360730485073134e+00
8.641615003770246162e+00
7.886360730485073134e+00
5.593360085319721620e+00
4.668846739978210536e+00
5.123152540345873973e+00
6.137626383150172060e+00
7.747016674907567513e+00
7.747016674907567513e+00
7.747016674907567513e+00
4.766264750353567337e+00
4.766264750353567337e+00
6.089336184862482959e+00
6.346848774244941538e+00
8.156604873254813981e+00
7.825664509588861506e+00
8.156604873254813981e+00
5.685845150399751802e+00
7.775878720339169270e+00
8.419024069348346018e+00
6.156123172367984786e+00
7.438743060573904664e+00
7.438743060573904664e+00
7.438743060573904664e+00
6.676919586410768659e+00
6.676919586410768659e+00
8.452384841855019815e+00
9.742894773619285687e+00
7.288844336692394954e+00
6.323389384530266888e+00
7.288844336692394954e+00
6.006264216296748337e+00
6.689992173970437328e+00
6.105182601413215338e+00
5.481223122427484995e+00
6.811550348749671357e+00
6.811550348749671357e+00
6.811550348749671357e+00
6.190835516079250311e+00
6.190835516079250311e+00
7.746643737737604951e+00
7.873841248441739715e+00
9.144906286751973923e+00
8.997175429779506572e+00
9.144906286751973923e+00
6.730076593500982973e+00
9.407956873477774096e+00
8.783899044289185554e+00
6.283650547368334394e+00
6.554809752011080626e+00
6.554809752011080626e+00
6.554809752011080626e+00
6.418069371006059676e+00
6.418069371006059676e+00
8.825110567043420673e+00
8.335049345519188080e+00
6.330107372465523241e+00
6.702287550738574851e+00
6.330107372465523241e+00
5.029394898867352026e+00
7.186761055707879819e+00
6.801583756603388764e+00
4.759842491564612921e+00
6.079782110837871123e+00
6.079782110837871123e+00
6.079782110837871123e+00
7.345457621948474625e+00
7.345457621948474625e+00
9.374532100829442882e+00
8.492387971827717763e+00
7.416578425618206794e+00
8.186973176440206501e+00
7.416578425618206794e+00
7.294976805435195111e+00
7.446862206579666577e+00
7.066985702681629178e+00
6.922848221879894126e+00
6.789733784460304733e+00
6.789733784460304733e+00
6.789733784460304733e+00
5.634185560705881279e+00
5.634185560705881279e+00
5.578384249005133633e+00
5.836353985618625728e+00
6.883938012968203957e+00
6.579664543530797438e+00
6.883938012968203957e+00
9.583880174677311459e+00
8.331140665988948868e+00
7.374899662874287110e+00
8.483850831831460937e+00
7.068059688202311897e+00
7.068059688202311897e+00
7.068059688202311897e+00
7.953281399417884145e+00
7.953281399417884145e+00
7.046309455927936227e+00
7.647673654853103464e+00
5.224176982841442829e+00
4.813381079653797912e+00
5.224176982841442829e+00
6.598155165037979941e+00
8.925466391489804252e+00
8.091636403356661233e+00
5.981745960000804274e+00
6.128507956222181363e+00
6.128507956222181363e+00
6.128507956222181363e+00
6.366689448812600460e+00
6.366689448812600460e+00
8.122155129129565054e+00
8.326706652309695755e+00
6.905119698128960870e+00
6.735490478442012652e+00
6.905119698128960870e+00
5.479586032273598306e+00
7.043666891704305932e+00
7.079349274426212979e+00
5.507344966500240524e+00
7.691798392181565802e+00
7.691798392181565802e+00
7.691798392181565802e+00
7.781412599426270837e+00
7.781412599426270837e+00
6.352593533247635982e+00
5.910859068832928997e+00
6.053041929601121751e+00
6.505402103260286673e+00
6.053041929601121751e+00
6.798881773262399619e+00
5.857526186571845983e+00
5.521486124184209920e+00
6.408837139660787940e+00
8.176031370584116331e+00
8.176031370584116331e+00
8.176031370584116331e+00
9.448823153112034134e+00
9.448823153112034134e+00
7.983448150632496798e+00
7.054166410667484399e+00
5.366490469374878280e+00
6.073445949379561171e+00
5.366490469374878280e+00
6.498934410189292521e+00
7.671652591757970541e+00
8.228558265177865039e+00
6.970709350585652331e+00
4.860940312220873416e+00
4.860940312220873416e+00
4.860940312220873416e+00
7.748769840580173707e+00
7.748769840580173707e+00
7.810821701172265819e+00
7.292665722143299334e+00
6.234714004965166367e+00
6.677700762112026567e+00
6.234714004965166367e+00
7.234131881787746465e+00
7.227174053466500325e+00
7.136866789566859381e+00
7.143737676237920553e+00
7.278207684352547169e+00
7.278207684352547169e+00
7.278207684352547169e+00
6.796783916500535483e+00
6.796783916500535483e+00
9.403875115800079953e+00
9.152519995046221268e+00
7.934137603568834685e+00
8.152032360040513126e+00
7.934137603568834685e+00
5.291250996464545331e+00
5.042048114055014629e+00
5.918697095054570312e+00
6.211228293256543687e+00
5.306824324319198816e+00
5.306824324319198816e+00
5.306824324319198816e+00
8.398457902008573228e+00
8.398457902008573228e+00
8.000615144266696177e+00
8.055547851984592000e+00
5.952735633661598413e+00
5.912142505460480812e+00
5.952735633661598413e+00
7.048162682453066097e+00
6.271822237884190798e+00
7.356473715220494647e+00
8.267074790620263514e+00
6.703367914999963872e+00
6.703367914999963872e+00
6.703367914999963872e+00
7.142322816712400879e+00
7.142322816712400879e+00
7.767699967565035557e+00
