1.820062817534497057e+01
1.422348250187449992e+01
1.820062817534497057e+01
2.737076902281194180e+01
2.138979218234787183e+01
1.669653425665586255e+01
1.572137626721924164e+01
9.656379834784573291e+00
1.025597436857198197e+01
1.013353545703084180e+01
1.790642816293865636e+01
1.458294578705516287e+01
1.196425628997398682e+01
1.469104964246482936e+01
1.405350511631646881e+01
1.784803443054508421e+01
1.405350511631646881e+01
1.797961030032467278e+01
2.283421118304529784e+01
1.013381922705570304e+01
9.705488421696156109e+00
1.364799415455303233e+01
1.425074511158043045e+01
1.332873263575017120e+01
1.999206371131185733e+01
1.778076831124657886e+01
2.093179389286153125e+01
2.353507136875370875e+01
1.473347525745292330e+01
1.671902492959828379e+01
1.473347525745292330e+01
1.955626226365312093e+01
2.219175249575861741e+01
1.609083557646092189e+01
1.715689188634952345e+01
9.337384723604388981e+00
8.757169547752113203e+00
9.324129692878296183e+00
1.428287063875725593e+01
1.193471733526036793e+01
1.209214422861825078e+01
1.447155810580808932e+01
1.504559997282066952e+01
1.729645488409597931e+01
1.504559997282066952e+01
1.742133072991574849e+01
2.002760019774813571e+01
9.971265493643485911e+00
1.051492927183612913e+01
1.791711428607547774e+01
1.699065745715486031e+01
1.802368893844070996e+01
1.624187520897821457e+01
1.762041011539676560e+01
1.403906052506384228e+01
1.294106013416526224e+01
1.934450975777139803e+01
1.892421548577314283e+01
1.934450975777139803e+01
1.813942241875829708e+01
1.774531083694899181e+01
1.565705510783650212e+01
1.614304564569831868e+01
1.305514370489903619e+01
1.266260921805312911e+01
1.342400728868203785e+01
1.866658204275075050e+01
1.444134370113167698e+01
1.144186015957145486e+01
1.478944676400299585e+01
1.569894972086939866e+01
2.015117184426987507e+01
1.569894972086939866e+01
1.579781941598800188e+01
2.027808098481429155e+01
1.119190767854456681e+01
1.166286873478270714e+01
2.111384701040071477e+01
2.026088015968139544e+01
2.153263768432007197e+01
1.446304491535949666e+01
1.119930256553859316e+01
1.355945197518814993e+01
1.751100716481898090e+01
1.725800283953345371e+01
1.272699280797436394e+01
1.725800283953345371e+01
1.879742175323054809e+01
1.386224429826860849e+01
1.387607552986105297e+01
1.459030166626808800e+01
1.560243934284653555e+01
1.483787217522406365e+01
1.517118047444144580e+01
1.556838542986306351e+01
1.332434519199344081e+01
1.308202958730069732e+01
1.528522751141296432e+01
2.077599204778345054e+01
2.030350365166546922e+01
2.077599204778345054e+01
1.532336663279390976e+01
1.497488204987701721e+01
1.337332905640108471e+01
1.409567560510976847e+01
2.076673429399611237e+01
1.970222032672381829e+01
2.158444674921362605e+01
1.799960846697888783e+01
1.714026410973588810e+01
1.209512549761666378e+01
1.270155668215588385e+01
1.618717384880797638e+01
1.593171117891133548e+01
1.618717384880797638e+01
1.441293707453485062e+01
1.418547504685148830e+01
1.937059866287297893e+01
1.846808884420413222e+01
1.326399955359769933e+01
1.391256969057257287e+01
1.341331363663820220e+01
1.384531439021133892e+01
1.226292362390682733e+01
2.098762111296672828e+01
2.369496006511425179e+01
1.756694690625457511e+01
1.549732972675867693e+01
1.756694690625457511e+01
1.754286840993554719e+01
1.547608799370330601e+01
1.594656715378126144e+01
1.540770239028871380e+01
1.632259151839632949e+01
1.689333687890449909e+01
1.653307089078829861e+01
1.425604017815271973e+01
1.380894901641097761e+01
1.536586544399845344e+01
1.586336804426563418e+01
1.367161669392838164e+01
1.127924514745008899e+01
1.367161669392838164e+01
1.669552391719073725e+01
1.377400429977977936e+01
2.026819967189673477e+01
2.025899957556038089e+01
1.717782132475746337e+01
1.718418374897930079e+01
1.616638581327765323e+01
1.056778091757703031e+01
1.260567127028910583e+01
1.511503624006291524e+01
1.267104567392195413e+01
1.745843838742756304e+01
1.787148297387362561e+01
1.745843838742756304e+01
1.760674103620534581e+01
1.802329427588109212e+01
1.897979171254160846e+01
1.567578374205026748e+01
1.409562194975085347e+01
1.706650143850775336e+01
1.466524382790889369e+01
1.336044046474810365e+01
1.964516923995503461e+01
1.522537983406717110e+01
1.035444904637757624e+01
1.360287413621299102e+01
1.204612340715455154e+01
1.360287413621299102e+01
1.402221036131731502e+01
1.241746962899817497e+01
1.854354070575235625e+01
1.951213404038954735e+01
1.745534643564256072e+01
1.658892843435477005e+01
1.756258391108504213e+01
1.218263639321091674e+01
1.224957899693921881e+01
1.322336312554337923e+01
1.315081080308208072e+01
1.572791284969591530e+01
1.962411570197506094e+01
1.572791284969591530e+01
1.742577641126190713e+01
2.174258312335212295e+01
1.814295975078018230e+01
1.758539547369013434e+01
1.736117730604359721e+01
1.791163549667253818e+01
1.735460915694389428e+01
1.464272649532908233e+01
1.724925069862834093e+01
1.451779388708568774e+01
1.232417043880033525e+01
1.544613240674280163e+01
1.212573497917585108e+01
1.544613240674280163e+01
1.878157791892367712e+01
1.474417221984919912e+01
1.610666852293814699e+01
1.890490286941418319e+01
2.054698914370169049e+01
1.750621866606977761e+01
1.984236260734549262e+01
1.364367682133512005e+01
1.533243825918080105e+01
1.492687040882824689e+01
1.328277909767854226e+01
1.466947713334810288e+01
1.569542977279495055e+01
1.466947713334810288e+01
1.521475123301022414e+01
1.627883920589023603e+01
1.208274906978517116e+01
1.273132884602479820e+01
1.661632837224015802e+01
1.576955554532112025e+01
1.732056265159039299e+01
1.986339044506595997e+01
2.545726769886934093e+01
1.561051487972433094e+01
1.217972799361000469e+01
1.222255850766715390e+01
1.099320135790932085e+01
1.222255850766715390e+01
1.755807269552838434e+01
1.579206419651605664e+01
2.376191675828460959e+01
2.237133983118718206e+01
1.334609539552682023e+01
1.417612903894491438e+01
1.363643992296956675e+01
1.246840673197095128e+01
1.031929942050329885e+01
1.355137563423647151e+01
1.637359237726750294e+01
2.262578030313864375e+01
1.643692380598389491e+01
2.262578030313864375e+01
2.756868389783242890e+01
2.002778912323596572e+01
1.461610689306606226e+01
1.366657261023808623e+01
1.368751459016269578e+01
1.463854055699182766e+01
1.355899251237898717e+01
1.651619256167387562e+01
1.588133882527341179e+01
1.814853924145529973e+01
1.887378217834092453e+01
1.899942187772364122e+01
1.444347942559030784e+01
1.899942187772364122e+01
2.015292510146698035e+01
1.532037979586015908e+01
1.033828915977140461e+01
1.019525474641527119e+01
1.508626608778762446e+01
1.529784349409900912e+01
1.497105220571981654e+01
1.835756005997796692e+01
1.242374760834088043e+01
1.292400758797711546e+01
1.909709529210152823e+01
1.229216389167955192e+01
1.512490246745360878e+01
1.229216389167955192e+01
1.543660866189659231e+01
1.899398694134512411e+01
1.355105367796801197e+01
1.407672471364244693e+01
1.448907395174110135e+01
1.394826958186408916e+01
1.414506030694403016e+01
1.534530323687640774e+01
1.427637265474590400e+01
1.735920854031508043e+01
1.865903229813167741e+01
1.465216703855902836e+01
1.506927272418802488e+01
1.465216703855902836e+01
1.331486154273835787e+01
1.369389792952153861e+01
1.825310190912838948e+01
1.984081345508192840e+01
1.407455133046041595e+01
1.294834805708848791e+01
1.416510349184632744e+01
9.809474162779304507e+00
1.381258045350401709e+01
1.653624301606434699e+01
1.174382493353736656e+01
1.864693452216649305e+01
1.645550600849248468e+01
1.864693452216649305e+01
1.879906182205040466e+01
1.658975497549129940e+01
1.462739206543101744e+01
1.425240171026027269e+01
1.366313549756739931e+01
1.402306788033490825e+01
1.341670325802719788e+01
1.274022306256959247e+01
1.678842939684553670e+01
1.700622408608555958e+01
1.290569052029576191e+01
1.229396053639228370e+01
1.529066409071229771e+01
1.229396053639228370e+01
1.448643340062865192e+01
1.801756125259940333e+01
2.248912450521290651e+01
2.507974309594203888e+01
1.459755293881229754e+01
1.308940054325628211e+01
1.407628494317786227e+01
1.596205651387196767e+01
1.569093218501502385e+01
1.960271926155223099e+01
1.994143031946056155e+01
1.343019895940828690e+01
1.344538382339478844e+01
1.343019895940828690e+01
1.385950985387901113e+01
1.387518011853308053e+01
1.562242954457112454e+01
1.447818812067380634e+01
1.600214306360737737e+01
1.726495374115782155e+01
1.744000172650261504e+01
1.279500317797359088e+01
1.489704954344802346e+01
1.607226008712281384e+01
1.380421391945569631e+01
1.723737561185740574e+01
2.049154536017998041e+01
1.723737561185740574e+01
1.924489937532257500e+01
2.287806087083507833e+01
1.534503142725781544e+01
1.537192807907315917e+01
1.394567005111670888e+01
1.392142165079039273e+01
1.414487910052326214e+01
2.438921810910898458e+01
1.110281948010589126e+01
9.518753041253164682e+00
2.090840226049741446e+01
1.386406670594403323e+01
1.471615040100290805e+01
1.386406670594403323e+01
1.561710569610417032e+01
1.657693093424704500e+01
1.092199898581443662e+01
1.065138163561471885e+01
1.327839386713882774e+01
1.361553063614014825e+01
1.344368444865996537e+01
1.591663303468278201e+01
2.428294916190846209e+01
1.925613018013244826e+01
1.262178236416668753e+01
1.443658825466983231e+01
1.589137782267679810e+01
1.443658825466983231e+01
1.646995739259702773e+01
1.812965162073426839e+01
1.635593623549063835e+01
1.683950725632568179e+01
1.438586089540306112e+01
1.397234958293029017e+01
1.353655637476018825e+01
1.446814131133920789e+01
1.248983531838867655e+01
1.484232703749915494e+01
1.719319203743905433e+01
1.833027382774332281e+01
1.985968656960701395e+01
1.833027382774332281e+01
1.792478811386722626e+01
1.942036857241242487e+01
1.141900833468458920e+01
1.197064054293604407e+01
1.874538691122801026e+01
1.788201376661445607e+01
1.841482997933675847e+01
1.439606765927143250e+01
1.531581290840909659e+01
1.273835522718521851e+01
1.197342804122993876e+01
1.980406884072656837e+01
1.456888063395251898e+01
1.980406884072656837e+01
3.271625384406053172e+01
2.406774087070489188e+01
1.408866460186298042e+01
1.509907968902164477e+01
1.011970502943794337e+01
9.442631966627029527e+00
1.023421115175040264e+01
1.429119307941796002e+01
1.705642386490265494e+01
1.407801864176200013e+01
1.179560014404785662e+01
2.110398936466416231e+01
2.387043143327009531e+01
2.110398936466416231e+01
1.541620095193723294e+01
1.743705237081306691e+01
1.211409103445554258e+01
1.339412564245119874e+01
2.074853596632961583e+01
1.876655411038908028e+01
2.011160251403959620e+01
1.574877488557743277e+01
1.478129868665850211e+01
1.255558619803407261e+01
1.337783195553919668e+01
1.857274305351850430e+01
1.535497692995167540e+01
1.857274305351850430e+01
1.536425739192053719e+01
1.270236804111097229e+01
1.743454816458059753e+01
1.742482906118804920e+01
2.314486274489723172e+01
2.315795002099635269e+01
2.373298243985112066e+01
1.326016110551333860e+01
1.244030008896283057e+01
1.086731915803132509e+01
1.158350514797102981e+01
1.872850150731603946e+01
2.174366077024267341e+01
1.872850150731603946e+01
2.026846699687222042e+01
2.353155005704493163e+01
8.429264372850967746e+00
8.895540515748194821e+00
1.841009296426139841e+01
1.744680168986916868e+01
1.797030456235511764e+01
1.149806304863249196e+01
1.557430196120444599e+01
1.397321936462005887e+01
1.031568463613536224e+01
1.542152648114734959e+01
1.889303354012649194e+01
1.542152648114734959e+01
1.235223219762821145e+01
1.513281694198780158e+01
1.842299027921261967e+01
1.578081222262912320e+01
1.791588338145904657e+01
2.091552206233651745e+01
1.840653899708011565e+01
1.475886719898833555e+01
1.422238117236700106e+01
1.026117877225162545e+01
1.064833637292337620e+01
1.612808746931862913e+01
1.849471299782238987e+01
1.612808746931862913e+01
1.364451773170015336e+01
1.564670578092754027e+01
1.691724746316812755e+01
1.598798161756760194e+01
1.400335595316371062e+01
1.481736930723096535e+01
1.388189287989302123e+01
1.289262578753908883e+01
1.423775867348692259e+01
1.766749692783893266e+01
1.599866499308213363e+01
1.379831222994355144e+01
1.657786024867385422e+01
1.379831222994355144e+01
1.087587368512333974e+01
1.306672229397303830e+01
2.271981202313095594e+01
2.179612839172115812e+01
1.985320404137338457e+01
2.069451451884129156e+01
1.959524705288702506e+01
1.152699606173001889e+01
1.221008705172789455e+01
1.340241043775758811e+01
1.265298750675829886e+01
1.960633235864474599e+01
1.781793566224087044e+01
1.960633235864474599e+01
1.476390499242821619e+01
1.341721156545294846e+01
1.562070847491518322e+01
1.581885669440046094e+01
1.374311753218204935e+01
1.357084723201714560e+01
1.363136915351296352e+01
1.615413195186729922e+01
2.021230419942458667e+01
1.950760722756920273e+01
1.559091592970708717e+01
1.622585623173700142e+01
1.729658285746243962e+01
1.622585623173700142e+01
1.350192657848781685e+01
1.439290404554437330e+01
1.653472979496627460e+01
1.716053027907105744e+01
1.907646502812996658e+01
1.838066243079071427e+01
1.930185954063667708e+01
1.669591596320064397e+01
1.539583112118137365e+01
1.580296985845368418e+01
1.713716214089531320e+01
1.408734726973544937e+01
1.535994133802979533e+01
1.408734726973544937e+01
1.129704568174926038e+01
1.231757517169306482e+01
1.921601140264266050e+01
1.975847721364543474e+01
1.539593121765289752e+01
1.497349324528440562e+01
1.515802050716687077e+01
1.051962210137102183e+01
1.518513241390497548e+01
1.326851008215176009e+01
9.191854741323812306e+00
1.574482443051347680e+01
1.468677679294715333e+01
1.574482443051347680e+01
1.474062120139411824e+01
1.375005572972270862e+01
1.551764465784319569e+01
1.693325631209522797e+01
2.045025253610454286e+01
1.874069911208411909e+01
2.022881598797748737e+01
9.989416828198026010e+00
1.145640729316913919e+01
1.453473452029390955e+01
1.267409366427984274e+01
2.204740569965329655e+01
2.360272168926550762e+01
2.204740569965329655e+01
1.964097346779191255e+01
2.102652968706565062e+01
1.066589683271729427e+01
1.088138527975007719e+01
1.481169903264091658e+01
1.451787850788661238e+01
1.519672361932468085e+01
1.950390003164396546e+01
2.148070603752476515e+01
1.538400272242214761e+01
1.396792366634590543e+01
1.256228144476953545e+01
1.264175749291885964e+01
1.256228144476953545e+01
1.528061325971698636e+01
1.537728700170563734e+01
1.818689267207987825e+01
1.815225114393456707e+01
1.892251773413921256e+01
1.895866504229059757e+01
1.925999326657776933e+01
1.493302308108200371e+01
1.211196864129339268e+01
1.319459880304397714e+01
1.626759687122666165e+01
1.703297873143548813e+01
1.338768567661005271e+01
1.703297873143548813e+01
1.878298222836156128e+01
1.476316421851510796e+01
1.281420108029586302e+01
1.219292687488878713e+01
1.662218077375135294e+01
1.746928020554589978e+01
1.655835264924461470e+01
1.630372913423042291e+01
1.750860300603367392e+01
1.458803114369386478e+01
1.358394570590472483e+01
1.936727851143787404e+01
1.461163705305286697e+01
1.936727851143787404e+01
2.171365479928329734e+01
1.638185988986699826e+01
1.479834401452469095e+01
1.490165286429091829e+01
1.697512442478877048e+01
1.685737538336021046e+01
1.644553082689470358e+01
2.003221731083833035e+01
1.261608372978696124e+01
1.131962535463978625e+01
1.797415315028290905e+01
1.446460037583376312e+01
1.342947576945957699e+01
1.446460037583376312e+01
1.562116664013149681e+01
1.450327512917852779e+01
2.192389545499690229e+01
2.238131322403566159e+01
1.455438611012082006e+01
1.425705107951690565e+01
1.492560803271695313e+01
1.659122582862577033e+01
1.553018522238358834e+01
1.854043197292474687e+01
1.980699164992327965e+01
1.543537084172925766e+01
1.604093292334005127e+01
1.543537084172925766e+01
1.539993817434423740e+01
1.600411015784603919e+01
1.803371196637335316e+01
1.714998818414643722e+01
1.733474074353030048e+01
1.822810903032011964e+01
1.751973192812364388e+01
1.246919336340681106e+01
9.758942683043526856e+00
1.185815430380724322e+01
1.515033712106414931e+01
2.045200731871068101e+01
1.446058947985346954e+01
2.045200731871068101e+01
1.851791508562811472e+01
1.309308978346947860e+01
1.068117667848292562e+01
1.100238051665253813e+01
1.723312251292171737e+01
1.673002151093217549e+01
1.715321718089488101e+01
2.284756586785209009e+01
1.632137952938557390e+01
1.614436545681620672e+01
2.259992074281958452e+01
1.289453139038079144e+01
1.480868937112521166e+01
1.289453139038079144e+01
1.908929846818088905e+01
2.192305270890802049e+01
1.570579681608533917e+01
1.476898421437338271e+01
1.148836531687959983e+01
1.221672838416899687e+01
1.114902836623178928e+01
1.974068336195849582e+01
1.520277746753738590e+01
1.455186084388992818e+01
1.889571466434493630e+01
1.339659555948059300e+01
1.356843562695614480e+01
1.339659555948059300e+01
1.067808240063524572e+01
1.081505170691068152e+01
1.830102979199541124e+01
1.583415696123588923e+01
1.508764471590747114e+01
1.743815782882561649e+01
1.599139104603801975e+01
1.336672713411399371e+01
1.569158313951484729e+01
2.217597444383233452e+01
1.889002338615074805e+01
1.767425529096927761e+01
1.784858033411267542e+01
1.767425529096927761e+01
1.384295911098574194e+01
1.397949524246778275e+01
1.392758381084742858e+01
1.427419147653457898e+01
1.752113509945899850e+01
1.709598354665202891e+01
1.788644478370176216e+01
1.749588383732781338e+01
1.272724030888896607e+01
1.062219319240524307e+01
1.460229497076201177e+01
1.712574613255303646e+01
1.982425129971052513e+01
1.712574613255303646e+01
9.645551404638256443e+00
1.116540169927877990e+01
1.413584552761294866e+01
1.460777866552469462e+01
1.868635558468499980e+01
1.808283420396677599e+01
1.857578516078283215e+01
1.337763934368069307e+01
1.925339992506625819e+01
1.437453483173660551e+01
9.987936265489569365e+00
1.296790986733492979e+01
1.660015678246158544e+01
1.296790986733492979e+01
1.099804304098191565e+01
1.407854007687367393e+01
1.937366857195625158e+01
1.975964727587643566e+01
1.852120187255784955e+01
1.815934779567630386e+01
1.832019292643789754e+01
1.888292779196260085e+01
1.525422226677315507e+01
1.271474288227303973e+01
1.573993165756536250e+01
1.768845265531275146e+01
1.702142341108836021e+01
1.768845265531275146e+01
1.405982670771807896e+01
1.352963247504401068e+01
1.626287367583531562e+01
1.627993439088816885e+01
1.763093238973614518e+01
1.761250459156929082e+01
1.738073793954314183e+01
1.603201920026987537e+01
2.200272257599370462e+01
1.805074427801223891e+01
1.315255553231084740e+01
1.246289312218018708e+01
1.411586724788343261e+01
1.246289312218018708e+01
1.443072809783834742e+01
1.634469943073322540e+01
1.763687495392494142e+01
1.747264434014067191e+01
1.603855734122679522e+01
1.618932897325933595e+01
1.609165137904517451e+01
1.872305115119212715e+01
1.795514062873717975e+01
1.296885623340008031e+01
1.352339793742091523e+01
1.461289085192689718e+01
1.774341125024385590e+01
1.461289085192689718e+01
1.063578696345411245e+01
1.291429218043219329e+01
1.625703743989509675e+01
1.500693974447474943e+01
1.290070158856146953e+01
1.397509106463137485e+01
1.232199827483296595e+01
1.354789352105793654e+01
1.624383381309441177e+01
2.053641337767033193e+01
1.712785882980816510e+01
1.132666284013476776e+01
1.511856222617227452e+01
1.132666284013476776e+01
1.527873751213101805e+01
2.039369822115733655e+01
1.760843350742690916e+01
1.757717714467216297e+01
1.120563439732123534e+01
1.122554070446771313e+01
1.112999073089269508e+01
1.736887960046968260e+01
1.650448708483459725e+01
1.540803442715183813e+01
1.621603799880871577e+01
1.772036414444329466e+01
1.617572583091566685e+01
1.772036414444329466e+01
1.168352603322674810e+01
1.066510328519994744e+01
1.571340805155611875e+01
1.522273248356942688e+01
1.099892303013441364e+01
1.135379005052548074e+01
1.140172198797510816e+01
1.801292489891340054e+01
1.707022882049814072e+01
2.564230192828060595e+01
2.705842773498890352e+01
1.761967583351160727e+01
1.380202723210540761e+01
1.761967583351160727e+01
2.033967260845208003e+01
1.593268331872679511e+01
1.547632303086275662e+01
1.643081410737086756e+01
1.356567814583206122e+01
1.277778554764536700e+01
1.403276165814980203e+01
1.324658863932492103e+01
1.500069419015017225e+01
1.345354813414125950e+01
1.188043235273424614e+01
1.512004038905852532e+01
1.806377990289833591e+01
1.512004038905852532e+01
1.860536359391995020e+01
2.222766502774496544e+01
1.094596609632772655e+01
1.388240624041671367e+01
1.235048976494764439e+01
9.738023485587206096e+00
1.213934169024796894e+01
2.230890186746963977e+01
2.356079240984331946e+01
2.304948629795575954e+01
2.182465275594413967e+01
1.408092598998851308e+01
1.559671573477812778e+01
1.408092598998851308e+01
1.550206039804444380e+01
1.717083304773892038e+01
1.570752523481825236e+01
1.553719349540696371e+01
1.273346145201714741e+01
1.287297695047316992e+01
1.248609548003959091e+01
1.477003122448211592e+01
1.083079261798399173e+01
1.080550643169465985e+01
1.473568295202882439e+01
1.944114984783565347e+01
1.610073656912206275e+01
1.944114984783565347e+01
2.040710782769545517e+01
1.690072191424275516e+01
1.116841839913944057e+01
1.223766981297257495e+01
1.944597126643842699e+01
1.774696405555398115e+01
1.961403806408513262e+01
2.485497128174843340e+01
1.706174272584630103e+01
1.296671895476907466e+01
1.888958101574997173e+01
2.116302036533973663e+01
2.093511991141993178e+01
2.116302036533973663e+01
1.741653032065782014e+01
1.722897509001187899e+01
1.320179630319050013e+01
1.104483025962220566e+01
1.262941677650117356e+01
1.509582801991238554e+01
1.230353932148046070e+01
1.600760856564729195e+01
1.391961900067056312e+01
1.066986888323570071e+01
1.227000583032178938e+01
1.572345230042054531e+01
1.712592976950683976e+01
1.572345230042054531e+01
1.485711429828475438e+01
1.618231741913035648e+01
1.396593399717597173e+01
1.398409595220155843e+01
1.508849121071928501e+01
1.506886253090619476e+01
1.503436122151118859e+01
1.669603407874832257e+01
1.735948506980707506e+01
1.886463847539152283e+01
1.814374442897841533e+01
1.383477057346445704e+01
1.084086326005738954e+01
1.383477057346445704e+01
1.627785958389606336e+01
1.275525669026268716e+01
1.198211975135449059e+01
1.132946039602254906e+01
1.799843740117713864e+01
1.903519025228857231e+01
1.789846192909433498e+01
1.438617371308642667e+01
1.147307775073602443e+01
1.139824662538914879e+01
1.429189247548473496e+01
1.808981035773889445e+01
1.766755024549669884e+01
1.808981035773889445e+01
1.680885266391656785e+01
1.641649321557710905e+01
1.529741499761571077e+01
1.297455511686086460e+01
1.759846660273547769e+01
2.074929286492360347e+01
1.785047622775243070e+01
2.074685918989509759e+01
1.986971320771748850e+01
1.653209288392693921e+01
1.726213804448984135e+01
1.180458355389686176e+01
1.166102653078464968e+01
1.180458355389686176e+01
1.622948290718408870e+01
1.603211412732257912e+01
2.494283117604955535e+01
2.585371314278947708e+01
1.460096151924147634e+01
1.408701796424482211e+01
1.487683653293286135e+01
1.538442994641251715e+01
1.085582150048311689e+01
1.297630078972508016e+01
1.838944504287848503e+01
1.527427170932015699e+01
1.406135190624244125e+01
1.527427170932015699e+01
1.964915649070871595e+01
1.808882998382779661e+01
1.398642820178138280e+01
1.519942127504868701e+01
1.670598419954547964e+01
1.537283787119213585e+01
1.649402964266656468e+01
1.262761314488547981e+01
1.338565770335642391e+01
1.663670704419356028e+01
1.569452086027575000e+01
1.689221031434067299e+01
1.477307560818865895e+01
1.689221031434067299e+01
1.696565663377808519e+01
1.483730805675526021e+01
1.537124174438565483e+01
1.584461205480315549e+01
1.367306870468461000e+01
1.326436763173285627e+01
1.355171466848941186e+01
1.705810758033504371e+01
1.245956303044452440e+01
1.346662525926002552e+01
1.843740772398742322e+01
1.215781879344406846e+01
1.189728500713119175e+01
1.215781879344406846e+01
1.695731929432145435e+01
1.659393547716436146e+01
1.684935289213232323e+01
1.586195098105147139e+01
1.847640219082079582e+01
1.962673862477038611e+01
1.827406639820243583e+01
1.149903354315788739e+01
1.319714072555590256e+01
1.461896750695118818e+01
1.273786311067970267e+01
1.609755723737431055e+01
1.336893339081012044e+01
1.609755723737431055e+01
2.034627444619003001e+01
1.689746983416374349e+01
1.986730034199674222e+01
1.775425144271693512e+01
1.240324472998252503e+01
1.387971744189876766e+01
1.261226236362272601e+01
1.139492216170352279e+01
1.176083904139962755e+01
1.499636161444571592e+01
1.452968983248494261e+01
2.783453665974840874e+01
2.033222101304994212e+01
2.783453665974840874e+01
2.378843724916664115e+01
1.737667738527743566e+01
1.250265633528147724e+01
1.261190689355228400e+01
1.451739509292862351e+01
1.439172135800322927e+01
1.430721583051589541e+01
1.846403778570737941e+01
1.748386223580595100e+01
1.936124636773785213e+01
2.044671976661579293e+01
1.390119534876271779e+01
1.660576733214146472e+01
1.390119534876271779e+01
1.463226601566019980e+01
1.747907276331315174e+01
1.535560632069885223e+01
1.518985595805170163e+01
1.411119866830675740e+01
1.426500210353727738e+01
1.396385715663771876e+01
1.691123247651201922e+01
1.412222555372913391e+01
1.415670820665809160e+01
1.695221513520261780e+01
1.815664188912899490e+01
1.397355391003030434e+01
1.815664188912899490e+01
1.478908993917395698e+01
1.138184840606820813e+01
1.688785221146909166e+01
1.564039064074352403e+01
1.445528262034380518e+01
1.560758146806696445e+01
1.484925570403509276e+01
1.449953681444308273e+01
1.406360919455181069e+01
1.771332048502631906e+01
1.826228294793073204e+01
1.708781516382366661e+01
1.550400396218275034e+01
1.708781516382366661e+01
1.950708220599269893e+01
1.769903740839974304e+01
1.500601825165782799e+01
1.526720957516372046e+01
1.073769448377724167e+01
1.055480558471229813e+01
1.105631103781950131e+01
1.283223129690375330e+01
1.639926143985179152e+01
1.549427035300278988e+01
1.212400282505050519e+01
1.772658973129237836e+01
1.978340325962103563e+01
1.772658973129237836e+01
1.301912579895471644e+01
1.452973299843382016e+01
1.448081469446107405e+01
1.324660545027832903e+01
1.722861655754132926e+01
1.883383454342751762e+01
1.723038942768053161e+01
1.520613047136754048e+01
1.375488574935386943e+01
1.625305329660461950e+01
1.796782451702707206e+01
1.375565335629172559e+01
1.489380042764948442e+01
1.375565335629172559e+01
1.487586728335432440e+01
1.610670120624555324e+01
2.085106559034804974e+01
2.314094827555497957e+01
1.420971223135609129e+01
1.280247816450990683e+01
1.361879196941652737e+01
1.291533004907141091e+01
1.827065256247530201e+01
1.687071419513607040e+01
1.192542064231237475e+01
1.677258728418343736e+01
1.842022016515302951e+01
1.677258728418343736e+01
1.390295501578144588e+01
1.526869337436157181e+01
1.412833607877780828e+01
1.746437591533366884e+01
1.448245589546946199e+01
1.171599495271158808e+01
1.461791902957671319e+01
1.424070085093944904e+01
1.885686145663261115e+01
1.897372715639689389e+01
1.432812435444505539e+01
1.324983436418595595e+01
1.187287918127807984e+01
1.324983436418595595e+01
1.467400179070689781e+01
1.314904364675241588e+01
2.109787826306827441e+01
2.157037696817392813e+01
1.618918725570560824e+01
1.583453665692090340e+01
1.614137973182134544e+01
1.595677903736807934e+01
1.580587373038723875e+01
1.763454155040267679e+01
1.780283287949098536e+01
1.330866764517221945e+01
1.213227324315822386e+01
1.330866764517221945e+01
1.838099185112485401e+01
1.675623898377286736e+01
1.671842718014086060e+01
1.742496558761652636e+01
1.215190192816153392e+01
1.165931844161198150e+01
1.195808187936489198e+01
1.392437428375130359e+01
2.024320486853282475e+01
2.132460588956564607e+01
1.466824811803570583e+01
1.073284777523213407e+01
1.328052670917870515e+01
1.073284777523213407e+01
1.410314610672456936e+01
1.745083993327710559e+01
2.231536904847038727e+01
1.782377152351794081e+01
1.504893155415184047e+01
1.884138647328780181e+01
1.486147268466694804e+01
1.438623313844708562e+01
1.598126307636039911e+01
2.340929134013327229e+01
2.107299400776063791e+01
1.366568325325349775e+01
1.396642777290583837e+01
1.366568325325349775e+01
1.445582601387625843e+01
1.477395942661184058e+01
1.546849823285536552e+01
1.374304424582314432e+01
1.158127455958575780e+01
1.303525612687904811e+01
1.189600925127803066e+01
1.229951322768387101e+01
1.586244565826691755e+01
2.052749486102203846e+01
1.591596277822674388e+01
1.719341593034375038e+01
1.786276362915654659e+01
1.719341593034375038e+01
1.912021983906707234e+01
1.986457891244280916e+01
1.832220896404229293e+01
1.834428389199767651e+01
1.120128454509073812e+01
1.118832525332297578e+01
1.166146953693119137e+01
1.794658172683033825e+01
1.539452067145909986e+01
1.341980653622098885e+01
1.564428390999916019e+01
1.223963661535746894e+01
1.512886181215369774e+01
1.223963661535746894e+01
1.507455288534147897e+01
1.863297372702868415e+01
6.995468846631624160e+00
8.210454558696341110e+00
1.385355323063138400e+01
1.180389971364576773e+01
1.360611886232642576e+01
2.073219614301204317e+01
1.752421523964521555e+01
2.044163754426600477e+01
2.418353755456700682e+01
1.187062604512747832e+01
1.421039706165126404e+01
1.187062604512747832e+01
1.487650984967907064e+01
1.780875844726648793e+01
2.067352917554412173e+01
2.091098503506833950e+01
1.235070336876968966e+01
1.221051010378828394e+01
1.241100292909577263e+01
1.324854507276005400e+01
9.927192725084740488e+00
9.540592953906832818e+00
1.273260842785582980e+01
1.605326935932728105e+01
1.652830498339693222e+01
1.605326935932728105e+01
2.617332912269051448e+01
2.694782953475478493e+01
1.329982647630932036e+01
1.252296051261432908e+01
1.766041050520927413e+01
1.875595410364727300e+01
1.771442995399968368e+01
1.898414354713749930e+01
1.699666907897100643e+01
1.469434543969313012e+01
1.641284261813945022e+01
1.953002214375336720e+01
1.668134462863184453e+01
1.953002214375336720e+01
2.024099315637644025e+01
1.728861237237714477e+01
1.649267722509889822e+01
1.471369799390880750e+01
1.176621749344889700e+01
1.318911673838771037e+01
1.194801992711776961e+01
1.173478454785226788e+01
1.207841048281328256e+01
1.063421987546546532e+01
1.033164910180772544e+01
1.799522404804683262e+01
2.076016517159655450e+01
1.799522404804683262e+01
2.051535058973520620e+01
2.366750564810780233e+01
1.208592386972113886e+01
1.320030154130077982e+01
2.485941594359696794e+01
2.276216425411104893e+01
2.381478975556037625e+01
1.510377314165169160e+01
1.901188137948163615e+01
1.422177870630239838e+01
1.129845394006901849e+01
1.262898603619569471e+01
1.196917431066758120e+01
1.262898603619569471e+01
1.144183082241696603e+01
1.084404299396404348e+01
2.043970966597630223e+01
2.193823255396029381e+01
2.453968224347156735e+01
2.286354217876268535e+01
2.481482118700384731e+01
1.958688310718665448e+01
1.719563185711172437e+01
9.923400268098179211e+00
1.130333724747210411e+01
1.229703059731618175e+01
1.455825773652670208e+01
1.229703059731618175e+01
1.757710378213207036e+01
2.080925188376820500e+01
1.372246326420591878e+01
1.407475050296270602e+01
1.922694596181146309e+01
1.874571068588477019e+01
1.921780997639693567e+01
1.651538863537830792e+01
1.549359980670910986e+01
1.525160525344998064e+01
1.625737972469406145e+01
1.240962371978045020e+01
9.606128735750699477e+00
1.240962371978045020e+01
1.403761303253168968e+01
1.086633414341243942e+01
2.028129488130941738e+01
1.810284031361924306e+01
1.823148192384632438e+01
2.042565823450258833e+01
1.900533798997355817e+01
1.911150495099728275e+01
1.476226270884775893e+01
1.294127468112274926e+01
1.675487439954207503e+01
1.412558670013271467e+01
1.572348875874137697e+01
1.412558670013271467e+01
1.008776379893247110e+01
1.122890284563278840e+01
1.428905190403001235e+01
1.297366252436208889e+01
2.222202562389400526e+01
2.447569053723057664e+01
2.162669448187562082e+01
1.581049179003906069e+01
1.447661558895403822e+01
1.450735061453820585e+01
1.584407098653154300e+01
1.526789804811583551e+01
1.722691048135901326e+01
1.526789804811583551e+01
1.072424619991600103e+01
1.210026610629656396e+01
1.726886069007751701e+01
1.591223282291736041e+01
1.819120200221943051e+01
1.974203221434402877e+01
1.843238101228041259e+01
1.455453570601775404e+01
1.631418770502697768e+01
1.705500532920919454e+01
1.521523517703589157e+01
1.683820976152473392e+01
1.360362629297613601e+01
1.683820976152473392e+01
1.662367582981306313e+01
1.343030386288995182e+01
1.053990613687889422e+01
9.921785003957515059e+00
1.453174048201137047e+01
1.543666814088487804e+01
1.502406317359111299e+01
1.799630637437883607e+01
1.917514319874057449e+01
2.171436114509025828e+01
2.037933705793642858e+01
1.371318537868962295e+01
1.271115327748630897e+01
1.371318537868962295e+01
1.278873482556454277e+01
1.185425297651825360e+01
1.402030422551335853e+01
1.401079822481548831e+01
1.963088236351405769e+01
1.964427227722439184e+01
1.977915103940418362e+01
1.237048954503442744e+01
1.612383579042041859e+01
1.819592239918570442e+01
1.396078255009737923e+01
1.735735092000656010e+01
1.876604400967773500e+01
1.735735092000656010e+01
1.356627570021540308e+01
1.466729157064064992e+01
1.507875539104605700e+01
