2.361598895943608223e-01
2.361598895943608223e-01
2.361598895943608223e-01
2.091539058792980799e-01
2.091539058792980799e-01
2.335856293475208068e-01
2.307970137385930987e-01
3.000720555625741581e-01
3.036976900731340745e-01
3.000720555625741581e-01
1.881856235749547746e-01
2.328852354962956950e-01
2.200811825014488687e-01
1.778391596096152993e-01
3.141058155443204325e-01
3.141058155443204325e-01
3.141058155443204325e-01
2.186354334184409665e-01
2.186354334184409665e-01
2.757711383245352588e-01
2.579289533708156168e-01
2.448939975145178749e-01
2.618344919437259888e-01
2.448939975145178749e-01
1.758575059473470870e-01
2.291900517548983718e-01
2.671206319091985470e-01
2.049616366633025544e-01
2.190845763952490310e-01
2.190845763952490310e-01
2.190845763952490310e-01
1.852052149780198109e-01
1.852052149780198109e-01
2.199701316535250251e-01
2.342115251866353498e-01
2.504222362187309425e-01
2.351951392063591217e-01
2.504222362187309425e-01
2.262687128786662338e-01
2.688428125638643307e-01
2.752439733059163229e-01
2.316561821891559292e-01
2.730411637476303777e-01
2.730411637476303777e-01
2.730411637476303777e-01
1.461867542208809823e-01
1.461867542208809823e-01
2.631242010178242441e-01
2.791221448187061194e-01
2.236968123025080690e-01
2.108755829658806868e-01
2.236968123025080690e-01
2.072308804262645299e-01
2.652709020008880980e-01
2.679680956875095110e-01
2.093379408620029414e-01
1.673353166670827619e-01
1.673353166670827619e-01
1.673353166670827619e-01
2.063735178955587724e-01
2.063735178955587724e-01
2.566144004926864675e-01
2.720445307341032848e-01
2.366603830805556197e-01
2.232372110577158786e-01
2.366603830805556197e-01
2.609698797497415068e-01
3.098536866293845615e-01
3.069986851919199733e-01
2.585652952184893105e-01
2.155467180627734791e-01
2.155467180627734791e-01
2.155467180627734791e-01
2.017869655130844486e-01
2.017869655130844486e-01
3.117710154768275066e-01
3.313406063224371700e-01
2.185712803764766898e-01
2.056620551081246862e-01
2.185712803764766898e-01
1.712638664688302115e-01
2.453420378275239511e-01
2.767430692714567542e-01
1.931837221275571337e-01
2.375393240806989159e-01
2.375393240806989159e-01
2.375393240806989159e-01
2.276779000152743260e-01
2.276779000152743260e-01
2.458848287169192459e-01
2.514082254071697831e-01
2.220978113367296780e-01
2.172183595444805715e-01
2.220978113367296780e-01
2.322200090598210975e-01
2.460940731410626303e-01
2.539239661041400309e-01
2.396084755580817904e-01
2.270650285826619486e-01
2.270650285826619486e-01
2.270650285826619486e-01
2.378282085701512172e-01
2.378282085701512172e-01
1.746879851452939891e-01
1.913765784042982809e-01
1.779893762229593224e-01
1.624681858611290164e-01
1.779893762229593224e-01
2.678731755432848805e-01
2.761915190247150043e-01
2.567351256346042110e-01
2.490027703243543056e-01
2.277128026999222232e-01
2.277128026999222232e-01
2.277128026999222232e-01
2.668843702416968666e-01
2.668843702416968666e-01
2.824650831952566499e-01
2.723287528158395698e-01
1.752077201892327518e-01
1.817291150786791154e-01
1.752077201892327518e-01
2.567817953334144421e-01
2.327687008932043944e-01
2.215704647011388917e-01
2.444283166099777693e-01
2.146296516206881722e-01
2.146296516206881722e-01
2.146296516206881722e-01
2.653104676114212412e-01
2.653104676114212412e-01
1.974930490027839436e-01
1.932813276030930227e-01
1.902042425171777962e-01
1.943489123021797105e-01
1.902042425171777962e-01
2.451994009231872884e-01
2.547710477790020578e-01
2.523775406798480780e-01
2.428958169330353301e-01
2.741775177889882453e-01
2.741775177889882453e-01
2.741775177889882453e-01
3.122078800542674171e-01
3.122078800542674171e-01
1.822653619211208331e-01
1.714700101125573584e-01
1.894482635744476062e-01
2.013754842789027000e-01
1.894482635744476062e-01
2.459025593739635474e-01
2.326999537611630087e-01
2.457480792184957019e-01
2.596909911855309616e-01
2.009843040448710538e-01
2.009843040448710538e-01
2.009843040448710538e-01
2.511850317797251209e-01
2.511850317797251209e-01
1.960615217662473320e-01
1.684756557946472388e-01
2.433019665608084359e-01
2.831397425796415845e-01
2.433019665608084359e-01
2.517789210917605880e-01
1.737966026774519501e-01
1.866622123014384516e-01
2.704173136748818651e-01
2.941691736766004484e-01
2.941691736766004484e-01
2.941691736766004484e-01
3.085987216931158628e-01
3.085987216931158628e-01
1.986465990243663493e-01
2.103057818244662425e-01
2.158437612605717260e-01
2.038775573504072458e-01
2.158437612605717260e-01
2.051885176334660998e-01
1.840311023205296048e-01
2.109871058498785645e-01
2.352435590681256905e-01
2.562489905509348076e-01
2.562489905509348076e-01
2.562489905509348076e-01
2.308534891807172973e-01
2.308534891807172973e-01
2.333908753207709075e-01
2.261327516820812178e-01
2.421830347809451889e-01
2.499563201478718633e-01
2.421830347809451889e-01
2.365205764767228380e-01
2.149144095250925257e-01
1.962632271112343951e-01
2.159943194135211797e-01
2.805612564472971804e-01
2.805612564472971804e-01
2.805612564472971804e-01
2.029281707254584344e-01
2.029281707254584344e-01
1.407486401176048507e-01
1.595310561907475333e-01
3.034103246773000029e-01
2.676882584222978756e-01
3.034103246773000029e-01
1.945671381191214355e-01
1.518390236666706805e-01
1.476826039607224139e-01
1.892410851224714807e-01
2.824684810255969625e-01
2.824684810255969625e-01
2.824684810255969625e-01
2.723316258973575432e-01
2.723316258973575432e-01
2.521128318368077714e-01
2.769092690373842758e-01
2.758874576830884773e-01
2.511825207821072881e-01
2.758874576830884773e-01
2.616294322201571654e-01
2.630935732315139441e-01
2.189072078689645595e-01
2.176889682259896541e-01
2.405596269030941814e-01
2.405596269030941814e-01
2.405596269030941814e-01
2.479461424450211116e-01
2.479461424450211116e-01
1.924052535143926657e-01
1.850803328048726548e-01
2.490188803482823732e-01
2.588742957026932690e-01
2.490188803482823732e-01
2.059088402961193887e-01
2.699902825529602590e-01
2.626645520058045191e-01
2.003218515088810436e-01
2.540500702916371756e-01
2.540500702916371756e-01
2.540500702916371756e-01
1.779123841204480194e-01
1.779123841204480194e-01
2.647232749106058214e-01
2.452007348950471788e-01
2.764461975201248922e-01
2.984564576261792834e-01
2.764461975201248922e-01
2.232110145872822637e-01
1.970873903896356305e-01
2.146867879667024859e-01
2.431431846846982825e-01
1.973425125752730491e-01
1.973425125752730491e-01
1.973425125752730491e-01
2.287531338301025119e-01
2.287531338301025119e-01
2.986091100118389297e-01
2.922302464929269483e-01
2.180174490416421085e-01
2.227763799492668562e-01
2.180174490416421085e-01
1.657847966038192289e-01
2.379178457619850195e-01
2.445083760701113607e-01
1.703771790001237518e-01
3.065619754236240668e-01
3.065619754236240668e-01
3.065619754236240668e-01
2.042457521293803424e-01
2.042457521293803424e-01
2.247344699465897988e-01
2.279051614099057155e-01
1.888944298878899863e-01
1.862664685349821325e-01
1.888944298878899863e-01
2.208032850269687764e-01
2.950836341577475208e-01
3.150639509258143511e-01
2.357540280285617962e-01
2.293360265735548131e-01
2.293360265735548131e-01
2.293360265735548131e-01
1.609910541926908856e-01
1.609910541926908856e-01
2.388390926232028533e-01
2.612827868072513660e-01
2.716071618981718006e-01
2.482766235403699728e-01
2.716071618981718006e-01
3.051619002647084633e-01
2.626883039656962571e-01
2.567597115879848846e-01
2.982747245185300988e-01
2.054873887741879568e-01
2.054873887741879568e-01
2.054873887741879568e-01
2.267577768947918182e-01
2.267577768947918182e-01
2.336048048902679142e-01
2.235036137318627825e-01
2.688463309459006023e-01
2.809967751189347829e-01
2.688463309459006023e-01
2.394218527698524224e-01
2.234725648530453967e-01
2.253264750035897102e-01
2.414080769106280167e-01
2.640572593444415195e-01
2.640572593444415195e-01
2.640572593444415195e-01
1.498109456652522986e-01
1.498109456652522986e-01
1.742487819833389573e-01
1.873863893226827004e-01
2.753717159511199775e-01
2.560654819732757770e-01
2.753717159511199775e-01
1.787411665954100615e-01
1.928228655939309699e-01
2.002788806221344753e-01
1.856526748347936406e-01
3.040823377483539147e-01
3.040823377483539147e-01
3.040823377483539147e-01
3.046909429698290150e-01
3.046909429698290150e-01
2.474029423108847214e-01
2.499113409587568335e-01
2.357881021909996044e-01
2.334214606674448744e-01
2.357881021909996044e-01
2.479902290190625080e-01
2.308124377614817202e-01
2.037722044243230335e-01
2.189375760379417002e-01
2.413938645490571744e-01
2.413938645490571744e-01
2.413938645490571744e-01
2.186875773237950404e-01
2.186875773237950404e-01
2.023386262708590233e-01
2.055864320297177972e-01
2.229674981770654874e-01
2.194451104520178941e-01
2.229674981770654874e-01
1.676459772382851432e-01
3.216344011683729409e-01
3.056027580623397188e-01
1.592897800607344649e-01
2.658263905517151970e-01
2.658263905517151970e-01
2.658263905517151970e-01
2.101747911818419856e-01
2.101747911818419856e-01
2.692669802481346686e-01
2.658684712067668210e-01
2.482571639469237923e-01
2.514305534519990504e-01
2.482571639469237923e-01
2.184631734742052689e-01
1.975383861472303493e-01
1.855447367716702711e-01
2.051990643801434311e-01
2.131263513073568261e-01
2.131263513073568261e-01
2.131263513073568261e-01
2.566459234410105594e-01
2.566459234410105594e-01
2.593981414101790284e-01
2.513075946078998646e-01
2.431894393522589515e-01
2.510186318761430946e-01
2.431894393522589515e-01
1.894258580419709015e-01
2.476339835290314872e-01
2.696472302345990779e-01
2.062647348635880673e-01
2.786556812331735244e-01
2.786556812331735244e-01
2.786556812331735244e-01
2.212696117461788181e-01
2.212696117461788181e-01
2.222540893411710516e-01
2.288764185536614204e-01
1.749495293457806744e-01
1.698875252030237204e-01
1.749495293457806744e-01
2.175009625988637563e-01
2.773392760996060691e-01
2.694587672413349400e-01
2.113207407184718167e-01
2.335129218430907483e-01
2.335129218430907483e-01
2.335129218430907483e-01
1.895481449681978570e-01
1.895481449681978570e-01
2.363855422850055787e-01
2.562018260921304913e-01
3.065471934543488319e-01
2.828368777301176196e-01
3.065471934543488319e-01
3.489121290236026907e-01
2.752045360412369579e-01
2.498991417236197943e-01
3.168292312118508591e-01
1.922383766562281993e-01
1.922383766562281993e-01
1.922383766562281993e-01
1.861754470280198859e-01
1.861754470280198859e-01
2.626026624813794230e-01
2.814240875489370519e-01
2.245141032412511228e-01
2.094987738585794568e-01
2.245141032412511228e-01
1.725356622756275271e-01
2.387271636666712105e-01
2.281341323393883125e-01
1.648797439147360044e-01
2.105435918066680678e-01
2.105435918066680678e-01
2.105435918066680678e-01
2.762600607958883847e-01
2.762600607958883847e-01
2.550514102393232063e-01
2.613845627519274517e-01
2.242198366387661290e-01
2.187871576510164728e-01
2.242198366387661290e-01
2.658742611768434294e-01
2.893942517012053628e-01
2.557789819598797476e-01
2.349910112359877012e-01
2.207902855538277642e-01
2.207902855538277642e-01
2.207902855538277642e-01
1.755648841875979416e-01
1.755648841875979416e-01
2.129569143010007215e-01
2.193468279558944134e-01
2.344639520857941251e-01
2.276336531342423308e-01
2.344639520857941251e-01
2.542844111981892863e-01
2.283732603951356133e-01
2.538834637783458081e-01
2.826889933967444146e-01
2.269571956757246434e-01
2.269571956757246434e-01
2.269571956757246434e-01
2.999496183704731256e-01
2.999496183704731256e-01
2.804196628474760478e-01
2.467810960857994285e-01
2.022456741342754660e-01
2.298136472064949143e-01
2.022456741342754660e-01
2.798824937650322142e-01
2.077025755209877533e-01
1.918659333889815299e-01
2.585423689175076478e-01
1.976136096813613796e-01
1.976136096813613796e-01
1.976136096813613796e-01
2.406977393989518099e-01
2.406977393989518099e-01
1.868329217151915578e-01
1.750374544840451740e-01
2.193425357193382608e-01
2.341236447116987474e-01
2.193425357193382608e-01
2.409072465219944947e-01
2.374803968665401277e-01
2.789397273985633752e-01
2.829648365079501793e-01
2.562173834768450287e-01
2.562173834768450287e-01
2.562173834768450287e-01
2.744756639482788807e-01
2.744756639482788807e-01
2.150787241878382994e-01
2.036540036947151466e-01
1.444172796437065975e-01
1.525188981946478117e-01
1.444172796437065975e-01
2.191884466526176078e-01
1.528491195032280203e-01
1.848595330829087835e-01
2.650919680601446782e-01
2.341597140205826932e-01
2.341597140205826932e-01
2.341597140205826932e-01
2.406927421892498808e-01
2.406927421892498808e-01
1.996676820474044822e-01
2.005581402164136606e-01
2.507979467896129244e-01
2.496844288827926861e-01
2.507979467896129244e-01
2.929615573017800845e-01
2.403949184186698895e-01
2.435339516617920363e-01
2.967869961811723800e-01
2.895350715730698465e-01
2.895350715730698465e-01
2.895350715730698465e-01
2.320452222502312756e-01
2.320452222502312756e-01
1.623998672837518586e-01
1.705389802751613171e-01
2.132749028392181001e-01
2.030961828208417697e-01
2.132749028392181001e-01
2.214218477723563228e-01
1.975031067464549650e-01
2.216518072264605510e-01
2.484950921869280294e-01
2.252889763675234303e-01
2.252889763675234303e-01
2.252889763675234303e-01
3.027464275451800524e-01
3.027464275451800524e-01
2.110640651002921586e-01
2.136651330926929715e-01
3.149816303969111275e-01
3.111471786772465609e-01
3.149816303969111275e-01
2.993081905162995326e-01
1.927153634360299073e-01
1.866407303316158783e-01
2.898736160738933920e-01
2.555163071201979053e-01
2.555163071201979053e-01
2.555163071201979053e-01
2.010089787112786797e-01
2.010089787112786797e-01
2.127748957043665567e-01
2.296704187139618492e-01
2.444357493204330767e-01
2.264540264231778566e-01
2.444357493204330767e-01
2.013135869319697957e-01
2.200322614675656874e-01
2.290879674475203853e-01
2.095989021892267212e-01
2.438539181296769387e-01
2.438539181296769387e-01
2.438539181296769387e-01
2.569823094470778391e-01
2.569823094470778391e-01
2.607599850053667345e-01
2.729529263489243185e-01
2.712599162915119710e-01
2.591426025391298515e-01
2.712599162915119710e-01
2.035254678116684424e-01
2.063017654026459147e-01
1.704439563782552680e-01
1.681502137892567916e-01
2.894108870020105639e-01
2.894108870020105639e-01
2.894108870020105639e-01
1.789202518211655546e-01
1.789202518211655546e-01
1.924739994078153160e-01
1.955331730539361379e-01
2.595732345377949613e-01
2.555121354110635457e-01
2.595732345377949613e-01
2.398951036806891146e-01
2.702175777804066703e-01
2.469279434876219259e-01
2.192189164420732528e-01
2.452055752771268304e-01
2.452055752771268304e-01
2.452055752771268304e-01
2.463643589442968407e-01
2.463643589442968407e-01
2.323390169731947563e-01
2.202238061302405348e-01
2.220061104241453087e-01
2.342193714855858311e-01
2.220061104241453087e-01
2.264595033919275802e-01
2.312178050801647344e-01
2.286688618051664901e-01
2.239630155975288472e-01
1.579403208751129495e-01
1.579403208751129495e-01
1.579403208751129495e-01
2.155330051505246203e-01
2.155330051505246203e-01
2.793096295815731267e-01
2.724857825771862530e-01
2.797802578316870292e-01
2.867867799930792216e-01
2.797802578316870292e-01
1.701013752249680433e-01
2.545377171848555165e-01
2.447366846922132966e-01
1.635515832174744277e-01
2.690934823819917665e-01
2.690934823819917665e-01
2.690934823819917665e-01
1.770718226375845028e-01
1.770718226375845028e-01
2.438211925190993390e-01
2.552547177752699792e-01
2.336414295588803425e-01
2.231760199122654331e-01
2.336414295588803425e-01
2.259876529365365538e-01
2.680241699308649195e-01
2.493456811780989102e-01
2.102386709147737731e-01
2.543298173038371357e-01
2.543298173038371357e-01
2.543298173038371357e-01
2.237464454890308596e-01
2.237464454890308596e-01
2.448306291293284864e-01
2.353160705262890007e-01
2.239054452650681426e-01
2.329586368968574461e-01
2.239054452650681426e-01
3.013669411156881806e-01
2.828649246244439586e-01
2.698191161633706203e-01
2.874678145431209808e-01
1.829129152793874391e-01
1.829129152793874391e-01
1.829129152793874391e-01
2.200266640915335692e-01
2.200266640915335692e-01
2.630039943292142302e-01
2.696568340467417890e-01
1.933343579903230858e-01
1.885645085624470529e-01
1.933343579903230858e-01
1.725554239866461670e-01
3.125847968446252012e-01
3.073360839342314521e-01
1.696579897838964845e-01
2.084631751286416257e-01
2.084631751286416257e-01
2.084631751286416257e-01
2.505403899303819126e-01
2.505403899303819126e-01
2.389460845933909783e-01
2.180630191127023165e-01
1.981474467739895717e-01
2.171232736824204590e-01
1.981474467739895717e-01
2.641780860799655128e-01
2.523471862468636417e-01
2.900937953302610839e-01
3.036943853974678476e-01
2.050068722581615266e-01
2.050068722581615266e-01
2.050068722581615266e-01
2.248405377259442561e-01
2.248405377259442561e-01
2.135674950761091428e-01
1.958487451489513975e-01
1.811630667778855730e-01
1.975531798410711526e-01
1.811630667778855730e-01
2.748723352737135750e-01
2.611932836055727014e-01
2.692615035837095383e-01
2.833630990340922362e-01
2.125457367758469274e-01
2.125457367758469274e-01
2.125457367758469274e-01
2.471831364788778795e-01
2.471831364788778795e-01
2.307794964178254971e-01
2.414499703175195522e-01
1.793595833358181957e-01
1.714330892876804735e-01
1.793595833358181957e-01
2.920832859558702976e-01
2.572495311712059141e-01
2.492511790955664053e-01
2.830018895939467316e-01
1.849842282357657686e-01
1.849842282357657686e-01
1.849842282357657686e-01
2.418510342180304196e-01
2.418510342180304196e-01
1.965354639435170359e-01
2.018931608568688418e-01
2.140471537584405226e-01
2.083669228376102966e-01
2.140471537584405226e-01
3.231587834069378218e-01
2.546620124670317953e-01
2.179229968285578412e-01
2.765380272043035936e-01
2.246154555220829241e-01
2.246154555220829241e-01
2.246154555220829241e-01
3.092690072482784935e-01
3.092690072482784935e-01
2.392961473637884584e-01
2.414156959591757245e-01
2.055570439569796570e-01
2.037523222628912778e-01
2.055570439569796570e-01
2.438498553568445859e-01
2.131027310299802302e-01
2.000063213989727029e-01
2.288638550424427764e-01
2.159309481888271598e-01
2.159309481888271598e-01
2.159309481888271598e-01
3.165928010269807857e-01
3.165928010269807857e-01
1.754253855322146505e-01
1.731169259900857127e-01
2.391852918921763271e-01
2.423747522308898894e-01
2.391852918921763271e-01
2.416901035464463499e-01
1.895210203383935754e-01
2.057915347927333216e-01
2.624393709163766464e-01
2.686812128353162077e-01
2.686812128353162077e-01
2.686812128353162077e-01
2.753005105362882898e-01
2.753005105362882898e-01
2.082666298016794260e-01
2.070100623807739071e-01
2.257137724842468440e-01
2.270838729020308033e-01
2.257137724842468440e-01
2.155802177221745330e-01
1.550994169465119144e-01
1.496255552706865777e-01
2.079718313395071683e-01
2.747536267057278936e-01
2.747536267057278936e-01
2.747536267057278936e-01
2.801130740393866780e-01
2.801130740393866780e-01
2.010538719113734718e-01
1.772715076691186442e-01
2.183125830446107918e-01
2.476009296994235165e-01
2.183125830446107918e-01
2.686062564837293776e-01
2.023029790616120982e-01
2.240679542724137996e-01
2.975045383624857487e-01
2.648022462279187583e-01
2.648022462279187583e-01
2.648022462279187583e-01
2.105281608755186218e-01
2.105281608755186218e-01
2.313426034941709619e-01
2.293734529443140491e-01
2.793810450388363731e-01
2.817795062879303591e-01
2.793810450388363731e-01
2.092623824369485297e-01
1.664846512409123847e-01
1.716158843216171737e-01
2.157120704490509966e-01
2.792222083838500346e-01
2.792222083838500346e-01
2.792222083838500346e-01
2.583251949842345074e-01
2.583251949842345074e-01
2.519001505994771239e-01
2.529635895223703024e-01
2.454391478042077246e-01
2.444073410391726653e-01
2.454391478042077246e-01
1.813319402517640511e-01
2.259463425778374945e-01
2.391387938330731266e-01
1.919194662789427686e-01
3.046103324971463078e-01
3.046103324971463078e-01
3.046103324971463078e-01
2.293057023768029778e-01
2.293057023768029778e-01
1.939004565207722020e-01
2.129444794339846458e-01
2.625212736355457266e-01
2.390435053289438339e-01
2.625212736355457266e-01
2.280829546984653178e-01
2.664676685725779204e-01
2.758353228400903245e-01
2.361011967440137804e-01
2.428552987839887045e-01
2.428552987839887045e-01
2.428552987839887045e-01
1.733422280738041721e-01
1.733422280738041721e-01
2.105525617148632511e-01
2.624731285765246613e-01
3.299840886949921281e-01
2.647089840269819527e-01
3.299840886949921281e-01
2.255151838912153595e-01
1.954035473790439736e-01
1.856165749863670777e-01
2.142200415640833910e-01
1.642825229092819139e-01
1.642825229092819139e-01
1.642825229092819139e-01
2.027139337504001437e-01
2.027139337504001437e-01
2.795081859234331834e-01
2.711079115825158481e-01
2.478282690495087481e-01
2.555072240357298408e-01
2.478282690495087481e-01
2.191331635660654364e-01
2.294714002375702333e-01
2.278237896654948247e-01
2.175597817999281869e-01
2.516564820291944393e-01
2.516564820291944393e-01
2.516564820291944393e-01
2.125825694194650450e-01
2.125825694194650450e-01
2.955195366998913942e-01
3.266097470738094088e-01
2.157228347124770795e-01
1.951880271209779916e-01
2.157228347124770795e-01
2.199874676216338754e-01
3.309239770818425130e-01
2.908577896231017146e-01
1.933527728677925661e-01
1.993193724558036950e-01
1.993193724558036950e-01
1.993193724558036950e-01
1.856427521396337710e-01
1.856427521396337710e-01
2.645279521181626015e-01
2.155979821857697265e-01
2.114503329994129321e-01
2.594389937974573845e-01
2.114503329994129321e-01
2.472271298955845686e-01
2.571783189919579771e-01
2.461415079250989235e-01
2.366173742445076555e-01
1.979394815013111597e-01
1.979394815013111597e-01
1.979394815013111597e-01
2.424041044699444258e-01
2.424041044699444258e-01
2.487625382708271715e-01
2.481929774774251918e-01
2.226865678224792811e-01
2.231975957312381798e-01
2.226865678224792811e-01
2.361855008331366357e-01
2.700481665920971275e-01
2.857627976094629929e-01
2.499295970959739266e-01
1.871291742250169865e-01
1.871291742250169865e-01
1.871291742250169865e-01
2.740222501985267733e-01
2.740222501985267733e-01
2.938197689633555432e-01
2.762736741322372458e-01
1.581171383395109376e-01
1.681591313467859505e-01
1.581171383395109376e-01
2.753329746699737512e-01
2.864936457601168773e-01
3.009605202857425499e-01
2.892362763880612642e-01
1.659462820963343577e-01
1.659462820963343577e-01
1.659462820963343577e-01
2.057886548932051085e-01
2.057886548932051085e-01
2.324837132941754703e-01
2.000041651786946262e-01
2.018725255490408932e-01
2.346554848484413425e-01
2.018725255490408932e-01
2.285765337361978233e-01
2.269124496948218550e-01
2.411260849446766608e-01
2.428944060326361509e-01
3.076777165775553269e-01
3.076777165775553269e-01
3.076777165775553269e-01
1.984702743881111009e-01
1.984702743881111009e-01
1.900721450798516510e-01
2.007289434139965800e-01
2.526806758738303627e-01
2.392657345109940603e-01
2.526806758738303627e-01
2.359521127001411034e-01
2.999217268344804288e-01
3.118934029042409461e-01
2.453703775622283478e-01
2.288544143815267329e-01
2.288544143815267329e-01
2.288544143815267329e-01
1.930066182387776830e-01
1.930066182387776830e-01
2.292937584157774822e-01
2.460169085159924773e-01
2.664151386036918145e-01
2.483054063145004042e-01
2.664151386036918145e-01
2.150789665133513995e-01
1.904692049009966137e-01
1.808803939066931377e-01
2.042512237303716616e-01
1.716261286671093567e-01
1.716261286671093567e-01
1.716261286671093567e-01
2.248094359616196469e-01
2.248094359616196469e-01
2.820764076608922588e-01
2.881870510123614726e-01
2.700530004264856676e-01
2.643268667719598786e-01
2.700530004264856676e-01
2.031084219788055756e-01
2.565851624592390690e-01
2.494157887856593425e-01
1.974332685152903333e-01
2.698186461317941265e-01
2.698186461317941265e-01
2.698186461317941265e-01
2.365958198348512564e-01
2.365958198348512564e-01
2.829628678083000448e-01
2.634611044357935139e-01
1.799619237857748855e-01
1.932829597741688721e-01
1.799619237857748855e-01
2.221947615381334729e-01
2.678094737261285108e-01
2.482543667927921138e-01
2.059703828354264299e-01
2.177607460854944499e-01
2.177607460854944499e-01
2.177607460854944499e-01
2.167902498904459851e-01
2.167902498904459851e-01
2.541375030476932806e-01
2.309304118250835869e-01
2.704153006702295081e-01
2.975903812542316507e-01
2.704153006702295081e-01
2.511928082492383973e-01
2.219620167357259644e-01
2.232881337835231905e-01
2.526935653166063056e-01
1.681053633656090507e-01
1.681053633656090507e-01
1.681053633656090507e-01
2.213443066035419848e-01
2.213443066035419848e-01
2.396703616639426215e-01
2.382630616036042204e-01
2.078617254392270963e-01
2.090894600984892771e-01
2.078617254392270963e-01
2.481373360864995437e-01
2.554548614248478011e-01
2.396749344198545739e-01
2.328094263774476147e-01
1.883364387869682077e-01
1.883364387869682077e-01
1.883364387869682077e-01
3.223140588381052662e-01
3.223140588381052662e-01
3.063763325778533497e-01
2.999084972606358979e-01
2.012613678256065797e-01
2.056017762992040643e-01
2.012613678256065797e-01
2.738203550257455321e-01
2.783408304806148648e-01
2.795415235302918799e-01
2.750015478696837268e-01
1.647101435675658032e-01
1.647101435675658032e-01
1.647101435675658032e-01
1.443057252135929447e-01
1.443057252135929447e-01
2.200475812840955447e-01
2.093561265867718013e-01
2.236952440729813862e-01
2.351189726593134466e-01
2.236952440729813862e-01
2.378101082245937248e-01
2.560721864264929870e-01
2.736183875191611770e-01
2.541049820998386166e-01
2.069971927131349365e-01
2.069971927131349365e-01
2.069971927131349365e-01
2.436341723796175696e-01
2.436341723796175696e-01
2.626862650407778554e-01
2.751676502559755599e-01
2.512436849537284522e-01
2.398474717292592984e-01
2.512436849537284522e-01
2.890944892619738416e-01
1.777222669221150686e-01
1.793663254583758859e-01
2.917688207967241154e-01
2.165400314300096329e-01
2.165400314300096329e-01
2.165400314300096329e-01
2.495295383746481688e-01
2.495295383746481688e-01
1.982378836501588193e-01
1.813606213187982374e-01
2.049027795655423978e-01
2.239708547519067838e-01
2.049027795655423978e-01
2.679822974057421980e-01
2.992964795256764510e-01
3.030313302359294303e-01
2.713263857671797674e-01
2.392459574887881579e-01
2.392459574887881579e-01
2.392459574887881579e-01
2.094331695656580783e-01
2.094331695656580783e-01
2.075569488906760240e-01
2.207912306060272056e-01
2.141200762269336311e-01
2.012856651775377370e-01
2.141200762269336311e-01
2.591017031767689494e-01
1.839103212572240631e-01
1.699310211742818266e-01
2.394069930813875757e-01
1.889774725959482982e-01
1.889774725959482982e-01
1.889774725959482982e-01
2.758905369156702814e-01
2.758905369156702814e-01
1.795446698087595216e-01
2.240159249000951980e-01
2.620256411458807833e-01
2.100087627339286833e-01
2.620256411458807833e-01
2.524493126338389626e-01
2.347994822525262815e-01
2.270123606919781933e-01
2.440768346943763822e-01
2.515629933235903892e-01
2.515629933235903892e-01
2.515629933235903892e-01
2.479660691366578629e-01
2.479660691366578629e-01
2.200557670717780689e-01
2.243200275096335350e-01
2.054361079982903182e-01
2.015308255428194528e-01
2.054361079982903182e-01
2.060482496194985247e-01
2.061130201624303548e-01
1.874695016398366665e-01
1.874105897797571363e-01
2.891891863189171574e-01
2.891891863189171574e-01
2.891891863189171574e-01
3.370687492278300890e-01
3.370687492278300890e-01
1.502385256016053605e-01
1.540883028091192264e-01
2.762318046039231034e-01
2.693303663638513257e-01
2.762318046039231034e-01
2.754109690042410574e-01
2.042223540722892250e-01
2.106099721719234819e-01
2.840252076288069527e-01
2.320335214234368337e-01
2.320335214234368337e-01
2.320335214234368337e-01
2.246987558709694355e-01
2.246987558709694355e-01
2.476255878828337309e-01
1.953190077366508126e-01
2.107850812980442412e-01
2.672334878115643075e-01
2.107850812980442412e-01
2.378709365062794678e-01
2.347138483962684097e-01
2.396961859172799525e-01
2.429202904332471435e-01
2.590843467354845830e-01
2.590843467354845830e-01
2.590843467354845830e-01
2.481535074964724696e-01
2.481535074964724696e-01
2.905378495760557733e-01
2.651456107008378638e-01
2.626598078429666638e-01
2.878139884686177208e-01
2.626598078429666638e-01
1.862900944319640928e-01
1.554986424638871156e-01
1.706295600448251015e-01
2.044171984396394026e-01
2.580188734357224956e-01
2.580188734357224956e-01
2.580188734357224956e-01
1.587432056737241581e-01
1.587432056737241581e-01
2.028088654408820579e-01
2.113854712487907295e-01
2.716604454039904804e-01
2.606382850820603281e-01
2.716604454039904804e-01
1.893703630441216368e-01
2.589801405608382900e-01
2.804004685877883873e-01
2.050332447083425547e-01
2.477516423171991777e-01
2.477516423171991777e-01
2.477516423171991777e-01
2.223786706548132874e-01
2.223786706548132874e-01
2.815115684214827829e-01
3.244927484968954667e-01
2.427591785742679587e-01
2.106041426987599330e-01
2.427591785742679587e-01
2.000421054553454814e-01
2.228140607483909408e-01
2.033366395141786853e-01
1.825553079909237597e-01
2.268626261032363478e-01
2.268626261032363478e-01
2.268626261032363478e-01
2.061893594031390664e-01
2.061893594031390664e-01
2.580064525474639603e-01
2.622428392486841342e-01
3.045763958951531736e-01
2.996561342141384476e-01
3.045763958951531736e-01
2.241490955370852023e-01
3.133374479093347098e-01
2.925528407756598503e-01
2.092806177308354776e-01
2.183117319570718196e-01
2.183117319570718196e-01
2.183117319570718196e-01
2.137575144381702041e-01
2.137575144381702041e-01
2.939254143894561855e-01
2.776036418157931118e-01
2.108278891745387074e-01
2.232235653867968572e-01
2.108278891745387074e-01
1.675069075392956464e-01
2.393592358270734410e-01
2.265306829842927139e-01
1.585293086282968389e-01
2.024906614766984747e-01
2.024906614766984747e-01
2.024906614766984747e-01
2.446447168009483752e-01
2.446447168009483752e-01
3.122242165138865433e-01
2.828438958144119386e-01
2.470134363236705100e-01
2.726718793152442255e-01
2.470134363236705100e-01
2.429634239945111240e-01
2.480220551733444689e-01
2.353700483824023026e-01
2.305694661741846674e-01
2.261360128046729645e-01
2.261360128046729645e-01
2.261360128046729645e-01
1.876498105147670903e-01
1.876498105147670903e-01
1.857913155372234448e-01
1.943831468982056832e-01
2.292735391496487640e-01
2.191395351717168316e-01
2.292735391496487640e-01
3.191966752598605073e-01
2.774734609821465359e-01
2.456253010116332125e-01
2.825595614265266065e-01
2.354058180916673571e-01
2.354058180916673571e-01
2.354058180916673571e-01
2.648886394477230621e-01
2.648886394477230621e-01
2.346814140192485243e-01
2.547101966645496929e-01
1.739942375634119243e-01
1.603124422865544740e-01
1.739942375634119243e-01
2.197553760212483109e-01
2.972678231969960172e-01
2.694966329177905795e-01
1.992255107410759452e-01
2.041135039541109586e-01
2.041135039541109586e-01
2.041135039541109586e-01
2.120462763967560782e-01
2.120462763967560782e-01
2.705130767403685632e-01
2.773257835906643431e-01
2.299790074314391752e-01
2.243294081079771352e-01
2.299790074314391752e-01
1.825007837559899648e-01
2.345934018885697525e-01
2.357818242939621611e-01
1.834253111240713163e-01
2.561797965755725492e-01
2.561797965755725492e-01
2.561797965755725492e-01
2.591644496062038838e-01
2.591644496062038838e-01
2.115768037717780659e-01
1.968645818095896560e-01
2.016000642664820264e-01
2.166661816239895955e-01
2.016000642664820264e-01
2.264406918655254008e-01
1.950882993029757206e-01
1.838962905640036671e-01
2.134500296306674205e-01
2.723074561393544202e-01
2.723074561393544202e-01
2.723074561393544202e-01
3.146985230012334656e-01
3.146985230012334656e-01
2.658933605539549605e-01
2.349430944435465518e-01
1.787340705870067714e-01
2.022796319526914688e-01
1.787340705870067714e-01
2.164507713635068498e-01
2.555088290344036950e-01
2.740568947602952665e-01
2.321635087622199167e-01
1.618964300489883212e-01
1.618964300489883212e-01
1.618964300489883212e-01
2.580772636329783376e-01
2.580772636329783376e-01
2.601439367584434947e-01
2.428864520280865913e-01
2.076507578672828203e-01
2.224046881635979023e-01
2.076507578672828203e-01
2.409369486024228735e-01
2.407052141037968607e-01
2.376974784202118274e-01
2.379263172768666668e-01
2.424049187128242411e-01
2.424049187128242411e-01
2.424049187128242411e-01
2.263708215320744677e-01
2.263708215320744677e-01
3.132015026078294739e-01
3.048299748558275790e-01
2.642510442487538969e-01
2.715081552053459912e-01
2.642510442487538969e-01
1.762281764018166774e-01
1.679283301933393868e-01
1.971256318086451464e-01
2.068685526480114611e-01
1.767468550980582642e-01
1.767468550980582642e-01
1.767468550980582642e-01
2.797155004832164726e-01
2.797155004832164726e-01
2.664651172112138533e-01
2.682946828304610398e-01
1.982593050345245189e-01
1.969073274091750481e-01
1.982593050345245189e-01
2.347431368011013153e-01
2.088866690386075309e-01
2.450116141622146471e-01
2.753397099290679217e-01
2.232595475437124111e-01
2.232595475437124111e-01
2.232595475437124111e-01
2.378791945616120507e-01
2.378791945616120507e-01
2.587077424667789116e-01
