-4.531578393853914349e+03
-4.383549018331710613e+03
-4.531578393853914349e+03
-4.280417177925164651e+03
-4.182536074599389394e+03
-4.608334580856525463e+03
-4.357525189351953486e+03
-4.184519697742224707e+03
-4.443332405980167096e+03
-4.432835375881018081e+03
-3.330972293121416897e+03
-3.724841933843204515e+03
-3.550584655731132898e+03
-3.191276288861330158e+03
-5.147127884254338824e+03
-5.317875937073095884e+03
-5.147127884254338824e+03
-3.904013147717303582e+03
-4.008033219696982542e+03
-3.303639968166631661e+03
-3.352973976649622273e+03
-4.054335418699626189e+03
-3.986200511463210660e+03
-3.945466964306225691e+03
-3.142094500401263304e+03
-4.177422665727944150e+03
-4.355236215249726229e+03
-3.269762221970343489e+03
-3.334429793898191292e+03
-3.392882657823035970e+03
-3.334429793898191292e+03
-3.599449281017063186e+03
-3.648562648199883824e+03
-4.871658506884105009e+03
-4.919639519809932608e+03
-3.209129409549429056e+03
-3.160384516535017610e+03
-3.203645812189671688e+03
-3.698298482102759863e+03
-4.081799227040249662e+03
-3.832112408299119124e+03
-3.470983349756218104e+03
-4.321144458288905298e+03
-4.402781895025051199e+03
-4.321144458288905298e+03
-2.940063732218745827e+03
-2.988874969253643940e+03
-4.394402045621273828e+03
-4.414314032543924441e+03
-4.332797432309884243e+03
-4.329519774919168412e+03
-4.361584512124371031e+03
-2.920189970843342508e+03
-4.855495028071343768e+03
-4.790043174635230571e+03
-2.874343096469056945e+03
-2.791325939835531699e+03
-2.784249067264886435e+03
-2.791325939835531699e+03
-4.305126305166487327e+03
-4.293575900491394350e+03
-5.604328723464935138e+03
-5.473984344689425598e+03
-3.586207195493265317e+03
-3.668605426223476115e+03
-3.703237397513217275e+03
-3.985956904857994687e+03
-4.098229609841867386e+03
-3.968519923644657865e+03
-3.888709286617082853e+03
-4.118024258310741970e+03
-4.246921747932028666e+03
-4.118024258310741970e+03
-3.840602304669729165e+03
-3.960146485110611593e+03
-4.317700112412613635e+03
-4.265635759260511804e+03
-3.565612707487889111e+03
-3.619807758607468259e+03
-3.643443546517317372e+03
-3.502225405713308646e+03
-4.853893494968397135e+03
-5.064274072746026832e+03
-3.631101692575843572e+03
-3.756626929927436777e+03
-3.594696517823616887e+03
-3.756626929927436777e+03
-4.882119456469011311e+03
-4.686275567205836523e+03
-5.189168294916530613e+03
-5.375839335733494408e+03
-3.430556105245577783e+03
-3.312791846876185446e+03
-3.323319779505020506e+03
-4.498197623804766408e+03
-4.167301002788522055e+03
-4.168991247488830595e+03
-4.501652043469754062e+03
-4.079808799345844818e+03
-4.069636769722997087e+03
-4.079808799345844818e+03
-3.219361831341937432e+03
-3.208887533404662008e+03
-2.760178233845183513e+03
-2.677894292522265914e+03
-2.778098541844293322e+03
-2.870098349222734669e+03
-2.898559785163940887e+03
-4.904653590840790457e+03
-4.922071392622800886e+03
-4.583183578667149959e+03
-4.576639660859187643e+03
-3.315450638378190433e+03
-3.308353662415445342e+03
-3.315450638378190433e+03
-5.072061395011785862e+03
-5.060067994126357007e+03
-5.700077122398867687e+03
-5.605830261058393262e+03
-2.425979287447378738e+03
-2.471333161115573603e+03
-2.457400737524279975e+03
-4.023082174235751609e+03
-2.938351853668269541e+03
-3.248698713984815186e+03
-4.415609969389426624e+03
-4.130938652473210823e+03
-4.063334338085304353e+03
-4.130938652473210823e+03
-4.373977725442883639e+03
-4.302311402469153109e+03
-3.449698575001150857e+03
-3.389963750770592924e+03
-3.680427128133017050e+03
-3.744414242587902208e+03
-3.733925513875802608e+03
-4.161484007768261108e+03
-4.288132630476279701e+03
-4.312038009025928659e+03
-4.182922605437254788e+03
-4.478101909129652086e+03
-4.335928849616773732e+03
-4.478101909129652086e+03
-6.381664950624464836e+03
-6.210115893174008306e+03
-3.383733562130764767e+03
-3.593840913478592483e+03
-3.058630790204954792e+03
-2.879805393465530869e+03
-2.856961213690627119e+03
-3.299526480260613880e+03
-3.696833390575377962e+03
-3.661941681541718935e+03
-3.282830381838728954e+03
-3.730292649991501548e+03
-3.741123232315572295e+03
-3.730292649991501548e+03
-4.756926442202148792e+03
-4.770635604314291413e+03
-3.289586357526699430e+03
-3.086789366010725644e+03
-4.478639672319248348e+03
-4.784050681295549111e+03
-4.686015928894716126e+03
-4.200850634772751619e+03
-3.553089513669895950e+03
-3.385544657840915988e+03
-3.953045557341505628e+03
-4.681661181302176374e+03
-4.589577829513274082e+03
-4.681661181302176374e+03
-5.681848925486973712e+03
-5.572874916915459835e+03
-3.778008505922386121e+03
-3.777358044438664365e+03
-3.362260415236298286e+03
-3.360798572179078747e+03
-3.385378613238009621e+03
-3.258629409212106111e+03
-2.741811858593468060e+03
-2.907875157049886184e+03
-3.456181872309138726e+03
-4.558243997323350413e+03
-4.685841484663165829e+03
-4.558243997323350413e+03
-5.203160121211255500e+03
-5.336082704258347803e+03
-3.854461742984638931e+03
-3.841163339223503044e+03
-4.449259221185989190e+03
-4.464856537268444299e+03
-4.447373106247881879e+03
-3.874550890858356979e+03
-3.981106545149952126e+03
-3.968287974121612024e+03
-3.848471158996474060e+03
-4.100156911611703435e+03
-3.949498598054584818e+03
-4.100156911611703435e+03
-3.298559209854094661e+03
-3.195759412951411832e+03
-2.559464242571722934e+03
-2.703626340069400158e+03
-6.020278122676291787e+03
-5.707374687613963033e+03
-5.792597241948534247e+03
-2.940540840165291229e+03
-2.337611438682213247e+03
-2.321741423642113659e+03
-2.919418661569137839e+03
-5.028968752643381777e+03
-5.077293468203931297e+03
-5.028968752643381777e+03
-4.953326560766355215e+03
-4.999445669401434316e+03
-4.203326708390947715e+03
-4.068929115480915243e+03
-4.526965540227815836e+03
-4.684796025470676796e+03
-4.742913810061925687e+03
-3.779899736030980876e+03
-5.023392274998696848e+03
-4.595159335621287937e+03
-3.412072447826365533e+03
-4.263504693054698691e+03
-4.184052168864810483e+03
-4.263504693054698691e+03
-3.919215740110153092e+03
-3.865340104244846316e+03
-4.150492657272865472e+03
-4.038795924586713681e+03
-3.920919909612835454e+03
-4.043001734088079502e+03
-4.019155367679695246e+03
-2.888454991209699074e+03
-3.706290011109107581e+03
-3.871690988132457733e+03
-2.996371846766980525e+03
-4.710575821575946975e+03
-4.540473037253535040e+03
-4.710575821575946975e+03
-3.598420398591767025e+03
-3.489190838795943819e+03
-3.688169726965623795e+03
-3.685498119587535712e+03
-4.326377183307246014e+03
-4.329458103554215086e+03
-4.279753175538745381e+03
-4.533670824958482626e+03
-3.541153107239986639e+03
-3.674762033419563522e+03
-4.702007506406121138e+03
-3.239788228351935231e+03
-3.125159922033863495e+03
-3.239788228351935231e+03
-4.124149086067476674e+03
-3.985411142513352388e+03
-5.616468029043384377e+03
-5.644016136314726282e+03
-4.002649015632202918e+03
-3.980085486427617070e+03
-3.967919324164485715e+03
-2.693190161705584160e+03
-3.034245781037269808e+03
-3.013488218456941013e+03
-2.669814125279762720e+03
-4.662837734784361601e+03
-4.815257659708450774e+03
-4.662837734784361601e+03
-4.495756643877701208e+03
-4.616261341530773279e+03
-3.553444339771227988e+03
-3.660621202226159767e+03
-3.444231831284944747e+03
-3.343872203805203299e+03
-3.350957999078008470e+03
-3.697906630859362394e+03
-5.771187057698802164e+03
-5.952024292533739754e+03
-3.807580418179863500e+03
-3.788781350546502381e+03
-3.804128581053722428e+03
-3.788781350546502381e+03
-3.112959420367043549e+03
-3.126640057356199577e+03
-5.066485456808529307e+03
-5.083301407508312877e+03
-4.292391781297819762e+03
-4.263896618619736728e+03
-4.324003969800433879e+03
-3.292669217912898603e+03
-3.718663511321549322e+03
-3.824930745242655576e+03
-3.415529655673958587e+03
-3.870079923181816866e+03
-3.810094680147706640e+03
-3.870079923181816866e+03
-4.671511510371717122e+03
-4.599613488770758522e+03
-2.978149589639474016e+03
-3.020966545491978195e+03
-4.856544976358285567e+03
-4.788405360757612470e+03
-4.755884006965460685e+03
-3.335148223916924053e+03
-4.073574709677025567e+03
-4.120262526178369626e+03
-3.374871381199486223e+03
-4.032205214151758810e+03
-4.170320721811980547e+03
-4.032205214151758810e+03
-2.655400639592574407e+03
-2.734267816231301367e+03
-3.632527271673900032e+03
-3.805547498180783805e+03
-4.707323997221120408e+03
-4.464999627178114679e+03
-4.515771216494526925e+03
-3.220508602242440247e+03
-3.551733807233661537e+03
-3.645420051860769490e+03
-3.304089585744226042e+03
-5.424394725940394892e+03
-5.425356304509959955e+03
-5.424394725940394892e+03
-5.090088077593608432e+03
-5.090966710936314485e+03
-4.143441609258328754e+03
-3.762470840440023039e+03
-4.503141282733540720e+03
-4.954591748638566969e+03
-4.960889918796934580e+03
-3.631722077369171529e+03
-3.844911659639213667e+03
-3.811375144039051520e+03
-3.605299879463642810e+03
-4.038696205973606993e+03
-4.121601466851970144e+03
-4.038696205973606993e+03
-3.699190736674501295e+03
-3.767985813028387383e+03
-4.540272814383847617e+03
-4.477811892216917840e+03
-4.171775616940459258e+03
-4.229884785167560040e+03
-4.240082412859993383e+03
-3.447218712209166824e+03
-4.227042795699623639e+03
-4.216600767785736934e+03
-3.489857907916334170e+03
-4.844940065301613686e+03
-4.888179896046648537e+03
-4.844940065301613686e+03
-3.021089051535718681e+03
-3.045421546602044600e+03
-4.074906409455235917e+03
-4.006104861995677311e+03
-4.897966280373811060e+03
-4.978149777694328805e+03
-4.968297773066902664e+03
-2.401240818444571232e+03
-3.310716800577235517e+03
-3.237155828140267658e+03
-2.322788646295512535e+03
-3.692800667288930526e+03
-3.743385138671505956e+03
-3.692800667288930526e+03
-3.889140948959174239e+03
-3.936634802176015000e+03
-4.693994517584655114e+03
-5.005727803310915988e+03
-4.367247152437564182e+03
-4.092993247164637978e+03
-4.073091970557922650e+03
-3.117734138155145502e+03
-4.070978845083122451e+03
-4.073708262586237652e+03
-3.109977957445686570e+03
-4.980273059037093844e+03
-5.026733486741049092e+03
-4.980273059037093844e+03
-4.090904040058124792e+03
-4.129832497975614388e+03
-3.395519737048370644e+03
-3.484966029972300021e+03
-3.560469411010134536e+03
-3.478276306855719668e+03
-3.490664579504463745e+03
-2.866505906436214900e+03
-4.695671113138907458e+03
-4.574977951811264575e+03
-2.788638283913116538e+03
-3.459816561904202899e+03
-3.325859407733132684e+03
-3.459816561904202899e+03
-4.594273092932670806e+03
-4.479990506440844001e+03
-4.482529838032784028e+03
-4.477877698261346268e+03
-4.123761098560651590e+03
-4.111695442380871100e+03
-4.179364511630756169e+03
-5.135375289509572212e+03
-3.940144774354210767e+03
-3.889316371192958741e+03
-5.047236138362775819e+03
-4.458627448884767546e+03
-4.514036534048681460e+03
-4.458627448884767546e+03
-3.949808101201688260e+03
-4.014733118808373547e+03
-4.049390488833225390e+03
-4.246387419926917573e+03
-4.661633394687226428e+03
-4.468506802403298934e+03
-4.503916683433516482e+03
-2.596733786142980534e+03
-4.022107063728886260e+03
-4.090173549709222698e+03
-2.644197580192525947e+03
-3.766352406085268285e+03
-3.674987356735054163e+03
-3.766352406085268285e+03
-4.693665583257626167e+03
-4.559938511621903672e+03
-4.732513229879857136e+03
-4.615543260903095870e+03
-3.853714302800159203e+03
-3.951318832714890050e+03
-3.960669156113325698e+03
-3.981368080736742741e+03
-4.337959886729003301e+03
-4.185845768647476689e+03
-3.846489431679256995e+03
-4.596218737839145433e+03
-4.672523163126194049e+03
-4.596218737839145433e+03
-3.179084401601908212e+03
-3.228237314979411622e+03
-1.976699962268397030e+03
-2.049350841335035511e+03
-4.142627882181884161e+03
-4.017737597366076898e+03
-4.032460739947392085e+03
-4.108000814011838884e+03
-4.761313447116927819e+03
-4.561239580741031205e+03
-3.917555866973362299e+03
-3.910149047947866165e+03
-4.013010260029640904e+03
-3.910149047947866165e+03
-4.179020861279384917e+03
-4.312398657595308578e+03
-5.130676045536630227e+03
-4.896654628635868903e+03
-4.098802287405524112e+03
-4.285725970759026495e+03
-4.224249166245034758e+03
-5.256254155905104199e+03
-2.923852039324839552e+03
-2.751400522514946260e+03
-4.954647161516372762e+03
-3.524286319408233794e+03
-3.585867487906943552e+03
-3.524286319408233794e+03
-3.922366914265322976e+03
-4.001660325619643118e+03
-2.835367524086472258e+03
-2.838786490763074198e+03
-3.953683017572428980e+03
-3.952482049429350354e+03
-3.914401116790082597e+03
-4.052467071303200555e+03
-4.429270165011691461e+03
-4.746144473472692880e+03
-4.353757837646586268e+03
-3.867712985166027465e+03
-3.969809941966634142e+03
-3.867712985166027465e+03
-3.762180594204105091e+03
-3.883891833076384046e+03
-4.311367069972815443e+03
-4.349543339345869754e+03
-2.979221111083299093e+03
-2.954150396214571629e+03
-2.936395346998400328e+03
-4.347772502456568873e+03
-2.588353633551299026e+03
-2.556476589936626169e+03
-4.297460826624464971e+03
-4.181267778926668143e+03
-4.134339361547060435e+03
-4.181267778926668143e+03
-4.386636748610620998e+03
-4.323791537270789377e+03
-3.268850982898756229e+03
-3.301149420539120001e+03
-3.447662436120836901e+03
-3.413171929538312270e+03
-3.415530955336796069e+03
-5.452538006404583939e+03
-4.885142268438500651e+03
-4.859570250096289783e+03
-5.419326240851075454e+03
-4.569392019450562657e+03
-4.607470461770893962e+03
-4.569392019450562657e+03
-3.408003147068130147e+03
-3.441284935796464197e+03
-3.163666390453422082e+03
-3.141953291668130078e+03
-4.479983427131380267e+03
-4.512858681279788470e+03
-4.538793881964985303e+03
-3.898616990733883540e+03
-2.963012570336141835e+03
-3.023872644661099457e+03
-3.977713155236530383e+03
-4.157521821466467372e+03
-4.210093905322039063e+03
-4.157521821466467372e+03
-5.105519545534888493e+03
-5.183334575077316913e+03
-3.084383971340876087e+03
-3.142462286115725419e+03
-5.403816837179201684e+03
-5.299874090519223500e+03
-5.309121092495630364e+03
-4.663113909245755167e+03
-3.279522552300552434e+03
-3.190620218959672457e+03
-4.504403279316362386e+03
-4.127822858973878283e+03
-4.087473743069652301e+03
-4.127822858973878283e+03
-3.276469591406861127e+03
-3.242596198845893468e+03
-4.306710549826661918e+03
-4.404707549817814652e+03
-5.155727116850491257e+03
-5.050000498892418364e+03
-5.094107331447315119e+03
-2.650175265101352579e+03
-3.616756099837414240e+03
-3.884632081033382292e+03
-2.859726624944643390e+03
-5.447558726121236759e+03
-5.484364612375871729e+03
-5.447558726121236759e+03
-4.874944694471875664e+03
-4.911488432940166604e+03
-3.549456686928047930e+03
-3.473137010413662210e+03
-4.425359958336063755e+03
-4.526445563945909271e+03
-4.556345618405694950e+03
-3.233691203072214194e+03
-3.676067394017011338e+03
-3.395068826992926006e+03
-2.975889751188613445e+03
-4.763831358997186726e+03
-4.768807444640504400e+03
-4.763831358997186726e+03
-2.613628733173456112e+03
-2.615941064364274098e+03
-3.993863358300025084e+03
-3.923380790572733076e+03
-5.137164915795261550e+03
-5.229410602151278908e+03
-5.238959781579693299e+03
-3.889278058822987532e+03
-3.746890160540049237e+03
-3.866203863066393751e+03
-4.003893538453921792e+03
-4.537655751073041756e+03
-4.384845405220020439e+03
-4.537655751073041756e+03
-3.675939790335427006e+03
-3.562011956466545598e+03
-3.057436099360282242e+03
-3.043838510007268269e+03
-4.442172325987670774e+03
-4.453440607636190180e+03
-4.422978556426892283e+03
-3.607928518823975082e+03
-4.048192949596698327e+03
-3.844457805325428126e+03
-3.420993634714029213e+03
-2.831475395801750437e+03
-2.729896907047804689e+03
-2.831475395801750437e+03
-3.362936528179975539e+03
-3.253602735145878796e+03
-5.398672018281364217e+03
-5.577215880636726979e+03
-5.687236887935452614e+03
-5.505755473302182509e+03
-5.488005670928278960e+03
-3.620886984205937551e+03
-4.201644979550012977e+03
-4.022087452715553809e+03
-3.487498376158815972e+03
-4.380655865751320562e+03
-4.331456007072834836e+03
-4.380655865751320562e+03
-2.509171398551775837e+03
-2.482770181480597330e+03
-4.385890722711272247e+03
-4.286448808767463561e+03
-3.521898701069664639e+03
-3.600151802108591710e+03
-3.624372217406578329e+03
-3.843649733859142088e+03
-4.769252747694330537e+03
-4.764584741050087359e+03
-3.834975782059094854e+03
-3.853127285509249305e+03
-3.873510064099728879e+03
-3.853127285509249305e+03
-3.790224945895417477e+03
-3.810314874541876634e+03
-5.229377481393109520e+03
-5.142216012684811176e+03
-4.348990838498932135e+03
-4.422452204416144014e+03
-4.400990322764577286e+03
-5.606840472196586234e+03
-3.677919954224390494e+03
-3.956175807717555927e+03
-5.990348813340909146e+03
-3.668661600066498977e+03
-3.510245109197700913e+03
-3.668661600066498977e+03
-3.154882224233556826e+03
-3.006703910246327268e+03
-4.410208140711796659e+03
-4.455304902481821955e+03
-3.449412076925200836e+03
-3.420477216547948046e+03
-3.431483425999770134e+03
-2.948981264127752638e+03
-5.429513467942168063e+03
-5.534175525257107438e+03
-3.006955180127325548e+03
-3.389777166178255356e+03
-3.462457880888858199e+03
-3.389777166178255356e+03
-5.632957513265024318e+03
-5.718552583415030313e+03
-4.075628330826838010e+03
-4.162534372119325781e+03
-3.125184175955642331e+03
-3.066184467449919794e+03
-3.017101491861862087e+03
-5.085951362349335795e+03
-3.478762858643677191e+03
-3.433536886243518893e+03
-5.026276084499378157e+03
-3.965130478643145580e+03
-3.973043710353717870e+03
-3.965130478643145580e+03
-2.874423640028246609e+03
-2.881346378348731378e+03
-3.473632912701165424e+03
-3.218242945700401833e+03
-2.984206263653254155e+03
-3.223584442090435005e+03
-3.187426192208583416e+03
-4.856460535465572320e+03
-5.295508072726473074e+03
-5.344866220445783256e+03
-4.931970175507743988e+03
-3.486448975621307909e+03
-3.490673792260109622e+03
-3.486448975621307909e+03
-4.165329583774434468e+03
-4.171562110246108205e+03
-4.756761975832710959e+03
-4.677483774039287709e+03
-3.074917306651494528e+03
-3.128915879790698455e+03
-3.146656912120354264e+03
-5.110014245877284338e+03
-2.820670163173892888e+03
-2.720248959541392651e+03
-4.965410705637640604e+03
-3.487474608385763531e+03
-3.549013250979598524e+03
-3.487474608385763531e+03
-2.858521679958028471e+03
-2.940922749498097346e+03
-3.003115662439927291e+03
-3.035641006641270906e+03
-4.453755904069873395e+03
-4.410163367428418496e+03
-4.424424306907504615e+03
-4.588651910698852589e+03
-4.370933739468756357e+03
-4.320115295753209466e+03
-4.473176809958601552e+03
-3.964520089147050840e+03
-4.109864748933855481e+03
-3.964520089147050840e+03
-4.841478004262191462e+03
-5.045970355563378689e+03
-4.605661965441403481e+03
-4.666334503410649631e+03
-3.699361204018170611e+03
-3.650779621962036344e+03
-3.654662453499945514e+03
-4.801938174487098877e+03
-3.020458139532532186e+03
-2.878480791834881074e+03
-4.597587507128640027e+03
-3.910240839374332154e+03
-3.891357140513062859e+03
-3.910240839374332154e+03
-4.596266885668900613e+03
-4.569234976877729423e+03
-2.723900688328679280e+03
-2.763240827183517013e+03
-3.973304326638887687e+03
-3.916774616325497391e+03
-3.910293259713604584e+03
-5.110219789380415023e+03
-4.741455130579946854e+03
-4.689485906584553049e+03
-5.018883316684477904e+03
-4.590080686095328929e+03
-4.681678371504624920e+03
-4.590080686095328929e+03
-4.038028664430281424e+03
-4.109079203303447684e+03
-3.961746898975175554e+03
-3.944149433441507881e+03
-3.974606032031701488e+03
-3.992700479298676782e+03
-3.989461151636070554e+03
-4.223221767244164766e+03
-2.446138113871655150e+03
-2.351106453524655080e+03
-4.065748227984527148e+03
-4.595902755855910982e+03
-4.717495466198501163e+03
-4.595902755855910982e+03
-3.705787490478237942e+03
-3.834546411973813974e+03
-3.239967200005784889e+03
-3.353913868331327649e+03
-3.778580576090676914e+03
-3.655747033532778460e+03
-3.582809349080909669e+03
-5.465164053340245118e+03
-4.015888759727899469e+03
-4.301210422088664927e+03
-5.881783095542736191e+03
-3.664460520055425604e+03
-3.838534726205719835e+03
-3.664460520055425604e+03
-3.620884802952265545e+03
-3.753256030166606706e+03
-4.096736739489677348e+03
-4.123498075055831578e+03
-4.486429828287540658e+03
-4.457769794243976321e+03
-4.450810176485703778e+03
-3.840231693132881901e+03
-2.559115319223687948e+03
-2.401664258802456516e+03
-3.605444662140135279e+03
-4.476297863799649349e+03
-4.424065983820434667e+03
-4.476297863799649349e+03
-4.299379599383214554e+03
-4.228213085841017346e+03
-4.303649238240514933e+03
-4.134433641054232794e+03
-3.380074579621412340e+03
-3.523311997418270039e+03
-3.525986891790278605e+03
-3.507094029821856566e+03
-4.647240717671851598e+03
-4.876089799249608404e+03
-3.672269657030563849e+03
-4.580227142826201089e+03
-4.428038078352363300e+03
-4.580227142826201089e+03
-4.017965023307295723e+03
-3.899890653682796710e+03
-3.565086266973997226e+03
-3.475237884664476951e+03
-3.925497539029786822e+03
-4.021201374595687867e+03
-4.080922817214156566e+03
-2.945591996781046873e+03
-4.489262319105862844e+03
-4.432851022515093064e+03
-2.903354124312396834e+03
-4.888417008517010800e+03
-5.004121904015494692e+03
-4.888417008517010800e+03
-3.755716664532894811e+03
-3.829642483947487563e+03
-3.599000712305756679e+03
-3.811057219088670536e+03
-4.447310999714370155e+03
-4.182876740074004374e+03
-4.359022593414766561e+03
-4.614965208947404790e+03
-3.912307551661202524e+03
-4.054133516316767327e+03
-4.781748496450838502e+03
-2.233572365801196611e+03
-2.266788418482321504e+03
-2.233572365801196611e+03
-3.751264734409567154e+03
-3.802586633591726695e+03
-4.800306147312757275e+03
-4.887485231049736285e+03
-4.101644152353443133e+03
-4.029594616775120357e+03
-4.009391805389633191e+03
-4.174827893051632600e+03
-3.138167173869432190e+03
-3.120125226791205932e+03
-4.151246844899548705e+03
-4.523624064477430693e+03
-4.419158146250979371e+03
-4.523624064477430693e+03
-3.681081830717920639e+03
-3.599578408663476239e+03
-4.562174088741538071e+03
-4.596811282877184567e+03
-3.050785961949712146e+03
-3.043776366315817995e+03
-3.079977499062280003e+03
-4.439868582633202095e+03
-6.064779481642051906e+03
-5.719311032583867018e+03
-4.233755791733517981e+03
-3.293726934638537841e+03
-3.289943136491064251e+03
-3.293726934638537841e+03
-2.628165317020705515e+03
-2.624578941972682060e+03
-4.832622661398926539e+03
-4.810306809839817106e+03
-4.804386438656300015e+03
-4.811006612874821258e+03
-4.660722255011131892e+03
-4.098292848501759181e+03
-3.741119363765255002e+03
-3.737235079858092831e+03
-4.114588739720359627e+03
-3.844700887067984695e+03
-3.888384677167002337e+03
-3.844700887067984695e+03
-3.776957141713753572e+03
-3.822038739954992707e+03
-4.104736521568248463e+03
-4.120228832011194754e+03
-3.400666004115780197e+03
-3.387920205551421077e+03
-3.386814248302923261e+03
-4.115982705761982288e+03
-5.438371247650438818e+03
-5.525102009566158813e+03
-4.183093222930116099e+03
-2.864124775574828163e+03
-2.747976063187804812e+03
-2.864124775574828163e+03
-4.899582284508391240e+03
-4.725823834284426084e+03
-5.073797735843530972e+03
-5.051718454144532188e+03
-2.695483118378086147e+03
-2.698531927094338698e+03
-2.678781813109893392e+03
-4.964373273379274906e+03
-4.120087589423565078e+03
-4.236152031839804295e+03
-5.105230929730149910e+03
-3.121401933904844554e+03
-3.112369961522250833e+03
-3.121401933904844554e+03
-3.481607213157327351e+03
-3.470866695883065859e+03
-3.606891579518748586e+03
-3.469070093735636874e+03
-3.400736686966908110e+03
-3.515506051799887700e+03
-3.455170855997514991e+03
-4.994387070770480932e+03
-4.699678815316939108e+03
-4.354189005390767306e+03
-4.631095882212161996e+03
-4.764498952240102881e+03
-4.754269879157756804e+03
-4.764498952240102881e+03
-4.431878720484779478e+03
-4.424608012817534473e+03
-4.182782171539323826e+03
-4.118969566458227746e+03
-3.570711786413080517e+03
-3.618407211024219123e+03
-3.647594583783997223e+03
-3.935014288080522419e+03
-4.100948277014437735e+03
-4.240890314575150114e+03
-4.037037853389263546e+03
-4.628886759291539420e+03
-4.573399617485375529e+03
-4.628886759291539420e+03
-3.622475760217157585e+03
-3.587546820369560464e+03
-3.646345363227602320e+03
-3.738138973619811168e+03
-4.359126840367614022e+03
-4.256127570639491751e+03
-4.296984280341336671e+03
-3.567829853042133436e+03
-3.160755082095160560e+03
-3.387162395589833068e+03
-3.829483856256683339e+03
-2.903406287394603169e+03
-2.850689342712091729e+03
-2.903406287394603169e+03
-4.376057877645615008e+03
-4.296896474357445186e+03
-4.899589423872806947e+03
-4.963895554528859066e+03
-3.426379538259864148e+03
-3.380086448950989961e+03
-3.391490694457561403e+03
-3.296123176253347538e+03
-3.387641990824737150e+03
-3.337646104388176354e+03
-3.237855054638641377e+03
-4.719678614578306224e+03
-4.702116362030332311e+03
-4.719678614578306224e+03
-4.163006795361283366e+03
-4.151326332234596521e+03
-4.136249360379447353e+03
-4.148417771389210429e+03
-3.325993958571588792e+03
-3.312920459992473297e+03
-3.285443167517762049e+03
-3.205626631362066746e+03
-5.275399564489141994e+03
-5.346868706309645859e+03
-3.255266013604122236e+03
-3.806683039040791300e+03
-3.705029458389168212e+03
-3.806683039040791300e+03
-4.081086651061366865e+03
-3.991929859408705397e+03
-4.764311923986413603e+03
-4.624351905818351042e+03
-4.178817382305006504e+03
-4.325968223219126230e+03
-4.260618191954161375e+03
-4.219792747626225719e+03
-3.497849467901457047e+03
-3.683543923987622293e+03
-4.448414929554860464e+03
-3.126152458173733066e+03
-3.033892481780161688e+03
-3.126152458173733066e+03
-4.272634738727487274e+03
-4.127789800430361538e+03
-3.774534947396858570e+03
-3.835190417844947660e+03
-3.651396977046411848e+03
-3.594232307457608840e+03
-3.591093080246499539e+03
-4.221433018225633532e+03
-4.170273198762462926e+03
-4.174536912633565407e+03
-4.223325393821754915e+03
-3.291124371966692706e+03
-3.374909361001747584e+03
-3.291124371966692706e+03
-5.681636144296639941e+03
-5.819955990177782951e+03
-5.857907736966449193e+03
-5.910285178891184842e+03
-3.204900236171481083e+03
-3.176807440376274826e+03
-3.166623800084354116e+03
-5.112195533405612878e+03
-4.289365694389254713e+03
-4.374627797312928124e+03
-5.213526707144441389e+03
-3.729631994822396337e+03
-3.599231223605854211e+03
-3.729631994822396337e+03
-2.213755653366330080e+03
-2.121904658342506991e+03
-2.802634850849014128e+03
-2.700976991417101999e+03
-3.527720769472102802e+03
-3.663107687001535396e+03
-3.637461131332843706e+03
-4.262399573368538768e+03
-4.700063879582699883e+03
-4.698428636297474441e+03
-4.257409757626669489e+03
-3.847253989448684024e+03
-3.797738777766056046e+03
-3.847253989448684024e+03
-5.184133413040730375e+03
-5.124662805219471920e+03
-4.741266322801694514e+03
-4.617050319458406193e+03
-2.729208944574494126e+03
-2.800335190592376421e+03
-2.824872894601367989e+03
-4.592393018347154793e+03
-2.660247755652519572e+03
-2.668674285328212591e+03
-4.598731478267677630e+03
-3.618055231630627986e+03
-3.665153333860234397e+03
-3.618055231630627986e+03
-4.347818886445005774e+03
-4.421877118678800798e+03
-2.482880080105072466e+03
-2.449032236247596757e+03
-3.418967152858938334e+03
-3.456649999233600283e+03
-3.419361482583701672e+03
-4.936450270200067280e+03
-5.525633631270075966e+03
-5.507755762806383245e+03
-4.910731714487646968e+03
-3.742482002196097255e+03
-3.786988396225510314e+03
-3.742482002196097255e+03
-4.969045690495967392e+03
-5.024286594534305550e+03
-5.083397035052476895e+03
-5.359308937099381183e+03
-3.287993281856006888e+03
-3.101113357057616213e+03
-3.131781554968263663e+03
-3.438588022241961426e+03
-2.905672040896105045e+03
-2.790059786167206767e+03
-3.290452937671958807e+03
-3.284813275973968302e+03
-3.323373969387747366e+03
-3.284813275973968302e+03
-5.041790435101318508e+03
-5.111473893307363142e+03
-3.493424912471405605e+03
-3.563584800193172214e+03
-4.232347848414587133e+03
-4.128202324255707026e+03
-4.277535700752451703e+03
-4.024470842413162245e+03
-4.891764558356172529e+03
-4.687108761909397799e+03
-3.856833862829721966e+03
-4.126028890824752125e+03
-4.051446233264054172e+03
-4.126028890824752125e+03
-4.405621143442197535e+03
-4.332478827003556034e+03
-4.456108337782911804e+03
-4.479618880423347946e+03
-3.602783518636658755e+03
-3.581480978495103955e+03
-3.590788532627817858e+03
-2.828172773699732261e+03
-2.798889946870677250e+03
-3.023200455156809312e+03
-3.054469786799167196e+03
-5.099511632330645625e+03
-5.022496660225779124e+03
-5.099511632330645625e+03
-6.150784079503848261e+03
-6.080198271156698866e+03
-2.548668886483515053e+03
-2.603483760875117696e+03
-5.062514521317732033e+03
-4.946547249340949747e+03
-4.968464484864599399e+03
-4.359222621114001413e+03
-3.984805993832754666e+03
-4.014832066803529415e+03
-4.401563591019182240e+03
-3.102991612715255997e+03
-3.219680323597039660e+03
-3.102991612715255997e+03
-3.584098705193102887e+03
-3.690706390067915891e+03
-4.104264828820539151e+03
-4.052867801600507846e+03
-4.685723517489994265e+03
-4.764274819461696097e+03
-4.619360580912251862e+03
-3.222455559224738408e+03
-3.557295177204863649e+03
-3.743425927225231135e+03
-3.405494485600127064e+03
-4.447978003308962798e+03
-4.462839741890527876e+03
-4.447978003308962798e+03
-4.725432517521725458e+03
-4.740483195051005168e+03
-4.825055325815354990e+03
-4.617486819978024869e+03
-4.575909751445667098e+03
-4.794463206730696584e+03
-4.721695923804697486e+03
-3.222916185626812421e+03
-3.306130743624281422e+03
-3.249865748046084263e+03
-3.192587194706857190e+03
-4.268963212228786688e+03
-4.289367211820400371e+03
-4.268963212228786688e+03
-3.027558803151985103e+03
-3.040734132352813958e+03
-4.221068554986890376e+03
-4.056137616898142369e+03
-3.970574564534482761e+03
-4.131750188392285963e+03
-4.162595861804202286e+03
-2.807756704603899379e+03
-3.950853964236909178e+03
-3.720042165196281076e+03
-2.650384104633223615e+03
-4.532422967154629077e+03
-4.684148627493016647e+03
-4.532422967154629077e+03
-4.236764233476632398e+03
-4.355075624961148606e+03
-3.206911030075936196e+03
-3.397191370572989399e+03
-3.601961642183666754e+03
-3.446568176242471054e+03
-3.528248616739604131e+03
-4.023157466126449890e+03
-3.948918852849269115e+03
-4.061740711138461847e+03
-4.127757764623484945e+03
-3.439496896185076821e+03
-3.540922568276892889e+03
-3.439496896185076821e+03
-3.714072695857072176e+03
-3.804189704577155226e+03
-5.280858255299810480e+03
-5.261792662021585784e+03
-4.744850318714883542e+03
-4.758686174052504612e+03
-4.771786594873466129e+03
-3.253228019710206809e+03
-4.305525656030514256e+03
-4.136372809514712571e+03
-3.130756420015756703e+03
-3.992049583890986924e+03
-4.007569826963370360e+03
-3.992049583890986924e+03
-4.532916473416305053e+03
-4.544303940158001751e+03
-4.459626713388127428e+03
-4.402890037057281006e+03
-3.781937723673028358e+03
-3.821114087913319963e+03
-3.794871981176257123e+03
-2.964027680396972301e+03
-4.577206955590998405e+03
-4.621547054758047125e+03
-2.998209106066743971e+03
-3.503316661798609857e+03
-3.436715637744300238e+03
-3.503316661798609857e+03
-4.185450726447126726e+03
-4.108323546417958823e+03
-6.168196826754824542e+03
-5.979753379905139809e+03
-3.873010086218347624e+03
-4.008256003548530771e+03
-3.942991494413221517e+03
-3.317496947551295762e+03
-3.565898667103354001e+03
-3.455152721719338388e+03
-3.212698650401132454e+03
-4.301849297273825869e+03
-4.372890619527805029e+03
-4.301849297273825869e+03
-3.633717889229922548e+03
-3.687058442837969324e+03
-2.623322317478209698e+03
-2.777936647928630919e+03
-4.462173819209824615e+03
-4.239988187272433606e+03
-4.258616138196464817e+03
-4.880421642979646094e+03
-4.811620779056313040e+03
-4.719958583818456646e+03
-4.747754976732992873e+03
-3.931838229124456120e+03
-3.896345168808389190e+03
-3.931838229124456120e+03
-3.946660165934535598e+03
-3.908029352368119362e+03
-5.224316004478166178e+03
-5.205424447158395196e+03
-3.368468821165736699e+03
-3.383117786145504851e+03
-3.409543980365236621e+03
-3.272441111208168877e+03
-4.875024994674329719e+03
-4.445915266128406984e+03
-3.012146229987919924e+03
-4.375865963735573132e+03
-4.493792972577427463e+03
-4.375865963735573132e+03
-3.956434146379071990e+03
-4.034463776940857315e+03
-3.740616704949591167e+03
-3.756874927951112113e+03
-3.828232913565464060e+03
-3.815155800310522864e+03
-3.826216120394681639e+03
-3.013414738049024891e+03
-4.181598428858749685e+03
-4.144587994170164166e+03
-2.987095370000788989e+03
-4.398499871586997870e+03
-4.193298398248599369e+03
-4.398499871586997870e+03
-3.349776110801337836e+03
-3.208234333005231747e+03
-4.321581786144201942e+03
-4.092516464236126467e+03
-3.975509584114711288e+03
-4.197687260873749437e+03
-4.163754903540287160e+03
-4.031743130209471474e+03
-2.366256819651657679e+03
-2.273830232056488057e+03
-3.889922274834638756e+03
-4.589809387018032794e+03
-4.661036738599758792e+03
-4.589809387018032794e+03
-4.840123774988164769e+03
-4.939825875025832829e+03
-3.555398568885228997e+03
-3.598358838253211616e+03
-3.381766964914883829e+03
-3.322634155924142306e+03
-3.282558411013181740e+03
-3.773868764418861247e+03
-4.560822697016476923e+03
-4.578707524211724376e+03
-3.788581895013709982e+03
-2.656048460917977536e+03
-2.699237632178091189e+03
-2.656048460917977536e+03
-3.506255376786679335e+03
-3.583289070583721241e+03
-5.538740972539738323e+03
-5.408279012213084570e+03
-5.095114998025736895e+03
-5.211830627922668100e+03
-5.170537720655983321e+03
-3.562741522609887852e+03
-4.055378527161632519e+03
-3.997799354082997979e+03
-3.514254949266509357e+03
-4.641376376354730382e+03
-4.502960610596606784e+03
-4.641376376354730382e+03
-4.961418976634153296e+03
-4.811849043523203363e+03
-4.659344749073836283e+03
-4.454293127224248565e+03
-4.695712456218684565e+03
-4.896032195169560509e+03
-4.877362795724440730e+03
-3.414996481574223708e+03
-3.409015280385525330e+03
-3.395877524355749756e+03
-3.404511242252302964e+03
-2.615821155873570206e+03
-2.584406724585957818e+03
-2.615821155873570206e+03
-4.992012280314366762e+03
-4.928482354862713692e+03
-4.650297041835790878e+03
-4.615182995416028461e+03
-3.292383369723781016e+03
-3.317347914481685621e+03
-3.319903791889403692e+03
-3.036475952284517462e+03
-3.393728398528124217e+03
-3.548638370117698742e+03
-3.187587505491917454e+03
-4.228097667043275578e+03
-4.268437235827493168e+03
-4.228097667043275578e+03
-4.463386063529688727e+03
-4.516137661352966461e+03
-3.908479770184543668e+03
