1.845507288804320751e+02
1.845507288804320751e+02
1.845507288804320751e+02
1.644219383994428654e+02
1.644219383994428654e+02
1.826320153946024618e+02
1.805535330880011600e+02
2.321873790218906777e+02
2.348897296636484953e+02
2.321873790218906777e+02
1.487933219526754840e+02
1.821099799363043985e+02
1.725665356848365377e+02
1.410816308113800233e+02
2.426473799355214851e+02
2.426473799355214851e+02
2.426473799355214851e+02
1.714889530021616793e+02
1.714889530021616793e+02
2.140747978716797775e+02
2.007762042545857923e+02
1.910606575769058111e+02
2.036871801508530666e+02
1.910606575769058111e+02
1.396046140215256059e+02
1.793557910830445223e+02
2.076271811869507360e+02
1.612972490869181286e+02
1.718237197328080299e+02
1.718237197328080299e+02
1.718237197328080299e+02
1.465718875910018255e+02
1.465718875910018255e+02
1.724837644266524705e+02
1.830985240891712351e+02
1.951811058368198246e+02
1.838316564470250114e+02
1.951811058368198246e+02
1.771783840763577587e+02
2.089108009185601986e+02
2.136818777573583645e+02
1.811939104914582401e+02
2.120400233988547143e+02
2.120400233988547143e+02
2.120400233988547143e+02
1.174896504928180434e+02
1.174896504928180434e+02
2.046484591032459264e+02
2.165724557364434588e+02
1.752614293606312970e+02
1.657051827988095454e+02
1.752614293606312970e+02
1.629886198859561262e+02
2.062484931834460724e+02
2.082588345647289714e+02
1.645591080595865208e+02
1.332526379457163728e+02
1.332526379457163728e+02
1.332526379457163728e+02
1.623495885168746895e+02
1.623495885168746895e+02
1.997964080827734961e+02
2.112971873915689116e+02
1.849237694860624401e+02
1.749188676062129844e+02
1.849237694860624401e+02
2.030427452773212451e+02
2.394780744612255035e+02
2.373501117710313224e+02
2.012504988354183979e+02
1.691867926770421491e+02
1.691867926770421491e+02
1.691867926770421491e+02
1.589310219906194277e+02
1.589310219906194277e+02
2.409071470349384470e+02
2.554932549910896569e+02
1.714411368161623557e+02
1.618193028759449703e+02
1.714411368161623557e+02
1.361807651595900666e+02
1.913946024419657022e+02
2.147992223029093282e+02
1.525186325960555109e+02
1.855788842718707201e+02
1.855788842718707201e+02
1.855788842718707201e+02
1.782287154740425308e+02
1.782287154740425308e+02
1.917991692299377178e+02
1.959160085161670111e+02
1.740696210651572073e+02
1.704327432596844005e+02
1.740696210651572073e+02
1.816141563550014837e+02
1.919551286357248614e+02
1.977911047144059182e+02
1.871211171711094323e+02
1.777719144632369819e+02
1.777719144632369819e+02
1.777719144632369819e+02
1.857942030479889013e+02
1.857942030479889013e+02
1.387329168659594814e+02
1.511716860171673602e+02
1.411935940995411443e+02
1.296249435328677748e+02
1.411935940995411443e+02
2.081880862551811049e+02
2.143881267666924089e+02
1.998863900331845400e+02
1.941231132125082581e+02
1.782547300356267215e+02
1.782547300356267215e+02
1.782547300356267215e+02
2.074510845983573120e+02
2.074510845983573120e+02
2.190641000654337631e+02
2.115090310627234658e+02
1.391202990815250473e+02
1.439809919101386697e+02
1.391202990815250473e+02
1.999211750867147259e+02
1.820231213854678174e+02
1.736765655834291522e+02
1.907135643749922167e+02
1.685032612617584107e+02
1.685032612617584107e+02
1.685032612617584107e+02
2.062779832362088541e+02
2.062779832362088541e+02
1.557305703169967046e+02
1.525913824054158283e+02
1.502978906504008876e+02
1.533871019376260563e+02
1.502978906504008876e+02
1.912882886563785405e+02
1.984224732930691175e+02
1.966384833661716414e+02
1.895713225209341601e+02
2.128869998560742260e+02
2.128869998560742260e+02
2.128869998560742260e+02
2.412327621149384811e+02
2.412327621149384811e+02
1.443806811216663561e+02
1.363344134124125446e+02
1.497344250900713973e+02
1.586243262732149901e+02
1.497344250900713973e+02
1.918123846967208692e+02
1.819718810147548425e+02
1.916972435963006944e+02
2.020895313441005214e+02
1.583327618164560135e+02
1.583327618164560135e+02
1.583327618164560135e+02
1.957496521334139175e+02
1.957496521334139175e+02
1.546635878246685536e+02
1.341025846693092660e+02
1.898740443490902123e+02
2.195669544527280550e+02
1.898740443490902123e+02
1.961923049046291396e+02
1.380685288872460035e+02
1.476578540999017548e+02
2.100843483556815841e+02
2.277876921239635806e+02
2.277876921239635806e+02
2.277876921239635806e+02
2.385426918982475115e+02
2.385426918982475115e+02
1.565903637219977611e+02
1.652804840389949845e+02
1.694081925103296555e+02
1.604892353672818786e+02
1.694081925103296555e+02
1.614663538142529262e+02
1.456967679163011553e+02
1.657883058869929300e+02
1.838677459767715447e+02
1.995240513993513787e+02
1.995240513993513787e+02
1.995240513993513787e+02
1.805956268089275056e+02
1.805956268089275056e+02
1.824868563424036836e+02
1.770770460000084938e+02
1.890400534973951494e+02
1.948338373547309459e+02
1.890400534973951494e+02
1.848195652524340744e+02
1.687155043059682100e+02
1.548139280111610674e+02
1.695204103635247463e+02
2.176450912218341216e+02
2.176450912218341216e+02
2.176450912218341216e+02
1.597816142466932945e+02
1.597816142466932945e+02
1.134363762054791209e+02
1.274357669276243001e+02
2.346755431372378382e+02
2.080502590971717041e+02
2.346755431372378382e+02
1.535497555847994704e+02
1.217025445172241120e+02
1.186045754784061046e+02
1.495800055474988426e+02
2.190666326232451127e+02
2.190666326232451127e+02
2.190666326232451127e+02
2.115111725013215960e+02
2.115111725013215960e+02
1.964411838011477016e+02
2.149230985631351984e+02
2.141614959909523463e+02
1.957477805724487609e+02
2.141614959909523463e+02
2.035343397931250138e+02
2.046256308182244368e+02
1.716915188864632853e+02
1.707835093583601633e+02
1.878300536179897335e+02
1.878300536179897335e+02
1.878300536179897335e+02
1.933355602974256442e+02
1.933355602974256442e+02
1.519384044593676322e+02
1.464788072157555519e+02
1.941351207475684078e+02
2.014808109792266180e+02
1.941351207475684078e+02
1.620032431239790753e+02
2.097660625982468048e+02
2.043058617457360526e+02
1.578390057496067413e+02
1.978850959126412761e+02
1.978850959126412761e+02
1.978850959126412761e+02
1.411362083765660884e+02
1.411362083765660884e+02
2.058403217545393034e+02
1.912892829264026773e+02
2.145779502564868153e+02
2.309832002477963897e+02
2.145779502564868153e+02
1.748993421828747898e+02
1.554282144644189145e+02
1.685458475844752684e+02
1.897556969802210745e+02
1.556183686567613051e+02
1.556183686567613051e+02
1.556183686567613051e+02
1.790301362408289378e+02
1.790301362408289378e+02
2.310969790280767882e+02
2.263425213258973372e+02
1.710283410810277474e+02
1.745753891783593303e+02
1.710283410810277474e+02
1.320969646764402512e+02
1.858610137323454410e+02
1.907732363394002846e+02
1.355198765777105621e+02
2.370246120773421694e+02
2.370246120773421694e+02
2.370246120773421694e+02
1.607636677168062249e+02
1.607636677168062249e+02
1.760348428947980892e+02
1.783981037490712538e+02
1.493216276020905298e+02
1.473628882344401063e+02
1.493216276020905298e+02
1.731047516074758050e+02
2.284692811977911902e+02
2.433615219030942569e+02
1.842482217579938606e+02
1.794645927683021114e+02
1.794645927683021114e+02
1.794645927683021114e+02
1.285239699789869121e+02
1.285239699789869121e+02
1.865476610045343762e+02
2.032759691682593370e+02
2.109711964647332820e+02
1.935818829197152411e+02
2.109711964647332820e+02
2.359810722519167712e+02
2.043235651639569426e+02
1.999047150647627404e+02
2.308477462800417186e+02
1.616891160967114160e+02
1.616891160967114160e+02
1.616891160967114160e+02
1.775429057770391239e+02
1.775429057770391239e+02
1.826463078005519094e+02
1.751174296607582619e+02
2.089134233290447469e+02
2.179697031368988007e+02
2.089134233290447469e+02
1.869820187015670001e+02
1.750942875162996017e+02
1.764760912448588783e+02
1.884624420773560587e+02
2.053439099989135457e+02
2.053439099989135457e+02
2.053439099989135457e+02
1.201909255515767256e+02
1.201909255515767256e+02
1.384055587323377665e+02
1.481976162387511238e+02
2.137770901727965054e+02
1.993872740928795793e+02
2.137770901727965054e+02
1.417539377275440700e+02
1.522496697752342811e+02
1.578069775892838607e+02
1.469053998155770842e+02
2.351764251065990550e+02
2.351764251065990550e+02
2.351764251065990550e+02
2.356300463158079310e+02
2.356300463158079310e+02
1.929306884806965456e+02
1.948003123151230227e+02
1.842736187842144773e+02
1.825096529952300273e+02
1.842736187842144773e+02
1.933684200303378020e+02
1.805650293152216932e+02
1.604107110299317753e+02
1.717141536668542017e+02
1.884518489565382708e+02
1.884518489565382708e+02
1.884518489565382708e+02
1.715278182313201398e+02
1.715278182313201398e+02
1.593421998957454946e+02
1.617629375490291181e+02
1.747178383038955758e+02
1.720924421969303069e+02
1.747178383038955758e+02
1.334841874280241427e+02
2.482587779221175310e+02
2.363096636609194263e+02
1.272559328315832232e+02
2.066625241171886671e+02
2.066625241171886671e+02
2.066625241171886671e+02
1.651828507430493573e+02
1.651828507430493573e+02
2.092269524254103317e+02
2.066938887472563806e+02
1.935673787978341807e+02
1.959326506255959544e+02
1.935673787978341807e+02
1.713605598148454590e+02
1.557643621570273922e+02
1.468249486577723246e+02
1.614742147852275878e+02
1.673827830241827712e+02
1.673827830241827712e+02
1.673827830241827712e+02
1.998199035728417527e+02
1.998199035728417527e+02
2.018712570596804881e+02
1.958410037951464346e+02
1.897901726920455872e+02
1.956256267014728110e+02
1.897901726920455872e+02
1.497177252255674489e+02
1.931028940304595949e+02
2.095103700705031713e+02
1.622685075652779005e+02
2.162247791667149954e+02
2.162247791667149954e+02
2.162247791667149954e+02
1.734523261644962133e+02
1.734523261644962133e+02
1.741861021843555761e+02
1.791220259640920744e+02
1.389278576786571193e+02
1.351549152863892971e+02
1.389278576786571193e+02
1.706433801959644256e+02
2.152436024245064914e+02
2.093699000122799134e+02
1.660369791602171574e+02
1.825778231778512009e+02
1.825778231778512009e+02
1.825778231778512009e+02
1.498088712450036439e+02
1.498088712450036439e+02
1.847189181150617117e+02
1.994888975786485616e+02
2.370135944019416456e+02
2.193412154770830966e+02
2.370135944019416456e+02
2.685901116957179511e+02
2.136524833666096868e+02
1.947912196691858924e+02
2.446772657542630043e+02
1.518140235314384938e+02
1.518140235314384938e+02
1.518140235314384938e+02
1.472950457569270384e+02
1.472950457569270384e+02
2.042597326625199798e+02
2.182881985660670523e+02
1.758705935459297223e+02
1.646789842220206310e+02
1.758705935459297223e+02
1.371286925374528494e+02
1.864642352519844621e+02
1.785687662183380837e+02
1.314223876588051780e+02
1.654577346570998486e+02
1.654577346570998486e+02
1.654577346570998486e+02
2.144392140725913123e+02
2.144392140725913123e+02
1.986314402124779690e+02
2.033518274183421681e+02
1.756512632356745200e+02
1.716020399876470606e+02
1.756512632356745200e+02
2.066982042758367015e+02
2.242287251550177700e+02
1.991737325754405674e+02
1.836795105674203796e+02
1.730950625076828544e+02
1.730950625076828544e+02
1.730950625076828544e+02
1.393865096875263134e+02
1.393865096875263134e+02
1.672564939011257934e+02
1.720191877732704882e+02
1.832866693616614384e+02
1.781957362570241230e+02
1.832866693616614384e+02
1.980597608705587049e+02
1.787469992567287136e+02
1.977609164850672130e+02
2.192309905434794928e+02
1.776915416831302537e+02
1.776915416831302537e+02
1.776915416831302537e+02
2.320961210024500758e+02
2.320961210024500758e+02
2.175395550586521267e+02
1.924671981480278475e+02
1.592729184319858859e+02
1.798205851939543152e+02
1.592729184319858859e+02
2.171391784596189609e+02
1.633401957379143710e+02
1.515364245899756952e+02
2.012334108184133754e+02
1.558204296853847097e+02
1.558204296853847097e+02
1.558204296853847097e+02
1.879329951557339484e+02
1.879329951557339484e+02
1.477850916061827320e+02
1.389933922914604238e+02
1.720159885737431296e+02
1.830330227659819400e+02
1.720159885737431296e+02
1.880891503629833323e+02
1.855349631335058405e+02
2.164364917193988163e+02
2.194365889860198422e+02
1.995004932065158698e+02
1.995004932065158698e+02
1.995004932065158698e+02
2.131092217768306512e+02
2.131092217768306512e+02
1.688379755128777902e+02
1.603226106390673635e+02
1.161707804453065478e+02
1.222092859887219163e+02
1.161707804453065478e+02
1.719011389695903631e+02
1.224554149800927974e+02
1.463142351198613937e+02
2.061151255623601344e+02
1.830599068657791690e+02
1.830599068657791690e+02
1.830599068657791690e+02
1.879292705075914682e+02
1.879292705075914682e+02
1.573514234356997292e+02
1.580151224923675386e+02
1.954611400485920001e+02
1.946311844032173042e+02
1.954611400485920001e+02
2.268876006017795248e+02
1.877072888778342872e+02
1.900469534177499042e+02
2.297388745458635810e+02
2.243336846234907114e+02
2.243336846234907114e+02
2.243336846234907114e+02
1.814838797797730763e+02
1.814838797797730763e+02
1.295740225834777561e+02
1.356404744422115982e+02
1.674935052512275888e+02
1.599068413186608950e+02
1.674935052512275888e+02
1.735657946130785660e+02
1.557380668117440905e+02
1.737371938747986064e+02
1.937447175588689277e+02
1.764481418023698609e+02
1.764481418023698609e+02
1.764481418023698609e+02
2.341807103470546565e+02
2.341807103470546565e+02
1.658456671238024001e+02
1.677843616441815300e+02
2.433001646610824196e+02
2.404421730363762890e+02
2.433001646610824196e+02
2.316180355891743545e+02
1.521695435174582656e+02
1.476418426087360558e+02
2.245860172693763843e+02
1.989779490458211626e+02
1.989779490458211626e+02
1.989779490458211626e+02
1.583511529698960771e+02
1.583511529698960771e+02
1.671208271454188719e+02
1.797138304707223710e+02
1.907191043128460137e+02
1.773165067068874521e+02
1.907191043128460137e+02
1.585781913595274659e+02
1.725300726086702525e+02
1.792797029961861028e+02
1.647536144302764001e+02
1.902854390089784715e+02
1.902854390089784715e+02
1.902854390089784715e+02
2.000706273942104758e+02
2.000706273942104758e+02
2.028863011582267859e+02
2.119742560441126784e+02
2.107123784881082429e+02
2.016807922927099810e+02
2.107123784881082429e+02
1.602268069873124148e+02
1.622961081137325152e+02
1.355696488010614189e+02
1.338600179104258530e+02
2.242411242028741754e+02
2.242411242028741754e+02
2.242411242028741754e+02
1.418874181082444181e+02
1.418874181082444181e+02
1.519896439068817244e+02
1.542697854494903993e+02
2.020017619476945470e+02
1.989748396808743109e+02
2.020017619476945470e+02
1.873347541741823079e+02
2.099354760904146815e+02
1.925766502092877204e+02
1.719238494923554867e+02
1.912928906837705654e+02
1.912928906837705654e+02
1.912928906837705654e+02
1.921565849633552432e+02
1.921565849633552432e+02
1.817028583767147154e+02
1.726728395755547183e+02
1.740012721956695998e+02
1.831043722933802087e+02
1.740012721956695998e+02
1.773205889413136731e+02
1.808671680527585011e+02
1.789673244598827750e+02
1.754598428088269486e+02
1.262501193979155545e+02
1.262501193979155545e+02
1.262501193979155545e+02
1.691765718185666287e+02
1.691765718185666287e+02
2.167121966749681405e+02
2.116260725006053747e+02
2.170629773590167133e+02
2.222852576534543232e+02
2.170629773590167133e+02
1.353143074541210922e+02
1.982485613670332043e+02
1.909434051607912863e+02
1.304324489592068801e+02
2.090976365584773191e+02
2.090976365584773191e+02
2.090976365584773191e+02
1.405096995941620435e+02
1.405096995941620435e+02
1.902610471199204483e+02
1.987829745849139158e+02
1.826736058352655903e+02
1.748732590566759484e+02
1.826736058352655903e+02
1.769688972919689718e+02
2.083006292539280082e+02
1.943787003002258587e+02
1.652304632193705345e+02
1.980936041105158552e+02
1.980936041105158552e+02
1.980936041105158552e+02
1.752984232366169124e+02
1.752984232366169124e+02
1.910134262313619047e+02
1.839217920713051626e+02
1.754169330162325764e+02
1.821646893454675080e+02
1.754169330162325764e+02
2.331525162400158706e+02
2.193621201056827772e+02
2.096384844870479469e+02
2.227928637422656379e+02
1.448633321523168433e+02
1.448633321523168433e+02
1.448633321523168433e+02
1.725259006292088770e+02
1.725259006292088770e+02
2.045588635797140284e+02
2.095175282293939745e+02
1.526309083699184157e+02
1.490757222018237940e+02
1.526309083699184157e+02
1.371434218413299675e+02
2.415136953770601451e+02
2.376015904308792130e+02
1.349838320772632869e+02
1.639071052904017733e+02
1.639071052904017733e+02
1.639071052904017733e+02
1.952691711830581198e+02
1.952691711830581198e+02
1.866274069961554858e+02
1.710623065318793863e+02
1.562183228005501405e+02
1.703618714330807791e+02
1.562183228005501405e+02
2.054339676716694782e+02
1.966158588238419895e+02
2.247501269039833289e+02
2.348872665382615992e+02
1.613309652374130110e+02
1.613309652374130110e+02
1.613309652374130110e+02
1.761139000448704337e+02
1.761139000448704337e+02
1.677115875804952339e+02
1.545049957143423853e+02
1.435590903134773839e+02
1.557753885712807573e+02
1.435590903134773839e+02
2.134048789942731901e+02
2.032092583528720979e+02
2.092228704178109240e+02
2.197334321978695755e+02
1.669500245519016630e+02
1.669500245519016630e+02
1.669500245519016630e+02
1.927668571762845318e+02
1.927668571762845318e+02
1.805404766304678503e+02
1.884936671428361024e+02
1.422148719089813937e+02
1.363068946389372229e+02
1.422148719089813937e+02
2.262329849397915496e+02
2.002697999240355955e+02
1.943082635911103750e+02
2.194642063397354264e+02
1.464071761003617667e+02
1.464071761003617667e+02
1.464071761003617667e+02
1.887925983466778064e+02
1.887925983466778064e+02
1.550168385296612144e+02
1.590101742202751609e+02
1.680690990572442729e+02
1.638353640711250989e+02
1.680690990572442729e+02
2.493949694793942911e+02
1.983412043056908374e+02
1.709579415418847645e+02
2.146463951053126209e+02
1.759461360200407398e+02
1.759461360200407398e+02
1.759461360200407398e+02
2.390422862712819096e+02
2.390422862712819096e+02
1.868883247333086217e+02
1.884681209014825924e+02
1.617410332790338430e+02
1.603958919488723325e+02
1.617410332790338430e+02
1.902824108392226492e+02
1.673651777549420387e+02
1.576038267781684965e+02
1.791126618065893012e+02
1.694731769015686780e+02
1.694731769015686780e+02
1.694731769015686780e+02
2.445010435619946350e+02
2.445010435619946350e+02
1.392825349819122778e+02
1.375619348753724580e+02
1.868056990979939656e+02
1.891829492505068799e+02
1.868056990979939656e+02
1.886726493826088245e+02
1.497886540221849430e+02
1.619158099860183597e+02
2.041380240169868046e+02
2.087903532758433869e+02
2.087903532758433869e+02
2.087903532758433869e+02
2.137240175318816284e+02
2.137240175318816284e+02
1.637606111005146374e+02
1.628240341327023941e+02
1.767647617085685567e+02
1.777859599933067329e+02
1.767647617085685567e+02
1.692117614999660020e+02
1.241326642235819264e+02
1.200527456411993086e+02
1.635408843709946325e+02
2.133164000883205347e+02
2.133164000883205347e+02
2.133164000883205347e+02
2.173110404469661034e+02
2.173110404469661034e+02
1.583846139179683803e+02
1.406585339489608657e+02
1.712483179043959467e+02
1.930782575047996090e+02
1.712483179043959467e+02
2.087344848908131212e+02
1.593156304060452442e+02
1.755380583858783723e+02
2.302736914361244658e+02
2.058991826765102076e+02
2.058991826765102076e+02
2.058991826765102076e+02
1.654462332808378449e+02
1.654462332808378449e+02
1.809601859984996111e+02
1.794924883481641587e+02
2.167654258700800085e+02
2.185531083507169967e+02
2.167654258700800085e+02
1.645027909217609192e+02
1.326185982338707277e+02
1.364431401087523454e+02
1.693100373465949247e+02
2.166470376720178024e+02
2.166470376720178024e+02
2.166470376720178024e+02
2.010715411880784984e+02
2.010715411880784984e+02
1.962826627818568568e+02
1.970752922781229870e+02
1.914669829334487474e+02
1.906979303260935978e+02
1.914669829334487474e+02
1.436849594100955301e+02
1.769381067988796019e+02
1.867710419753601627e+02
1.515763250926657122e+02
2.355699636566342861e+02
2.355699636566342861e+02
2.355699636566342861e+02
1.794419907624146902e+02
1.794419907624146902e+02
1.530528474050312582e+02
1.672472256280101419e+02
2.041990698463618514e+02
1.867000191103868190e+02
2.041990698463618514e+02
1.785306211900984010e+02
2.071404978528689469e+02
2.141226375163809053e+02
1.845069824240973730e+02
1.895411224978043947e+02
1.895411224978043947e+02
1.895411224978043947e+02
1.377298627866807692e+02
1.377298627866807692e+02
1.654644203384881109e+02
2.041631851396258526e+02
2.544821805790367648e+02
2.058296701076565967e+02
2.544821805790367648e+02
1.766167445793567197e+02
1.541731695262049868e+02
1.468784929532667718e+02
1.681979602182825886e+02
1.309772516246407292e+02
1.309772516246407292e+02
1.309772516246407292e+02
1.596219336651699621e+02
1.596219336651699621e+02
2.168601897659119402e+02
2.105990824507638592e+02
1.932477038835811243e+02
1.989711790089986039e+02
1.932477038835811243e+02
1.718599339656145446e+02
1.795654929298499098e+02
1.783374536793830032e+02
1.706872208272473870e+02
1.961010454910454825e+02
1.961010454910454825e+02
1.961010454910454825e+02
1.669774775998658924e+02
1.669774775998658924e+02
2.287941792290395142e+02
2.519671299805955584e+02
1.693180604427157334e+02
1.540125324553695236e+02
1.693180604427157334e+02
1.724966857137837053e+02
2.551827222298813069e+02
2.253195666700559912e+02
1.526446338173684296e+02
1.570918124226064378e+02
1.570918124226064378e+02
1.570918124226064378e+02
1.468980039786400198e+02
1.468980039786400198e+02
2.056947387753473606e+02
1.692250021643124569e+02
1.661335701934688984e+02
2.019017062057976659e+02
1.661335701934688984e+02
1.927996474747893672e+02
2.002167222412930698e+02
1.919904839421432428e+02
1.848917130403957856e+02
1.560633168046482524e+02
1.560633168046482524e+02
1.560633168046482524e+02
1.892048268120246348e+02
1.892048268120246348e+02
1.939440573142567814e+02
1.935195376967699588e+02
1.745084481070088884e+02
1.748893404978906858e+02
1.745084481070088884e+02
1.845698181039432200e+02
2.098092062107243692e+02
2.215220369141727019e+02
1.948139194462281125e+02
1.480059021036879301e+02
1.480059021036879301e+02
1.480059021036879301e+02
2.127712718444655309e+02
2.127712718444655309e+02
2.275272648667978217e+02
2.144493607126100585e+02
1.263819095127210232e+02
1.338666645724767932e+02
1.263819095127210232e+02
2.137482145302948595e+02
2.220667713498127966e+02
2.328495922725205105e+02
2.241109789542870772e+02
1.322173271738354003e+02
1.322173271738354003e+02
1.322173271738354003e+02
1.619136634656464651e+02
1.619136634656464651e+02
1.818107071393859826e+02
1.576022196489238070e+02
1.589947937848811819e+02
1.834294274589130112e+02
1.589947937848811819e+02
1.788985081421588461e+02
1.776581904642314385e+02
1.882522606131352632e+02
1.895702709125637284e+02
2.378562248101148668e+02
2.378562248101148668e+02
2.378562248101148668e+02
1.564589409344678756e+02
1.564589409344678756e+02
1.501994324099210019e+02
1.581424299000111091e+02
1.968644238418625037e+02
1.868656566480322567e+02
1.968644238418625037e+02
1.843958632915807812e+02
2.320753321694966758e+02
2.409983679624893966e+02
1.914157253378456289e+02
1.791056252517433052e+02
1.791056252517433052e+02
1.791056252517433052e+02
1.523866289961043208e+02
1.523866289961043208e+02
1.794330883839074602e+02
1.918976143238238308e+02
2.071013448729651145e+02
1.936033360330714856e+02
2.071013448729651145e+02
1.688381561291268156e+02
1.504953791909223071e+02
1.433484013395475642e+02
1.607677459503974831e+02
1.364507756863414158e+02
1.364507756863414158e+02
1.364507756863414158e+02
1.760907184824327203e+02
1.760907184824327203e+02
2.187744024754901488e+02
2.233289434625370689e+02
2.098128090877998488e+02
2.055448607022054830e+02
2.098128090877998488e+02
1.599159637209002938e+02
1.997746156438996081e+02
1.944309546953479639e+02
1.556860131951268897e+02
2.096381341510917764e+02
2.096381341510917764e+02
2.096381341510917764e+02
1.848756475565201924e+02
1.848756475565201924e+02
2.194351216244457135e+02
2.048995685752868781e+02
1.426638236984560990e+02
1.525925989369061426e+02
1.426638236984560990e+02
1.741418824688421410e+02
2.081406063875959376e+02
1.935652939513773561e+02
1.620491135833725309e+02
1.708370086683792408e+02
1.708370086683792408e+02
1.708370086683792408e+02
1.701136536231108494e+02
1.701136536231108494e+02
1.979502635305438503e+02
1.806529607615814541e+02
2.100828479715699473e+02
2.303376740556973914e+02
2.100828479715699473e+02
1.957554482905607642e+02
1.739684071600873949e+02
1.749568226345990638e+02
1.968740309310095427e+02
1.338265888455892423e+02
1.338265888455892423e+02
1.338265888455892423e+02
1.735079996459636504e+02
1.735079996459636504e+02
1.871672437063135419e+02
1.861183188325775859e+02
1.634588174253561306e+02
1.643739040218407865e+02
1.634588174253561306e+02
1.934780656322145944e+02
1.989321507686426287e+02
1.871706519897015255e+02
1.820534759449690227e+02
1.489057314037067385e+02
1.489057314037067385e+02
1.489057314037067385e+02
2.487653577592816987e+02
2.487653577592816987e+02
2.368862440035759676e+02
2.320654715651627953e+02
1.585392700796297731e+02
1.617743743324041361e+02
1.585392700796297731e+02
2.126207901706661403e+02
2.159901065512713103e+02
2.168850378036903521e+02
2.135011870310113977e+02
1.312959767903950024e+02
1.312959767903950024e+02
1.312959767903950024e+02
1.160876338443651576e+02
1.160876338443651576e+02
1.725414911661421229e+02
1.645726627090848240e+02
1.752602604876917667e+02
1.837748860481639497e+02
1.752602604876917667e+02
1.857807120355080599e+02
1.993922712274229525e+02
2.124702545831867724e+02
1.979260241859409746e+02
1.628144417828661119e+02
1.628144417828661119e+02
1.628144417828661119e+02
1.901216524863802704e+02
1.901216524863802704e+02
2.043220454602897007e+02
2.136249907097566734e+02
1.957933690171614387e+02
1.872992519099192918e+02
1.957933690171614387e+02
2.240052985471585316e+02
1.409945053639133619e+02
1.422198971202009261e+02
2.259985997246920135e+02
1.699271544006518582e+02
1.699271544006518582e+02
1.699271544006518582e+02
1.945157374482448915e+02
1.945157374482448915e+02
1.562857295260881756e+02
1.437063367165173133e+02
1.612533802095006479e+02
1.754656856878602298e+02
1.612533802095006479e+02
2.082694197525820812e+02
2.316093068541256059e+02
2.343930613071259188e+02
2.107619212177200154e+02
1.868509159320293520e+02
1.868509159320293520e+02
1.868509159320293520e+02
1.646300863525409000e+02
1.646300863525409000e+02
1.632316535732991838e+02
1.730957668981586153e+02
1.681234514965090057e+02
1.585573800033941438e+02
1.681234514965090057e+02
2.016503081339232040e+02
1.456067442851311569e+02
1.351873348161298622e+02
1.869709430985126914e+02
1.493835231171406122e+02
1.493835231171406122e+02
1.493835231171406122e+02
2.141637910833339333e+02
2.141637910833339333e+02
1.423528252927205813e+02
1.754992785234113342e+02
2.038296523629885826e+02
1.650591021739473376e+02
2.038296523629885826e+02
1.966919782745421514e+02
1.835367552869682868e+02
1.777326586839314189e+02
1.904515888842400955e+02
1.960313640979403829e+02
1.960313640979403829e+02
1.960313640979403829e+02
1.933504125688766067e+02
1.933504125688766067e+02
1.725475924067752942e+02
1.757259400580067563e+02
1.616508941972747664e+02
1.587401091970078255e+02
1.616508941972747664e+02
1.621071512463791464e+02
1.621554276839926274e+02
1.482595636366327483e+02
1.482156539423628772e+02
2.240758805795882722e+02
2.240758805795882722e+02
2.240758805795882722e+02
2.597627009629283066e+02
2.597627009629283066e+02
1.205096203654200053e+02
1.233790347746908651e+02
2.144181534449221544e+02
2.092741969863241138e+02
2.144181534449221544e+02
2.138063472622752954e+02
1.607462280784720861e+02
1.655072109686601323e+02
2.202269319096110678e+02
1.814751586202889655e+02
1.814751586202889655e+02
1.814751586202889655e+02
1.760082235665422843e+02
1.760082235665422843e+02
1.930966363727105204e+02
1.541101582777711769e+02
1.656377277810890405e+02
2.077112978344771079e+02
1.656377277810890405e+02
1.858260501261433717e+02
1.834729284710714126e+02
1.871864916992858241e+02
1.895895637360401906e+02
2.016373715872009029e+02
2.016373715872009029e+02
2.016373715872009029e+02
1.934901189210915788e+02
1.934901189210915788e+02
2.250811007714828236e+02
2.061551078672727044e+02
2.043023257049541996e+02
2.230508829460770812e+02
2.043023257049541996e+02
1.473804976922288574e+02
1.244302251966867487e+02
1.357079876727835597e+02
1.608914544656377927e+02
2.008432257771359843e+02
2.008432257771359843e+02
2.008432257771359843e+02
1.268485460304029999e+02
1.268485460304029999e+02
1.596926905806698755e+02
1.660852257746068688e+02
2.110109110900560836e+02
2.027955926588205102e+02
2.110109110900560836e+02
1.496763622744439601e+02
2.015597019759616728e+02
2.175252487021139984e+02
1.613506218264772656e+02
1.931905904876693398e+02
1.931905904876693398e+02
1.931905904876693398e+02
1.742789583153009971e+02
1.742789583153009971e+02
2.183534020473822750e+02
2.503892344574088327e+02
1.894694797247480835e+02
1.655028659966287705e+02
1.894694797247480835e+02
1.576304982662684893e+02
1.746034743952774591e+02
1.600860646512008429e+02
1.445967911420019902e+02
1.776210546706748801e+02
1.776210546706748801e+02
1.776210546706748801e+02
1.622123267993115974e+02
1.622123267993115974e+02
2.008339679230254262e+02
2.039915400079760275e+02
2.355446691604823570e+02
2.318773738849711208e+02
2.355446691604823570e+02
1.755985366685125939e+02
2.420746805182303092e+02
2.265829655472968511e+02
1.645163825173822545e+02
1.712476835500640391e+02
1.712476835500640391e+02
1.712476835500640391e+02
1.678532176713154627e+02
1.678532176713154627e+02
2.276060072177409950e+02
2.154406462414484338e+02
1.656696344424416907e+02
1.749086968657652505e+02
1.656696344424416907e+02
1.333805324431605186e+02
1.869353474402993527e+02
1.773736423355670979e+02
1.266891188139261857e+02
1.594555186637772408e+02
1.594555186637772408e+02
1.594555186637772408e+02
1.908748572999251110e+02
1.908748572999251110e+02
2.412449384228389704e+02
2.193464463751621736e+02
1.926403719163955657e+02
2.117647788809795770e+02
1.926403719163955657e+02
1.896217131450950149e+02
1.933921415136252335e+02
1.839620242275481417e+02
1.803839315175950446e+02
1.770794766633044048e+02
1.770794766633044048e+02
1.770794766633044048e+02
1.483939560588318898e+02
1.483939560588318898e+02
1.470087350497529997e+02
1.534126185423118329e+02
1.794180180433532144e+02
1.718646830136973449e+02
1.794180180433532144e+02
2.464418297012993833e+02
2.153436165330415406e+02
1.916057314030164491e+02
2.191345189971161744e+02
1.839886850220949555e+02
1.839886850220949555e+02
1.839886850220949555e+02
2.059635754806667478e+02
2.059635754806667478e+02
1.834487536516572277e+02
1.983771181841320868e+02
1.382158351751115219e+02
1.280181695970919691e+02
1.382158351751115219e+02
1.723236972662660094e+02
2.300972568348122422e+02
2.093981230266989826e+02
1.570218530088011448e+02
1.606650971244673372e+02
1.606650971244673372e+02
1.606650971244673372e+02
1.665777539680802306e+02
1.665777539680802306e+02
2.101557249328631372e+02
2.152335458426608739e+02
1.799438357060226963e+02
1.757329318454802376e+02
1.799438357060226963e+02
1.445561517447226549e+02
1.833831541994427994e+02
1.842689395814326190e+02
1.452452441281883182e+02
1.994724779759460489e+02
1.994724779759460489e+02
1.994724779759460489e+02
2.016970759074968953e+02
2.016970759074968953e+02
1.662278346241139957e+02
1.552621450750410474e+02
1.587917159733609083e+02
1.700211798896156381e+02
1.587917159733609083e+02
1.773065678533364178e+02
1.539382007674416286e+02
1.455962865700144562e+02
1.676240352304308203e+02
2.114931576791269379e+02
2.114931576791269379e+02
2.114931576791269379e+02
2.430891518162501086e+02
2.430891518162501086e+02
2.067124399120663156e+02
1.836437959981698498e+02
1.417486487490751585e+02
1.592982287417045484e+02
1.417486487490751585e+02
1.698606248049922556e+02
1.989723752876592755e+02
2.127970940153036281e+02
1.815720441081554668e+02
1.291987878678754385e+02
1.291987878678754385e+02
1.291987878678754385e+02
2.008867466523280996e+02
2.008867466523280996e+02
2.024271323229297650e+02
1.895643424304632561e+02
1.633015736789792527e+02
1.742983503503658085e+02
1.633015736789792527e+02
1.881112886772213528e+02
1.879385663939204107e+02
1.856967639091134856e+02
1.858673279384825321e+02
1.892054337043526857e+02
1.892054337043526857e+02
1.892054337043526857e+02
1.772544903094222093e+02
1.772544903094222093e+02
2.419733542892082028e+02
2.357336731169261554e+02
2.054883467199912275e+02
2.108974022642652528e+02
2.054883467199912275e+02
1.398808916048283493e+02
1.336946379538758833e+02
1.554567175368883625e+02
1.627185604794612459e+02
1.402674864763114044e+02
1.402674864763114044e+02
1.402674864763114044e+02
2.170147107558364610e+02
2.170147107558364610e+02
2.071385962069641380e+02
2.085022548468270713e+02
1.563016958601518525e+02
1.552940053185750173e+02
1.563016958601518525e+02
1.834947584540346099e+02
1.642227546025548577e+02
1.911483226249018514e+02
2.137532346258622624e+02
1.749355160072285287e+02
1.749355160072285287e+02
1.749355160072285287e+02
1.858322052311499704e+02
1.858322052311499704e+02
2.013566712617098062e+02
