2.198076795203542488e+00
2.126274013244582761e+00
2.198076795203542488e+00
2.290765346709790151e+00
2.238381985398009810e+00
2.174420397117621029e+00
2.156996271393400555e+00
1.985866673718429620e+00
2.010033509051360578e+00
2.005284959918188559e+00
2.193723960406211315e+00
2.134138041652276385e+00
2.067900355559086911e+00
2.136438720730499785e+00
2.122436459463833192e+00
2.192845025334833942e+00
2.122436459463833192e+00
2.194818411661821678e+00
2.253298022391841293e+00
2.005296071783627010e+00
1.987935280910990699e+00
2.112955024619093347e+00
2.126882269512946788e+00
2.105148425725254402e+00
2.222124208777840781e+00
2.191826270874851268e+00
2.233268394704340132e+00
2.259939202336851860e+00
2.137333741069023407e+00
2.174801400024478859e+00
2.137333741069023407e+00
2.216633764810664431e+00
2.246879043880195326e+00
2.163812851536725201e+00
2.182045359147534835e+00
1.972011753783995847e+00
1.944798270694250153e+00
1.971419870862513246e+00
2.127596486052471647e+00
2.067016114355573198e+00
2.071687347515217326e+00
2.131736817501682424e+00
2.143785335942819170e+00
2.184286907095617902e+00
2.143785335942819170e+00
2.186265938519136753e+00
2.222562547935099442e+00
1.998847971508137755e+00
2.019782253943954053e+00
2.193884262367943094e+00
2.179333546662599819e+00
2.195473848841384523e+00
2.166522163320884431e+00
2.189370148811365269e+00
2.122106709717366257e+00
2.095235045670789553e+00
2.213886918529883285e+00
2.208274032057307323e+00
2.213886918529883285e+00
2.197181448531251746e+00
2.191286537888400776e+00
2.155781184620487956e+00
2.164754347611538510e+00
2.098203647708404951e+00
2.087801814970042802e+00
2.107510855358488921e+00
2.204723228938111124e+00
2.131080030589161289e+00
2.051709748307207981e+00
2.138507808531350474e+00
2.156573588264112828e+00
2.224076085644942857e+00
2.156573588264112828e+00
2.158429244605017505e+00
2.225613408602473697e+00
2.043525990188069574e+00
2.058705222999732243e+00
2.235324786459098156e+00
2.225406049495781691e+00
2.239936993928977937e+00
2.131551998406793658e+00
2.043772394974161521e+00
2.110821090927869292e+00
2.187671892347926139e+00
2.183672481942634302e+00
2.089544693504624018e+00
2.183672481942634302e+00
2.206537247915844269e+00
2.118023060524689249e+00
2.118345678205782345e+00
2.134295513207006945e+00
2.154742663039509676e+00
2.139517471530832271e+00
2.146316780645207256e+00
2.154091948377959476e+00
2.105038949531872206e+00
2.098896923858126318e+00
2.148584759683883405e+00
2.231482980954395678e+00
2.225919310669457918e+00
2.231482980954395678e+00
2.149336731451151117e+00
2.142343794815829039e+00
2.106257768752067605e+00
2.123395868374551743e+00
2.231376138953338639e+00
2.218496622949140296e+00
2.240496426383384865e+00
2.195116128190077287e+00
2.181776173422137699e+00
2.071774836672654718e+00
2.088857895893223127e+00
2.165546002270499759e+00
2.160910485232052647e+00
2.165546002270499759e+00
2.130460400079747796e+00
2.125422711523016872e+00
2.214228215864531446e+00
2.201928008487641364e+00
2.103527012370816074e+00
2.119194305472468454e+00
2.107247104989482533e+00
2.117627422098230738e+00
2.076642123252683270e+00
2.233902383304813277e+00
2.261404484509080159e+00
2.188542555616571406e+00
2.152726260234738120e+00
2.188542555616571406e+00
2.188168386272407062e+00
2.152315898643283099e+00
2.161183571561235528e+00
2.150988169013276163e+00
2.167952205524327880e+00
2.177724362804290603e+00
2.171624193706707562e+00
2.127000178231308158e+00
2.116774815243404273e+00
2.150170879233868071e+00
2.159648492317197466e+00
2.113520396983775029e+00
2.046419275285439543e+00
2.113520396983775029e+00
2.174403260522483006e+00
2.115951926466888011e+00
2.225494325855087219e+00
2.225383359701297081e+00
2.182383537442906807e+00
2.182486199087422918e+00
2.165173533724225940e+00
2.021724458083519416e+00
2.086248112502425478e+00
2.145189489546138084e+00
2.088031033962059357e+00
2.186849247487365311e+00
2.193198575282142571e+00
2.186849247487365311e+00
2.189158974657012369e+00
2.195467992809274183e+00
2.209028835863862117e+00
2.156135873495214295e+00
2.123394650774517611e+00
2.180576519024514326e+00
2.135892151450935916e+00
2.105937803941104747e+00
2.217771405028436504e+00
2.147398247117511705e+00
2.013787018218313296e+00
2.111870530246233280e+00
2.070332257945376675e+00
2.111870530246233280e+00
2.121721315530951557e+00
2.081028139795868537e+00
2.202996749102610341e+00
2.216065694106168049e+00
2.186800726804883688e+00
2.172585078754251331e+00
2.188474823198285346e+00
2.074327128138245602e+00
2.076259091781739841e+00
2.102502343163049847e+00
2.100659666860888564e+00
2.157119273526466152e+00
2.217502833370101456e+00
2.157119273526466152e+00
2.186335936376986311e+00
2.242189189650356518e+00
2.197233338849881257e+00
2.188828631321356077e+00
2.185315734123264964e+00
2.193802096308310912e+00
2.185211632694660899e+00
2.135413888117333681e+00
2.183532297231201458e+00
2.132737354708300614e+00
2.078391247874387560e+00
2.151735546225451934e+00
2.072671048060233279e+00
2.151735546225451934e+00
2.206318769040030769e+00
2.137558711411741363e+00
2.164098922797756508e+00
2.208010821720161942e+00
2.228814902413922994e+00
2.187597136454381364e+00
2.220262350502484772e+00
2.112851516468655877e+00
2.149515119067788582e+00
2.141358439388301171e+00
2.103998765913203339e+00
2.135981925864201880e+00
2.156507151628551000e+00
2.135981925864201880e+00
2.147186691035572803e+00
2.167178576296685755e+00
2.071411400546572690e+00
2.089661541472713768e+00
2.173054371200488610e+00
2.157900818413689414e+00
2.184670909203553890e+00
2.220525382081367738e+00
2.276444534304303158e+00
2.154896614397352028e+00
2.074242792324177298e+00
2.075481394980013050e+00
2.036803769971428313e+00
2.075481394980013050e+00
2.188404758778577097e+00
2.158321776435138784e+00
2.262012801368416426e+00
2.248706742683686421e+00
2.105581069405633610e+00
2.125212782570586434e+00
2.112677887450045588e+00
2.082453890256025009e+00
2.012453856097339067e+00
2.110625273346093955e+00
2.168849476291123235e+00
2.251251506437025096e+00
2.169956954781374847e+00
2.251251506437025096e+00
2.292142548665040191e+00
2.222564874617299679e+00
2.134846870316523759e+00
2.113399812645387232e+00
2.113899961900377988e+00
2.135324841154560449e+00
2.110809956154956701e+00
2.171332734997827973e+00
2.159981241877410696e+00
2.197315150146209373e+00
2.207585679134812739e+00
2.209294508682772662e+00
2.131126532926854722e+00
2.209294508682772662e+00
2.224097441191148494e+00
2.149277957507284231e+00
2.013175009363063150e+00
2.007690068073285872e+00
2.144609039303677633e+00
2.148833860008251939e+00
2.142265392696049542e+00
2.200348459645926624e+00
2.081204388868994393e+00
2.094787543746294389e+00
2.210609231682848286e+00
2.077478991865715940e+00
2.145388108584354470e+00
2.077478991865715940e+00
2.151550629340701182e+00
2.209221001340718971e+00
2.110617463165120444e+00
2.122965325903232614e+00
2.132116499242180385e+00
2.120020819278687352e+00
2.124513225861211385e+00
2.149767789482853964e+00
2.127452243186078285e+00
2.185284537532690585e+00
2.204617871368726778e+00
2.135614556111210316e+00
2.144265297823313876e+00
2.135614556111210316e+00
2.104802104456628520e+00
2.114052155497026408e+00
2.198840200979743642e+00
2.220242952989775809e+00
2.122915886204783220e+00
2.095425997854043487e+00
2.124964825267487090e+00
1.992261008281052348e+00
2.116860127199711616e+00
2.171678912970078201e+00
2.061213365850611545e+00
2.204448888634488846e+00
2.170280498067428621e+00
2.204448888634488846e+00
2.206559845113481799e+00
2.172599255044175948e+00
2.135087468300871816e+00
2.126919166093534486e+00
2.113317601591557349e+00
2.121740947548941936e+00
2.107330745652497672e+00
2.089901015599294531e+00
2.175971543799095631e+00
2.179589449376912569e+00
2.094305753983170870e+00
2.077530304706074915e+00
2.148692147289609000e+00
2.077530304706074915e+00
2.132059311534539425e+00
2.195382900382072844e+00
2.249891197720984337e+00
2.273384401070813521e+00
2.134450612765046884e+00
2.099086572786556193e+00
2.122955323136367145e+00
2.161467832941368794e+00
2.156422225291538375e+00
2.217229363227180006e+00
2.221497252580189485e+00
2.107663406092691538e+00
2.108037030075744500e+00
2.107663406092691538e+00
2.117959214192590700e+00
2.118324808963390815e+00
2.155123504018682024e+00
2.131880624977315897e+00
2.162201293195414653e+00
2.183783727407101249e+00
2.186559706176303131e+00
2.091369813574105230e+00
2.140743679875658056e+00
2.163476605933734920e+00
2.116663518347123407e+00
2.183341892918871263e+00
2.228160943421200635e+00
2.183341892918871263e+00
2.212576273997713727e+00
2.253724288399725051e+00
2.149762454861621208e+00
2.150289550609912670e+00
2.119960756808713764e+00
2.119399578616923296e+00
2.124509138080581394e+00
2.267564829343894139e+00
2.040536430029038062e+00
1.979979330755237132e+00
2.233001854186899227e+00
2.118065599932456244e+00
2.136968784866336346e+00
2.118065599932456244e+00
2.155022159453208186e+00
2.172379167197174610e+00
2.034346559956862421e+00
2.024764760603202873e+00
2.103888706757619964e+00
2.112175351770051890e+00
2.107995252281519960e+00
2.160632864420450439e+00
2.266642576879138282e+00
2.212724645961741121e+00
2.086688933256287015e+00
2.130976445431580935e+00
2.160166842296411982e+00
2.130976445431580935e+00
2.170531679610464337e+00
2.197038024931147859e+00
2.168539396721322898e+00
2.176827340161124447e+00
2.129867849870688001e+00
2.120576289464093378e+00
2.110265455129953782e+00
2.131662662084069737e+00
2.083050789601880837e+00
2.139610071561580007e+00
2.182631439935281747e+00
2.199955936648524624e+00
2.220479087193669709e+00
2.199955936648524624e+00
2.193999273571086928e+00
2.214877056954879464e+00
2.050973758351325227e+00
2.068090992139875350e+00
2.205818490097870122e+00
2.193357090640501550e+00
2.201168978845402080e+00
2.130091443403375973e+00
2.149188053773847695e+00
2.089850747877959769e+00
2.068174175309688501e+00
2.219782070050479561e+00
2.133836562922127200e+00
2.219782070050479561e+00
2.322525132068977705e+00
2.264752297516888113e+00
2.123236701084540545e+00
2.144867793632483810e+00
2.004742782385115607e+00
1.976664773940514097e+00
2.009196139005367865e+00
2.127781065321616705e+00
2.180411917681090106e+00
2.122994753772594390e+00
2.062802545047242031e+00
2.235214251140257513e+00
2.262992121846185700e+00
2.235214251140257513e+00
2.151153723003748297e+00
2.186513337891928366e+00
2.072330568814412022e+00
2.106772958727151313e+00
2.231165867431319061e+00
2.206111297224839785e+00
2.223593230682373800e+00
2.157511255457506660e+00
2.138337366113281846e+00
2.084871693616545230e+00
2.106369432709633394e+00
2.203408332549452453e+00
2.149957542677322753e+00
2.203408332549452453e+00
2.150139389346982455e+00
2.088879838779165610e+00
2.186473957252519806e+00
2.186321022840065798e+00
2.256286471010900296e+00
2.256410781263292087e+00
2.261750307486750877e+00
2.103430449843969097e+00
2.081668375950681327e+00
2.032441776386786803e+00
2.056218431822676163e+00
2.205584494607589541e+00
2.242200649512823496e+00
2.205584494607589541e+00
2.225497548831083527e+00
2.259906729092048039e+00
1.928140834846540752e+00
1.951539837766998131e+00
2.201101281056845327e+00
2.186666559522957076e+00
2.194679677043313681e+00
2.053509654993975531e+00
2.154205179629326672e+00
2.120596322937137845e+00
2.012316339122657727e+00
2.151257385548339229e+00
2.207848819650705785e+00
2.151257385548339229e+00
2.079187834068600527e+00
2.145547275823109779e+00
2.201285527709225587e+00
2.158111470984677371e+00
2.193865806185196998e+00
2.233083038534809273e+00
2.201050470339787068e+00
2.137867310296798884e+00
2.126249399796731332e+00
2.010233332551517371e+00
2.024654692218648577e+00
2.164485148553545457e+00
2.202306004342700074e+00
2.164485148553545457e+00
2.112871681652777056e+00
2.155584871686802462e+00
2.178121216106690738e+00
2.161942545742194799e+00
2.121289147629281224e+00
2.139090678894843389e+00
2.118481206914056170e+00
2.093961414623643158e+00
2.126592776134347496e+00
2.190095403392744000e+00
2.162137781167598582e+00
2.116524710545341748e+00
2.172395126154965439e+00
2.116524710545341748e+00
2.032740802796960011e+00
2.098502505410544394e+00
2.252178961751670982e+00
2.242757368613113034e+00
2.220398024890216426e+00
2.230539736241385018e+00
2.217133735366703995e+00
2.054430615614704969e+00
2.075121481061129813e+00
2.106977821100603165e+00
2.087540080976607815e+00
2.217275579747812753e+00
2.192390009305173582e+00
2.217275579747812753e+00
2.137972984516470110e+00
2.107343285329879468e+00
2.155090748319692384e+00
2.158821502659036717e+00
2.115221647715283648e+00
2.111097043623908487e+00
2.112556135779775079e+00
2.164953586898243909e+00
2.224818761446566651e+00
2.216007290780319217e+00
2.154522743664024187e+00
2.166236890711178198e+00
2.184288947996698038e+00
2.166236890711178198e+00
2.109422029944682642e+00
2.130022168885255418e+00
2.171652812132231603e+00
2.182104200075761558e+00
2.210332531679695567e+00
2.200679994194833622e+00
2.213327205491322225e+00
2.174409910317303574e+00
2.150756650659127800e+00
2.158525362368266975e+00
2.181725905446180391e+00
2.123206779338159933e+00
2.150054841630881786e+00
2.123206779338159933e+00
2.047004471524835001e+00
2.078203590831800618e+00
2.212193925297007979e+00
2.219208104848768848e+00
2.150758604065550195e+00
2.142315368068334003e+00
2.146053191666454918e+00
2.019955344991015700e+00
2.146595804106848693e+00
2.103640422117349029e+00
1.965439817866541095e+00
2.157437098186200775e+00
2.136348334810237670e+00
2.157437098186200775e+00
2.137484060058426838e+00
2.115385934426782910e+00
2.153117812084314853e+00
2.178386375416146326e+00
2.227671841947372222e+00
2.205753564559262081e+00
2.225018672186621416e+00
1.999576314412932376e+00
2.052177013130089822e+00
2.133102588563724478e+00
2.088113785358222785e+00
2.245390609644412283e+00
2.260561366956218343e+00
2.245390609644412283e+00
2.217717921974308393e+00
2.234342460059627555e+00
2.025288700085456473e+00
2.032933259947453664e+00
2.138972466641446690e+00
2.132739180908856724e+00
2.146827280888590650e+00
2.215959443961668995e+00
2.239373812004531228e+00
2.150525662682659434e+00
2.120474315607097981e+00
2.085056219874954930e+00
2.087234176552962506e+00
2.085056219874954930e+00
2.148493563821010532e+00
2.150394380343969125e+00
2.197876326857183038e+00
2.197369552769767420e+00
2.208250912541436684e+00
2.208742366420159531e+00
2.212775646415310327e+00
2.141485015482920584e+00
2.072268449691473169e+00
2.101773828153682189e+00
2.166979206614240372e+00
2.180028321029114924e+00
2.106613566807827187e+00
2.180028321029114924e+00
2.206338146931716704e+00
2.137957449695302881e+00
2.091882072905415058e+00
2.074625256545604923e+00
2.173154433903309979e+00
2.187019264807339436e+00
2.172059798922457041e+00
2.167619121963288542e+00
2.187634364172486467e+00
2.134246921284054022e+00
2.111413759143348390e+00
2.214184826578630805e+00
2.134751486335146442e+00
2.214184826578630805e+00
2.241881180193210810e+00
2.168994472130678197e+00
2.138693738848519654e+00
2.140838715221971000e+00
2.179077788481559974e+00
2.177125649721471934e+00
2.170106894491041327e+00
2.222619398092097409e+00
2.086533118516399998e+00
2.047744613937624969e+00
2.194737069019451425e+00
2.131585780888586079e+00
2.107645594214552442e+00
2.131585780888586079e+00
2.155099468808005625e+00
2.132423756451798713e+00
2.244103064496155042e+00
2.248807470742242742e+00
2.133525360593837128e+00
2.127022680163592305e+00
2.141332458054520327e+00
2.172624479113927531e+00
2.153359079626041339e+00
2.202952866745196747e+00
2.219818786052152326e+00
2.151526580902443975e+00
2.162908008683195327e+00
2.151526580902443975e+00
2.150836782835482186e+00
2.162237203157272525e+00
2.195622495813947417e+00
2.181933650980895312e+00
2.184896309923353819e+00
2.198477078113696415e+00
2.187808007497841434e+00
2.082475832313146480e+00
1.990168103270035571e+00
2.064707282861367954e+00
2.145899114723357926e+00
2.227692662641103993e+00
2.131498657082407711e+00
2.227692662641103993e+00
2.202634634570690864e+00
2.099181426722384280e+00
2.025838993554911038e+00
2.037118659017804312e+00
2.183273643291508748e+00
2.174987363043410671e+00
2.181985908847753564e+00
2.253428000440595547e+00
2.167930823548722685e+00
2.164778079228485641e+00
2.250995229664701114e+00
2.094011675866581879e+00
2.138909690618955306e+00
2.094011675866581879e+00
2.210504720233893661e+00
2.244094234472155502e+00
2.156702748957521898e+00
2.138079465334273621e+00
2.053200116066586034e+00
2.075313219293819511e+00
2.042091947331376556e+00
2.218983454856864324e+00
2.146948055949921219e+00
2.133471088157541828e+00
2.207885429486711182e+00
2.106834055970395969e+00
2.111038675755398053e+00
2.106834055970395969e+00
2.025727658244213192e+00
2.030606404122623942e+00
2.199534106604418504e+00
2.159106223797775392e+00
2.144636897040165913e+00
2.186530718953179520e+00
2.162004876515813745e+00
2.106093938140381372e+00
2.156434519631001301e+00
2.246717195941894563e+00
2.207807706089435662e+00
2.190199221242247418e+00
2.192853265565539278e+00
2.190199221242247418e+00
2.117572316154254786e+00
2.120740811047797880e+00
2.119542345851675780e+00
2.127403800132892986e+00
2.187829887318982092e+00
2.181057090851262537e+00
2.193423739827522478e+00
2.187435671718963359e+00
2.089551364973761149e+00
2.023707667738246396e+00
2.134551970324160663e+00
2.181540770078892244e+00
2.220035403826463583e+00
2.181540770078892244e+00
1.985408295451024818e+00
2.042640594287846056e+00
2.124305239572827020e+00
2.134669110338977216e+00
2.204998815156395064e+00
2.196348912007682230e+00
2.203451142990876299e+00
2.106364657571876187e+00
2.212688590219031415e+00
2.129619419893852506e+00
1.999516984461885416e+00
2.095937650684225773e+00
2.172777555117297865e+00
2.095937650684225773e+00
2.036969916229771638e+00
2.123006611497808116e+00
2.214268323146626027e+00
2.219222864471291690e+00
2.202681129371624191e+00
2.197473508756746075e+00
2.199810658715672940e+00
2.207710746591528661e+00
2.147971062540046550e+00
2.089214221471860533e+00
2.157345207354014249e+00
2.190417086108118916e+00
2.179838920124546942e+00
2.190417086108118916e+00
2.122580591553711926e+00
2.110097111725399266e+00
2.166895374984623590e+00
2.167197985365037383e+00
2.189532512503663764e+00
2.189248051054772048e+00
2.185625351583723841e+00
2.162745870676143767e+00
2.244926304388583649e+00
2.195874761738579650e+00
2.100704179768063451e+00
2.082300030551221592e+00
2.123853518642179861e+00
2.082300030551221592e+00
2.130848716966993184e+00
2.168341751855852539e+00
2.189624134117106991e+00
2.187071982379475976e+00
2.162864812781251533e+00
2.165584569197616105e+00
2.163827603445467318e+00
2.205508884868850217e+00
2.194453335059479038e+00
2.095962370733971181e+00
2.109945404563422500e+00
2.134778246756814823e+00
2.191257569055970578e+00
2.134778246756814823e+00
2.024200566179360727e+00
2.094532144139961360e+00
2.166791729769296015e+00
2.142998714154338735e+00
2.094174332639361591e+00
2.120639426180929377e+00
2.078329461108344933e+00
2.110540785817229814e+00
2.166557009503906173e+00
2.228690404294522143e+00
2.181575048292667685e+00
2.047974802577952946e+00
2.145260497436297431e+00
2.047974802577952946e+00
2.148456478097198197e+00
2.226999109553037037e+00
2.189185137286223437e+00
2.188701257404677136e+00
2.043983166425221043e+00
2.044644532804044346e+00
2.041452366080174219e+00
2.185437723430954993e+00
2.171130298223757915e+00
2.150994640119528345e+00
2.166061802161450167e+00
2.190905665429494942e+00
2.165340985588158684e+00
2.190905665429494942e+00
2.059347937504498738e+00
2.025260086107628421e+00
2.156846210093776861e+00
2.147345576885826723e+00
2.037000100967479632e+00
2.048859916513392498e+00
2.050415408579871812e+00
2.195314050492571667e+00
2.180637357011704580e+00
2.277914400324186683e+00
2.288554382660828779e+00
2.189358812153925804e+00
2.116612099157141547e+00
2.189358812153925804e+00
2.226353345464018751e+00
2.160928368814849510e+00
2.152320444549774781e+00
2.169850437252642372e+00
2.110971915205369420e+00
2.090909298961638019e+00
2.121962735008699141e+00
2.103088634423871728e+00
2.142871309441105154e+00
2.108237619152272924e+00
2.065381634801011668e+00
2.145290256889476499e+00
2.196067550347633013e+00
2.145290256889476499e+00
2.203866745901477575e+00
2.247246657014021931e+00
2.035176575991295866e+00
2.118493162220532078e+00
2.079138459476792100e+00
1.989296616617817204e+00
2.073068234061135939e+00
2.248074298758252265e+00
2.260176133491653250e+00
2.255376686360223371e+00
2.243059024821116854e+00
2.123060858978941923e+00
2.154633465453137386e+00
2.123060858978941923e+00
2.152817518561434884e+00
2.182270700746026026e+00
2.156735337757592408e+00
2.153493765446852226e+00
2.089718986739392381e+00
2.093442439929786847e+00
2.082946738306548973e+00
2.138101407069840310e+00
2.031160660952117780e+00
2.030269664511825223e+00
2.137380194484007401e+00
2.215147107451320707e+00
2.163991800713137348e+00
2.215147107451320707e+00
2.227158921719330387e+00
2.177847039526314976e+00
2.042741536182891782e+00
2.075916676156053686e+00
2.215209688187370851e+00
2.191311745165786640e+00
2.217374095952630686e+00
2.271522333705754182e+00
2.180498814058009494e+00
2.095906538531053798e+00
2.207801663090180000e+00
2.235874799433691607e+00
2.233306250464100362e+00
2.235874799433691607e+00
2.186190320333186943e+00
2.183207061112659275e+00
2.101956369875334296e+00
2.038569337510891089e+00
2.086897492988135205e+00
2.144802166006216648e+00
2.077803668145020488e+00
2.162301048899376799e+00
2.119357793883965169e+00
2.025431873664603977e+00
2.076845123028375095e+00
2.157035346707836698e+00
2.181543749855319625e+00
2.157035346707836698e+00
2.139917103004982835e+00
2.165459061647239114e+00
2.120428455435815263e+00
2.120846662254154857e+00
2.144653999872886185e+00
2.144256992221019509e+00
2.143557018071893250e+00
2.174411913712984479e+00
2.185288919726219525e+00
2.207460530764471240e+00
2.197244847149597557e+00
2.117380607098760414e+00
2.031514574569358356e+00
2.117380607098760414e+00
2.167161213338712145e+00
2.090305156648768037e+00
2.068433343508608413e+00
2.048066242570278028e+00
2.195098710322129776e+00
2.209777349223287946e+00
2.193604350086531873e+00
2.129874706597600476e+00
2.052711284407561010e+00
2.050302986523309112e+00
2.127796568544928935e+00
2.196451793804362396e+00
2.190096222698362016e+00
2.196451793804362396e+00
2.176314273624362361e+00
2.169600494723126882e+00
2.148825405215459394e+00
2.096111167474528081e+00
2.189031003034362932e+00
2.231174619533077053e+00
2.192881880008453077e+00
2.231146476651059363e+00
2.220604375122531060e+00
2.171607319377982126e+00
2.183738673116765838e+00
2.063077109064292092e+00
2.058647815085076882e+00
2.063077109064292092e+00
2.166301518788718017e+00
2.162747598193052845e+00
2.272253818860547447e+00
2.279570316997814317e+00
2.134523474427581835e+00
2.123199298784593125e+00
2.140325787253916978e+00
2.150534010939851193e+00
2.032039268436320434e+00
2.096156724729112852e+00
2.200805838203408360e+00
2.148368152450221835e+00
2.122615349557049225e+00
2.148368152450221835e+00
2.217822211305347402e+00
2.196437339814390821e+00
2.120900299112412846e+00
2.146881109677253985e+00
2.174580592430774395e+00
2.150307352137183603e+00
2.170949234176168030e+00
2.086848239696486917e+00
2.106563346843394413e+00
2.173402535474546315e+00
2.156489992344580831e+00
2.177705640631481643e+00
2.138165191783387264e+00
2.177705640631481643e+00
2.178921696935998131e+00
2.139505742209802275e+00
2.150276120182668560e+00
2.159300508436559074e+00
2.113555094946844903e+00
2.103536269515875023e+00
2.110633497474935893e+00
2.180439430331994721e+00
2.082207047941140310e+00
2.108558483805133221e+00
2.201491221721801672e+00
2.073606408424464309e+00
2.065890374684929753e+00
2.073606408424464309e+00
2.178784116894044942e+00
2.172670937456829154e+00
2.176991781852232855e+00
2.159622226066845840e+00
2.202046140079494396e+00
2.217536320829348817e+00
2.199144121319415390e+00
2.053540608304726511e+00
2.101838315061760554e+00
2.134907888138570797e+00
2.089837501846332657e+00
2.163934358678042624e+00
2.106148702872529199e+00
2.163934358678042624e+00
2.226432420536632151e+00
2.177793029017000670e+00
2.220574235404483510e+00
2.191422809790021464e+00
2.080628238129500929e+00
2.118430536291626698e+00
2.086428567105571119e+00
2.050195393161255986e+00
2.061736866824170011e+00
2.142782874649793001e+00
2.132993902914319229e+00
2.293964217416471385e+00
2.226264037281885155e+00
2.293964217416471385e+00
2.262252889330721661e+00
2.185561128811732257e+00
2.083407107359915411e+00
2.086418838864958047e+00
2.132728748091585746e+00
2.129996264587991295e+00
2.128135911204743991e+00
2.201870409513330795e+00
2.187247643811234710e+00
2.214105961990183946e+00
2.227629915579791842e+00
2.118930214103480481e+00
2.172873646404890557e+00
2.118930214103480481e+00
2.135191282093856113e+00
2.187172669420542448e+00
2.149969881294101715e+00
2.146690170071438697e+00
2.123747802623982661e+00
2.127199569591387007e+00
2.120380574215551039e+00
2.178021475062821288e+00
2.123997401563484821e+00
2.124775800689014726e+00
2.178699831532842079e+00
2.197433879449243843e+00
2.120604027878007170e+00
2.197433879449243843e+00
2.138500347792243961e+00
2.049771772664804370e+00
2.177633193618901952e+00
2.155464971853338518e+00
2.131383319290653944e+00
2.154840707964120750e+00
2.139753998291328507e+00
2.132342923914850363e+00
2.122666779529199577e+00
2.190797956494585197e+00
2.198973373223251038e+00
2.180924087361054919e+00
2.152854997525657677e+00
2.180924087361054919e+00
2.216000515584111596e+00
2.190579314566695857e+00
2.142979922095755718e+00
2.148228385354518988e+00
2.027863404941142811e+00
2.021249094102251398e+00
2.038960121041505591e+00
2.092362006613992076e+00
2.169299246433991080e+00
2.152667216986821064e+00
2.072620432670190027e+00
2.191000802259281510e+00
2.219522196534251979e+00
2.191000802259281510e+00
2.097271129768084830e+00
2.132994833179428174e+00
2.131937565278380298e+00
2.103089058163356118e+00
2.183201303965182749e+00
2.207038132911484318e+00
2.183229769847744084e+00
2.147014913274990722e+00
2.115500219664820936e+00
2.166720938657407558e+00
2.194642681990913946e+00
2.115518376098925568e+00
2.140676571747661683e+00
2.115518376098925568e+00
2.140305724135718179e+00
2.164099512819493754e+00
2.232346261637696561e+00
2.256249264542275590e+00
2.125966030206566604e+00
2.091569422102150799e+00
2.112253820766554657e+00
2.094559443093046980e+00
2.199094673063311411e+00
2.177347983298965950e+00
2.066737070968480694e+00
2.175705191636141400e+00
2.201245973959171209e+00
2.175705191636141400e+00
2.118971094294484825e+00
2.148257760527394034e+00
2.124135573734484250e+00
2.186942380442773004e+00
2.131973135189041635e+00
2.060354374013908973e+00
2.134885526143621259e+00
2.126658402437837214e+00
2.207354003644622864e+00
2.208946660517749905e+00
2.128597943041162566e+00
2.103170429892769366e+00
2.065153236093352440e+00
2.103170429892769366e+00
2.136077829956791962e+00
2.100614571658055318e+00
2.235145680034229088e+00
2.240344739583272737e+00
2.165582033371090453e+00
2.159113283474182854e+00
2.164724387898655511e+00
2.161371034060380225e+00
2.158579530698653492e+00
2.189588164480705146e+00
2.192161185727265149e+00
2.104647264381658278e+00
2.072861995116009659e+00
2.104647264381658278e+00
2.200684716293143328e+00
2.175429869494928781e+00
2.174791285394136686e+00
2.186323172177300656e+00
2.073434218257545592e+00
2.058594573194127086e+00
2.067715824813509240e+00
2.119467999692191906e+00
2.225192643863160846e+00
2.237666174669555197e+00
2.135955867073344283e+00
2.027690478560623788e+00
2.103942243805797307e+00
2.027690478560623788e+00
2.123565319498776027e+00
2.186729981248795696e+00
2.248139953599229468e+00
2.192478337853398518e+00
2.143852961605440921e+00
2.207141801315350982e+00
2.140007497433107364e+00
2.129876009127825487e+00
2.161819650844402751e+00
2.258773795934788886e+00
2.234866093040943635e+00
2.113378543790152886e+00
2.120439837577651865e+00
2.113378543790152886e+00
2.131395132570649054e+00
2.138183704983618316e+00
2.152169039448611709e+00
2.115219911648817508e+00
2.056148133213882900e+00
2.097689285007263482e+00
2.065851904447397747e+00
2.077688812878737856e+00
2.159631395713010438e+00
2.228585326466441252e+00
2.160620513015513389e+00
2.182635048073607198e+00
2.193067202771489033e+00
2.182635048073607198e+00
2.210918758156823039e+00
2.220540233533181418e+00
2.199839723499410038e+00
2.200157605203245215e+00
2.043838391252196907e+00
2.043406524586873552e+00
2.058661621684045873e+00
2.194325433781498802e+00
2.150731074905602558e+00
2.107407289417751350e+00
2.155538899688640875e+00
2.075973264260258411e+00
2.145467752450636478e+00
2.075973264260258411e+00
2.144372176022015353e+00
2.204253642637791000e+00
1.841791321634729472e+00
1.916458006917613144e+00
2.117820059539519129e+00
2.063056220672634833e+00
2.111948722505750276e+00
2.230976789214139000e+00
2.187877905565764447e+00
2.227569577893444119e+00
2.265773185537376833e+00
2.065085057507349831e+00
2.125981358974219582e+00
2.065085057507349831e+00
2.140319025277942266e+00
2.192251005090799065e+00
2.230295720058218301e+00
2.233031310274307124e+00
2.079144512902772579e+00
2.075133699925844954e+00
2.080846437377837255e+00
2.103137942513146896e+00
1.997070646745169542e+00
1.980922573836195300e+00
2.089696011054111846e+00
2.163132147819654350e+00
2.171541947354038715e+00
2.163132147819654350e+00
2.282027403471119875e+00
2.287760249269860324e+00
2.104426035350994706e+00
2.083970150573712932e+00
2.189986471337721063e+00
2.205964739596065538e+00
2.190814927048518879e+00
2.209087775070618154e+00
2.179432421267220032e+00
2.136508407841342994e+00
2.169536720302130739e+00
2.216296245223149164e+00
2.174162571967417357e+00
2.216296245223149164e+00
2.225165917028230744e+00
2.184161785455742688e+00
2.170925803354326611e+00
2.136917064409308509e+00
2.061902094730434065e+00
2.101634680637714414e+00
2.067414771606920887e+00
2.060934696342629824e+00
2.071283851050275793e+00
2.024143796947170504e+00
2.012923089587955072e+00
2.195050906233171339e+00
2.231300274357810753e+00
2.195050906233171339e+00
2.228442111901285383e+00
2.261154154926037219e+00
2.071504687956424284e+00
2.101918473759314843e+00
2.271559450944247605e+00
2.252594435807973028e+00
2.262490977201162767e+00
2.144962477662695655e+00
2.209462882871725764e+00
2.126235934001184269e+00
2.047050703858150023e+00
2.086885731466269878e+00
2.068047224685647389e+00
2.086885731466269878e+00
2.051708804990613366e+00
2.031626209325982924e+00
2.227546682542810519e+00
2.244253190724827096e+00
2.268858230517520447e+00
2.253583314351367495e+00
2.271186494057164218e+00
2.217026618483512124e+00
2.182670754340727548e+00
1.996917118894634635e+00
2.047210947037854556e+00
2.077617957948022731e+00
2.133608537487569290e+00
2.077617957948022731e+00
2.188700119906623165e+00
2.231866126327619604e+00
2.114731752002772414e+00
2.122920417481830135e+00
2.212338769977825859e+00
2.205822973285973543e+00
2.212217760133616373e+00
2.171318839712178317e+00
2.152654273345036007e+00
2.147919165012678100e+00
2.166797810156186888e+00
2.080807663730092294e+00
1.983732567493431853e+00
2.080807663730092294e+00
2.122073633739922638e+00
2.032407320291308661e+00
2.225652117995815971e+00
2.196643768293029098e+00
2.198526134168394819e+00
2.227379692392260857e+00
2.209374481679202695e+00
2.210802185494648686e+00
2.137938542274845588e+00
2.095240669629383490e+00
2.175406867356733276e+00
2.124073416912853229e+00
2.157036032850624174e+00
2.124073416912853229e+00
2.003486075856456328e+00
2.044756047131024435e+00
2.127733594742192924e+00
2.096087869296628714e+00
2.247189000809087123e+00
2.268309916242031044e+00
2.240950837476094915e+00
2.158665639805479763e+00
2.131846526343765813e+00
2.132511839048147895e+00
2.159290459321225431e+00
2.148242015849321618e+00
2.183173905721022656e+00
2.148242015849321618e+00
2.027383269676293676e+00
2.071925610499345538e+00
2.183846221692632650e+00
2.160551761423484596e+00
2.197939249767626002e+00
2.219000496907411968e+00
2.201419537685019634e+00
2.133528575169908681e+00
2.167803888321468531e+00
2.180388734506535364e+00
2.147196329174233753e+00
2.176805656931336763e+00
2.111888658722411716e+00
2.176805656931336763e+00
2.173179986127118379e+00
2.107665989689027075e+00
2.020702071441755177e+00
1.996851700620419612e+00
2.133038091051167040e+00
2.151551784818177548e+00
2.143347553698688124e+00
2.195067009350878173e+00
2.211651270642440270e+00
2.241888709656613798e+00
2.226827749240575471e+00
2.114511284857390816e+00
2.089117282168835743e+00
2.114511284857390816e+00
2.091202275969279434e+00
2.064588975112517932e+00
2.121677669207342909e+00
2.121459852219238051e+00
2.217589208720208038e+00
2.217759973244720850e+00
2.219468664270649594e+00
2.079704489144608814e+00
2.164408553085781062e+00
2.198008144819584953e+00
2.120309667479142846e+00
2.185255096453825541e+00
2.206104247825511955e+00
2.185255096453825541e+00
2.110986384360614032e+00
2.135935582833072388e+00
2.144457195008042660e+00
