-1.841421140070520153e+02
-1.841421140070520153e+02
-1.841421140070520153e+02
-2.114338292835927291e+02
-2.114338292835927291e+02
-2.057901028179921639e+02
-1.961618309682759218e+02
-1.573708010370862382e+02
-1.650950807611968685e+02
-1.650950807611968685e+02
-1.763350404586307434e+02
-1.637869921510030622e+02
-1.611255195814555350e+02
-1.734696671645291985e+02
-1.856710560063518471e+02
-1.856710560063518471e+02
-1.856710560063518471e+02
-1.889480316746493145e+02
-1.889480316746493145e+02
-1.406653287901497151e+02
-1.440127018668577250e+02
-1.725536836185364393e+02
-1.685429154894481769e+02
-1.685429154894481769e+02
-1.783090878753459663e+02
-1.844123509203783442e+02
-1.886941814757046245e+02
-1.824492080839249297e+02
-1.637561262340821031e+02
-1.637561262340821031e+02
-1.637561262340821031e+02
-2.005080794039691909e+02
-2.005080794039691909e+02
-2.076221258769572557e+02
-2.079150845607682925e+02
-1.403555518574754615e+02
-1.401577866119926625e+02
-1.401577866119926625e+02
-1.720810380875120700e+02
-1.645334390262072759e+02
-1.541205054876364784e+02
-1.611904347945965412e+02
-1.760474675812644421e+02
-1.760474675812644421e+02
-1.760474675812644421e+02
-1.850597245834581202e+02
-1.850597245834581202e+02
-1.744188744924690866e+02
-1.733932267496765860e+02
-1.955071415392009158e+02
-1.966635965067815164e+02
-1.966635965067815164e+02
-1.511276599384484314e+02
-1.942563249586702057e+02
-1.977120122581168857e+02
-1.538161177539430184e+02
-1.725983150874263288e+02
-1.725983150874263288e+02
-1.725983150874263288e+02
-2.018503861465794671e+02
-2.018503861465794671e+02
-2.169329731357111655e+02
-2.110092894405046877e+02
-1.639490182574576238e+02
-1.685515745187099981e+02
-1.685515745187099981e+02
-1.700575105493537649e+02
-1.523517829667164563e+02
-1.532370056196031669e+02
-1.710456103122865841e+02
-1.956827971694727637e+02
-1.956827971694727637e+02
-1.956827971694727637e+02
-1.926233324539442151e+02
-1.926233324539442151e+02
-1.565669438063395376e+02
-1.535385259994010028e+02
-1.791855013460448731e+02
-1.827197840903229462e+02
-1.827197840903229462e+02
-1.869778628837484007e+02
-1.886659466630145232e+02
-1.905906457377269589e+02
-1.888853407622382861e+02
-1.695597159573155750e+02
-1.695597159573155750e+02
-1.695597159573155750e+02
-2.084397330103420529e+02
-2.084397330103420529e+02
-2.219320959945979723e+02
-2.281975194674972442e+02
-1.632764350326465888e+02
-1.587934940654878062e+02
-1.587934940654878062e+02
-1.954374201310107537e+02
-1.748343021978351146e+02
-1.754170415589295544e+02
-1.960888316441371444e+02
-1.954602816339448452e+02
-1.954602816339448452e+02
-1.954602816339448452e+02
-1.510337022058854473e+02
-1.510337022058854473e+02
-1.595332273282635356e+02
-1.535281461655027044e+02
-1.629652888267999913e+02
-1.693394932353046443e+02
-1.693394932353046443e+02
-1.883314737666459280e+02
-1.844287692068916158e+02
-1.808488090818118224e+02
-1.846757579622110654e+02
-1.682789500965192246e+02
-1.682789500965192246e+02
-1.682789500965192246e+02
-2.010546295985405152e+02
-2.010546295985405152e+02
-2.003478032274283578e+02
-1.981358496918244612e+02
-1.395100478119508409e+02
-1.410675132781443040e+02
-1.410675132781443040e+02
-1.687314854024479018e+02
-1.386336210322974978e+02
-1.424858284459229480e+02
-1.734200210847693029e+02
-1.895531654324266526e+02
-1.895531654324266526e+02
-1.895531654324266526e+02
-1.816702742026907913e+02
-1.816702742026907913e+02
-1.666249616639522628e+02
-1.645157960951472091e+02
-1.800813719733079949e+02
-1.823900951376758144e+02
-1.823900951376758144e+02
-1.863825256966858603e+02
-1.857322715124721526e+02
-1.838668454741290077e+02
-1.845105687465259621e+02
-1.738983320044555683e+02
-1.738983320044555683e+02
-1.738983320044555683e+02
-2.214573029362205716e+02
-2.214573029362205716e+02
-1.975975779798661733e+02
-2.098775382658476758e+02
-1.648562713499655956e+02
-1.552105108660196322e+02
-1.552105108660196322e+02
-1.497627489692547442e+02
-1.718323079933728366e+02
-1.655337925185999666e+02
-1.442731934663177924e+02
-1.809553148867129835e+02
-1.809553148867129835e+02
-1.809553148867129835e+02
-1.946128290964780376e+02
-1.946128290964780376e+02
-1.849764995320012702e+02
-1.778310201471135485e+02
-1.814193430465425934e+02
-1.887090058662606396e+02
-1.887090058662606396e+02
-1.720044563148896941e+02
-2.001315017562228320e+02
-1.969436749326426650e+02
-1.692646556597992458e+02
-1.677702615483468378e+02
-1.677702615483468378e+02
-1.677702615483468378e+02
-1.900141698229022325e+02
-1.900141698229022325e+02
-2.025127520781880435e+02
-2.012837996666744402e+02
-1.769037954959828198e+02
-1.779838940754050896e+02
-1.779838940754050896e+02
-1.518753239228459506e+02
-1.423467058721646765e+02
-1.490838455850880848e+02
-1.590634444342725260e+02
-1.903380583164729103e+02
-1.903380583164729103e+02
-1.903380583164729103e+02
-2.214210157476571794e+02
-2.214210157476571794e+02
-1.788072623189611079e+02
-1.788745724192483522e+02
-1.937719283978013323e+02
-1.936990124558822970e+02
-1.936990124558822970e+02
-1.719567382317394504e+02
-1.901636332588229266e+02
-1.940658376220007995e+02
-1.754853326464898657e+02
-1.579841406558068968e+02
-1.579841406558068968e+02
-1.579841406558068968e+02
-1.639367922227557983e+02
-1.639367922227557983e+02
-1.748549374625065980e+02
-1.810303594853100435e+02
-2.099729645758957872e+02
-2.028102341182979842e+02
-2.028102341182979842e+02
-1.547743782455853250e+02
-1.549739626287692715e+02
-1.545081522711371917e+02
-1.543091677853252293e+02
-1.893500334517315196e+02
-1.893500334517315196e+02
-1.893500334517315196e+02
-1.915142670968594985e+02
-1.915142670968594985e+02
-1.762234405566605062e+02
-1.690990100188137433e+02
-1.815846038025985365e+02
-1.892350737633043991e+02
-1.892350737633043991e+02
-1.699268685445260587e+02
-2.190553656500485715e+02
-2.116839892893868864e+02
-1.642087027369308032e+02
-1.741968112182949255e+02
-1.741968112182949255e+02
-1.741968112182949255e+02
-1.800526462535079872e+02
-1.800526462535079872e+02
-2.190526584708766507e+02
-2.144188804020817827e+02
-1.652296322954973107e+02
-1.688003880284354636e+02
-1.688003880284354636e+02
-1.492588205274496147e+02
-1.511437252328765339e+02
-1.505449554281894677e+02
-1.486675179465628389e+02
-1.943272692374951305e+02
-1.943272692374951305e+02
-1.943272692374951305e+02
-2.019719139631416738e+02
-2.019719139631416738e+02
-1.573143716514854589e+02
-1.587957078984444479e+02
-1.653009409489964128e+02
-1.637589202059623688e+02
-1.637589202059623688e+02
-2.041644605077137555e+02
-1.815549308655788536e+02
-1.852039282813765908e+02
-2.082678775024412232e+02
-1.684119421634675575e+02
-1.684119421634675575e+02
-1.684119421634675575e+02
-1.879771992935158096e+02
-1.879771992935158096e+02
-1.976502488781068507e+02
-1.991623221217424486e+02
-1.772347564850322499e+02
-1.758891609413155379e+02
-1.758891609413155379e+02
-1.624766398625593808e+02
-1.348556289526121077e+02
-1.330646114912931068e+02
-1.603187877854129795e+02
-1.819950760089276969e+02
-1.819950760089276969e+02
-1.819950760089276969e+02
-2.186325893329701557e+02
-2.186325893329701557e+02
-1.611245073551897065e+02
-1.650188295222860404e+02
-1.865254373121463800e+02
-1.821235751285709625e+02
-1.821235751285709625e+02
-1.777926017332287358e+02
-2.098046132684798408e+02
-2.106523966091898785e+02
-1.785110301962770905e+02
-1.790649514006780976e+02
-1.790649514006780976e+02
-1.790649514006780976e+02
-1.771882428117639847e+02
-1.771882428117639847e+02
-2.028662170882416262e+02
-2.015774560714007748e+02
-1.712508550980051609e+02
-1.723457266697189993e+02
-1.723457266697189993e+02
-1.298109738224779619e+02
-1.602853512658033424e+02
-1.607041438447796509e+02
-1.301501431356885803e+02
-1.906680371993619758e+02
-1.906680371993619758e+02
-1.906680371993619758e+02
-2.069559521988863651e+02
-2.069559521988863651e+02
-1.473957477801928349e+02
-1.500890639825293249e+02
-2.018818140396037677e+02
-1.982590879975968505e+02
-1.982590879975968505e+02
-1.469504693037793288e+02
-1.846900939622669853e+02
-1.864967721497169464e+02
-1.483879703728995310e+02
-1.680238528801663733e+02
-1.680238528801663733e+02
-1.680238528801663733e+02
-1.695029820322078820e+02
-1.695029820322078820e+02
-1.988071122294983297e+02
-2.061241231907812619e+02
-1.847954368168258554e+02
-1.782355533065766622e+02
-1.782355533065766622e+02
-1.746749187007999637e+02
-1.789894890362630804e+02
-1.786725662153249630e+02
-1.743656353552813982e+02
-1.962745029032919604e+02
-1.962745029032919604e+02
-1.962745029032919604e+02
-1.892437489309137391e+02
-1.892437489309137391e+02
-1.737154716924142122e+02
-1.594629156143761577e+02
-1.994495075260610406e+02
-2.172760051778823538e+02
-2.172760051778823538e+02
-1.673526560329283654e+02
-1.859721430346584441e+02
-1.824129614757179070e+02
-1.641498188903724724e+02
-1.757227728199010244e+02
-1.757227728199010244e+02
-1.757227728199010244e+02
-1.785265792606223840e+02
-1.785265792606223840e+02
-2.143310791772277639e+02
-2.113306924254735861e+02
-1.841364149402067483e+02
-1.867507084607607339e+02
-1.867507084607607339e+02
-2.144300170818184768e+02
-1.522998197102290021e+02
-1.565701342795959761e+02
-2.204423920655598010e+02
-1.903308237011190158e+02
-1.903308237011190158e+02
-1.903308237011190158e+02
-1.592706458074309239e+02
-1.592706458074309239e+02
-1.620432238441940740e+02
-1.600611432541811041e+02
-2.016955201755822316e+02
-2.041931705578348328e+02
-2.041931705578348328e+02
-1.230532538413866916e+02
-1.788562370990596264e+02
-1.791436141542804421e+02
-1.232509695168243411e+02
-1.725222057195429670e+02
-1.725222057195429670e+02
-1.725222057195429670e+02
-1.726389722433320628e+02
-1.726389722433320628e+02
-1.888100792500567877e+02
-2.005825554287958994e+02
-1.848272182697268988e+02
-1.739794452935999800e+02
-1.739794452935999800e+02
-1.733716827756298073e+02
-1.772089164153870513e+02
-1.726401775475068234e+02
-1.689018741355830571e+02
-1.927674400248142490e+02
-1.927674400248142490e+02
-1.927674400248142490e+02
-1.835144303393671521e+02
-1.835144303393671521e+02
-1.542691421130694209e+02
-1.570224737751633199e+02
-1.967699003265478268e+02
-1.933196120735943282e+02
-1.933196120735943282e+02
-1.442035953735287137e+02
-1.836092490704469355e+02
-1.839691643468769371e+02
-1.444862667376011700e+02
-1.518942121416219777e+02
-1.518942121416219777e+02
-1.518942121416219777e+02
-2.315638935288923506e+02
-2.315638935288923506e+02
-1.928147976523971181e+02
-1.906721589535282533e+02
-1.570128872413762622e+02
-1.587772868803739073e+02
-1.587772868803739073e+02
-1.750549062504870506e+02
-1.661740296666199299e+02
-1.684666227935514371e+02
-1.774700229550085453e+02
-2.276198558343054401e+02
-2.276198558343054401e+02
-2.276198558343054401e+02
-1.937889443594474130e+02
-1.937889443594474130e+02
-1.590889333684678775e+02
-1.641009986879660971e+02
-2.132226041637906917e+02
-2.067102390459250216e+02
-2.067102390459250216e+02
-1.571462991580756352e+02
-1.774942293656678771e+02
-1.851267765287383611e+02
-1.639038514690016086e+02
-1.758688186059818008e+02
-1.758688186059818008e+02
-1.758688186059818008e+02
-1.744151113463298941e+02
-1.744151113463298941e+02
-2.076347595307718450e+02
-2.025169725821272095e+02
-1.910045486934154724e+02
-1.958314062845168735e+02
-1.958314062845168735e+02
-1.673638208548250645e+02
-1.692847323498966432e+02
-1.673049972761542676e+02
-1.654065502751192298e+02
-2.097556283340472021e+02
-2.097556283340472021e+02
-2.097556283340472021e+02
-1.884226975060933853e+02
-1.884226975060933853e+02
-1.109122547004073169e+02
-1.136099648874162256e+02
-1.904884758693929996e+02
-1.859652573086804637e+02
-1.859652573086804637e+02
-1.582088807327526752e+02
-1.946306701070297436e+02
-1.894071856547194272e+02
-1.539628817426115006e+02
-1.759399238884807062e+02
-1.759399238884807062e+02
-1.759399238884807062e+02
-1.575296572078795521e+02
-1.575296572078795521e+02
-2.088660404384463050e+02
-2.033270775116294828e+02
-2.042909728089661598e+02
-2.098561938238970583e+02
-2.098561938238970583e+02
-1.894942093908209984e+02
-1.428155095735134523e+02
-1.421482547110988719e+02
-1.886088648439085489e+02
-1.877963989289307278e+02
-1.877963989289307278e+02
-1.877963989289307278e+02
-1.771027741652402199e+02
-1.771027741652402199e+02
-1.626389622407063769e+02
-1.640536361449482001e+02
-1.858263879576884108e+02
-1.842239623855359412e+02
-1.842239623855359412e+02
-1.659442211836967545e+02
-1.811678989869241434e+02
-1.884999899790128950e+02
-1.726601909340441239e+02
-1.690814020275496716e+02
-1.690814020275496716e+02
-1.690814020275496716e+02
-1.529214375448606518e+02
-1.529214375448606518e+02
-2.001640612733090450e+02
-2.027847872625971775e+02
-1.978425486177105768e+02
-1.952856945462164902e+02
-1.952856945462164902e+02
-1.856177493076698681e+02
-1.568841150289810003e+02
-1.526092095738972034e+02
-1.805598865092013909e+02
-1.861789194187132637e+02
-1.861789194187132637e+02
-1.861789194187132637e+02
-1.755020666086009840e+02
-1.755020666086009840e+02
-1.693266122198543542e+02
-1.707041605357648280e+02
-1.455059760715572281e+02
-1.443317720471023335e+02
-1.443317720471023335e+02
-2.011218462268355154e+02
-2.136864903254540309e+02
-2.134131460242444120e+02
-2.008645744150745713e+02
-1.766117110409176689e+02
-1.766117110409176689e+02
-1.766117110409176689e+02
-1.506346771721702567e+02
-1.506346771721702567e+02
-1.951063245182166384e+02
-1.928391909750944819e+02
-2.170569830368318947e+02
-2.196088355131019227e+02
-2.196088355131019227e+02
-1.829375285373583893e+02
-1.575877350745118690e+02
-1.602457553285158554e+02
-1.860231218155396959e+02
-1.846472553115314668e+02
-1.846472553115314668e+02
-1.846472553115314668e+02
-1.816845437835878556e+02
-1.816845437835878556e+02
-1.576697766420240328e+02
-1.601309405992218444e+02
-1.927350019087843691e+02
-1.897727234246057719e+02
-1.897727234246057719e+02
-1.726774307595264020e+02
-1.774859302387681623e+02
-1.762005221866783415e+02
-1.714268473492590203e+02
-1.738815979361800999e+02
-1.738815979361800999e+02
-1.738815979361800999e+02
-1.613398891851228427e+02
-1.613398891851228427e+02
-1.964852800326534634e+02
-1.986251766209246057e+02
-2.136147201673391578e+02
-2.113133331092272726e+02
-2.113133331092272726e+02
-1.410950635562145692e+02
-1.716589040778130197e+02
-1.773781337842936239e+02
-1.457959853246692603e+02
-2.277865808104455709e+02
-2.277865808104455709e+02
-2.277865808104455709e+02
-2.011846485047110207e+02
-2.011846485047110207e+02
-1.483700638691457243e+02
-1.446339133426387207e+02
-1.762450309449029930e+02
-1.807977527093974857e+02
-1.807977527093974857e+02
-1.762943546070496268e+02
-1.956475234150595099e+02
-1.881574586677363641e+02
-1.695451961840572324e+02
-1.791564015057704751e+02
-1.791564015057704751e+02
-1.791564015057704751e+02
-1.550573796940181808e+02
-1.550573796940181808e+02
-1.989485712219688196e+02
-1.954826565695048544e+02
-1.918609108286470644e+02
-1.952626117966286188e+02
-1.952626117966286188e+02
-1.818739629420294932e+02
-1.607493815339663854e+02
-1.635396764675904819e+02
-1.850309393018300170e+02
-1.856211785814797111e+02
-1.856211785814797111e+02
-1.856211785814797111e+02
-1.667544169883346115e+02
-1.667544169883346115e+02
-1.395801880079130228e+02
-1.401152915105544992e+02
-1.936456458473346345e+02
-1.929061086972700707e+02
-1.929061086972700707e+02
-1.729470341872097094e+02
-1.883189012322105782e+02
-1.833149477178802726e+02
-1.683515373260265164e+02
-1.637835440473220103e+02
-1.637835440473220103e+02
-1.637835440473220103e+02
-1.666099850007276473e+02
-1.666099850007276473e+02
-2.079442314293713991e+02
-2.146060873008981389e+02
-2.093938376632087852e+02
-2.028937817494065712e+02
-2.028937817494065712e+02
-1.995118745098602631e+02
-1.648043348746084860e+02
-1.607497390494673652e+02
-1.946033870354911244e+02
-1.775086475138067783e+02
-1.775086475138067783e+02
-1.775086475138067783e+02
-1.508892866131869255e+02
-1.508892866131869255e+02
-1.796020987557979822e+02
-1.751627543039986392e+02
-1.657293294183726289e+02
-1.699295920939469227e+02
-1.699295920939469227e+02
-1.864372993554752611e+02
-1.967969223275255786e+02
-1.921782657101124983e+02
-1.820617742902626617e+02
-1.724053393667601881e+02
-1.724053393667601881e+02
-1.724053393667601881e+02
-1.789021655048983064e+02
-1.789021655048983064e+02
-2.149437116000655408e+02
-2.126871243764716723e+02
-1.887891438638252168e+02
-1.907921761171657806e+02
-1.907921761171657806e+02
-2.047091849867887561e+02
-1.497021794915895612e+02
-1.552146481700132483e+02
-2.122471712356042701e+02
-1.925470490760140194e+02
-1.925470490760140194e+02
-1.925470490760140194e+02
-1.581349023489020453e+02
-1.581349023489020453e+02
-1.808364583788851689e+02
-1.816740661783269104e+02
-1.830505891169207757e+02
-1.822066348621277996e+02
-1.822066348621277996e+02
-1.826818667279860051e+02
-1.929938065532721225e+02
-1.970005439716717035e+02
-1.864745183376637669e+02
-1.640680755806436935e+02
-1.640680755806436935e+02
-1.640680755806436935e+02
-2.360576465287842609e+02
-2.360576465287842609e+02
-1.793298879192515187e+02
-1.847491235218876398e+02
-1.589594212895331111e+02
-1.542966735654573540e+02
-1.542966735654573540e+02
-1.994597213604954504e+02
-1.476177834444629298e+02
-1.466190319686500345e+02
-1.981102180254248992e+02
-1.869687934792037538e+02
-1.869687934792037538e+02
-1.869687934792037538e+02
-1.389125665972975412e+02
-1.389125665972975412e+02
-1.743109667206297217e+02
-1.645190934404767233e+02
-1.660342499168913264e+02
-1.759163025185224569e+02
-1.759163025185224569e+02
-1.859800996195719165e+02
-2.084321634315320750e+02
-2.019211482978391814e+02
-1.801704432630253905e+02
-1.708520536849882205e+02
-1.708520536849882205e+02
-1.708520536849882205e+02
-1.688476367953880981e+02
-1.688476367953880981e+02
-2.093602656681709959e+02
-2.051102184185196506e+02
-1.765010926023250590e+02
-1.801583359564535272e+02
-1.801583359564535272e+02
-1.992333556339914935e+02
-1.307153518052985248e+02
-1.301632004476692828e+02
-1.983917791375889124e+02
-1.900376951242554355e+02
-1.900376951242554355e+02
-1.900376951242554355e+02
-1.291533587829152623e+02
-1.291533587829152623e+02
-1.619102223066048225e+02
-1.628692046255473826e+02
-2.181972793482629811e+02
-2.169125224574963511e+02
-2.169125224574963511e+02
-1.594902244043529151e+02
-1.835220444199079850e+02
-1.884636730839339975e+02
-1.637847573420156095e+02
-1.731155002607720803e+02
-1.731155002607720803e+02
-1.731155002607720803e+02
-1.711737798311008589e+02
-1.711737798311008589e+02
-2.031028304879811515e+02
-2.053189870284741119e+02
-1.926027169956695957e+02
-1.905238163680940318e+02
-1.905238163680940318e+02
-2.090484689401018272e+02
-1.546501980435660357e+02
-1.515257519222234350e+02
-2.048249976079247574e+02
-1.841152114172850247e+02
-1.841152114172850247e+02
-1.841152114172850247e+02
-1.676771019507764322e+02
-1.676771019507764322e+02
-1.654979110984465365e+02
-1.678646844534660261e+02
-1.729197834406638492e+02
-1.704817367643449018e+02
-1.704817367643449018e+02
-1.929346358239018002e+02
-2.199313550207742196e+02
-2.223797621626070793e+02
-1.950824993707505257e+02
-1.747180458077383207e+02
-1.747180458077383207e+02
-1.747180458077383207e+02
-1.649345469460023708e+02
-1.649345469460023708e+02
-1.961008034800076416e+02
-1.954575728401541141e+02
-1.826670968511229773e+02
-1.832682353584747545e+02
-1.832682353584747545e+02
-1.929775095916613452e+02
-1.561438872972308616e+02
-1.571300232862245139e+02
-1.941962705087150596e+02
-1.906015700964839539e+02
-1.906015700964839539e+02
-1.906015700964839539e+02
-1.523798746852795034e+02
-1.523798746852795034e+02
-1.731648106588245071e+02
-1.812450660897541184e+02
-1.696727987508828335e+02
-1.621084573695349889e+02
-1.621084573695349889e+02
-2.004569321935364030e+02
-1.905184435313232427e+02
-1.983656264016170212e+02
-2.087134672322668791e+02
-1.606791518888725534e+02
-1.606791518888725534e+02
-1.606791518888725534e+02
-1.888974661742793160e+02
-1.888974661742793160e+02
-1.814731808821296397e+02
-1.826990103030775003e+02
-1.747538150193495881e+02
-1.735812943389242662e+02
-1.735812943389242662e+02
-1.840257282722338346e+02
-1.551602555515056281e+02
-1.469770358227817155e+02
-1.743201308894669523e+02
-1.892788582991623230e+02
-1.892788582991623230e+02
-1.892788582991623230e+02
-1.703454983732491428e+02
-1.703454983732491428e+02
-1.713330597463547633e+02
-1.653246327147124646e+02
-1.468496433150381790e+02
-1.521866300180643350e+02
-1.521866300180643350e+02
-2.003057052414795294e+02
-2.144486318664685598e+02
-2.154000769256497847e+02
-2.011944023244084008e+02
-1.673841584496703376e+02
-1.673841584496703376e+02
-1.673841584496703376e+02
-1.771192848865727001e+02
-1.771192848865727001e+02
-1.852632906581545740e+02
-1.791352274569663621e+02
-1.687098341296332649e+02
-1.744812535253896897e+02
-1.744812535253896897e+02
-1.384515516225568490e+02
-1.772597014819901631e+02
-1.779076807204847057e+02
-1.389576662681232904e+02
-2.001422932429867387e+02
-2.001422932429867387e+02
-2.001422932429867387e+02
-2.053724571039068394e+02
-2.053724571039068394e+02
-1.670647259561126816e+02
-1.699508449847899669e+02
-1.607351510420415366e+02
-1.580055336750830293e+02
-1.580055336750830293e+02
-2.099213691662905319e+02
-2.042833293523961231e+02
-2.121393259030018896e+02
-2.179941842966137244e+02
-1.424464417351069585e+02
-1.424464417351069585e+02
-1.424464417351069585e+02
-1.844192468396865934e+02
-1.844192468396865934e+02
-1.868585947887616214e+02
-1.905385412512929975e+02
-1.802612737164550083e+02
-1.767798162003643085e+02
-1.767798162003643085e+02
-1.915660645706514060e+02
-1.447503564213717198e+02
-1.439813172166238360e+02
-1.905482997955151063e+02
-1.853532226385799788e+02
-1.853532226385799788e+02
-1.853532226385799788e+02
-1.759761986618249807e+02
-1.759761986618249807e+02
-1.664683613137871134e+02
-1.650517097745654382e+02
-1.554186708837703463e+02
-1.567526413081422163e+02
-1.567526413081422163e+02
-2.205734748008507609e+02
-2.086551197541262184e+02
-2.047112399065706256e+02
-2.164043210163787023e+02
-1.770569559021340353e+02
-1.770569559021340353e+02
-1.770569559021340353e+02
-1.490868422764262675e+02
-1.490868422764262675e+02
-1.941338662904528576e+02
-1.992459051488676494e+02
-1.982052932428960901e+02
-1.931199532945335875e+02
-1.931199532945335875e+02
-1.776217553389632258e+02
-1.590260917860458392e+02
-1.662278848859110383e+02
-1.856656877378498507e+02
-1.892436834788488227e+02
-1.892436834788488227e+02
-1.892436834788488227e+02
-1.705072247593343775e+02
-1.705072247593343775e+02
-1.722725884296789616e+02
-1.728886902032217563e+02
-1.572739258794609327e+02
-1.567134684860219522e+02
-1.567134684860219522e+02
-1.891678536917605413e+02
-2.175141935967154438e+02
-2.187635527117654419e+02
-1.902543969576332756e+02
-1.476311692384551009e+02
-1.476311692384551009e+02
-1.476311692384551009e+02
-1.887011219628822118e+02
-1.887011219628822118e+02
-1.915998380864196236e+02
-1.926631498554879158e+02
-1.675894349702262787e+02
-1.666645055340107433e+02
-1.666645055340107433e+02
-1.916986712486924489e+02
-1.586465169650881819e+02
-1.633072465920670595e+02
-1.973304096166887973e+02
-1.812614467863782579e+02
-1.812614467863782579e+02
-1.812614467863782579e+02
-1.735141242282154224e+02
-1.735141242282154224e+02
-1.741405215887814961e+02
-1.716985573584491078e+02
-1.596801018038005964e+02
-1.619511348450780872e+02
-1.619511348450780872e+02
-2.135312548756593003e+02
-2.033656706177784770e+02
-1.926666898377872030e+02
-2.022974670642646799e+02
-1.772846478353485224e+02
-1.772846478353485224e+02
-1.772846478353485224e+02
-2.148040621988568262e+02
-2.148040621988568262e+02
-2.142774645010964889e+02
-2.103311916858212101e+02
-1.546891749292031193e+02
-1.575914819096738029e+02
-1.575914819096738029e+02
-1.778840558091657442e+02
-1.543494771291259156e+02
-1.547341795488420075e+02
-1.783274160846362406e+02
-1.927093023025583989e+02
-1.927093023025583989e+02
-1.927093023025583989e+02
-1.902589032767366177e+02
-1.902589032767366177e+02
-1.588547559762718606e+02
-1.608829878610896458e+02
-1.710380476774486169e+02
-1.688817922123530195e+02
-1.688817922123530195e+02
-1.799087354608541034e+02
-1.782906124741428755e+02
-1.851859377908593842e+02
-1.868666411021373790e+02
-1.692756135239822299e+02
-1.692756135239822299e+02
-1.692756135239822299e+02
-1.959740642699228204e+02
-1.959740642699228204e+02
-1.950454533880666190e+02
-1.967795315775294398e+02
-1.480872694053297209e+02
-1.467822815239467786e+02
-1.467822815239467786e+02
-1.700917382716589543e+02
-1.449084803518850890e+02
-1.409856274229974815e+02
-1.654871432055988123e+02
-1.812167567560911436e+02
-1.812167567560911436e+02
-1.812167567560911436e+02
-1.908947244205988341e+02
-1.908947244205988341e+02
-1.663132850649539876e+02
-1.681441322022182021e+02
-1.935565804558874277e+02
-1.914490284016764292e+02
-1.914490284016764292e+02
-1.548416735166738363e+02
-2.065580612443878010e+02
-2.061135162433062362e+02
-1.545084302072321236e+02
-1.805327034032072788e+02
-1.805327034032072788e+02
-1.805327034032072788e+02
-2.030944033824501389e+02
-2.030944033824501389e+02
-2.020558428015452250e+02
-1.987289877886601346e+02
-1.615270625907594706e+02
-1.642311327109582919e+02
-1.642311327109582919e+02
-1.720177867604748201e+02
-1.604626296799461045e+02
-1.625899556938225885e+02
-1.742983047437267601e+02
-1.879365077174261387e+02
-1.879365077174261387e+02
-1.879365077174261387e+02
-1.925769944846016131e+02
-1.925769944846016131e+02
-1.638078680874163524e+02
-1.661999485324557497e+02
-1.774398114961716715e+02
-1.748859580985060234e+02
-1.748859580985060234e+02
-1.885935036764780648e+02
-1.821809970056413022e+02
-1.801550452544034897e+02
-1.864962413641327146e+02
-1.760876248858825193e+02
-1.760876248858825193e+02
-1.760876248858825193e+02
-2.079564072967681625e+02
-2.079564072967681625e+02
-2.003943484527123076e+02
-2.024950387311223210e+02
-1.653922827929310984e+02
-1.636764977407922004e+02
-1.636764977407922004e+02
-1.975495385624875837e+02
-1.672086051585518192e+02
-1.704698299133722799e+02
-2.014025307266913387e+02
-2.059931977619258419e+02
-2.059931977619258419e+02
-2.059931977619258419e+02
-1.492515367793727421e+02
-1.492515367793727421e+02
-1.373510896589382639e+02
-1.337304277990020296e+02
-1.653148556130548172e+02
-1.697906447244055812e+02
-1.697906447244055812e+02
-1.868573100795671849e+02
-1.922218800677725596e+02
-1.861792132874251422e+02
-1.809832833564658472e+02
-1.769138837295855069e+02
-1.769138837295855069e+02
-1.769138837295855069e+02
-2.092674805051135252e+02
-2.092674805051135252e+02
-1.962371097382942651e+02
-1.906290339500865514e+02
-1.307390120262256801e+02
-1.345851957513682180e+02
-1.345851957513682180e+02
-1.704264644317549937e+02
-1.548942873846624195e+02
-1.565854680473832445e+02
-1.722872298991546529e+02
-1.811771422988060749e+02
-1.811771422988060749e+02
-1.811771422988060749e+02
-1.770437190892420176e+02
-1.770437190892420176e+02
-1.501425114784078971e+02
-1.501271540725959142e+02
-1.786975941549197557e+02
-1.787158742021771047e+02
-1.787158742021771047e+02
-1.881502744786082530e+02
-1.913809297297223111e+02
-1.862521701958017957e+02
-1.831080922956461734e+02
-1.682229331500161038e+02
-1.682229331500161038e+02
-1.682229331500161038e+02
-2.160656981312937148e+02
-2.160656981312937148e+02
-2.371271158634825156e+02
-2.473491727038608303e+02
-1.660686971669673824e+02
-1.592056717390201470e+02
-1.592056717390201470e+02
-1.413490428675306134e+02
-1.602773852507281163e+02
-1.554373011111304379e+02
-1.370805600777707127e+02
-1.868408372159049406e+02
-1.868408372159049406e+02
-1.868408372159049406e+02
-2.004464502478303984e+02
-2.004464502478303984e+02
-1.741955139075730301e+02
-1.725907606244925319e+02
-1.797639127663924796e+02
-1.814353622005768898e+02
-1.814353622005768898e+02
-1.734548702003222331e+02
-2.183966963632518912e+02
-2.091087996940274252e+02
-1.660782434563225820e+02
-1.763307439768184395e+02
-1.763307439768184395e+02
-1.763307439768184395e+02
-1.899070895660892973e+02
-1.899070895660892973e+02
-1.923732741059475586e+02
-1.929394537420544395e+02
-1.752869678079893561e+02
-1.747725892828977692e+02
-1.747725892828977692e+02
-1.538514802380053368e+02
-1.524074999762259779e+02
-1.622904927178996672e+02
-1.638281090963301949e+02
-1.824188082219425269e+02
-1.824188082219425269e+02
-1.824188082219425269e+02
-2.123550859434483868e+02
-2.123550859434483868e+02
-1.683280887215859707e+02
-1.710414125366885401e+02
-1.956287908436948442e+02
-1.925254239500072799e+02
-1.925254239500072799e+02
-1.700674395789464768e+02
-1.996900888731187820e+02
-2.000732519414778778e+02
-1.703937630451974599e+02
-1.447532575810066078e+02
-1.447532575810066078e+02
-1.447532575810066078e+02
-1.725408862458873216e+02
-1.725408862458873216e+02
-1.856501946178784408e+02
-1.879795058264922432e+02
-2.059537387514913860e+02
-2.034017033579492306e+02
-2.034017033579492306e+02
-1.508492817485960131e+02
-1.662699411704422801e+02
-1.674595049284748711e+02
-1.519285197469389175e+02
-1.825371282084696531e+02
-1.825371282084696531e+02
-1.825371282084696531e+02
-1.955558816159539504e+02
-1.955558816159539504e+02
-1.799478750461402399e+02
-1.752148628104104091e+02
-1.803161703808107745e+02
-1.851869822915319332e+02
-1.851869822915319332e+02
-1.721518344239957798e+02
-2.035385598668899831e+02
-1.938842181221574776e+02
-1.639862433802211399e+02
-1.820124756468878786e+02
-1.820124756468878786e+02
-1.820124756468878786e+02
-1.845746308185102009e+02
-1.845746308185102009e+02
-2.070888268010394597e+02
-1.989684384281866301e+02
-1.631476534540217074e+02
-1.698061080241641321e+02
-1.698061080241641321e+02
-1.534677797436804667e+02
-1.611050635794974539e+02
-1.548116744937513261e+02
-1.474727326073998768e+02
-1.855972919315197487e+02
-1.855972919315197487e+02
-1.855972919315197487e+02
-1.952141279187837313e+02
-1.952141279187837313e+02
-1.249199683663400009e+02
-1.271762693993852338e+02
-1.631040478325573702e+02
-1.602103332004450635e+02
-1.602103332004450635e+02
-2.076009457203820148e+02
-1.865483011988042108e+02
-1.884590899019458163e+02
-2.097273737783962133e+02
-1.630413234613259590e+02
-1.630413234613259590e+02
-1.630413234613259590e+02
-1.890587670803485878e+02
-1.890587670803485878e+02
-2.158655388986406365e+02
-2.148227022095080940e+02
-1.791374929909481466e+02
-1.800070991739482906e+02
-1.800070991739482906e+02
-1.600997106978906857e+02
-1.596251224867636154e+02
-1.546039779128383600e+02
-1.550636375464080459e+02
-1.768063153101505804e+02
-1.768063153101505804e+02
-1.768063153101505804e+02
-2.248958034497927940e+02
-2.248958034497927940e+02
-1.721644851498655555e+02
-1.716425946459060867e+02
-1.847348217370733323e+02
-1.852965200114096831e+02
-1.852965200114096831e+02
-1.791802623088611028e+02
-1.962729990371121573e+02
-2.021557922490088401e+02
-1.845507434040071644e+02
-1.721727350835103039e+02
-1.721727350835103039e+02
-1.721727350835103039e+02
-1.810137058406806432e+02
-1.810137058406806432e+02
-2.239690637916094147e+02
-2.205821662793674420e+02
-1.695436829215796308e+02
-1.721469172971827106e+02
-1.721469172971827106e+02
-1.420474154445323336e+02
-1.488219568713895455e+02
-1.475582578007245331e+02
-1.408412413647038477e+02
-1.982518991900008700e+02
-1.982518991900008700e+02
-1.982518991900008700e+02
-2.007199300687077823e+02
-2.007199300687077823e+02
-1.483567817241380169e+02
-1.548275138807208293e+02
-1.951051441267483995e+02
-1.869510822396067624e+02
-1.869510822396067624e+02
-1.726206486953756212e+02
-1.900626099418440162e+02
-1.937397528721326125e+02
-1.759603418531526984e+02
-1.698952592988588322e+02
-1.698952592988588322e+02
-1.698952592988588322e+02
-1.595828158003964177e+02
-1.595828158003964177e+02
-2.259117316733909320e+02
-2.234191815886609334e+02
-2.093499195519920590e+02
-2.116855075530180841e+02
-2.116855075530180841e+02
-1.553756647423528818e+02
-1.738050095415925114e+02
-1.732506265022820173e+02
-1.548800654872914606e+02
-1.937308041907175209e+02
-1.937308041907175209e+02
-1.937308041907175209e+02
-1.985572437369223167e+02
-1.985572437369223167e+02
-1.528952492414904043e+02
-1.529674726869896517e+02
-1.803660708206448646e+02
-1.802809111533181579e+02
-1.802809111533181579e+02
-1.696095282024807602e+02
-1.846851250268803426e+02
-1.834540530392124253e+02
-1.684789469551753598e+02
-1.706690049468281813e+02
-1.706690049468281813e+02
-1.706690049468281813e+02
-1.467676205166817454e+02
-1.467676205166817454e+02
-2.140677167815826749e+02
-2.053981490761226780e+02
-1.946721466227305939e+02
-2.028889848128717972e+02
-2.028889848128717972e+02
-1.810141878127909933e+02
-1.275144960770157923e+02
-1.250308023322664042e+02
-1.774884411736796039e+02
-1.882547273359414532e+02
-1.882547273359414532e+02
-1.882547273359414532e+02
-1.729652704243570156e+02
-1.729652704243570156e+02
-1.584606356750374800e+02
-1.627966024085067431e+02
-1.875900358286178005e+02
-1.825937143891680989e+02
-1.825937143891680989e+02
-1.773200264782461204e+02
-1.838217312137714146e+02
-1.844849958383713329e+02
-1.779598316852777771e+02
-1.739589849904708103e+02
-1.739589849904708103e+02
-1.739589849904708103e+02
-1.550044466740691291e+02
-1.550044466740691291e+02
-2.104390959952712308e+02
-2.076977727092504438e+02
-2.249808237236295270e+02
-2.279502593749452615e+02
-2.279502593749452615e+02
-1.629419860429239293e+02
-1.827159533332512638e+02
-1.790820783068868138e+02
-1.597013778583300621e+02
-1.952735025632997008e+02
-1.952735025632997008e+02
-1.952735025632997008e+02
-2.081626591607963803e+02
-2.081626591607963803e+02
-1.694872092983840446e+02
-1.639635645059474882e+02
-1.866629873409097229e+02
-1.929513358595153250e+02
-1.929513358595153250e+02
-1.779008802924495001e+02
-1.849691476858966723e+02
-1.817711544532258756e+02
-1.748250926901432933e+02
-1.472861892293304038e+02
-1.472861892293304038e+02
-1.472861892293304038e+02
-1.842798791858141101e+02
-1.842798791858141101e+02
-1.867603985602428907e+02
-1.853692151975011200e+02
-1.711950837584833494e+02
-1.724798912280204775e+02
-1.724798912280204775e+02
-1.360952934194734212e+02
-1.642460408532959377e+02
-1.691178758842034995e+02
-1.401321262988415981e+02
-2.079499871242280449e+02
-2.079499871242280449e+02
-2.079499871242280449e+02
-1.957057865523208591e+02
-1.957057865523208591e+02
-1.612074815136200812e+02
