1.867373320203144829e+02
1.867373320203144829e+02
1.867373320203144829e+02
2.139348365677757897e+02
2.139348365677757897e+02
2.083998059825790676e+02
1.986494343274220853e+02
1.598584043962323733e+02
1.677047839257837722e+02
1.677047839257837722e+02
1.788521670863241297e+02
1.663041187786964485e+02
1.636017439165693759e+02
1.759458914996430394e+02
1.882240984277878795e+02
1.882240984277878795e+02
1.882240984277878795e+02
1.914762196664707403e+02
1.914762196664707403e+02
1.431326860976292892e+02
1.465387741788996436e+02
1.750797559305783579e+02
1.710102727969277510e+02
1.710102727969277510e+02
1.808016182714696356e+02
1.869048813165020420e+02
1.912445853968766016e+02
1.849996120050969068e+02
1.662027129056716319e+02
1.662027129056716319e+02
1.662027129056716319e+02
2.030173583088506462e+02
2.030173583088506462e+02
2.101760994260315556e+02
2.104726618140541063e+02
1.429131291107612753e+02
1.427117601610669624e+02
1.427117601610669624e+02
1.746552460260949715e+02
1.671076469647901774e+02
1.565317978733836242e+02
1.636017271803436586e+02
1.785044862122885263e+02
1.785044862122885263e+02
1.785044862122885263e+02
1.875991019519296685e+02
1.875991019519296685e+02
1.769388555152629579e+02
1.758983893484012242e+02
1.980123041379255540e+02
1.991835775295753876e+02
1.991835775295753876e+02
1.536578001877853694e+02
1.967864652080071437e+02
2.002871619738241691e+02
1.563912674696503018e+02
1.751388499792591631e+02
1.751388499792591631e+02
1.751388499792591631e+02
2.043479640719774295e+02
2.043479640719774295e+02
2.195170311726701868e+02
2.135227858554117972e+02
1.664625146723647617e+02
1.711356325556690479e+02
1.711356325556690479e+02
1.725285501433790785e+02
1.548228225607417983e+02
1.557224029072649785e+02
1.735310075999484241e+02
1.982669699458402022e+02
1.982669699458402022e+02
1.982669699458402022e+02
1.951537200231074678e+02
1.951537200231074678e+02
1.591998200395704259e+02
1.561204754592381221e+02
1.817674508058820209e+02
1.853526603235538630e+02
1.853526603235538630e+02
1.894564132830693666e+02
1.911444970623355175e+02
1.930944813766186030e+02
1.913891764011299301e+02
1.720685305052719514e+02
1.720685305052719514e+02
1.720685305052719514e+02
2.109651884573594316e+02
2.109651884573594316e+02
2.244038226519208763e+02
2.307390260912913220e+02
1.658179416564406665e+02
1.612652207228107102e+02
1.612652207228107102e+02
1.979741273825817132e+02
1.773710094494060741e+02
1.779622038970852316e+02
1.986339939822928216e+02
1.979624791258357277e+02
1.979624791258357277e+02
1.979624791258357277e+02
1.534908360322088186e+02
1.534908360322088186e+02
1.620930930909310916e+02
1.559916545615699874e+02
1.654287972228672743e+02
1.718993589979721719e+02
1.718993589979721719e+02
1.908949421178799355e+02
1.869922375581256233e+02
1.833625177642111623e+02
1.871894666446104054e+02
1.708377260508808320e+02
1.708377260508808320e+02
1.708377260508808320e+02
2.035988903725551609e+02
2.035988903725551609e+02
2.027920256825103991e+02
2.005530865428009122e+02
1.419272846629272919e+02
1.435117357332263452e+02
1.435117357332263452e+02
1.712293071471253825e+02
1.411314427769749500e+02
1.450530570730803959e+02
1.759872497119267223e+02
1.920782904227022527e+02
1.920782904227022527e+02
1.920782904227022527e+02
1.841857084699437621e+02
1.841857084699437621e+02
1.692029704594170028e+02
1.670611720405684935e+02
1.826267479187293077e+02
1.849681039331405543e+02
1.849681039331405543e+02
1.889023597295369825e+02
1.882521055453233032e+02
1.863613712286777115e+02
1.870050945010746375e+02
1.763822354125820766e+02
1.763822354125820766e+02
1.763822354125820766e+02
2.239902682040944342e+02
2.239902682040944342e+02
2.000863591686404277e+02
2.125209880212667883e+02
1.674997211053847082e+02
1.576992920547938866e+02
1.576992920547938866e+02
1.523813432186167063e+02
1.744509022427347986e+02
1.680564021618400545e+02
1.467958031095578519e+02
1.834368844317453124e+02
1.834368844317453124e+02
1.834368844317453124e+02
1.970859678775520365e+02
1.970859678775520365e+02
1.875992973925858394e+02
1.803525016345861047e+02
1.839408245340151495e+02
1.913318037268452088e+02
1.913318037268452088e+02
1.745518725366743809e+02
2.026789179780075187e+02
1.994505142253014185e+02
1.717714949524579993e+02
1.702937372013101083e+02
1.702937372013101083e+02
1.702937372013101083e+02
1.925754803935145105e+02
1.925754803935145105e+02
2.050237932626046700e+02
2.037796025508490914e+02
1.793995983801574710e+02
1.804949352598217445e+02
1.804949352598217445e+02
1.543083824824886960e+02
1.447797644318074219e+02
1.516320585864553721e+02
1.616116574356398132e+02
1.928991682271192758e+02
1.928991682271192758e+02
1.928991682271192758e+02
2.238753348634683391e+02
2.238753348634683391e+02
1.813728527618868895e+02
1.814411286515261565e+02
1.963384846300791367e+02
1.962646028988081071e+02
1.962646028988081071e+02
1.744241580694359754e+02
1.926310530965194232e+02
1.965838895195262523e+02
1.780033845440153470e+02
1.604842793609014109e+02
1.604842793609014109e+02
1.604842793609014109e+02
1.664781432877396412e+02
1.664781432877396412e+02
1.773030962219626758e+02
1.835649808505000919e+02
2.125075859410858641e+02
2.052583928777540336e+02
2.052583928777540336e+02
1.573179619750158622e+02
1.575175463581998088e+02
1.570440906669479944e+02
1.568451061811360034e+02
1.918608937583808256e+02
1.918608937583808256e+02
1.918608937583808256e+02
1.940020267900746944e+02
1.940020267900746944e+02
1.788031212340299589e+02
1.715743983515456819e+02
1.840599921353304751e+02
1.918147544406738518e+02
1.918147544406738518e+02
1.725047032272468357e+02
2.216332003327693485e+02
2.141750779132493960e+02
1.666997913607932844e+02
1.767856341621468061e+02
1.767856341621468061e+02
1.767856341621468061e+02
1.825332469406584153e+02
1.825332469406584153e+02
2.215800529218127508e+02
2.168928110646315872e+02
1.677035629580471152e+02
1.713277824793715638e+02
1.713277824793715638e+02
1.517706466382300619e+02
1.536555513436569811e+02
1.530468307082130366e+02
1.511693932265864078e+02
1.968659034921869306e+02
1.968659034921869306e+02
1.968659034921869306e+02
2.045686887482302154e+02
2.045686887482302154e+02
1.598225783789962406e+02
1.613275329228808062e+02
1.678327659734327710e+02
1.662671269334731221e+02
1.662671269334731221e+02
2.066714785590903034e+02
1.840619489169553731e+02
1.877613338509946459e+02
2.108252830720593067e+02
1.708639003307500559e+02
1.708639003307500559e+02
1.708639003307500559e+02
1.904390060535536975e+02
1.904390060535536975e+02
2.002019130802302698e+02
2.017335071855327442e+02
1.798059415488225454e+02
1.784408251434389570e+02
1.784408251434389570e+02
1.650315731790233258e+02
1.374105622690760526e+02
1.355856127411623504e+02
1.628397890352821946e+02
1.844334598587021787e+02
1.844334598587021787e+02
1.844334598587021787e+02
2.212029279895347997e+02
2.212029279895347997e+02
1.635603991552449656e+02
1.675135959627626505e+02
1.890202037526229901e+02
1.845594669286262217e+02
1.845594669286262217e+02
1.803206751476871830e+02
2.123326866829382595e+02
2.131906855212557161e+02
1.810493191083429281e+02
1.816156666712265348e+02
1.816156666712265348e+02
1.816156666712265348e+02
1.796696814027772291e+02
1.796696814027772291e+02
2.053974217094514643e+02
2.040925805493108385e+02
1.737659795759152530e+02
1.748769312909288658e+02
1.748769312909288658e+02
1.323011218507825504e+02
1.627754992941079308e+02
1.632007981165217814e+02
1.326467974074307108e+02
1.932705715350742253e+02
1.932705715350742253e+02
1.932705715350742253e+02
2.095477954279245694e+02
2.095477954279245694e+02
1.499543604951286682e+02
1.526944294239475823e+02
2.044871794810220251e+02
2.008177007125326838e+02
2.008177007125326838e+02
1.494389301312953933e+02
1.871785547897830497e+02
1.890095756357966081e+02
1.509007738589791927e+02
1.705402743897692517e+02
1.705402743897692517e+02
1.705402743897692517e+02
1.720491766023252183e+02
1.720491766023252183e+02
2.012665235450137686e+02
2.086740520906633378e+02
1.873453657167079598e+02
1.806949646220920727e+02
1.806949646220920727e+02
1.772039498149033818e+02
1.815185201503664985e+02
1.811971193699725973e+02
1.768901885099290325e+02
1.987683671348330563e+02
1.987683671348330563e+02
1.987683671348330563e+02
1.917138568219440060e+02
1.917138568219440060e+02
1.763755419399338962e+02
1.619047393234330912e+02
2.018913312351180025e+02
2.199360754254020662e+02
2.199360754254020662e+02
1.699063174664094618e+02
1.885258044681395688e+02
1.849177502956262913e+02
1.666546077102808567e+02
1.782924404398925731e+02
1.782924404398925731e+02
1.782924404398925731e+02
1.810605054703375743e+02
1.810605054703375743e+02
2.168210270329127809e+02
2.137857838964129371e+02
1.865915064111460993e+02
1.892406563164457509e+02
1.892406563164457509e+02
2.169358777660034150e+02
1.548056803944139688e+02
1.591462564611933317e+02
2.230185142471571567e+02
1.928635041457305590e+02
1.928635041457305590e+02
1.928635041457305590e+02
1.617640767234339876e+02
1.617640767234339876e+02
1.646119814369361904e+02
1.625984803132888317e+02
2.042328572346899591e+02
2.067619281505769493e+02
2.067619281505769493e+02
1.255655784036441531e+02
1.813685616613170737e+02
1.816599753911664834e+02
1.257673307537103824e+02
1.749952264571482772e+02
1.749952264571482772e+02
1.749952264571482772e+02
1.751821896512510648e+02
1.751821896512510648e+02
1.912502377641584985e+02
2.031748599940708857e+02
1.874195228350018851e+02
1.764196038077016908e+02
1.764196038077016908e+02
1.759483110693633137e+02
1.797855447091205576e+02
1.751503761035511388e+02
1.714120726916273725e+02
1.952449804048311819e+02
1.952449804048311819e+02
1.952449804048311819e+02
1.860695650945890520e+02
1.860695650945890520e+02
1.567346895290053510e+02
1.595320252587417258e+02
1.992794518101262611e+02
1.957851594895302867e+02
1.957851594895302867e+02
1.467479257781111244e+02
1.861535794750293462e+02
1.865184822092564616e+02
1.470355845999806945e+02
1.544278638025634223e+02
1.544278638025634223e+02
1.544278638025634223e+02
2.340415322913219711e+02
2.340415322913219711e+02
1.953438965506043985e+02
1.931731534466870528e+02
1.595138817345350617e+02
1.613063857785812161e+02
1.613063857785812161e+02
1.775209062808231693e+02
1.686400296969560486e+02
1.709666445945090061e+02
1.799700447559661427e+02
2.301880438058636003e+02
2.301880438058636003e+02
2.301880438058636003e+02
1.963938772063359295e+02
1.963938772063359295e+02
1.615730744915296100e+02
1.666634021848335578e+02
2.157850076606581524e+02
2.091943801689867541e+02
2.091943801689867541e+02
1.595714562818512263e+02
1.799193864894434682e+02
1.876562194436139066e+02
1.664332943838771541e+02
1.783659087014768545e+02
1.783659087014768545e+02
1.783659087014768545e+02
1.769137321558114024e+02
1.769137321558114024e+02
2.102211684078202723e+02
2.050396315859620699e+02
1.935272076972503328e+02
1.984178151615653292e+02
1.984178151615653292e+02
1.699126885442675530e+02
1.718336000393391032e+02
1.698240567088622299e+02
1.679256097078271921e+02
2.122766337463495177e+02
2.122766337463495177e+02
2.122766337463495177e+02
1.909960857780806691e+02
1.909960857780806691e+02
1.133356636365979426e+02
1.160923182116017358e+02
1.929708291935785098e+02
1.883886662448710752e+02
1.883886662448710752e+02
1.608193229363451167e+02
1.972411123106221851e+02
1.919475689911424752e+02
1.565032650790345201e+02
1.785655306584719142e+02
1.785655306584719142e+02
1.785655306584719142e+02
1.599935211406696851e+02
1.599935211406696851e+02
2.114188621649053346e+02
2.058122004160495351e+02
2.067760957133862121e+02
2.124090155503560879e+02
2.124090155503560879e+02
1.920132250992366494e+02
1.453345252819290749e+02
1.446555012112194163e+02
1.911161113440290933e+02
1.903430628328908085e+02
1.903430628328908085e+02
1.903430628328908085e+02
1.796589401590983925e+02
1.796589401590983925e+02
1.651418372258688407e+02
1.665782817555395923e+02
1.883510335682797745e+02
1.867268373706984050e+02
1.867268373706984050e+02
1.684434296129622055e+02
1.836671074161895945e+02
1.911003444927339103e+02
1.752605454477651392e+02
1.714621336187538816e+02
1.714621336187538816e+02
1.714621336187538816e+02
1.554006654666714269e+02
1.554006654666714269e+02
2.026905208046524365e+02
2.053443254500817261e+02
2.004020868051951538e+02
1.978121540775598817e+02
1.978121540775598817e+02
1.881832788140148693e+02
1.594496445353259730e+02
1.551048314539676767e+02
1.830555083892718642e+02
1.886411117669136388e+02
1.886411117669136388e+02
1.886411117669136388e+02
1.780912420838977255e+02
1.780912420838977255e+02
1.718093282166134657e+02
1.732070745462642662e+02
1.480088900820566380e+02
1.468144880438614450e+02
1.468144880438614450e+02
2.036572160920955241e+02
2.162218601907140112e+02
2.159452726853922968e+02
2.033967010762224561e+02
1.791540715764918730e+02
1.791540715764918730e+02
1.791540715764918730e+02
1.530648724713009017e+02
1.530648724713009017e+02
1.976436553637605584e+02
1.953470380615437705e+02
2.195648301232812116e+02
2.221461663586458428e+02
2.221461663586458428e+02
1.854175905745645139e+02
1.600677971117179936e+02
1.627676483820949613e+02
1.885450148691188019e+02
1.872276140936803301e+02
1.872276140936803301e+02
1.872276140936803301e+02
1.842564700460366680e+02
1.842564700460366680e+02
1.602168996398563934e+02
1.627178231974692153e+02
1.953218845070317400e+02
1.923198464224381325e+02
1.923198464224381325e+02
1.751468569478156496e+02
1.799553564270574100e+02
1.786520640260380617e+02
1.738783891886187405e+02
1.763959378874879462e+02
1.763959378874879462e+02
1.763959378874879462e+02
1.639025564913349626e+02
1.639025564913349626e+02
1.989972620736168096e+02
2.011645163438392956e+02
2.161540598902538761e+02
2.138253151501906189e+02
2.138253151501906189e+02
1.436257042715571117e+02
1.741895447931555907e+02
1.799930888882976205e+02
1.484109404286732854e+02
2.302904449261320394e+02
2.302904449261320394e+02
2.302904449261320394e+02
2.036905188578037098e+02
2.036905188578037098e+02
1.508936020755832601e+02
1.470939055860108340e+02
1.787050231882751348e+02
1.833212909158350215e+02
1.833212909158350215e+02
1.788675615093125657e+02
1.982207303173224773e+02
1.906321542984545374e+02
1.720198918147753773e+02
1.817122059298516490e+02
1.817122059298516490e+02
1.817122059298516490e+02
1.576390694940970434e+02
1.576390694940970434e+02
2.014407535924157742e+02
1.979314222351155195e+02
1.943096764942577295e+02
1.977547941670755733e+02
1.977547941670755733e+02
1.843657072704977793e+02
1.632411258624346715e+02
1.660746726052369411e+02
1.875659354394764478e+02
1.881485466004543810e+02
1.881485466004543810e+02
1.881485466004543810e+02
1.692410068473274976e+02
1.692410068473274976e+02
1.421225308260366091e+02
1.426673808161009163e+02
1.961977351528810800e+02
1.954484515153936854e+02
1.954484515153936854e+02
1.754651075512630030e+02
1.908369745962638717e+02
1.857661115897002162e+02
1.708027011978464600e+02
1.662698480709056810e+02
1.662698480709056810e+02
1.662698480709056810e+02
1.691741843181653451e+02
1.691741843181653451e+02
2.104613889046838153e+02
2.172038863029852962e+02
2.119916366652959709e+02
2.054109392247189874e+02
2.054109392247189874e+02
2.021125540115242813e+02
1.674050143762724758e+02
1.632864353782494504e+02
1.971400833642731811e+02
1.799958014014661671e+02
1.799958014014661671e+02
1.799958014014661671e+02
1.533773147058763016e+02
1.533773147058763016e+02
1.821833363038663265e+02
1.776801896879097740e+02
1.682467648022837636e+02
1.725108296420152669e+02
1.725108296420152669e+02
1.889884959175826964e+02
1.993481188896329854e+02
1.946695878557679862e+02
1.845530964359181496e+02
1.749319445060992280e+02
1.749319445060992280e+02
1.749319445060992280e+02
1.814673879352194206e+02
1.814673879352194206e+02
2.174611281682451533e+02
2.151781118389941412e+02
1.912801313263476573e+02
1.933095926853453932e+02
1.933095926853453932e+02
2.071599892142457122e+02
1.521529837190464889e+02
1.577556981212578080e+02
2.147882211868488298e+02
1.951038481444406045e+02
1.951038481444406045e+02
1.951038481444406045e+02
1.605805658562740916e+02
1.605805658562740916e+02
1.833980844529103251e+02
1.842475573264532329e+02
1.856240802650470982e+02
1.847682609361529558e+02
1.847682609361529558e+02
1.851425672863740601e+02
1.954545071116601491e+02
1.995123310451083398e+02
1.889863054111004033e+02
1.665716152296397468e+02
1.665716152296397468e+02
1.665716152296397468e+02
2.386060710335572708e+02
2.386060710335572708e+02
1.817861389520975308e+02
1.872796009048454948e+02
1.614898986724909662e+02
1.567529245983033945e+02
1.567529245983033945e+02
2.019988658913563597e+02
1.501569279753238106e+02
1.491409971713275127e+02
2.006321832281024058e+02
1.894828640205839747e+02
1.894828640205839747e+02
1.894828640205839747e+02
1.413852794317519113e+02
1.413852794317519113e+02
1.769279104912804144e+02
1.669890310745337842e+02
1.685041875509484157e+02
1.785332462891731495e+02
1.785332462891731495e+02
1.885674867634274108e+02
2.110195505753875693e+02
2.044277105029087807e+02
1.826770054680949897e+02
1.734328160973647357e+02
1.734328160973647357e+02
1.734328160973647357e+02
1.713294154634903350e+02
1.713294154634903350e+02
2.118921197378396641e+02
2.075906754411365398e+02
1.789815496249419766e+02
1.826901900261221954e+02
1.826901900261221954e+02
2.017409174576101236e+02
1.332229136289171549e+02
1.326601701438436010e+02
2.008887488337632306e+02
1.925798472102654841e+02
1.925798472102654841e+02
1.925798472102654841e+02
1.317473550294082543e+02
1.317473550294082543e+02
1.644305046314446201e+02
1.654044143969302638e+02
2.207324891196458907e+02
2.194328047823361487e+02
2.194328047823361487e+02
1.619928190199991320e+02
1.860246390355542019e+02
1.910336541180685686e+02
1.663547383761501806e+02
1.755783741423381059e+02
1.755783741423381059e+02
1.755783741423381059e+02
1.736053181563547412e+02
1.736053181563547412e+02
2.056409170645100062e+02
2.078847679367530361e+02
1.951684979039485199e+02
1.930619029446228865e+02
1.930619029446228865e+02
2.116090770123829827e+02
1.572108061158471628e+02
1.540346272320449827e+02
2.073338729177463051e+02
1.865232365969719979e+02
1.865232365969719979e+02
1.865232365969719979e+02
1.702348407977977160e+02
1.702348407977977160e+02
1.679612096112820154e+02
1.703632104156810385e+02
1.754183094028788616e+02
1.729450352771803807e+02
1.729450352771803807e+02
1.954585299080242180e+02
2.224552491048966374e+02
2.249317537424240641e+02
1.976344909505675105e+02
1.772638678750488737e+02
1.772638678750488737e+02
1.772638678750488737e+02
1.674148261750378310e+02
1.674148261750378310e+02
1.986274625813628347e+02
1.979759442419098434e+02
1.851854682528787066e+02
1.857948944598299477e+02
1.857948944598299477e+02
1.954634895259182201e+02
1.586298672314877365e+02
1.596317035743250301e+02
1.966979507968155474e+02
1.932376548922717916e+02
1.932376548922717916e+02
1.932376548922717916e+02
1.549742401874339350e+02
1.549742401874339350e+02
1.756626845962115340e+02
1.838594963838949354e+02
1.722872290450236505e+02
1.646063313069220442e+02
1.646063313069220442e+02
2.029403537124191530e+02
1.930018650502059927e+02
2.009513365096855750e+02
2.112991773403354330e+02
1.631994072015243376e+02
1.631994072015243376e+02
1.631994072015243376e+02
1.913831996417816015e+02
1.913831996417816015e+02
1.840042300369310908e+02
1.852471563892532629e+02
1.773019611055253506e+02
1.761123434937257173e+02
1.761123434937257173e+02
1.865477439289852271e+02
1.576822712082570206e+02
1.493660392709290363e+02
1.767091343376143016e+02
1.917751102545717856e+02
1.917751102545717856e+02
1.917751102545717856e+02
1.728846869742487229e+02
1.728846869742487229e+02
1.738523072331388164e+02
1.677555334765772272e+02
1.492805440769029417e+02
1.547058775048483881e+02
1.547058775048483881e+02
2.028690551539488069e+02
2.170119817789378374e+02
2.179747996624078041e+02
2.037691250611663918e+02
1.699527900840193979e+02
1.699527900840193979e+02
1.699527900840193979e+02
1.795879593886237444e+02
1.795879593886237444e+02
1.878140336809921394e+02
1.816015980474758180e+02
1.711762047201427492e+02
1.770319965482272551e+02
1.770319965482272551e+02
1.409523387573346440e+02
1.797604886167679581e+02
1.804176095729212932e+02
1.414675951205598778e+02
2.026756613992249072e+02
2.026756613992249072e+02
2.026756613992249072e+02
2.079267280767702744e+02
2.079267280767702744e+02
1.695655210379368896e+02
1.724948424376184164e+02
1.632791484948699861e+02
1.605063287569072656e+02
1.605063287569072656e+02
2.124307629986060135e+02
2.067927231847116047e+02
2.147452219283904924e+02
2.206000803220022988e+02
1.449242316479742669e+02
1.449242316479742669e+02
1.449242316479742669e+02
1.868951426748776043e+02
1.868951426748776043e+02
1.893860600662452214e+02
1.931157817982393965e+02
1.828385142634013789e+02
1.793072814778479369e+02
1.793072814778479369e+02
1.941593088655469899e+02
1.473436007162673320e+02
1.465607839528344982e+02
1.931277665317257402e+02
1.878265063206594903e+02
1.878265063206594903e+02
1.878265063206594903e+02
1.784709308251499920e+02
1.784709308251499920e+02
1.690020851718107622e+02
1.675638715545154867e+02
1.579308326637203947e+02
1.592863651661658650e+02
1.592863651661658650e+02
2.231104915050355544e+02
2.111921364583109835e+02
2.072003033706703548e+02
2.188933844804784314e+02
1.795893616889069904e+02
1.795893616889069904e+02
1.795893616889069904e+02
1.516308091909492930e+02
1.516308091909492930e+02
1.965752475780493285e+02
2.017515742201923388e+02
2.007109623142207511e+02
1.955613345821300584e+02
1.955613345821300584e+02
1.800773734272863749e+02
1.614817098743689883e+02
1.687947102183145205e+02
1.882325130702533329e+02
1.918138215217593654e+02
1.918138215217593654e+02
1.918138215217593654e+02
1.730220056933922024e+02
1.730220056933922024e+02
1.748179711357724102e+02
1.754431760104752129e+02
1.598284116867143609e+02
1.592588511921154009e+02
1.592588511921154009e+02
1.916127553381022892e+02
2.199590952430571917e+02
2.212224973964337664e+02
1.927133416423016001e+02
1.501241699090464294e+02
1.501241699090464294e+02
1.501241699090464294e+02
1.912612749596240462e+02
1.912612749596240462e+02
1.941142705136474831e+02
1.951915364990611579e+02
1.701178216137995207e+02
1.691789379612386028e+02
1.691789379612386028e+02
1.942478603001826514e+02
1.611957060165783560e+02
1.659313259163746750e+02
1.999544889409964128e+02
1.837771064737799804e+02
1.837771064737799804e+02
1.837771064737799804e+02
1.760176611770212673e+02
1.760176611770212673e+02
1.766653447275530198e+02
1.741879750227420516e+02
1.621695194680935401e+02
1.644759579838496109e+02
1.644759579838496109e+02
2.161398014013948909e+02
2.059742171435140676e+02
1.951380018486817391e+02
2.047687790751592161e+02
1.798883934016061517e+02
1.798883934016061517e+02
1.798883934016061517e+02
2.172282220849343446e+02
2.172282220849343446e+02
2.168145643204209136e+02
2.128215666287339047e+02
1.571795498721158140e+02
1.601285817289982560e+02
1.601285817289982560e+02
1.803989901523742390e+02
1.568644114723344103e+02
1.572553821434579788e+02
1.808486186792522403e+02
1.952596839067447547e+02
1.952596839067447547e+02
1.952596839067447547e+02
1.928305096789813717e+02
1.928305096789813717e+02
1.613506640870547244e+02
1.634107633237862274e+02
1.735658231401452269e+02
1.713777003231359117e+02
1.713777003231359117e+02
1.824033220629308687e+02
1.807851990762196124e+02
1.877770016326143718e+02
1.894577049438923382e+02
1.717148040917841456e+02
1.717148040917841456e+02
1.717148040917841456e+02
1.984571524366286326e+02
1.984571524366286326e+02
1.975782618380161182e+02
1.993348583062434898e+02
1.506425961340437709e+02
1.493150899738963062e+02
1.493150899738963062e+02
1.726640241556390833e+02
1.474807662358652181e+02
1.434882783264064017e+02
1.679897941090077040e+02
1.836709884087811417e+02
1.836709884087811417e+02
1.836709884087811417e+02
1.934922663600342503e+02
1.934922663600342503e+02
1.687922259800406550e+02
1.706503623496476791e+02
1.960628106033169047e+02
1.939279693167630967e+02
1.939279693167630967e+02
1.573728755268660962e+02
2.090892632545800893e+02
2.086392707139854963e+02
1.570341846779113837e+02
1.830706495315458540e+02
1.830706495315458540e+02
1.830706495315458540e+02
2.055596190459470165e+02
2.055596190459470165e+02
2.046089614160481460e+02
2.012400692349061160e+02
1.640381440370054804e+02
1.667842513254612413e+02
1.667842513254612413e+02
1.744929214118848790e+02
1.629377643313561634e+02
1.650979043302850755e+02
1.768062533801892755e+02
1.905271739850394113e+02
1.905271739850394113e+02
1.905271739850394113e+02
1.951335249176833315e+02
1.951335249176833315e+02
1.663499384152115113e+02
1.687791406224228297e+02
1.800190035861387514e+02
1.774280284263011822e+02
1.774280284263011822e+02
1.910700702291557604e+02
1.846575635583189978e+02
1.826040710403331673e+02
1.889452671500623637e+02
1.785977443805994369e+02
1.785977443805994369e+02
1.785977443805994369e+02
2.105202054662807427e+02
2.105202054662807427e+02
2.029108409874208974e+02
2.050379111085968020e+02
1.679351551704055794e+02
1.661929902755007902e+02
1.661929902755007902e+02
2.000835200314169526e+02
1.697425866274812165e+02
1.730532339768319616e+02
2.039859347901510205e+02
2.084924935049636474e+02
2.084924935049636474e+02
2.084924935049636474e+02
1.517439836762161463e+02
1.517439836762161463e+02
1.398868090462323153e+02
1.361993040145682698e+02
1.677837318286210575e+02
1.723263641116996325e+02
1.723263641116996325e+02
1.894248487927595193e+02
1.947894187809648940e+02
1.886660391239980754e+02
1.834701091930387804e+02
1.794754199872413380e+02
1.794754199872413380e+02
1.794754199872413380e+02
2.118782561212827034e+02
2.118782561212827034e+02
1.987427312149181375e+02
1.930630496271947152e+02
1.331730277033338155e+02
1.370908172279920905e+02
1.370908172279920905e+02
1.729220814285629615e+02
1.573899043814703873e+02
1.591083329129010338e+02
1.748100947646724421e+02
1.837003157170855445e+02
1.837003157170855445e+02
1.837003157170855445e+02
1.795179558036197420e+02
1.795179558036197420e+02
1.526898764787854645e+02
1.526742585144036752e+02
1.812446985967275168e+02
1.812632392025547006e+02
1.812632392025547006e+02
1.906715746249900292e+02
1.939022298761040872e+02
1.887059027836922667e+02
1.855618248835366444e+02
1.707047744591548337e+02
1.707047744591548337e+02
1.707047744591548337e+02
2.186286466566592708e+02
2.186286466566592708e+02
2.396398118522402854e+02
2.499701857913449032e+02
1.686897102544514837e+02
1.617183677277779168e+02
1.617183677277779168e+02
1.439973096459345072e+02
1.629256520291320385e+02
1.580055950723366607e+02
1.396488540389769639e+02
1.893251481543691170e+02
1.893251481543691170e+02
1.893251481543691170e+02
2.029621310864872612e+02
2.029621310864872612e+02
1.767384722986920167e+02
1.751102923455707980e+02
1.822834444874707458e+02
1.839783205916959048e+02
1.839783205916959048e+02
1.760000633337689351e+02
2.209418894966985931e+02
2.115457517632990800e+02
1.685151955255942369e+02
1.788556871923713629e+02
1.788556871923713629e+02
1.788556871923713629e+02
1.924417489687433545e+02
1.924417489687433545e+02
1.948634637954222910e+02
1.954369723845699980e+02
1.777844864505048861e+02
1.772627789723725300e+02
1.772627789723725300e+02
1.562720832081681408e+02
1.548281029463888103e+02
1.648680617270587732e+02
1.664056781054892724e+02
1.849778449682903556e+02
1.849778449682903556e+02
1.849778449682903556e+02
2.148487601128047970e+02
2.148487601128047970e+02
1.708519820023956299e+02
1.736059891033217752e+02
1.981933674103280794e+02
1.950493172308169108e+02
1.950493172308169108e+02
1.725323335318918225e+02
2.021549828260641561e+02
2.025428755048687037e+02
1.728633866085882858e+02
1.472547608660169658e+02
1.472547608660169658e+02
1.472547608660169658e+02
1.751783068231582092e+02
1.751783068231582092e+02
1.881547173489649936e+02
1.905154522406067485e+02
2.084896851656058914e+02
2.059062260890358118e+02
2.059062260890358118e+02
1.533899591010633969e+02
1.688106185229096354e+02
1.700183593349429430e+02
1.544873741534069893e+02
1.850453046361917018e+02
1.850453046361917018e+02
1.850453046361917018e+02
1.980693823175291470e+02
1.980693823175291470e+02
1.824943254944222417e+02
1.776943361903257710e+02
1.827956437607261364e+02
1.877334327398139351e+02
1.877334327398139351e+02
1.747355603867902687e+02
2.061222858296844720e+02
1.963453915158669361e+02
1.664474167739305983e+02
1.845985612592636187e+02
1.845985612592636187e+02
1.845985612592636187e+02
1.870929845765909363e+02
1.870929845765909363e+02
2.096618579631782495e+02
2.014405756277936064e+02
1.656197906536286837e+02
1.723791391863029219e+02
1.723791391863029219e+02
1.559806594692900887e+02
1.636179433051070760e+02
1.572263913839567238e+02
1.498874494976052745e+02
1.881370124048006574e+02
1.881370124048006574e+02
1.881370124048006574e+02
1.977542899532707565e+02
1.977542899532707565e+02
1.274044919201662509e+02
1.297056683493105709e+02
1.656334467824826788e+02
1.626948567542713135e+02
1.626948567542713135e+02
2.101054235575390123e+02
1.890527790359612084e+02
1.909892207626240861e+02
2.122575046390745115e+02
1.654999872833888332e+02
1.654999872833888332e+02
1.654999872833888332e+02
1.915576486721072627e+02
1.915576486721072627e+02
2.184536413655472415e+02
2.173983016700455551e+02
1.817130924514856076e+02
1.825952016408548957e+02
1.825952016408548957e+02
1.626575338068999770e+02
1.621829455957729351e+02
1.570813425111522292e+02
1.575410021447219151e+02
1.792538849110908075e+02
1.792538849110908075e+02
1.792538849110908075e+02
2.274242062598974599e+02
2.274242062598974599e+02
1.746642610584358124e+02
1.741347928632494302e+02
1.872270199544166474e+02
1.877962959199799400e+02
1.877962959199799400e+02
1.817061453813753928e+02
1.987988821096264473e+02
2.047573823615435629e+02
1.871523335165418871e+02
1.747255848417636059e+02
1.747255848417636059e+02
1.747255848417636059e+02
1.835245804161454828e+02
1.835245804161454828e+02
2.265245385104406353e+02
2.230989966835719827e+02
1.720605133257841715e+02
1.747023920160139312e+02
1.747023920160139312e+02
1.445354112680118988e+02
1.513099526948691107e+02
1.500251271850949308e+02
1.433081107490742454e+02
2.008476748260639795e+02
2.008476748260639795e+02
2.008476748260639795e+02
2.032695479558518912e+02
2.032695479558518912e+02
1.508451841345475373e+02
1.574244504970387482e+02
1.977020807430663183e+02
1.894394846500162828e+02
1.894394846500162828e+02
1.751090283255096836e+02
1.925509895719780786e+02
1.962762752041248859e+02
1.784968641851450002e+02
1.724117291755535462e+02
1.724117291755535462e+02
1.724117291755535462e+02
1.620744812161028676e+02
1.620744812161028676e+02
2.284925731978501062e+02
2.259715479351697809e+02
2.119022858985009066e+02
2.142663490774772583e+02
2.142663490774772583e+02
1.579014172244282861e+02
1.763307620236679440e+02
1.757683226323497934e+02
1.573977616173592082e+02
1.962228116055667613e+02
1.962228116055667613e+02
1.962228116055667613e+02
2.011221924179530163e+02
2.011221924179530163e+02
1.553420128049484390e+02
1.554153920332189216e+02
1.828139901668741061e+02
1.827276747167761926e+02
1.827276747167761926e+02
1.721674472013009165e+02
1.872430440257004989e+02
1.859949214909150896e+02
1.710198154068780241e+02
1.732443555599868432e+02
1.732443555599868432e+02
1.732443555599868432e+02
1.492792282530401451e+02
1.492792282530401451e+02
2.166297504145594530e+02
2.078564224393179813e+02
1.971304199859259256e+02
2.054510184458485753e+02
2.054510184458485753e+02
1.835187720546991557e+02
1.300190803189239546e+02
1.274866029424605074e+02
1.799442417838737356e+02
1.907842005726668049e+02
1.907842005726668049e+02
1.907842005726668049e+02
1.755140398765498730e+02
1.755140398765498730e+02
1.609330592316197794e+02
1.653366790212989770e+02
1.901301124414100627e+02
1.850661379457504268e+02
1.850661379457504268e+02
1.798332127785346586e+02
1.863349175140599243e+02
1.870072502045354668e+02
1.804820860514418825e+02
1.764304931144720570e+02
1.764304931144720570e+02
1.764304931144720570e+02
1.575108235318430729e+02
1.575108235318430729e+02
2.130583257091027747e+02
2.102828825492438796e+02
2.275659335636229628e+02
2.305694890887768054e+02
2.305694890887768054e+02
1.655249239126056580e+02
1.852988912029329924e+02
1.816136464234185723e+02
1.622329459748618206e+02
1.977525202426075168e+02
1.977525202426075168e+02
1.977525202426075168e+02
2.106446910509145027e+02
2.106446910509145027e+02
1.720802617975288911e+02
1.664721085575657469e+02
1.891715313925280100e+02
1.955443883586601714e+02
1.955443883586601714e+02
1.804419737742021255e+02
1.875102411676492977e+02
1.842683141229893238e+02
1.773222523599067131e+02
1.498222700428970882e+02
1.498222700428970882e+02
1.498222700428970882e+02
1.868493636003590836e+02
1.868493636003590836e+02
1.892808456092485585e+02
1.878708873668841193e+02
1.736967559278663771e+02
1.750003382770261453e+02
1.750003382770261453e+02
1.385599750614703680e+02
1.667107224952928846e+02
1.716556644473848792e+02
1.426699148620229778e+02
2.105144508453894048e+02
2.105144508453894048e+02
2.105144508453894048e+02
1.981384931991988481e+02
1.981384931991988481e+02
1.637654459231507929e+02
