-9.530917842787042105e+01
-9.530917842787042105e+01
-9.530917842787042105e+01
-1.178592272023096541e+02
-1.178592272023096541e+02
-2.261251056844462539e+02
-2.193131803182643864e+02
-2.223225622114760540e+02
-2.230642521575781529e+02
-2.230642521575781529e+02
-3.923357710971093297e+02
-3.923357710971093297e+02
-3.923357710971093297e+02
-3.050958865090574932e+02
-1.487431169465332630e+02
-9.441128740900997229e+01
-2.222750127698406573e+02
-1.773446312201679120e+02
-1.049791833652381712e+02
-9.067756085464333182e+01
-9.067756085464333182e+01
-9.067756085464333182e+01
-2.251685772696600054e+02
-1.693033345657674431e+02
-3.155774590878174308e+02
-3.155774590878174308e+02
-2.372814039384112164e+02
-2.372814039384112164e+02
-1.241345969227987212e+02
-2.466222988775726037e+02
-2.466222988775726037e+02
-2.466222988775726037e+02
-1.268620013269334663e+02
-9.414540317878794440e+01
-3.292781920606473136e+02
-1.250597631585491882e+02
-9.013251616947083278e+01
-1.062657188556921000e+02
-1.333059178965576166e+02
-1.333059178965576166e+02
-2.047624757059831779e+02
-2.059456951109487477e+02
-2.059456951109487477e+02
-3.569096655660748070e+02
-3.569096655660748070e+02
-3.053222564102222236e+02
-1.698072321352618417e+02
-1.452634441493271709e+02
-1.452634441493271709e+02
-1.452634441493271709e+02
-3.137962794513901486e+02
-1.657959695030639011e+02
-3.146077912270721413e+02
-3.146077912270721413e+02
-2.033978384418195731e+02
-1.773765719198728164e+02
-1.773765719198728164e+02
-2.033978384418195731e+02
-2.894224771290066087e+02
-2.894224771290066087e+02
-2.506010040650366761e+02
-2.550212574040450022e+02
-2.550212574040450022e+02
-2.482461542549988849e+02
-1.650008686001420983e+02
-1.222644479225788245e+02
-1.222644479225788245e+02
-7.549950835109012814e+01
-1.830378018355058600e+02
-7.549950835109012814e+01
-1.830378018355058600e+02
-2.451364759978944505e+02
-2.451364759978944505e+02
-2.922502405987218594e+02
-7.068916250930990941e+01
-9.829393459228708707e+01
-7.068916250930990941e+01
-2.101749699689916326e+02
-2.101749699689916326e+02
-7.923801658178668106e+01
-2.304138013916802095e+02
-1.731033258992776211e+02
-1.731033258992776211e+02
-2.304138013916802095e+02
-1.054718765251791552e+02
-1.054718765251791552e+02
-1.054718765251791552e+02
-2.969116559460869667e+02
-2.969116559460869667e+02
-1.309270623101224373e+02
-1.309270623101224373e+02
-1.465934138194071465e+02
-2.138310348045549745e+02
-2.273550948560673532e+02
-2.516523701167128593e+02
-2.366830035066598725e+02
-2.424207080823385922e+02
-2.424452763053690205e+02
-2.424452763053690205e+02
-2.424207080823385922e+02
-1.265275374315776986e+02
-1.265275374315776986e+02
-1.265275374315776986e+02
-4.589098492699783947e+02
-1.985076911359950884e+02
-1.426055723242368742e+02
-3.296753960809523960e+02
-8.361676931054581985e+01
-8.719302923787039106e+01
-1.273144120371825494e+02
-1.220925561856403334e+02
-1.220925561856403334e+02
-1.322013508831070396e+02
-1.322013508831070396e+02
-2.388075232758685615e+02
-2.388075232758685615e+02
-2.388075232758685615e+02
-1.372130255217346075e+02
-1.372130255217346075e+02
-1.424497438214189344e+02
-3.244280762288970550e+02
-2.056218051886733917e+02
-1.748221195051795291e+02
-1.042653899745754842e+02
-1.374733777302201077e+02
-1.378699684885251884e+02
-1.378699684885251884e+02
-2.879881546574644062e+02
-2.391043372737899233e+02
-4.311081227215191092e+01
-7.285100562669330770e+01
-3.348717670591723277e+02
-3.126698777867744639e+02
-7.342789696539443867e+01
-6.885245609793547317e+01
-1.463447271941091969e+02
-1.463447271941091969e+02
-8.691275078640106244e+01
-8.691275078640106244e+01
-1.979919008526733251e+02
-1.979919008526733251e+02
-1.165252861233350501e+02
-1.522286074241291089e+02
-2.844404874305826070e+02
-2.177285185994280141e+02
-2.177285185994280141e+02
-5.193651820322012327e+02
-5.193651820322012327e+02
-2.886590833977181774e+02
-2.886590833977181774e+02
-9.385524356372320653e+01
-1.269258642681803195e+02
-9.385524356372320653e+01
-6.654228458335022367e+01
-6.654228458335022367e+01
-6.654228458335022367e+01
-6.654228458335022367e+01
-1.920134352925341830e+02
-1.920134352925341830e+02
-1.920134352925341830e+02
-1.920134352925341830e+02
-3.737942688503124486e+02
-3.737942688503124486e+02
-2.621976613108306537e+02
-9.495092385746312402e+01
-9.495092385746312402e+01
-9.495092385746312402e+01
-9.495092385746312402e+01
-2.101140651966857433e+02
-2.101140651966857433e+02
-1.783622463608616329e+02
-1.783622463608616329e+02
-1.128900141662493866e+02
-1.571843397344614459e+02
-1.847666127790915596e+02
-1.847666127790915596e+02
-1.259684515161491163e+02
-4.023068044870444737e+02
-3.155381658378096290e+02
-1.881959999630078642e+02
-1.881959999630078642e+02
-1.881959999630078642e+02
-1.494862582951260777e+02
-1.159276658481231266e+02
-9.208268509389114342e+01
-9.208268509389114342e+01
-2.462557769063037370e+02
-1.948375109272126906e+02
-1.687725970881681121e+02
-1.687725970881681121e+02
-1.687725970881681121e+02
-1.261110249054993204e+02
-1.065070700015535863e+02
-1.261110249054993204e+02
-1.261110249054993204e+02
-2.247226768673218658e+02
-2.247226768673218658e+02
-2.247226768673218658e+02
-1.738317682088108427e+02
-1.473501996339513198e+02
-2.434455230890041548e+02
-2.434455230890041548e+02
-2.434455230890041548e+02
-3.597666127878538873e+02
-1.346950819869805684e+02
-1.990539517455888472e+02
-3.330424376186910536e+02
-2.344022118737252640e+02
-2.678591442879284727e+02
-3.330424376186910536e+02
-2.914437893586465407e+02
-7.961035644881306439e+01
-6.962560803124270592e+01
-4.913965632548427465e+01
-1.238744167405890693e+02
-1.092065992439151501e+02
-1.238744167405890693e+02
-1.238744167405890693e+02
-1.922022328686061314e+02
-1.922022328686061314e+02
-1.871627523247105671e+02
-1.871627523247105671e+02
-1.466425446748833963e+02
-3.630699328418813252e+02
-8.958924890271647712e+01
-2.974201848866145497e+02
-2.974201848866145497e+02
-9.493679484292539428e+01
-9.493679484292539428e+01
-1.953240760407406356e+02
-1.953240760407406356e+02
-1.953240760407406356e+02
-3.524445941152392265e+02
-4.983557100872543515e+02
-2.375777854789301387e+02
-2.375777854789301387e+02
-2.375777854789301387e+02
-1.475324009810759094e+02
-1.006575158923939171e+02
-1.570523997568297716e+02
-1.415443711689058830e+02
-1.170502571966883210e+02
-1.170502571966883210e+02
-1.168045979947112585e+02
-2.807610641304589194e+02
-2.620269550722691179e+02
-1.699321165546036525e+02
-2.807610641304589194e+02
-4.329197342358484661e+02
-4.329197342358484661e+02
-4.329197342358484661e+02
-1.692519674152477194e+02
-2.727836404507676207e+02
-3.126698948858227709e+02
-3.126698948858227709e+02
-3.126698948858227709e+02
-2.727836404507676207e+02
-1.692519674152477194e+02
-1.389501273367883414e+02
-1.512043832980374134e+02
-1.518924033928108202e+02
-1.518924033928108202e+02
-2.090950135506070353e+02
-1.609684904468463458e+02
-2.090950135506070353e+02
-2.090950135506070353e+02
-1.609684904468463458e+02
-1.810662638780658256e+02
-3.338666852409959915e+02
-3.338666852409959915e+02
-3.338666852409959915e+02
-2.097961094973432807e+02
-1.334337963369303850e+02
-1.334337963369303850e+02
-2.427272095484454155e+02
-9.360847812075039087e+01
-4.672589628911326542e+01
-4.672589628911326542e+01
-9.360847812075039087e+01
-3.576116662547682381e+02
-3.576116662547682381e+02
