1.741080123484317141e+02
6.554219669070622700e+00
1.032771981194418132e+01
1.053502750189087180e+02
1.053502750189087180e+02
2.877875057373205436e+02
2.877875057373205436e+02
3.800717805947131751e+02
3.928735571590530071e+02
3.464496061269450706e+02
1.213621610712900889e+02
1.113591435989090854e+02
2.547496424748859454e+02
9.782313101920789222e+02
4.518241592223492376e+02
5.443039160334957387e+02
7.832089852141290720e+00
7.501235701805742337e+02
6.688516838674950122e+02
6.418567512524398353e+02
7.642086055739421226e+02
6.565241602417797822e+02
9.690096897752326299e+01
9.690096897752326299e+01
9.690096897752326299e+01
1.177821609218699308e+02
5.706427038409076147e+01
1.508971483461029379e+02
4.330620668547317109e+02
4.316615225800086364e+01
4.096931273589523244e+02
4.330620668547317109e+02
5.626110427636853473e+01
1.826178001254932326e+02
8.919811876005942395e+02
7.271259104612297186e+00
1.832290810261131497e+01
1.047190114119306337e+01
8.042269780336165468e+02
6.689346014182169711e+02
5.125573954263613814e+02
5.920214953530285129e+02
5.125573954263613814e+02
5.466841283911731608e+01
1.117400346191457139e+01
7.067680379586383310e+01
7.067680379586383310e+01
7.448903182423099167e+01
3.837828496558985307e+02
7.067680379586383310e+01
2.114718365196441141e+02
2.156912174388438928e+02
6.441283812571084582e+02
3.228677400718985950e+02
2.788398223617504641e+02
2.529447876352033688e+02
2.788398223617504641e+02
5.033378518469586425e+02
3.056592012533247527e+01
1.892795522120360374e+01
1.944790198787766826e+02
1.272679796218270383e+02
1.944790198787766826e+02
1.173584483533403272e+03
2.713502853856420529e+02
2.666517796416748070e+02
2.713502853856420529e+02
2.160867640248672785e+02
2.160867640248672785e+02
1.855003119241385434e+02
3.584119078878902087e+02
4.009110498196927779e+02
3.584119078878902087e+02
6.219136666800106923e+02
6.219136666800106923e+02
3.722811366679949288e+02
2.233854137092110648e+02
3.082757515428601778e+02
2.233854137092110648e+02
5.218626224222722598e+00
5.218626224222722598e+00
3.762054672649732368e+01
5.218626224222722598e+00
5.747808641567971790e+02
1.086737830966157929e+02
5.747808641567971790e+02
5.747808641567971790e+02
1.178869187181218194e+03
1.205967635679306568e+03
1.718518836017357216e+02
1.938699437106216692e+02
2.786757860766185857e+01
3.733492310978285786e+02
3.733492310978285786e+02
5.221036837607704229e+02
5.414856897225081411e+02
8.615038474828550079e+02
7.943120620967210925e+02
2.064861302255523299e+02
4.470954399454422656e+01
5.508921112546316579e+01
2.119175018707057063e+02
4.470954399454422656e+01
1.865657908956158906e+00
3.260417092531624039e+00
2.953761966347492773e+01
2.953761966347492773e+01
4.255147147972631956e+02
4.329283873131994937e+02
7.621244561607470587e+02
4.275331769010257403e+02
7.621244561607470587e+02
2.968080807031184918e+02
2.968080807031184918e+02
9.534403058355067060e+02
1.698502916780780083e+02
1.698502916780780083e+02
2.827990339832492737e+02
7.149970201126650409e+02
2.358019885670267968e+02
5.718250418780382915e+02
1.444564896922481125e+02
2.608601156959638345e+01
3.472739632631733002e+02
1.923174671250255017e+02
5.794870056217669116e+02
4.905033135273092171e+01
3.398055679546043280e+02
2.293003692373497548e-01
2.533545031828984273e-01
2.533545031828984273e-01
2.490627098361057392e+02
2.344832916429134855e+02
4.187821042664452307e+02
3.027800734873264332e+02
4.701320903384093981e+02
3.027800734873264332e+02
5.217729875836992051e+02
2.274380779428141750e+02
1.348319373564355033e+02
6.583118107933368890e+01
8.034276403783061626e-01
5.808261662750572318e-01
4.065237213934308329e+02
4.680911760237989370e+02
7.591676730329425249e-01
3.326340198396541155e+02
2.723306420941715373e+02
8.845825388819763475e+02
3.094721008706562202e+02
3.745064792119725894e+02
3.745064792119725894e+02
3.191163991336942729e+01
3.217513439434131328e+01
2.674652449834969161e+02
3.191163991336942729e+01
3.191163991336942729e+01
1.546852139639720178e+02
1.466718069901199328e+02
5.959676840733087602e+02
1.607869935980820344e+02
1.524574863181964020e+02
5.824580175214572364e+02
4.219065179996702000e+02
4.647093827625709537e+02
8.786210364879603674e+01
2.433037349726004948e+02
2.433037349726004948e+02
9.736984366559599380e+01
9.736984366559599380e+01
3.133882871685149496e+01
3.133882871685149496e+01
5.782131651074096226e+02
5.782131651074096226e+02
1.008768421728144403e+03
6.462410903244738165e+02
7.009432598254211833e+00
7.009432598254211833e+00
1.139661503684169475e+03
3.172485664330356485e+02
4.037338279616938621e+02
1.158826910352378263e+02
3.761758755536511103e+02
3.761758755536511103e+02
3.301466653634748241e+02
1.474735188631160838e+02
4.193306014820492464e+02
3.625138830876735483e+02
4.134158389442046655e+02
5.056671654586783689e+02
3.625138830876735483e+02
4.611983458925919876e+01
4.611983458925919876e+01
1.200129427246914418e+02
4.611983458925919876e+01
1.912467183437398717e+02
5.488578628793866443e+01
1.465621665520265537e+02
2.690265936812600245e+01
7.726776874568520270e+02
4.788216148585549945e+02
3.983234246944505230e+02
4.788216148585549945e+02
1.128119153176831304e+02
1.128119153176831304e+02
1.128119153176831304e+02
3.642519421167194196e+02
3.642519421167194196e+02
3.642519421167194196e+02
3.519337828237871690e+02
3.534991017092555126e+02
5.940234179514770858e+02
5.542075788196698483e+01
9.046152718722156294e+01
1.248013749762198756e+02
1.248013749762198756e+02
3.627702207466311961e+02
1.248013749762198756e+02
9.626588758182072070e+01
4.399695756301743472e+02
3.368842094706597550e+02
8.064364259857759407e+02
6.875942673314549438e+02
1.227250104362893097e+02
6.808364910868917832e+02
1.153530322389963914e+02
8.202762135491786921e+01
4.309894586364735574e+02
3.399919511441143527e+02
2.186433632777266780e+02
2.660538558368605777e+02
9.236776709773064908e+01
1.297532614534224820e+02
9.470726393142625454e+01
9.647352509693223510e+01
9.776357303983958502e+01
9.647352509693223510e+01
7.558039051936804142e+00
9.947521688931857398e+02
9.947521688931857398e+02
1.708961491798910970e+02
6.179833041937419580e+01
3.515385977254938439e+02
4.995189721396284455e+01
7.905459979248882973e+02
7.905459979248882973e+02
8.186078828420755826e+02
5.696315118836796501e+02
5.511140134806339574e+02
4.689168336906980130e+02
5.696315118836796501e+02
3.110663566919712508e+01
3.110663566919712508e+01
2.935125127040363324e+01
1.536937864662689712e+01
3.110663566919712508e+01
3.856457206299165819e+02
3.856457206299165819e+02
2.843280565494906114e+02
2.843280565494906114e+02
2.378283025574554586e+02
2.378283025574554586e+02
3.206084644294773511e+02
3.206084644294773511e+02
3.961180518246779911e+02
3.206084644294773511e+02
5.748114038131205916e+02
4.652385839629526458e+02
6.650634230203110064e+01
8.362168804469860106e+00
7.098489851513892290e+01
6.860746178368473558e+00
5.872073496872962295e+01
6.860746178368473558e+00
6.064519813469909195e+02
7.772246600990102650e+01
1.626854154886251536e+02
1.054484042355004618e+02
2.067466300600491707e+02
2.067466300600491707e+02
2.067466300600491707e+02
