8.921551778697686119e-01
1.231362094949406821e-01
1.231362094949406821e-01
8.623984855549163830e-01
8.623984855549163830e-01
9.300000000000000488e-01
9.300000000000000488e-01
9.300000000000000488e-01
9.300000000000000488e-01
9.300000000000000488e-01
9.300000000000000488e-01
9.300000000000000488e-01
9.300000000000000488e-01
9.300000000000000488e-01
9.300000000000000488e-01
9.300000000000000488e-01
1.531650468999906922e-01
9.300000000000000488e-01
9.300000000000000488e-01
9.300000000000000488e-01
9.300000000000000488e-01
9.300000000000000488e-01
9.300000000000000488e-01
9.300000000000000488e-01
9.300000000000000488e-01
9.300000000000000488e-01
8.618923242525532435e-01
9.300000000000000488e-01
9.300000000000000488e-01
4.098963417512740404e-01
9.300000000000000488e-01
9.300000000000000488e-01
4.902996280548057029e-01
8.342989294978376824e-01
9.300000000000000488e-01
1.330127492522913957e-01
1.979537657473570134e-01
1.330127492522913957e-01
9.300000000000000488e-01
9.300000000000000488e-01
9.300000000000000488e-01
9.300000000000000488e-01
9.300000000000000488e-01
4.578788777855776759e-01
4.930510531040089295e-01
9.300000000000000488e-01
9.300000000000000488e-01
9.300000000000000488e-01
9.300000000000000488e-01
9.300000000000000488e-01
9.300000000000000488e-01
9.300000000000000488e-01
9.300000000000000488e-01
9.300000000000000488e-01
9.300000000000000488e-01
9.300000000000000488e-01
9.300000000000000488e-01
9.300000000000000488e-01
2.823115614244908200e-01
1.971502083264368432e-01
8.170980938369467594e-01
6.037965907356919182e-01
8.170980938369467594e-01
9.300000000000000488e-01
9.300000000000000488e-01
9.300000000000000488e-01
9.300000000000000488e-01
9.300000000000000488e-01
9.300000000000000488e-01
9.300000000000000488e-01
9.300000000000000488e-01
9.300000000000000488e-01
9.300000000000000488e-01
9.300000000000000488e-01
9.300000000000000488e-01
9.300000000000000488e-01
9.300000000000000488e-01
9.300000000000000488e-01
9.300000000000000488e-01
4.709229085733480646e-01
4.709229085733480646e-01
9.300000000000000488e-01
4.709229085733480646e-01
9.300000000000000488e-01
7.411352379354829711e-01
9.300000000000000488e-01
9.300000000000000488e-01
9.300000000000000488e-01
9.300000000000000488e-01
8.634619034164274787e-01
9.300000000000000488e-01
4.505502702753729771e-01
9.300000000000000488e-01
9.300000000000000488e-01
9.300000000000000488e-01
9.300000000000000488e-01
9.300000000000000488e-01
9.300000000000000488e-01
9.300000000000000488e-01
9.300000000000000488e-01
9.300000000000000488e-01
9.300000000000000488e-01
9.300000000000000488e-01
6.374908236080079060e-02
6.374908236080079060e-02
3.050780719918820272e-01
3.050780719918820272e-01
9.300000000000000488e-01
9.300000000000000488e-01
9.300000000000000488e-01
9.300000000000000488e-01
9.300000000000000488e-01
9.300000000000000488e-01
9.300000000000000488e-01
9.300000000000000488e-01
9.010803382717179622e-01
9.010803382717179622e-01
9.300000000000000488e-01
9.300000000000000488e-01
9.300000000000000488e-01
9.300000000000000488e-01
9.300000000000000488e-01
3.550631423818771948e-01
9.300000000000000488e-01
9.300000000000000488e-01
9.300000000000000488e-01
6.044024579153484122e-01
9.300000000000000488e-01
7.151598325091705621e-03
8.137426049453394192e-03
8.137426049453394192e-03
9.300000000000000488e-01
9.300000000000000488e-01
9.300000000000000488e-01
9.300000000000000488e-01
9.300000000000000488e-01
9.300000000000000488e-01
9.300000000000000488e-01
9.300000000000000488e-01
9.300000000000000488e-01
9.300000000000000488e-01
2.420730599488282384e-02
1.887389562078176791e-02
9.300000000000000488e-01
9.300000000000000488e-01
1.887389562078176791e-02
9.300000000000000488e-01
9.300000000000000488e-01
9.300000000000000488e-01
9.300000000000000488e-01
9.300000000000000488e-01
9.300000000000000488e-01
3.537294104694844177e-01
3.560851437502952077e-01
9.300000000000000488e-01
3.537294104694844177e-01
3.537294104694844177e-01
9.085387519129032308e-01
8.752714081667171131e-01
9.300000000000000488e-01
9.085387519129032308e-01
8.752714081667171131e-01
9.300000000000000488e-01
9.300000000000000488e-01
9.300000000000000488e-01
9.300000000000000488e-01
9.300000000000000488e-01
9.300000000000000488e-01
7.819122742201303211e-01
7.819122742201303211e-01
4.166157859873781955e-01
4.166157859873781955e-01
9.300000000000000488e-01
9.300000000000000488e-01
9.300000000000000488e-01
9.300000000000000488e-01
7.572400473193544035e-02
7.572400473193544035e-02
9.300000000000000488e-01
9.300000000000000488e-01
9.300000000000000488e-01
9.300000000000000488e-01
9.300000000000000488e-01
9.300000000000000488e-01
9.300000000000000488e-01
9.300000000000000488e-01
9.300000000000000488e-01
9.300000000000000488e-01
9.300000000000000488e-01
9.300000000000000488e-01
9.300000000000000488e-01
5.492938465088471611e-01
5.492938465088471611e-01
9.300000000000000488e-01
5.492938465088471611e-01
9.300000000000000488e-01
4.532156297174398940e-01
9.010626181852249283e-01
2.915644970753661913e-01
9.300000000000000488e-01
9.300000000000000488e-01
9.300000000000000488e-01
9.300000000000000488e-01
7.018114009553975130e-01
7.018114009553975130e-01
7.018114009553975130e-01
9.300000000000000488e-01
9.300000000000000488e-01
9.300000000000000488e-01
9.300000000000000488e-01
9.300000000000000488e-01
9.300000000000000488e-01
9.300000000000000488e-01
9.300000000000000488e-01
7.285093133250556408e-01
7.285093133250556408e-01
9.300000000000000488e-01
7.285093133250556408e-01
9.300000000000000488e-01
9.300000000000000488e-01
9.300000000000000488e-01
9.300000000000000488e-01
9.300000000000000488e-01
8.365060527277538016e-01
9.300000000000000488e-01
6.157228722523115927e-01
6.157228722523115927e-01
9.300000000000000488e-01
9.300000000000000488e-01
9.300000000000000488e-01
9.300000000000000488e-01
7.885116459051482174e-01
9.300000000000000488e-01
7.885116459051482174e-01
9.300000000000000488e-01
9.300000000000000488e-01
9.300000000000000488e-01
3.157191023930847606e-01
9.300000000000000488e-01
9.300000000000000488e-01
9.300000000000000488e-01
6.665294626837476866e-01
9.300000000000000488e-01
5.729140178355014434e-01
9.300000000000000488e-01
9.300000000000000488e-01
9.300000000000000488e-01
9.300000000000000488e-01
9.300000000000000488e-01
9.300000000000000488e-01
9.300000000000000488e-01
2.358664625614303734e-01
2.358664625614303734e-01
2.249110686014905713e-01
2.358664625614303734e-01
2.358664625614303734e-01
9.300000000000000488e-01
9.300000000000000488e-01
9.300000000000000488e-01
9.300000000000000488e-01
9.300000000000000488e-01
9.300000000000000488e-01
9.300000000000000488e-01
9.300000000000000488e-01
9.300000000000000488e-01
9.300000000000000488e-01
9.300000000000000488e-01
9.300000000000000488e-01
4.258602878353491272e-01
9.906610506967258867e-02
4.466310388101671913e-01
9.366582322946508110e-02
4.258602878353491272e-01
9.366582322946508110e-02
9.300000000000000488e-01
9.300000000000000488e-01
9.300000000000000488e-01
9.300000000000000488e-01
9.300000000000000488e-01
9.300000000000000488e-01
9.300000000000000488e-01
