3.876465339628507728e-02
5.558346304814889074e-03
5.558346304814889074e-03
3.696036704883121082e-02
3.696036704883121082e-02
3.654827897192292757e-02
3.654827897192292757e-02
3.654827897192292757e-02
3.643497218482756594e-02
3.993211073920009679e-02
4.040661354902939928e-02
3.858166698920810489e-02
3.570598916903258008e-02
3.404884389651473275e-02
3.858166698920810489e-02
2.876512082245613611e-02
6.031428714006614386e-03
3.596507993842726347e-02
3.700003538202693149e-02
3.598874432494430370e-02
3.596507993842726347e-02
3.700003538202693149e-02
4.072182768004989351e-02
4.072182768004989351e-02
4.072182768004989351e-02
3.594825960851780189e-02
3.437649045486212279e-02
3.594825960851780189e-02
3.232311703228352151e-02
1.603288426102337377e-02
3.232311703228352151e-02
3.232311703228352151e-02
2.089664531295333874e-02
3.750503437132070295e-02
3.463179495061762675e-02
5.155668756242058962e-03
9.020983253606708330e-03
5.155668756242058962e-03
3.712873269383164254e-02
3.575476808856113686e-02
3.392986652668949360e-02
3.268192034965297643e-02
3.392986652668949360e-02
1.929055642942167914e-02
2.141044791700370820e-02
3.635574420916448668e-02
3.635574420916448668e-02
3.748743193930234585e-02
3.635574420916448668e-02
3.635574420916448668e-02
3.774045857028734963e-02
3.825786850218172025e-02
3.825786850218172025e-02
4.058580647105069356e-02
3.975672850648864776e-02
3.718910972796510284e-02
3.975672850648864776e-02
2.981833919963179647e-02
1.306859619834219340e-02
8.092732122309112541e-03
3.696748251242047006e-02
2.419169334560392071e-02
3.696748251242047006e-02
3.360099002404953045e-02
3.935346877133349963e-02
3.903613119659683772e-02
3.935346877133349963e-02
3.826590739959336018e-02
3.826590739959336018e-02
3.573660650089327540e-02
3.365305603350445679e-02
3.603103955641175082e-02
3.365305603350445679e-02
3.787018470688451738e-02
3.787018470688451738e-02
4.026790458747379897e-02
3.652413024793562529e-02
3.652413024793562529e-02
3.652413024793562529e-02
1.680540474015934996e-02
1.680540474015934996e-02
2.976193955568693511e-02
1.680540474015934996e-02
3.711877135410675266e-02
3.298216184782445243e-02
3.711877135410675266e-02
3.711877135410675266e-02
3.317991002381466548e-02
3.383305152542127880e-02
3.557412324426530853e-02
3.978719160386091913e-02
1.892383455341685103e-02
3.618531227704010339e-02
3.618531227704010339e-02
4.021055563909819996e-02
4.021055563909819996e-02
3.281232185140761648e-02
3.045127896533282585e-02
4.181786723979844661e-02
3.896381430265791201e-02
4.181786723979844661e-02
3.045127896533282585e-02
3.896381430265791201e-02
2.787744593047767564e-03
2.787744593047767564e-03
1.196697287138244470e-02
1.196697287138244470e-02
3.830880375559989059e-02
3.869161470341678233e-02
3.519950832046114114e-02
3.869161470341678233e-02
3.519950832046114114e-02
3.190822224548826164e-02
3.190822224548826164e-02
3.498362578733062167e-02
4.107184445090909103e-02
4.107184445090909103e-02
3.924355308835718315e-02
3.114215902789152154e-02
3.860682161804340068e-02
3.495388563588933128e-02
3.144974069943605455e-02
1.645520499488983129e-02
3.924355184973665756e-02
3.924355184973665756e-02
3.606512931891103779e-02
2.705237235515556976e-02
3.253239188334119958e-02
3.197665266296770151e-04
3.760571864085406296e-04
3.760571864085406296e-04
4.069283389553524088e-02
4.130798599499924117e-02
3.107885461233625760e-02
3.634830281917531686e-02
3.318913356129914172e-02
3.634830281917531686e-02
3.945258999591549909e-02
3.947944984032938920e-02
3.945258999591549909e-02
4.094462029600888509e-02
1.116494008539879084e-03
8.071528810534050373e-04
3.607266160740366101e-02
3.900444007311798522e-02
8.071528810534050373e-04
2.832649259157513782e-02
3.064022297027766545e-02
3.060420717443120692e-02
3.320195544824465494e-02
4.025694522264421094e-02
4.025694522264421094e-02
1.614358370876093837e-02
1.627688131496085600e-02
4.019123037583034047e-02
1.614358370876093837e-02
1.614358370876093837e-02
3.905295372571646051e-02
3.702983074120116957e-02
3.602624871644319327e-02
3.905295372571646051e-02
3.702983074120116957e-02
3.545323808707952912e-02
3.490828133122542837e-02
3.752913073961129664e-02
4.067815652883872979e-02
4.067815652883872979e-02
4.067815652883872979e-02
3.577728613555802850e-02
3.577728613555802850e-02
1.848044589978914756e-02
1.848044589978914756e-02
3.388984703451389940e-02
3.388984703451389940e-02
3.019587623752390329e-02
3.296423782551826526e-02
3.376341462615604829e-03
3.376341462615604829e-03
3.369063262559720412e-02
3.758246652034974433e-02
4.147780798468492930e-02
3.758246652034974433e-02
3.724187769417477284e-02
3.724187769417477284e-02
3.366684772489368649e-02
4.147780798468492930e-02
3.722812397598367073e-02
3.755172280123347806e-02
3.686924681654229347e-02
3.755172280123347806e-02
3.755172280123347806e-02
2.285563940011049733e-02
2.285563940011049733e-02
3.778140774557203763e-02
2.285563940011049733e-02
3.778140774557203763e-02
1.706866747677741186e-02
3.311560784498884108e-02
1.158411437587191992e-02
3.231822387511321809e-02
3.857119543335735257e-02
3.442500962841264084e-02
3.857119543335735257e-02
2.792060081714723904e-02
2.792060081714723904e-02
2.792060081714723904e-02
3.836711116104107866e-02
3.836711116104107866e-02
3.836711116104107866e-02
3.777450975945304684e-02
3.776426924516793071e-02
3.331398801861376602e-02
3.877407944684371083e-02
3.394016733551295101e-02
2.975455067084917596e-02
2.975455067084917596e-02
3.635880667849347714e-02
2.975455067084917596e-02
3.635880667849347714e-02
4.042548586734632382e-02
3.570021880021702343e-02
3.765816665161452609e-02
3.632218678928127858e-02
3.137208679904025799e-02
2.953826354183408318e-02
2.678849299514157040e-02
2.678849299514157040e-02
3.564651482465814453e-02
3.564651482465814453e-02
3.522211032777098488e-02
3.901353831791400106e-02
3.097050256350807051e-02
4.043729683717891404e-02
3.097050256350807051e-02
3.909020777709928951e-02
3.942079060253760037e-02
3.909020777709928951e-02
1.447118191504540193e-02
3.349467129137233268e-02
3.349467129137233268e-02
3.984730994984587993e-02
2.944093647569239261e-02
3.984730994984587993e-02
2.379725508337589279e-02
3.350118520316570925e-02
3.350118520316570925e-02
3.442844834229030759e-02
3.034856309178234068e-02
2.954684695911389755e-02
3.442844834229030759e-02
3.034856309178234068e-02
1.089073749095618993e-02
1.089073749095618993e-02
1.027616023849199645e-02
1.089073749095618993e-02
1.089073749095618993e-02
3.785272045076253783e-02
3.785272045076253783e-02
3.230922754158249005e-02
3.230922754158249005e-02
3.796671208822210986e-02
3.796671208822210986e-02
3.615788485149652037e-02
3.615788485149652037e-02
3.615788485149652037e-02
3.615788485149652037e-02
3.726680688146515735e-02
3.726680688146515735e-02
1.842743960387509608e-02
4.456893890366472356e-03
1.966834868521971647e-02
4.141486949826309397e-03
1.842743960387509608e-02
4.141486949826309397e-03
3.267775214296152198e-02
4.171059382828454232e-02
3.964481008732499007e-02
4.171059382828454232e-02
3.795629534910453101e-02
3.795629534910453101e-02
3.795629534910453101e-02
