2.148589303168471076e+00
7.286676629765136415e-01
6.653805651010969990e-01
2.245217100815318112e+00
2.245217100815318112e+00
2.422963551027225382e+00
2.420658489207604624e+00
2.415950020380811303e+00
2.417629139007067440e+00
2.384610614258903638e+00
2.436930557757895688e+00
2.449951323502364886e+00
2.459754624553514901e+00
2.445716265668145262e+00
2.332244134022332549e+00
2.398676702396537408e+00
1.766360820194127657e+00
2.399490781579334264e+00
2.320944358521062956e+00
2.314190654202328279e+00
2.310296920386865960e+00
2.295950850414306021e+00
2.372328723064724976e+00
2.332976522588095847e+00
2.407211850239666440e+00
2.449962638432061635e+00
2.407390590436820244e+00
2.431970936139350226e+00
2.407379896991867163e+00
2.264369918204905741e+00
2.453394907707627581e+00
2.452761857047791594e+00
2.043224405010108935e+00
2.030568675869983242e+00
2.446077821602519631e+00
1.340232924220942090e+00
9.816315659951589945e-01
1.182874810012065403e+00
2.345950219465124498e+00
2.372253117331622807e+00
2.433969528223617118e+00
2.440044993953842223e+00
2.434340267708882344e+00
2.306089435033579438e+00
2.334994920127112739e+00
2.452297504735024170e+00
2.415178095157295424e+00
2.391021924343725846e+00
2.380079706760288349e+00
2.401498071248845179e+00
2.444752465579644429e+00
2.390677716059482982e+00
2.426255032993627214e+00
2.395125194020183201e+00
2.372965098681395268e+00
2.403892114090889098e+00
2.355534947470608653e+00
2.446065341823458805e+00
1.862569461655062764e+00
1.921361825536779477e+00
2.277790391748921728e+00
2.315147371192706416e+00
2.281261747427137276e+00
2.429938727963896650e+00
2.347079174144467650e+00
2.303463932538246439e+00
2.297649130722329680e+00
2.221536008939399398e+00
2.378346605540750947e+00
2.271084206389438975e+00
2.429937761717314348e+00
2.434582634666635048e+00
2.447130396659662921e+00
2.426323655116517930e+00
2.218821515518069276e+00
2.225880117356763499e+00
2.259496674550068640e+00
2.407586345491213642e+00
2.414691074902779455e+00
2.163492637604474744e+00
2.373769211128213819e+00
2.458350637475345213e+00
2.335269415213516719e+00
2.418058774433815117e+00
2.088118621102728056e+00
2.326557380990717405e+00
2.326557380990717405e+00
2.442400169796959286e+00
2.436997268476820189e+00
2.275594859651492996e+00
2.263662572160774822e+00
2.115880285327781163e+00
2.402225063994746002e+00
2.407781596537680979e+00
2.376729902864335386e+00
2.367456711612923481e+00
2.428233367123372677e+00
2.450261878343294342e+00
2.341173179537275661e+00
2.407021653542714024e+00
2.255226125714803853e+00
2.421363963094130156e+00
2.327191788249508786e+00
1.258011986220204825e+00
7.053710620465629688e-01
1.966774353317363166e+00
2.237370383019112285e+00
2.246036929187604780e+00
2.246624838818703562e+00
2.371204831619661668e+00
2.313805621343410390e+00
2.365914169838760017e+00
2.420166343528322717e+00
2.420166343528322717e+00
2.412076109718870764e+00
2.285912286219613065e+00
2.285912286219613065e+00
2.320375752919153989e+00
2.411768104131118751e+00
2.342136439292192396e+00
2.447750674219795641e+00
2.453083401994080592e+00
1.807338904964725490e+00
2.252611700697811692e+00
2.334034823596264907e+00
2.379202283302349841e+00
2.115876128269171375e+00
2.461778080490873766e+00
4.374845938442090826e-02
7.960915788098809134e-03
1.347974209449496683e-02
2.404167710547276737e+00
2.384544740367739113e+00
2.367112442876349032e+00
2.277282788569377381e+00
2.416724350876247929e+00
2.391625201672856527e+00
2.198600452883033629e+00
2.152133698522985750e+00
2.394194776522541979e+00
2.356784341554900131e+00
1.104181857662885347e-01
1.471874334612998936e-01
2.432607792980226780e+00
2.385600542176691707e+00
1.884752951697789836e-01
2.484752241037086584e+00
2.482565916133520734e+00
2.457885141960725939e+00
2.459932172578711551e+00
2.208936565511706362e+00
2.277410136428619669e+00
1.520026379672512862e+00
1.302382469025020084e+00
2.139292214597380948e+00
1.304282735818175221e+00
1.304282735818175221e+00
2.334642968503536586e+00
2.337934755299215794e+00
2.411704352643300187e+00
2.332778597955588840e+00
2.413239923477547233e+00
2.456538878164117978e+00
2.446150407861772624e+00
2.303945310697554483e+00
2.250642190612709204e+00
2.222584274896989509e+00
2.222584274896989509e+00
2.242073367566491893e+00
2.242073367566491893e+00
2.051084611022303328e+00
2.051084611022303328e+00
2.373576579822800348e+00
2.407403951289883715e+00
2.434356491570006664e+00
2.422481774773622476e+00
4.726999593168632052e-01
1.068035092212540116e+00
2.445063920243696565e+00
2.358887646475618105e+00
2.279899263098144058e+00
2.392626875337166670e+00
2.374235072053269668e+00
2.339104434513679998e+00
2.372602248137804182e+00
2.176940241393726883e+00
2.427010182490447754e+00
2.404874182981849184e+00
2.398866910739763547e+00
2.381078527353444940e+00
2.390993955226452083e+00
2.153287524070563563e+00
2.099202490279909128e+00
2.334766797374694391e+00
2.153287524070563563e+00
2.393640442988814065e+00
2.294305625421977357e+00
2.418790395763246170e+00
2.004163059596597574e+00
2.405706792865949684e+00
2.409838319778061955e+00
2.439723140040151339e+00
2.409838319778061955e+00
2.404970050601970222e+00
2.262025391234409266e+00
2.333236149362497791e+00
2.424282496581925628e+00
2.393891124047259567e+00
2.406537157187437437e+00
2.427977540770614340e+00
2.418296740750799145e+00
2.329408335544468134e+00
2.252384409300813406e+00
2.243588390860407955e+00
2.225783944428087580e+00
2.193566957619533131e+00
2.347049944270932720e+00
2.225783944428087580e+00
2.419567673185904155e+00
2.341962315529664274e+00
2.422530409798035578e+00
2.378212993349290372e+00
2.374614949157799693e+00
2.441365310958129697e+00
2.392529181041129327e+00
2.298056854187047637e+00
2.318948564769571341e+00
2.316081657471621646e+00
2.328864291911557860e+00
2.419197035078541003e+00
2.387236755863626936e+00
2.371984073522160674e+00
2.412415517875149629e+00
2.447598553418003142e+00
2.418092019844275242e+00
2.414323917852895018e+00
2.418092019844275242e+00
1.756982984889731370e+00
2.347822423661256153e+00
2.400659928799981913e+00
2.327756862598466370e+00
2.122138358809765979e+00
2.253536346396934675e+00
2.146001265149126258e+00
2.448110000057338365e+00
2.444240821932397445e+00
2.405805259630531268e+00
2.455291207328270442e+00
2.473768861923810736e+00
2.466549576557926837e+00
2.470692321018182369e+00
1.382171094871104566e+00
1.666444470829159474e+00
1.748222858792155554e+00
1.851316315297524717e+00
1.739746188164340124e+00
2.430382402697255362e+00
2.389339623626588249e+00
2.414428237499167906e+00
2.421070681796694934e+00
2.349601710535746513e+00
2.349601710535746513e+00
2.423730330704536140e+00
2.401988008034764643e+00
2.420210332104180573e+00
2.423730330704536140e+00
2.379095540078606685e+00
2.396733821233680395e+00
2.227084435675855456e+00
1.213368380756615128e+00
2.222390182275950643e+00
9.687375809870502064e-01
1.937678592951392442e+00
7.175996906459285452e-01
2.448493775949089013e+00
2.180168945136353731e+00
2.079005139771590738e+00
1.916819752538233779e+00
2.314242267995677782e+00
2.449180525318293888e+00
2.449180525318293888e+00
