6.942100708952483323e-01
2.613323327144128141e-02
4.117907617305936047e-02
4.200566125776536985e-01
4.200566125776536985e-01
7.013375498523503060e-01
7.013375498523503060e-01
9.262341347564229110e-01
9.424665933695245412e-01
7.821248763924558700e-01
2.979174398456745365e-01
2.844621324292926912e-01
4.712458799193642855e-01
1.823276080018277234e+00
1.154165339834032578e+00
9.687300712147610682e-01
3.122840573604385508e-02
1.450293785597954077e+00
1.355929785670254351e+00
1.318869289589043037e+00
1.477525884565343839e+00
1.330938809537835166e+00
3.453056309199643570e-01
3.453056309199643570e-01
3.453056309199643570e-01
3.221747167871840678e-01
2.275288233699836460e-01
4.127555960248345257e-01
9.299538900340234004e-01
1.721137196106287126e-01
8.797716232104558776e-01
9.299538900340234004e-01
2.243264090005249733e-01
7.281406195031714379e-01
1.619945660116753450e+00
2.899224010672642182e-02
7.305779418965085981e-02
4.175396143795646886e-02
1.569057486980985905e+00
1.246861985906442039e+00
1.038249613100987734e+00
1.139703773479134652e+00
1.038249613100987734e+00
2.179759692898256274e-01
4.455341044245363091e-02
1.649006570969470120e-01
1.649006570969470120e-01
1.700337125298005680e-01
8.954287784940851980e-01
1.649006570969470120e-01
4.468430390310077494e-01
4.529691179169312298e-01
1.352722044725907180e+00
9.389912658456464056e-01
6.120638090154629785e-01
5.725347383720810202e-01
6.120638090154629785e-01
8.817401587725517409e-01
1.218735961141232393e-01
7.547026101083506577e-02
7.754341248092483374e-01
5.074477157269055017e-01
7.754341248092483374e-01
2.148721952701797111e+00
7.646084144918303682e-01
7.584427831649463991e-01
7.646084144918303682e-01
6.363252622712026740e-01
6.363252622712026740e-01
5.942654192647037759e-01
7.969453814246777457e-01
8.532589294067152164e-01
7.969453814246777457e-01
1.246018234951087544e+00
1.246018234951087544e+00
9.222217857233439009e-01
6.061382292568430197e-01
8.364812861337990180e-01
6.061382292568430197e-01
2.080790442798992682e-02
2.080790442798992682e-02
8.663653240317399640e-02
2.080790442798992682e-02
1.146494234303816473e+00
4.333082300484721316e-01
1.146494234303816473e+00
1.146494234303816473e+00
2.123213808455305163e+00
2.165008950578688030e+00
6.852143487796096277e-01
7.663647645625102367e-01
1.111146664645620424e-01
1.042708162536634120e+00
1.042708162536634120e+00
1.220608194091165277e+00
1.265920717313393729e+00
1.518796542262168092e+00
1.409510043496788878e+00
6.616037107989913846e-01
1.644648850851685717e-01
1.765117418094032387e-01
3.760484846359256617e-01
1.644648850851685717e-01
7.438821980523297080e-03
1.300005870163416059e-02
1.177735175083256258e-01
1.177735175083256258e-01
1.020286554904316745e+00
1.030482040663139420e+00
1.444940550071751373e+00
1.017640038155870785e+00
1.444940550071751373e+00
5.471753495706093151e-01
5.471753495706093151e-01
1.740022015841464764e+00
6.772335255395798281e-01
6.772335255395798281e-01
7.838929991577044953e-01
1.272309842770091848e+00
6.654450825876927489e-01
1.271022390284928028e+00
3.666490689875076536e-01
1.040111347940897019e-01
9.660606551222941096e-01
5.349964521856930277e-01
1.107262855216103237e+00
1.955753416888712237e-01
6.798057740681393568e-01
9.142751297740662596e-04
1.010184685034769703e-03
1.010184685034769703e-03
7.570732475573329623e-01
7.557130347047243957e-01
8.181362199164118332e-01
6.749553395873798545e-01
8.876041211126268760e-01
6.749553395873798545e-01
1.257330264993741675e+00
8.816588746385327635e-01
3.249081105387658375e-01
2.362857454483688890e-01
3.203457162385151599e-03
2.315892121384352607e-03
1.025082155025138553e+00
1.108394936887453497e+00
3.026982141768886237e-03
6.314613703016453972e-01
5.517868832274336333e-01
1.604643892261073512e+00
5.979200455432260863e-01
9.670794174822087141e-01
9.670794174822087141e-01
1.272393010972384941e-01
1.282899162863311293e-01
6.918192203108808336e-01
1.272393010972384941e-01
1.272393010972384941e-01
6.167667524540715318e-01
5.848153922128356275e-01
1.193185369556541753e+00
6.410959996566967245e-01
6.078842722853000646e-01
1.174207320941531352e+00
8.449124018906225553e-01
9.083468674153448719e-01
2.236334557051004313e-01
6.192755781875264320e-01
6.192755781875264320e-01
3.882367339814243312e-01
3.882367339814243312e-01
1.249553665672840930e-01
1.249553665672840930e-01
1.237202741419783036e+00
1.237202741419783036e+00
1.872236647850731517e+00
1.408314247374602646e+00
2.794827552928152298e-02
2.794827552928152298e-02
2.121574124044637077e+00
1.045311463191771928e+00
1.153655738134743425e+00
3.818252252062205865e-01
7.233445312012966033e-01
7.233445312012966033e-01
6.539071521734204362e-01
4.214005849306698415e-01
8.729337437687386680e-01
7.994465118695264216e-01
8.645187083362159131e-01
1.115140331039743415e+00
7.994465118695264216e-01
1.838907538374131012e-01
1.838907538374131012e-01
4.183825150784453162e-01
1.838907538374131012e-01
6.667137827351248269e-01
2.188426889501190742e-01
5.843782296993179637e-01
1.072673038725072137e-01
1.368835232268115432e+00
1.025555188081417324e+00
9.153137938172090093e-01
1.025555188081417324e+00
4.498079478030578282e-01
4.498079478030578282e-01
4.498079478030578282e-01
9.953795122618405156e-01
9.953795122618405156e-01
9.953795122618405156e-01
9.804612058634889493e-01
9.824696007204346548e-01
1.064051321671712902e+00
1.168817935902363991e-01
1.619299665505341546e-01
4.976127761236052716e-01
4.976127761236052716e-01
9.407496992958864768e-01
4.976127761236052716e-01
2.496404049060591268e-01
1.045971173088344530e+00
6.719357584348527590e-01
1.583824638514675476e+00
1.418628311892693228e+00
4.893338166717856041e-01
1.338054694288206115e+00
4.599399855783654067e-01
3.270636432412242223e-01
1.061301609121944711e+00
8.372223440901154223e-01
5.950983923482279225e-01
6.591568113538381901e-01
3.682922645571684583e-01
4.930481181558792891e-01
3.776203950715115720e-01
2.211518232550598873e-01
2.230220869026560970e-01
2.211518232550598873e-01
3.013569999049709250e-02
1.875788088774725582e+00
1.875788088774725582e+00
4.890162012435267380e-01
2.464046471094422375e-01
1.005921259637284182e+00
1.991700992879070209e-01
1.462499482189715927e+00
1.462499482189715927e+00
1.502979299623016463e+00
9.842873663696397601e-01
9.582855072894005399e-01
8.609400288634301290e-01
9.842873663696397601e-01
1.240295576404040478e-01
1.240295576404040478e-01
1.170304223823659395e-01
6.128136951295728996e-02
1.240295576404040478e-01
7.967105245487690057e-01
7.967105245487690057e-01
7.324907590670644009e-01
7.324907590670644009e-01
7.343780236393508964e-01
7.343780236393508964e-01
7.093954903996707584e-01
7.093954903996707584e-01
8.764720548797017008e-01
7.093954903996707584e-01
1.114076203604315696e+00
9.017065979439137235e-01
2.651766106667204914e-01
3.334195664109736168e-02
2.830336798749311655e-01
2.735542739611536434e-02
2.341335417929147622e-01
2.735542739611536434e-02
1.189855661236844719e+00
2.447636171704111741e-01
3.565377157670067687e-01
3.320781515378176674e-01
4.631230466960816194e-01
4.631230466960816194e-01
4.631230466960816194e-01
