2.287582342134200086e+00
2.290663251190504734e+00
2.259156228864382054e+00
2.287582342134200086e+00
2.162312009325625173e+00
2.253000123665524157e+00
2.237180236516802534e+00
2.237180236516802534e+00
2.291990418678616859e+00
2.275905438040967788e+00
2.273815516903470613e+00
2.273815516903470613e+00
2.235414684671966246e+00
2.297298224514651821e+00
2.233805804729254607e+00
2.220155074636475323e+00
2.159313510512279155e+00
2.192425884953738802e+00
2.288669200109858082e+00
2.303867482468672456e+00
2.211864400181443369e+00
2.299154279586061111e+00
2.180432326302774282e+00
2.169456755508402335e+00
2.188248365829576603e+00
2.182074571784387018e+00
2.216792691378077329e+00
2.222631525515874173e+00
2.325947060417575152e+00
2.286419451518370227e+00
2.210795560877225174e+00
2.269655200206464496e+00
2.269655200206464496e+00
2.234489933201063039e+00
2.243823499062063576e+00
2.234489933201063039e+00
2.314121227125867097e+00
2.323575445462274125e+00
2.301760791347818635e+00
2.284755084991555218e+00
2.300409080598531109e+00
2.271273065854985784e+00
2.299140450267849189e+00
2.269011065268312866e+00
2.251205707424197566e+00
2.213802038616732748e+00
2.201359718970993473e+00
2.190263479298333760e+00
2.171858288137062942e+00
2.156314111235142494e+00
2.285010563722973842e+00
2.213837185801242224e+00
2.239377591868970452e+00
2.247418589879669693e+00
2.247418589879669693e+00
2.227924249422067682e+00
2.288230930838687005e+00
2.252912055026286442e+00
2.241232795902267760e+00
2.265513433481919581e+00
2.269145889117745174e+00
2.261880449857551767e+00
2.268666009401159034e+00
2.258144701280912603e+00
2.141759650497855549e+00
2.263186690495059050e+00
2.278290604356580484e+00
2.262026095834242856e+00
2.324082081686505763e+00
2.266838581525182139e+00
2.223725339268180612e+00
2.238878845536097284e+00
2.233626501593883429e+00
2.217453814897056841e+00
2.217453814897056841e+00
2.275637787818962199e+00
2.272475428517497065e+00
2.300923115146691345e+00
2.300923115146691345e+00
2.256891883196201487e+00
2.256891883196201487e+00
2.265339132896521779e+00
2.246246084838066537e+00
2.246246084838066537e+00
2.246597452538373840e+00
2.224951227181386937e+00
2.245486117147466931e+00
2.273089134785024168e+00
2.265904916927747426e+00
2.232354617930711882e+00
2.273089134785024168e+00
2.273089134785024168e+00
2.223815824851249623e+00
2.223815824851249623e+00
2.265205969402820152e+00
2.303349502402795235e+00
2.275347796981333381e+00
2.265205969402820152e+00
2.264909742999774434e+00
2.261402469052006925e+00
2.222518579193232924e+00
2.203020275233178893e+00
2.221193430554109671e+00
2.296897178973436926e+00
2.283177116738677626e+00
2.283177116738677626e+00
2.233315398779753380e+00
2.233439961201331592e+00
2.218872872023075260e+00
2.215787003244837905e+00
2.216239724616240192e+00
2.303445053634930240e+00
2.311467789390012406e+00
2.305166514036812497e+00
2.315782808681035032e+00
2.307811408687342691e+00
2.240427338699155335e+00
2.282016448922886465e+00
2.296545660375875375e+00
2.301786594546191722e+00
2.206436984781657173e+00
2.276584555384833397e+00
2.336557791628285141e+00
2.281500345274831698e+00
2.293141712805805810e+00
2.306149691904336496e+00
2.355343447877110030e+00
2.358666471917484575e+00
2.168308741647895221e+00
2.151091904376011055e+00
2.169124187481967336e+00
2.246580566104982246e+00
2.232195920485562812e+00
2.232925223159214934e+00
2.112141478952236806e+00
2.210637631958191740e+00
2.087022211744839151e+00
2.253796972193483850e+00
2.258105847154887602e+00
2.228566701002378192e+00
2.259085117603056414e+00
2.253796972193483850e+00
2.238945680882970191e+00
2.278080147714588222e+00
2.278080147714588222e+00
2.167666900083959902e+00
2.207357713146262057e+00
2.298041255107851732e+00
2.292197392562517866e+00
2.271515033188339139e+00
2.258797557442961512e+00
2.249766165655275874e+00
2.240963703744732971e+00
2.283060182226082979e+00
2.281611423560805818e+00
2.253438160899292164e+00
2.254598179101494626e+00
2.246699910137416989e+00
2.246699910137416989e+00
2.267201026609991121e+00
2.256232587449132243e+00
2.265051528152705274e+00
2.261316166575442654e+00
2.250516603787495296e+00
2.272034085597783193e+00
2.263495431033238692e+00
2.299462300028507045e+00
2.289901704904215851e+00
2.289901704904215851e+00
2.276190574095084074e+00
2.257698200300313207e+00
2.271868451512065512e+00
2.268577832922375581e+00
2.279953955517993958e+00
2.275117705913670907e+00
2.279953955517993958e+00
2.154975409215015514e+00
2.329781091551216932e+00
2.202980899776874502e+00
2.292566190919869573e+00
2.194783628992647451e+00
2.268738717084898493e+00
2.237133653184922188e+00
2.239684482294523438e+00
2.239684482294523438e+00
2.292719342431411178e+00
2.279115687635223875e+00
2.279115687635223875e+00
2.374325717561772908e+00
2.373505342129071050e+00
2.143061174632512333e+00
2.078882512476727840e+00
2.266169562794634995e+00
2.099106027884267256e+00
2.111708783882738416e+00
2.272701819528057943e+00
2.272701819528057943e+00
2.272701819528057943e+00
2.303658044236147617e+00
2.310271048743990807e+00
2.310328107659587182e+00
2.303658044236147617e+00
2.047455369240265721e+00
2.250322291593235935e+00
2.288432004813217624e+00
2.291640631493930158e+00
2.235165829399881954e+00
2.245972316707932848e+00
2.210415033657656014e+00
2.248438069067947076e+00
2.251987553009106247e+00
2.256067092870353452e+00
2.202879642874264743e+00
2.254065587641810531e+00
2.195715600491458197e+00
2.190883265854954409e+00
2.193211096401022075e+00
2.285581855834553977e+00
2.268980254397948482e+00
2.285581855834553977e+00
2.285581855834553977e+00
2.263626466066732679e+00
2.287866543714813350e+00
2.287866543714813350e+00
2.287866543714813350e+00
2.202954847408154837e+00
2.212896004765372293e+00
2.201773273561653088e+00
2.211521144788739957e+00
2.239510832266474516e+00
2.292005552819351699e+00
2.240292867278952826e+00
2.290081786490707039e+00
2.298823125446129101e+00
2.297542520635515562e+00
2.247318643339939914e+00
2.283445138717258072e+00
2.275036880299996955e+00
2.275036880299996955e+00
2.260909813738790408e+00
2.224694383332894265e+00
2.279033843872083409e+00
2.286351651657183570e+00
2.265927435010144375e+00
2.194985715506777346e+00
2.260975836304747855e+00
2.260975836304747855e+00
2.116029340091641231e+00
2.098889965994893636e+00
2.106102033750935298e+00
2.106102033750935298e+00
2.216555027173277015e+00
2.215097814086278927e+00
2.226432167312868859e+00
2.222671222980898253e+00
2.297920781947647040e+00
2.305707856264505029e+00
2.317020358680314196e+00
2.297920781947647040e+00
2.297920781947647040e+00
2.315832712039242569e+00
2.321417840046331005e+00
2.322983399922587733e+00
2.322983399922587733e+00
2.227277815780655867e+00
2.229318498398158432e+00
2.227277815780655867e+00
2.259340692560193098e+00
2.212920050605050815e+00
2.260640855342347155e+00
2.260640855342347155e+00
2.211197004569547264e+00
2.267508970630148557e+00
2.284994301082113655e+00
2.255819221750334780e+00
2.281429714304061829e+00
2.250849618338393032e+00
2.245234149666273993e+00
2.258813138971249135e+00
2.246340261549088169e+00
2.246340261549088169e+00
2.150877988654674500e+00
2.150877988654674500e+00
2.150877988654674500e+00
2.159969735451728656e+00
2.300168894291822586e+00
2.300168894291822586e+00
2.321532568323749768e+00
2.324996327631593918e+00
2.277825220948939577e+00
2.328713653444281828e+00
2.258624021134802984e+00
2.189279215928088718e+00
2.205100770551994938e+00
2.186455303578024090e+00
2.197769375195948616e+00
2.258212223087555426e+00
2.272538266062006151e+00
2.245650388337646408e+00
2.242737245855662032e+00
2.242737245855662032e+00
