-1.732952606921008964e+02
-1.760653885815343074e+02
-1.507428593949540812e+02
-1.732952606921008964e+02
-1.531524867400712822e+02
-1.531524867400712822e+02
-1.982997042879814273e+02
-1.982997042879814273e+02
-1.977836481278014560e+02
-1.803114937556053121e+02
-1.803114937556053121e+02
-1.803114937556053121e+02
-1.628849117455262672e+02
-2.190591440087963804e+02
-1.677110829866588801e+02
-1.677110829866588801e+02
-1.341036344400002349e+02
-1.341036344400002349e+02
-2.032239659339078059e+02
-1.987394831617907585e+02
-1.679405860014933580e+02
-1.679405860014933580e+02
-1.673407764427171571e+02
-1.608943685992403232e+02
-1.683256228824370169e+02
-1.683256228824370169e+02
-1.599530012460560329e+02
-1.599530012460560329e+02
-2.379934002523119716e+02
-1.903437105697126981e+02
-1.625701081147619220e+02
-2.056734553825793625e+02
-2.056734553825793625e+02
-1.844635859322477529e+02
-1.844635859322477529e+02
-1.844635859322477529e+02
-1.696320631825269345e+02
-1.796154516942284545e+02
-1.651737360323482164e+02
-1.679019389840810845e+02
-1.811874377033187784e+02
-1.811874377033187784e+02
-1.811874377033187784e+02
-1.780590926858567116e+02
-1.650029786538227938e+02
-1.945934148566791748e+02
-1.853763948828119794e+02
-1.861430716884190133e+02
-1.861430716884190133e+02
-1.357444248259193103e+02
-1.677318602011615667e+02
-1.677318602011615667e+02
-1.357444248259193103e+02
-1.405305319151990773e+02
-1.405305319151990773e+02
-1.552938214966771966e+02
-2.054678441876653494e+02
-2.081347112016158860e+02
-2.081347112016158860e+02
-1.810774111730681852e+02
-1.842022330093600431e+02
-1.752989704964844293e+02
-1.810774111730681852e+02
-1.723251843379905495e+02
-1.494120695303471109e+02
-2.057560625670793968e+02
-1.902002487810783862e+02
-1.798636313000769178e+02
-1.798636313000769178e+02
-1.798636313000769178e+02
-1.730762726011384132e+02
-1.730762726011384132e+02
-1.376620762750761742e+02
-1.376620762750761742e+02
-1.376620762750761742e+02
-1.795204516603760965e+02
-2.047785077655299517e+02
-2.047785077655299517e+02
-2.047785077655299517e+02
-1.879217156670834754e+02
-1.879217156670834754e+02
-1.754918600854055910e+02
-1.754918600854055910e+02
-1.754918600854055910e+02
-1.604303096530051675e+02
-1.596561326484533652e+02
-1.596561326484533652e+02
-1.991271481622357840e+02
-1.923505870558625190e+02
-1.991271481622357840e+02
-1.991271481622357840e+02
-1.991271481622357840e+02
-1.936043562648666239e+02
-1.936043562648666239e+02
-1.657621745669145525e+02
-2.015882593132675140e+02
-1.657621745669145525e+02
-1.657621745669145525e+02
-2.015882593132675140e+02
-1.983347030032914518e+02
-1.801587196684888283e+02
-1.667515566901045645e+02
-1.792012521264227018e+02
-1.801587196684888283e+02
-1.676425058393166410e+02
-1.676425058393166410e+02
-1.659373520452437276e+02
-1.677654902942329045e+02
-1.560218754631359559e+02
-1.560218754631359559e+02
-1.560218754631359559e+02
-2.149046681241462977e+02
-2.149046681241462977e+02
-1.917530220423298886e+02
-1.945994761110252114e+02
-1.945994761110252114e+02
-2.049928035908679078e+02
-1.678794697272310259e+02
-1.863897068699778572e+02
-1.863897068699778572e+02
-1.715145357314991941e+02
-1.506961906046485922e+02
-2.119984933971807379e+02
-1.506961906046485922e+02
-1.506961906046485922e+02
-1.577300110119272745e+02
-2.218936295860010262e+02
-2.218936295860010262e+02
-1.890822777904728582e+02
-1.782326143974460138e+02
-1.890822777904728582e+02
-1.875001602550638893e+02
-1.767412797894905054e+02
-1.767412797894905054e+02
-1.499603140076681029e+02
-1.499603140076681029e+02
-1.499603140076681029e+02
-2.008821621417805829e+02
-2.048304359601313251e+02
-1.800098330817253611e+02
-2.008821621417805829e+02
-2.008821621417805829e+02
-1.835478680342794462e+02
-1.835478680342794462e+02
-1.835478680342794462e+02
-1.589890063905878890e+02
-1.841607888483494264e+02
-1.842707784542344882e+02
-1.870029082586238474e+02
-1.585169821537566008e+02
-1.585169821537566008e+02
-1.788445238051848207e+02
-1.788445238051848207e+02
-1.700665092729221044e+02
-2.010344060880862855e+02
-2.010344060880862855e+02
-1.950545436846593077e+02
-1.950545436846593077e+02
-1.950545436846593077e+02
-1.647442914690908538e+02
-1.630933422712138849e+02
-1.630933422712138849e+02
-1.731293477192194530e+02
-1.647442914690908538e+02
-1.748818886492513514e+02
-1.748818886492513514e+02
-2.396204134787601276e+02
-2.276828564389205383e+02
-2.276828564389205383e+02
-2.396204134787601276e+02
-2.194918772813658734e+02
-2.309999760719776702e+02
-2.309999760719776702e+02
-1.311634923627198930e+02
-1.280958377314766494e+02
-1.311634923627198930e+02
-1.280958377314766494e+02
-1.791079827907614970e+02
-1.976724195772003156e+02
-1.916792645131517929e+02
-1.916792645131517929e+02
-1.586509701349424972e+02
-1.780633659007893073e+02
-1.772324767606288844e+02
-1.772324767606288844e+02
-2.126611226111565429e+02
-1.982725512824763143e+02
-1.982725512824763143e+02
-2.126611226111565429e+02
-2.112161318235502279e+02
-1.900052949965347580e+02
-1.654927803267175364e+02
-1.654927803267175364e+02
-1.654927803267175364e+02
-1.825903171871729853e+02
-1.825903171871729853e+02
-1.825903171871729853e+02
-1.825903171871729853e+02
-1.790932945318064355e+02
-1.858276775768905225e+02
-1.790932945318064355e+02
-1.790932945318064355e+02
-1.441246613782879535e+02
-1.511656500981131899e+02
-1.817108132364179482e+02
-1.817108132364179482e+02
-1.901664121503212357e+02
-1.899672101830870190e+02
-1.637815632319164649e+02
-1.637815632319164649e+02
-1.715017542561152197e+02
-1.731004657251949084e+02
-1.731004657251949084e+02
-1.731004657251949084e+02
-1.669735459509960549e+02
-1.654314211402601416e+02
-1.654314211402601416e+02
-2.030735905368535157e+02
-2.030735905368535157e+02
-2.030735905368535157e+02
-2.030735905368535157e+02
-1.965514070492741610e+02
-1.676035707363157599e+02
-1.676035707363157599e+02
-1.676035707363157599e+02
-1.666926812195040384e+02
-1.732158630517801612e+02
-1.722744719280337904e+02
-1.722744719280337904e+02
-2.080088921813793092e+02
-2.029566197510772270e+02
-1.514692532829297420e+02
-1.919855800569163478e+02
-1.919855800569163478e+02
-1.906721098164741761e+02
-1.619871360643734022e+02
-1.843971947418552020e+02
-1.843971947418552020e+02
-1.843971947418552020e+02
-1.651613326416693610e+02
-1.651613326416693610e+02
-1.650996750594751461e+02
-1.836520936094266574e+02
-1.845077908230163359e+02
-1.845077908230163359e+02
-1.845077908230163359e+02
-1.845077908230163359e+02
-1.378714468003081208e+02
-1.337973501548077877e+02
-1.337973501548077877e+02
-1.337973501548077877e+02
-1.784322097789952011e+02
-1.784322097789952011e+02
-1.867703502704914627e+02
-1.839006651789041769e+02
-1.942715732102884374e+02
-2.028104586535903024e+02
-1.942715732102884374e+02
-1.942715732102884374e+02
-1.942715732102884374e+02
-1.911176298111380731e+02
-1.995178888927187302e+02
-1.995178888927187302e+02
-1.995178888927187302e+02
-1.465582804405762545e+02
-1.465582804405762545e+02
-1.465582804405762545e+02
-1.799220993155233828e+02
-1.474339532397141284e+02
-1.809971179897378590e+02
-1.809971179897378590e+02
-1.510222750925562707e+02
-1.928150722541797677e+02
-1.730118905301054326e+02
-1.736173779684745853e+02
-1.777205914296981462e+02
-2.070780119606029928e+02
-2.070780119606029928e+02
-2.080780860224439550e+02
-2.080780860224439550e+02
-2.080780860224439550e+02
-1.685235944325049218e+02
-1.685235944325049218e+02
-1.685235944325049218e+02
-1.749072682901118299e+02
-1.749072682901118299e+02
-1.749072682901118299e+02
-1.963263879228109943e+02
-2.004264769377702748e+02
-2.051414047990485869e+02
-2.051414047990485869e+02
-1.918140625966383084e+02
-1.577620299581886911e+02
-1.561502927009734378e+02
-1.561502927009734378e+02
-1.954021244564553399e+02
-1.954021244564553399e+02
-1.837183149750873952e+02
-1.601082416645452895e+02
-1.601082416645452895e+02
-1.601082416645452895e+02
