2.502562987366447889e+00
2.542566502169340659e+00
2.502562987366447889e+00
2.502562987366447889e+00
2.542566502169340659e+00
2.542566502169340659e+00
2.523395768875632328e+00
2.523395768875632328e+00
2.516828870877593882e+00
2.516828870877593882e+00
2.516828870877593882e+00
2.516828870877593882e+00
2.575074590826962329e+00
2.569298051301817321e+00
2.434089028812337574e+00
2.434089028812337574e+00
2.469884310935996030e+00
2.469884310935996030e+00
2.618582375795112327e+00
2.602194126665527296e+00
2.473739893450073168e+00
2.473739893450073168e+00
2.526074115954767940e+00
2.540940756067544992e+00
2.540940756067544992e+00
2.540940756067544992e+00
2.526074115954767940e+00
2.526074115954767940e+00
2.502319977020535102e+00
2.502319977020535102e+00
2.513032327218288398e+00
2.590439465104410033e+00
2.590439465104410033e+00
2.549619733933954802e+00
2.549619733933954802e+00
2.549619733933954802e+00
2.549619733933954802e+00
2.482609767367681020e+00
2.482609767367681020e+00
2.580712272754174474e+00
2.580712272754174474e+00
2.580712272754174474e+00
2.580712272754174474e+00
2.536154225671499507e+00
2.536154225671499507e+00
2.491688621622405009e+00
2.481425978722697767e+00
2.491688621622405009e+00
2.491688621622405009e+00
2.464483140587935495e+00
2.464483140587935495e+00
2.464483140587935495e+00
2.464483140587935495e+00
2.551376434700786344e+00
2.551376434700786344e+00
2.563243143734166285e+00
2.530399854168027041e+00
2.563243143734166285e+00
2.563243143734166285e+00
2.452396179743341342e+00
2.494716760118639520e+00
2.494716760118639520e+00
2.452396179743341342e+00
2.452396179743341342e+00
2.497536665198500927e+00
2.497536665198500927e+00
2.540025002622053663e+00
2.540025002622053663e+00
2.540025002622053663e+00
2.540025002622053663e+00
2.556417796027690592e+00
2.556417796027690592e+00
2.442105193408314445e+00
2.442105193408314445e+00
2.442105193408314445e+00
2.452499298674219563e+00
2.452499298674219563e+00
2.452499298674219563e+00
2.452499298674219563e+00
2.567272261274638812e+00
2.567272261274638812e+00
2.487867686093611308e+00
2.487867686093611308e+00
2.487867686093611308e+00
2.487867686093611308e+00
2.475862161968481523e+00
2.475862161968481523e+00
2.592238304369739677e+00
2.592238304369739677e+00
2.592238304369739677e+00
2.592238304369739677e+00
2.592238304369739677e+00
2.609134892096170333e+00
2.609134892096170333e+00
2.546082109482728395e+00
2.546082109482728395e+00
2.546082109482728395e+00
2.546082109482728395e+00
2.546082109482728395e+00
2.504989331851508627e+00
2.523931869974279874e+00
2.510518237548752918e+00
2.510518237548752918e+00
2.523931869974279874e+00
2.523931869974279874e+00
2.523931869974279874e+00
2.490207744476191642e+00
2.517642459864229743e+00
2.490207744476191642e+00
2.490207744476191642e+00
2.490207744476191642e+00
2.538284841993518892e+00
2.538284841993518892e+00
2.538284841993518892e+00
2.575964098044071005e+00
2.575964098044071005e+00
2.648512666087410761e+00
2.477360911455854353e+00
2.477360911455854353e+00
2.477360911455854353e+00
2.531002791813039998e+00
2.401606316541819552e+00
2.401606316541819552e+00
2.401606316541819552e+00
2.401606316541819552e+00
2.513702497950005110e+00
2.513702497950005110e+00
2.513702497950005110e+00
2.566763586193705482e+00
2.566763586193705482e+00
2.566763586193705482e+00
2.545286577737808198e+00
2.545286577737808198e+00
2.545286577737808198e+00
2.467037677057201783e+00
2.467037677057201783e+00
2.467037677057201783e+00
2.505798350665271013e+00
2.555049005459673950e+00
2.505798350665271013e+00
2.505798350665271013e+00
2.505798350665271013e+00
2.555049005459673950e+00
2.555049005459673950e+00
2.555049005459673950e+00
2.503643032474538010e+00
2.447953446048690918e+00
2.527862184858514549e+00
2.565342070028457933e+00
2.565342070028457933e+00
2.565342070028457933e+00
2.564233190341288715e+00
2.564233190341288715e+00
2.521225348961071422e+00
2.537453468421160263e+00
2.537453468421160263e+00
2.537453468421160263e+00
2.537453468421160263e+00
2.537453468421160263e+00
2.505538983649001405e+00
2.480430267963511959e+00
2.480430267963511959e+00
2.480430267963511959e+00
2.505538983649001405e+00
2.505538983649001405e+00
2.505538983649001405e+00
2.617786374123863169e+00
2.617786374123863169e+00
2.617786374123863169e+00
2.617786374123863169e+00
2.523610492967297780e+00
2.523610492967297780e+00
2.523610492967297780e+00
2.540033828969674889e+00
2.480627462162930286e+00
2.540033828969674889e+00
2.480627462162930286e+00
2.480627462162930286e+00
2.594686133395264882e+00
2.516018829310887384e+00
2.516018829310887384e+00
2.594686133395264882e+00
2.508429398346746275e+00
2.496724426156640142e+00
2.496724426156640142e+00
2.548439679736656416e+00
2.548439679736656416e+00
2.548439679736656416e+00
2.548439679736656416e+00
2.531123529916818438e+00
2.587535956467569953e+00
2.587535956467569953e+00
2.587535956467569953e+00
2.587535956467569953e+00
2.486557077439579544e+00
2.486557077439579544e+00
2.486557077439579544e+00
2.486557077439579544e+00
2.489939534027183932e+00
2.583567866819171055e+00
2.489939534027183932e+00
2.489939534027183932e+00
2.489939534027183932e+00
2.458131972080830785e+00
2.463422015284114419e+00
2.463422015284114419e+00
2.556461867814808553e+00
2.553783938376746221e+00
2.556461867814808553e+00
2.556461867814808553e+00
2.511789999497324732e+00
2.535204497486186259e+00
2.535204497486186259e+00
2.535204497486186259e+00
2.535204497486186259e+00
2.511789999497324732e+00
2.511789999497324732e+00
2.495675634677873678e+00
2.495675634677873678e+00
2.495675634677873678e+00
2.495675634677873678e+00
2.495675634677873678e+00
2.492247058238149293e+00
2.492247058238149293e+00
2.492247058238149293e+00
2.492247058238149293e+00
2.575701240936883352e+00
2.575701240936883352e+00
2.575701240936883352e+00
2.532537393779519697e+00
2.532537393779519697e+00
2.560247545965111726e+00
2.560247545965111726e+00
2.560247545965111726e+00
2.542731600450905294e+00
2.467665524873439598e+00
2.467665524873439598e+00
2.467665524873439598e+00
2.467665524873439598e+00
2.516020324231407201e+00
2.516020324231407201e+00
2.528664611519942707e+00
2.528664611519942707e+00
2.576354541145545074e+00
2.576354541145545074e+00
2.576354541145545074e+00
2.576354541145545074e+00
2.576354541145545074e+00
2.500223350552445822e+00
2.500223350552445822e+00
2.500223350552445822e+00
2.551514687118585645e+00
2.551514687118585645e+00
2.629711579294065515e+00
2.629711579294065515e+00
2.511427344437060949e+00
2.511427344437060949e+00
2.511427344437060949e+00
2.511427344437060949e+00
2.511427344437060949e+00
2.470655040159383642e+00
2.470655040159383642e+00
2.470655040159383642e+00
2.470655040159383642e+00
2.518576986708134680e+00
2.518576986708134680e+00
2.518576986708134680e+00
2.518576986708134680e+00
2.533625262064293615e+00
2.533625262064293615e+00
2.533625262064293615e+00
2.543247289934428057e+00
2.543247289934428057e+00
2.586950892583007366e+00
2.596004410606177260e+00
2.586950892583007366e+00
2.472678816740593533e+00
2.472678816740593533e+00
2.484620509267351451e+00
2.484620509267351451e+00
2.484620509267351451e+00
2.450351317254464423e+00
2.450351317254464423e+00
2.450351317254464423e+00
2.558482811821457314e+00
2.558482811821457314e+00
2.558482811821457314e+00
2.460768427537191272e+00
2.571256454372286893e+00
2.571256454372286893e+00
2.571256454372286893e+00
2.460768427537191272e+00
2.551014955142058671e+00
2.524953133751921541e+00
2.524953133751921541e+00
2.551014955142058671e+00
2.551014955142058671e+00
2.509352914828584691e+00
2.509352914828584691e+00
2.509352914828584691e+00
2.509352914828584691e+00
