8.812374070193170539e+00
8.812374070193170539e+00
8.812374070193170539e+00
8.812374070193170539e+00
5.920228382542884304e+00
1.002937248903927703e+01
8.198564995317711990e+00
8.198564995317711990e+00
1.106349561927262393e+01
1.074975650850554665e+01
1.106349561927262393e+01
1.106349561927262393e+01
1.002323776298343816e+01
1.002323776298343816e+01
8.261864644886889764e+00
7.810803218911424928e+00
8.572977698503125410e+00
9.863223379744189501e+00
9.695786710392466645e+00
9.817636133026232059e+00
7.587019436960463104e+00
6.930006758766386277e+00
8.000975310520448858e+00
8.000975310520448858e+00
7.437565084794098169e+00
8.000975310520448858e+00
9.598673761283420092e+00
8.931928597646640711e+00
1.201522717354710323e+01
1.201522717354710323e+01
9.520118503213227612e+00
8.961873903554124610e+00
8.961873903554124610e+00
8.232279583552065461e+00
7.245480557077166317e+00
8.232279583552065461e+00
1.119077004932345965e+01
1.119077004932345965e+01
1.267713225250677134e+01
1.147131251523797069e+01
1.124042132195533661e+01
9.951515845479431022e+00
1.147131251523797069e+01
9.749191562847284942e+00
9.951515845479431022e+00
6.247957801014585755e+00
6.247957801014585755e+00
5.968910103799399458e+00
7.435507522721414908e+00
7.764583975396944560e+00
1.066753808413040083e+01
7.764583975396944560e+00
1.076955147221627840e+01
1.076955147221627840e+01
1.076955147221627840e+01
7.946992856768936520e+00
7.946992856768936520e+00
6.619498834386239317e+00
7.822796296777686287e+00
1.024115809405777000e+01
1.024115809405777000e+01
8.544029417431451279e+00
8.544029417431451279e+00
8.544029417431451279e+00
7.084079485866755732e+00
7.057079508418461877e+00
9.984752538125039933e+00
1.065744874370823325e+01
1.356815309161618366e+01
9.984752538125039933e+00
9.677995163439989668e+00
7.970935804242484046e+00
9.786367626858535118e+00
1.184654068938489324e+01
1.184654068938489324e+01
1.035145967002898004e+01
8.945162966395415083e+00
1.035145967002898004e+01
1.035145967002898004e+01
8.624791209898514666e+00
8.624791209898514666e+00
1.133211959472509456e+01
1.039109198947307533e+01
1.039109198947307533e+01
1.122163669043468559e+01
1.028882913552402378e+01
1.122163669043468559e+01
8.465193521639637453e+00
8.465193521639637453e+00
7.048146333355163051e+00
8.465193521639637453e+00
8.465193521639637453e+00
7.224773412778342951e+00
7.224773412778342951e+00
1.128914066310557551e+01
1.128914066310557551e+01
9.763740456179684557e+00
1.128914066310557551e+01
7.649731487949645192e+00
7.649731487949645192e+00
6.829527864964987316e+00
6.829527864964987316e+00
6.829527864964987316e+00
1.198802646263429672e+01
1.198802646263429672e+01
1.198802646263429672e+01
9.473554586555293255e+00
9.775679391977003974e+00
9.490655038638960761e+00
9.775679391977003974e+00
9.793277441690680263e+00
9.174983121347372261e+00
8.023278562863470853e+00
1.037222923824796439e+01
9.076224892894659391e+00
1.037222923824796439e+01
9.553723799317268117e+00
1.075304328648447871e+01
1.168422866246557668e+01
1.075304328648447871e+01
7.555358610409467879e+00
1.092476069548427375e+01
1.092476069548427375e+01
1.017888562494497684e+01
1.188505049182873385e+01
1.107631187983970200e+01
1.188505049182873385e+01
1.107631187983970200e+01
6.408187635573459495e+00
6.408187635573459495e+00
6.345129172327741429e+00
8.653280484222280577e+00
8.737388763391971125e+00
8.653280484222280577e+00
6.409235245195348263e+00
1.206030508632732534e+01
7.977564260664871121e+00
9.045439007880995419e+00
9.045439007880995419e+00
9.045439007880995419e+00
8.392627740361460198e+00
9.045439007880995419e+00
8.392627740361460198e+00
1.004528352636788746e+01
1.004528352636788746e+01
7.429496645415107459e+00
7.429496645415107459e+00
9.755117353761312060e+00
8.820838485809817442e+00
9.364262267066937540e+00
8.820838485809817442e+00
8.816829639910645611e+00
9.900720869853710582e+00
1.266328375917259841e+01
9.315195154369616759e+00
9.391328221457866832e+00
8.440720421336541435e+00
9.391328221457866832e+00
9.391328221457866832e+00
8.828223138518026758e+00
8.475691546228132367e+00
8.828223138518026758e+00
9.455591840495467082e+00
9.455591840495467082e+00
9.846784752452920841e+00
9.455591840495467082e+00
9.212742168340179560e+00
9.212742168340179560e+00
9.212742168340179560e+00
8.705556244958644996e+00
8.705556244958644996e+00
8.301105382729174309e+00
8.705556244958644996e+00
1.338362516548005310e+01
1.338362516548005310e+01
1.338362516548005310e+01
9.237221413536870429e+00
1.452592824314833031e+01
7.861019094301848753e+00
1.208224033414732013e+01
7.861019094301848753e+00
9.954307137067809563e+00
8.166642776987657726e+00
8.107663945404578243e+00
8.107663945404578243e+00
1.131512350781969900e+01
1.131512350781969900e+01
1.131512350781969900e+01
1.751824163041782967e+01
1.751824163041782967e+01
4.656162781498037972e+00
5.715979439724496736e+00
8.618506910407617738e+00
4.656162781498037972e+00
5.715979439724496736e+00
1.050938821817624991e+01
1.050938821817624991e+01
1.050938821817624991e+01
1.241910158465653602e+01
1.241910158465653602e+01
1.113527687294733504e+01
1.241910158465653602e+01
5.128705004604773521e+00
1.167189639200242901e+01
1.167189639200242901e+01
1.113117856505954251e+01
7.768794448373278705e+00
6.692939762072140475e+00
6.692939762072140475e+00
7.837166361571643591e+00
9.907983900647524322e+00
9.637427378949389833e+00
8.014770386274188141e+00
9.907983900647524322e+00
7.792496901269547749e+00
8.014770386274188141e+00
7.792496901269547749e+00
8.629996637046602359e+00
1.087714568010113148e+01
8.629996637046602359e+00
8.629996637046602359e+00
1.095489150918171894e+01
1.454136850504649381e+01
1.454136850504649381e+01
1.454136850504649381e+01
8.771909089839519780e+00
8.771909089839519780e+00
9.681691918267675945e+00
8.771909089839519780e+00
7.019132120627548765e+00
9.219066566447382982e+00
1.073189736909111680e+01
1.073189736909111680e+01
9.765419940542804156e+00
9.765419940542804156e+00
5.951571685092801545e+00
6.205518465469061162e+00
5.951571685092801545e+00
5.951571685092801545e+00
6.205518465469061162e+00
9.508953847823109484e+00
8.399144614912760431e+00
1.025804392612546678e+01
9.496077926178317696e+00
7.740440422632125284e+00
1.017454804392357559e+01
1.017454804392357559e+01
7.213120779112756509e+00
7.740440422632125284e+00
7.213120779112756509e+00
7.213120779112756509e+00
7.180886120830731301e+00
9.433208888109602341e+00
9.433208888109602341e+00
9.433208888109602341e+00
1.079732813293065341e+01
1.079732813293065341e+01
1.202352922173367489e+01
1.079732813293065341e+01
1.079732813293065341e+01
1.169719552402778184e+01
1.202352922173367489e+01
1.169719552402778184e+01
1.169719552402778184e+01
8.887411239090569737e+00
8.663173630195736052e+00
8.887411239090569737e+00
8.059693527826855330e+00
8.059693527826855330e+00
8.059693527826855330e+00
8.059693527826855330e+00
9.272417423237401479e+00
9.272417423237401479e+00
1.098324089216293231e+01
9.513908691289449493e+00
1.239813596273056540e+01
8.748208661109821094e+00
7.496279653941119392e+00
7.927746154869978135e+00
7.496279653941119392e+00
7.496279653941119392e+00
7.090061122865538579e+00
7.090061122865538579e+00
7.090061122865538579e+00
7.250546174796649090e+00
1.313868317009863596e+01
1.313868317009863596e+01
1.028904151147853696e+01
1.028904151147853696e+01
7.758931647588519276e+00
1.028904151147853696e+01
8.372175352426035388e+00
9.279777616104178506e+00
7.467138064104442918e+00
9.279777616104178506e+00
7.747473847142835268e+00
7.467138064104442918e+00
1.026460986067062464e+01
1.039566641089165167e+01
1.026460986067062464e+01
1.026460986067062464e+01
