6.493513082912237555e-02
6.493513082912237555e-02
6.493513082912237555e-02
6.493513082912237555e-02
6.539067708473358942e-02
6.764569170121573216e-02
6.985165345561503147e-02
6.985165345561503147e-02
7.006666739968503421e-02
6.951863179135879534e-02
7.006666739968503421e-02
7.006666739968503421e-02
6.981701167122379703e-02
6.981701167122379703e-02
6.753755350500439958e-02
6.760332361830068137e-02
6.905040936416897979e-02
6.923503517863613399e-02
6.890008196256444672e-02
6.741489176331827426e-02
6.772654212641603111e-02
5.991154358363845467e-02
7.030888079846113470e-02
7.030888079846113470e-02
6.891829986238678929e-02
7.030888079846113470e-02
7.009299936033056011e-02
6.870493394657917197e-02
7.099170900214446522e-02
7.099170900214446522e-02
7.056334614702988728e-02
6.942795736878859536e-02
6.942795736878859536e-02
6.897418041058736571e-02
6.638298305513057329e-02
6.897418041058736571e-02
6.583983595307517367e-02
6.583983595307517367e-02
6.841718670606675157e-02
6.866109197493075467e-02
6.825413051567527645e-02
6.884772082053240705e-02
6.866109197493075467e-02
6.844005247384915558e-02
6.884772082053240705e-02
6.702380243756321521e-02
6.702380243756321521e-02
6.707168858862976035e-02
7.128622645772442201e-02
6.793024204820845291e-02
6.753763457194880693e-02
6.793024204820845291e-02
6.773215326238410383e-02
6.773215326238410383e-02
6.773215326238410383e-02
6.609828381607277259e-02
6.609828381607277259e-02
6.630584508625178564e-02
6.965958080425743715e-02
6.966157668620825971e-02
6.966157668620825971e-02
6.673586128883346458e-02
6.673586128883346458e-02
6.673586128883346458e-02
6.886815931371374766e-02
6.632220361944206333e-02
6.911080432439532795e-02
7.035355709635504606e-02
6.869255352079538246e-02
6.911080432439532795e-02
7.092771387929988625e-02
6.716161688065008795e-02
6.690984670264017720e-02
7.066736932862258125e-02
7.066736932862258125e-02
6.892831669217505675e-02
6.911087639710947195e-02
6.892831669217505675e-02
6.892831669217505675e-02
6.839109112032196180e-02
6.839109112032196180e-02
7.057667449560260653e-02
7.068913800556521354e-02
7.068913800556521354e-02
7.039623449972151614e-02
7.050853712960013231e-02
7.039623449972151614e-02
6.780944146756252844e-02
6.780944146756252844e-02
6.801985711386024369e-02
6.780944146756252844e-02
6.780944146756252844e-02
6.851435145470277654e-02
6.851435145470277654e-02
6.971389840244301972e-02
6.971389840244301972e-02
6.680414639600806836e-02
6.971389840244301972e-02
6.710100360625124993e-02
6.710100360625124993e-02
6.656116845972635809e-02
6.656116845972635809e-02
6.656116845972635809e-02
6.938298532786821293e-02
6.938298532786821293e-02
6.938298532786821293e-02
6.943352637897112767e-02
7.003145104219657413e-02
6.943129578229929877e-02
7.003145104219657413e-02
7.002920913170579409e-02
6.769547009189784414e-02
6.488665743371781203e-02
6.753914264372284926e-02
6.473472795528593948e-02
6.753914264372284926e-02
7.205166537495591439e-02
6.791973074728277493e-02
6.956532246859464808e-02
6.791973074728277493e-02
6.835260717013559584e-02
6.683732093889051262e-02
6.683732093889051262e-02
6.534830240434033599e-02
6.672138164652342829e-02
6.523418101876823916e-02
6.672138164652342829e-02
6.523418101876823916e-02
6.967055413445376322e-02
6.967055413445376322e-02
6.948233063964188994e-02
6.913679231583035045e-02
6.932447349861713126e-02
6.913679231583035045e-02
6.892243745845358371e-02
7.225449971681098538e-02
7.275652111915616171e-02
7.031047199208623200e-02
7.031047199208623200e-02
7.031047199208623200e-02
6.887968655771788129e-02
7.031047199208623200e-02
6.887968655771788129e-02
6.865897427561425126e-02
6.865897427561425126e-02
6.916573412260353104e-02
6.916573412260353104e-02
6.659788778019659627e-02
6.581323028728096325e-02
6.573815464495023908e-02
6.581323028728096325e-02
6.844472586855533669e-02
7.066249761416962261e-02
7.033804939033537484e-02
6.870788109413862588e-02
7.084204311702378687e-02
6.882706754839108820e-02
7.084204311702378687e-02
7.084204311702378687e-02
6.580282414465661589e-02
6.585288633840528927e-02
6.580282414465661589e-02
6.811454664739254039e-02
6.811454664739254039e-02
6.806335693452911229e-02
6.811454664739254039e-02
6.982011803350841872e-02
6.982011803350841872e-02
6.982011803350841872e-02
7.081922491151478039e-02
7.081922491151478039e-02
6.994394608125473201e-02
7.081922491151478039e-02
6.737502707591877527e-02
6.737502707591877527e-02
6.737502707591877527e-02
6.964596787521021293e-02
6.903175495409288875e-02
7.125127749723682291e-02
7.072090353274500252e-02
7.125127749723682291e-02
6.691376269038197544e-02
6.810951448223979965e-02
6.774549498191693997e-02
6.774549498191693997e-02
7.130352448354457251e-02
7.130352448354457251e-02
7.130352448354457251e-02
6.927922766305733004e-02
6.927922766305733004e-02
6.626074867128663171e-02
7.031696587251268227e-02
6.559660294843752681e-02
6.626074867128663171e-02
7.031696587251268227e-02
6.962837900728036100e-02
6.962837900728036100e-02
6.962837900728036100e-02
6.921811941751986053e-02
6.921811941751986053e-02
6.701493054933163607e-02
6.921811941751986053e-02
6.790568978818105339e-02
6.981215881798825962e-02
6.981215881798825962e-02
6.889121550559790252e-02
6.855318831411177927e-02
6.548269142897386597e-02
6.548269142897386597e-02
6.530232674729759268e-02
6.932701520272367690e-02
6.878520682131232522e-02
6.958230215350952319e-02
6.932701520272367690e-02
6.903929306409310740e-02
6.958230215350952319e-02
6.903929306409310740e-02
6.739505490933886400e-02
7.177503141320576430e-02
6.739505490933886400e-02
6.739505490933886400e-02
7.176588589324467415e-02
7.145322706632883936e-02
7.145322706632883936e-02
7.145322706632883936e-02
7.026975364879137209e-02
7.026975364879137209e-02
7.199702072533013808e-02
7.026975364879137209e-02
6.816386705353200126e-02
6.784535811587942555e-02
6.935531443336502566e-02
6.935531443336502566e-02
6.722006156637828911e-02
6.722006156637828911e-02
6.106379884436694688e-02
6.101783653233461280e-02
6.106379884436694688e-02
6.106379884436694688e-02
6.101783653233461280e-02
6.996144479752344769e-02
6.412142206829241076e-02
6.830813467739940692e-02
6.885267133747401125e-02
7.050435094420924587e-02
7.017868959851723820e-02
7.017868959851723820e-02
6.917474203416035250e-02
7.050435094420924587e-02
6.917474203416035250e-02
6.917474203416035250e-02
6.757508776031981301e-02
7.148780262817000519e-02
7.148780262817000519e-02
7.148780262817000519e-02
6.897522326143182281e-02
6.897522326143182281e-02
6.883005532542020577e-02
6.897522326143182281e-02
6.897522326143182281e-02
6.828046314516372783e-02
6.883005532542020577e-02
6.828046314516372783e-02
6.828046314516372783e-02
6.690815386564952227e-02
6.637571760869552528e-02
6.690815386564952227e-02
6.646265420792114853e-02
6.646265420792114853e-02
6.646265420792114853e-02
6.646265420792114853e-02
6.907427040188658662e-02
6.907427040188658662e-02
6.848157783985926728e-02
6.866680304013113301e-02
7.080117910570601913e-02
7.049345182704572221e-02
6.867604369779112261e-02
6.861228749628360546e-02
6.867604369779112261e-02
6.867604369779112261e-02
7.026000654154807012e-02
7.026000654154807012e-02
7.026000654154807012e-02
7.066890462916820825e-02
6.992805039515812005e-02
6.992805039515812005e-02
6.622832350304111437e-02
6.622832350304111437e-02
6.657847722916451771e-02
6.622832350304111437e-02
6.813712888779525911e-02
7.096923267407070912e-02
6.673149071726733328e-02
7.096923267407070912e-02
7.117814616757892066e-02
6.673149071726733328e-02
6.940535456824728500e-02
6.938904991918594389e-02
6.940535456824728500e-02
6.940535456824728500e-02
