5.503382144938940845e-01
5.503382144938940845e-01
5.503382144938940845e-01
5.503382144938940845e-01
4.160491330966806789e-01
6.012430728006926683e-01
5.227499777643798140e-01
5.227499777643798140e-01
6.451096733510705006e-01
6.317569939659842815e-01
6.451096733510705006e-01
6.451096733510705006e-01
6.017873998643300526e-01
6.017873998643300526e-01
5.248651073589732929e-01
5.045888858318011705e-01
5.388896432432025430e-01
5.946273603221409187e-01
5.873747202803462075e-01
5.923478761078307953e-01
4.943926155872304107e-01
4.704883718956029415e-01
5.142804899831919796e-01
5.142804899831919796e-01
4.877120964891313304e-01
5.142804899831919796e-01
5.840712738965889717e-01
5.544808817393348521e-01
6.848254116734771024e-01
6.848254116734771024e-01
5.812534985219842687e-01
5.561178478826669380e-01
5.561178478826669380e-01
5.237468462693861682e-01
4.789589455765321802e-01
5.237468462693861682e-01
6.498209170629682951e-01
6.498209170629682951e-01
7.083995292352049944e-01
6.606565301173332738e-01
6.512188726647655246e-01
5.981628947760152526e-01
6.606565301173332738e-01
5.894922072175633465e-01
5.981628947760152526e-01
4.314528535186830105e-01
4.314528535186830105e-01
4.178075639365895211e-01
4.896947992319460874e-01
5.024831852546184363e-01
6.277873871089628688e-01
5.024831852546184363e-01
6.319707293876691834e-01
6.319707293876691834e-01
6.319707293876691834e-01
5.111727496971143481e-01
5.111727496971143481e-01
4.495447717020033540e-01
5.056858722305922482e-01
6.107891371224239974e-01
6.107891371224239974e-01
5.375449329529343734e-01
5.375449329529343734e-01
5.375449329529343734e-01
4.713026129223794602e-01
4.702058304015030998e-01
5.996819101901557092e-01
6.287771951599442355e-01
7.429226307485466974e-01
5.996819101901557092e-01
5.885120887411864343e-01
5.118870208525104770e-01
5.911360996600786288e-01
6.775301351025676544e-01
6.775301351025676544e-01
6.149325023609623075e-01
5.552168771965804162e-01
6.149325023609623075e-01
6.149325023609623075e-01
5.409658627370604878e-01
5.409658627370604878e-01
6.566806850857263012e-01
6.181844137527273686e-01
6.181844137527273686e-01
6.519451501887599809e-01
6.136684531687991440e-01
6.519451501887599809e-01
5.338766963863053050e-01
5.338766963863053050e-01
4.694719344071638933e-01
5.338766963863053050e-01
5.338766963863053050e-01
4.777636650770002991e-01
4.777636650770002991e-01
6.539376845580192610e-01
6.539376845580192610e-01
5.902114863472375239e-01
6.539376845580192610e-01
4.973378379462501386e-01
4.973378379462501386e-01
4.594214913932303523e-01
4.594214913932303523e-01
4.594214913932303523e-01
6.817230086668096822e-01
6.817230086668096822e-01
6.817230086668096822e-01
5.781893830066521245e-01
5.915346625431111560e-01
5.789190346264908582e-01
5.915346625431111560e-01
5.922782001917243910e-01
5.648826645744895458e-01
5.153580329920198766e-01
6.155706319828316841e-01
5.619908567570985891e-01
6.155706319828316841e-01
5.855428564460544161e-01
6.312935310780366516e-01
6.697352313922931843e-01
6.312935310780366516e-01
4.929790096673508093e-01
6.384963040741474805e-01
6.384963040741474805e-01
6.084591312503135896e-01
6.772936636560061840e-01
6.455962125871431700e-01
6.772936636560061840e-01
6.455962125871431700e-01
4.395934080450687453e-01
4.395934080450687453e-01
4.364467929982158156e-01
5.424641848537800071e-01
5.462539556640624294e-01
5.424641848537800071e-01
4.393116280902233384e-01
6.900006110704698381e-01
5.179949200798149578e-01
5.604941883588006046e-01
5.604941883588006046e-01
5.604941883588006046e-01
5.308456655558918547e-01
5.604941883588006046e-01
5.308456655558918547e-01
6.020365943421071009e-01
6.020365943421071009e-01
4.874380422993283557e-01
4.874380422993283557e-01
5.899201398551484621e-01
5.501149633769348846e-01
5.736899475928344261e-01
5.501149633769348846e-01
5.493942958702481283e-01
5.975710066259224407e-01
7.093526211859110253e-01
5.710533120918387384e-01
5.761149715277515959e-01
5.329585936927846435e-01
5.761149715277515959e-01
5.761149715277515959e-01
5.504436249401399861e-01
5.349168020513802579e-01
5.504436249401399861e-01
5.769454571520742370e-01
5.769454571520742370e-01
5.935607258155023436e-01
5.769454571520742370e-01
5.672696929870050253e-01
5.672696929870050253e-01
5.672696929870050253e-01
5.462626686888039096e-01
5.462626686888039096e-01
5.274022305869808802e-01
5.462626686888039096e-01
7.357054684184687332e-01
7.357054684184687332e-01
7.357054684184687332e-01
5.681893418035233179e-01
7.793349483390284993e-01
5.091451373373335754e-01
6.870141704856064235e-01
5.091451373373335754e-01
5.982209390008095262e-01
5.206106542355487532e-01
5.179610854966885114e-01
5.179610854966885114e-01
6.572794281661006321e-01
6.572794281661006321e-01
6.572794281661006321e-01
8.882383694365071358e-01
8.882383694365071358e-01
3.510323856126898456e-01
4.060746738029326064e-01
5.413692992094739642e-01
3.510323856126898456e-01
4.060746738029326064e-01
6.219193781652405661e-01
6.219193781652405661e-01
6.219193781652405661e-01
6.986538620287755519e-01
6.986538620287755519e-01
6.470251000163619315e-01
6.986538620287755519e-01
3.754436399674825897e-01
6.694605899370039692e-01
6.694605899370039692e-01
6.469816487815547301e-01
5.027514180970141799e-01
4.534378053807222031e-01
4.534378053807222031e-01
5.066572843304891771e-01
5.965708200596575583e-01
5.848510694376020114e-01
5.143113232117363376e-01
5.965708200596575583e-01
5.039809224271907251e-01
5.143113232117363376e-01
5.039809224271907251e-01
5.411754198302397567e-01
6.404673893247569971e-01
5.411754198302397567e-01
5.411754198302397567e-01
6.436440492716605233e-01
7.835885336579319072e-01
7.835885336579319072e-01
7.835885336579319072e-01
5.485150172204015240e-01
5.485150172204015240e-01
5.908803729331872923e-01
5.485150172204015240e-01
4.681234042020882558e-01
5.667802808605291176e-01
6.309068144205554063e-01
6.309068144205554063e-01
5.901724713377624054e-01
5.901724713377624054e-01
4.214879906463771531e-01
4.340715570114892508e-01
4.214879906463771531e-01
4.214879906463771531e-01
4.340715570114892508e-01
5.801149155012863545e-01
5.328113959509478414e-01
6.108487929707971942e-01
5.788530329268815056e-01
5.026719693209148465e-01
6.084917720309083178e-01
6.084917720309083178e-01
4.774309517167174000e-01
5.026719693209148465e-01
4.774309517167174000e-01
4.774309517167174000e-01
4.756719127761206423e-01
5.790367632748782967e-01
5.790367632748782967e-01
5.790367632748782967e-01
6.333789445548382302e-01
6.333789445548382302e-01
6.828099855606493129e-01
6.333789445548382302e-01
6.333789445548382302e-01
6.696244617024117440e-01
6.828099855606493129e-01
6.696244617024117440e-01
6.696244617024117440e-01
5.525463172897167041e-01
5.429255108524259077e-01
5.525463172897167041e-01
5.160875828332235349e-01
5.160875828332235349e-01
5.160875828332235349e-01
5.160875828332235349e-01
5.693599758280365464e-01
5.693599758280365464e-01
6.408068013253416240e-01
5.795493429825090415e-01
6.996587438129072689e-01
5.477224123976035530e-01
4.903374553824635385e-01
5.099622082659936995e-01
4.903374553824635385e-01
4.903374553824635385e-01
4.724019604711608422e-01
4.724019604711608422e-01
4.724019604711608422e-01
4.802996396825501280e-01
7.273350873899980806e-01
7.273350873899980806e-01
6.125126195309072985e-01
6.125126195309072985e-01
5.024588261478628581e-01
6.125126195309072985e-01
5.297694343306942333e-01
5.715026280677615311e-01
4.890734952051795648e-01
5.715026280677615311e-01
5.038603690848441063e-01
4.890734952051795648e-01
6.115798490657319286e-01
6.170258590901809281e-01
6.115798490657319286e-01
6.115798490657319286e-01
