3.573628395842662342e-02
3.573628395842662342e-02
3.573628395842662342e-02
3.573628395842662342e-02
2.720573451370839058e-02
4.067150354016725589e-02
3.651495029072792525e-02
3.651495029072792525e-02
4.520068491900891550e-02
4.391888184513694643e-02
4.520068491900891550e-02
4.520068491900891550e-02
4.201499791992335808e-02
4.201499791992335808e-02
3.544810527116653426e-02
3.411188574308502558e-02
3.721055046805411132e-02
4.116904621008297266e-02
4.047016637005422524e-02
3.993306795404086978e-02
3.348350230655756932e-02
2.818768459841851370e-02
3.615848566720242935e-02
3.615848566720242935e-02
3.361228851235126963e-02
3.615848566720242935e-02
4.093930742762106473e-02
3.809557235454198026e-02
4.861692634279727449e-02
4.861692634279727449e-02
4.101519181537890274e-02
3.861012623482026201e-02
3.861012623482026201e-02
3.612500946406081020e-02
3.179472356831013896e-02
3.612500946406081020e-02
4.278410257830270180e-02
4.278410257830270180e-02
4.846670285417481461e-02
4.536139877822483596e-02
4.444837792913183122e-02
4.118215198474060174e-02
4.536139877822483596e-02
4.034487759489519682e-02
4.118215198474060174e-02
2.891761081535910993e-02
2.891761081535910993e-02
2.802305881832895321e-02
3.490849435321840416e-02
3.413380439950099848e-02
4.239927513944369980e-02
3.413380439950099848e-02
4.280473830022627629e-02
4.280473830022627629e-02
4.280473830022627629e-02
3.378764148852218818e-02
3.378764148852218818e-02
2.980744599180745746e-02
3.522586587821833343e-02
4.254853431475671965e-02
4.254853431475671965e-02
3.587352408206231219e-02
3.587352408206231219e-02
3.587352408206231219e-02
3.245774343170799298e-02
3.118508682693732839e-02
4.144449915203145957e-02
4.423671230057111409e-02
5.103325257450463948e-02
4.144449915203145957e-02
4.174181704474400761e-02
3.437915998067365281e-02
3.955282580865248504e-02
4.787927228856470041e-02
4.787927228856470041e-02
4.238626226704809291e-02
3.837152497352198238e-02
4.238626226704809291e-02
4.238626226704809291e-02
3.699724561143388768e-02
3.699724561143388768e-02
4.634633895884462951e-02
4.369892333665597456e-02
4.369892333665597456e-02
4.589448367364410558e-02
4.326886491551654862e-02
4.589448367364410558e-02
3.620188059450282075e-02
3.620188059450282075e-02
3.193341389734285357e-02
3.620188059450282075e-02
3.620188059450282075e-02
3.273366766137249945e-02
3.273366766137249945e-02
4.558854530280658651e-02
4.558854530280658651e-02
3.942857453854636818e-02
4.558854530280658651e-02
3.337186805755653490e-02
3.337186805755653490e-02
3.057963128264352612e-02
3.057963128264352612e-02
3.057963128264352612e-02
4.729997750799943418e-02
4.729997750799943418e-02
4.729997750799943418e-02
4.014572777703342282e-02
4.142603075965015785e-02
4.019509872715506388e-02
4.142603075965015785e-02
4.147677394537658407e-02
3.823999752513391331e-02
3.343986014246783794e-02
4.157511272077508979e-02
3.638032522552884368e-02
4.157511272077508979e-02
4.218933795534696163e-02
4.287728665332163347e-02
4.659034734038373232e-02
4.287728665332163347e-02
3.369640059091490863e-02
4.267538239369922382e-02
4.267538239369922382e-02
3.976177130962769979e-02
4.518996901956446460e-02
4.211494019694087682e-02
4.518996901956446460e-02
4.211494019694087682e-02
3.062671633235298715e-02
3.062671633235298715e-02
3.032534037771337718e-02
3.750423368701199384e-02
3.786876787294807256e-02
3.750423368701199384e-02
3.027842821181983557e-02
4.985564895719066941e-02
3.768750834240266329e-02
3.940861093232855134e-02
3.940861093232855134e-02
3.940861093232855134e-02
3.656448305401296256e-02
3.940861093232855134e-02
3.656448305401296256e-02
4.133521504391313856e-02
4.133521504391313856e-02
3.371401003491771714e-02
3.371401003491771714e-02
3.928743527335106650e-02
3.620484276920534622e-02
3.771331849311115175e-02
3.620484276920534622e-02
3.760314197458711205e-02
4.222585983000118337e-02
4.989447970413846828e-02
3.923586306562009546e-02
4.081316165333190998e-02
3.668197712858881077e-02
4.081316165333190998e-02
4.081316165333190998e-02
3.622074505348334833e-02
3.522581536599278529e-02
3.622074505348334833e-02
3.929837825418617397e-02
3.929837825418617397e-02
4.039973554349870349e-02
3.929837825418617397e-02
3.960683692118476679e-02
3.960683692118476679e-02
3.960683692118476679e-02
3.868589879463669307e-02
3.868589879463669307e-02
3.688859317930926612e-02
3.868589879463669307e-02
4.956817585459583758e-02
4.956817585459583758e-02
4.956817585459583758e-02
3.957209664628501961e-02
5.379885918090044489e-02
3.627724146679110750e-02
4.858626287654139314e-02
3.627724146679110750e-02
4.002921394871764016e-02
3.545853889426443806e-02
3.508953011834416158e-02
3.508953011834416158e-02
4.686633979877172923e-02
4.686633979877172923e-02
4.686633979877172923e-02
6.153646821525460969e-02
6.153646821525460969e-02
2.325966867856461839e-02
2.855393897949253315e-02
3.551198696871774030e-02
2.325966867856461839e-02
2.855393897949253315e-02
4.330323817486148724e-02
4.330323817486148724e-02
4.330323817486148724e-02
4.835950645341922233e-02
4.835950645341922233e-02
4.336034214127085229e-02
4.835950645341922233e-02
2.549475934857740878e-02
4.673648902706623032e-02
4.673648902706623032e-02
4.457135219437714097e-02
3.446521263999135359e-02
2.969232789197693775e-02
2.969232789197693775e-02
3.308589953024806962e-02
4.135847431177720745e-02
4.022910177093115547e-02
3.578696589269033529e-02
4.135847431177720745e-02
3.479448660216279826e-02
3.578696589269033529e-02
3.479448660216279826e-02
3.647254713504352597e-02
4.596956698791831997e-02
3.647254713504352597e-02
3.647254713504352597e-02
4.619168539589594419e-02
5.598992942203186857e-02
5.598992942203186857e-02
5.598992942203186857e-02
3.854401513274017393e-02
3.854401513274017393e-02
4.254162645626147904e-02
3.854401513274017393e-02
3.190910148867796142e-02
3.845341112800131772e-02
4.375674049229030110e-02
4.375674049229030110e-02
3.967142985810601791e-02
3.967142985810601791e-02
2.573765787614680153e-02
2.648610730906301655e-02
2.573765787614680153e-02
2.573765787614680153e-02
2.648610730906301655e-02
4.058567763706322912e-02
3.416462440256679695e-02
4.172594161777607585e-02
3.985557762881459382e-02
3.544056093481855879e-02
4.270315519260883125e-02
4.270315519260883125e-02
3.302616292412759169e-02
3.544056093481855879e-02
3.302616292412759169e-02
3.302616292412759169e-02
3.214357125096554274e-02
4.139406584744889650e-02
4.139406584744889650e-02
4.139406584744889650e-02
4.368745410976002108e-02
4.368745410976002108e-02
4.699784908288887064e-02
4.368745410976002108e-02
4.368745410976002108e-02
4.572226837837162217e-02
4.699784908288887064e-02
4.572226837837162217e-02
4.572226837837162217e-02
3.696985401511836827e-02
3.603707039089738134e-02
3.696985401511836827e-02
3.430055055884639187e-02
3.430055055884639187e-02
3.430055055884639187e-02
3.430055055884639187e-02
3.932812492635740648e-02
3.932812492635740648e-02
4.388346084527261493e-02
3.979580058661735809e-02
4.953666403357093184e-02
3.861084349294374024e-02
3.367443651250977277e-02
3.498967364578601386e-02
3.367443651250977277e-02
3.367443651250977277e-02
3.319096483294389083e-02
3.319096483294389083e-02
3.319096483294389083e-02
3.394224943014998580e-02
5.086112464517452553e-02
5.086112464517452553e-02
4.056568391598806833e-02
4.056568391598806833e-02
3.345294351527822174e-02
4.056568391598806833e-02
3.609696822780490005e-02
4.055910298518385776e-02
3.263660340534593057e-02
4.055910298518385776e-02
3.586384699877129961e-02
3.263660340534593057e-02
4.244691627120228405e-02
4.281483813783715925e-02
4.244691627120228405e-02
4.244691627120228405e-02
