3.217161126010843475e-01
3.217161126010843475e-01
3.217161126010843475e-01
3.217161126010843475e-01
2.161316400973605223e-01
3.661454567521836845e-01
2.993075915969514167e-01
2.075776044495640238e-01
2.801141320216931074e-01
2.721706427559056896e-01
4.038985152083420238e-01
2.801141320216931074e-01
3.213015118153536021e-01
3.659214943780451090e-01
3.924287485268039277e-01
3.710038670366652691e-01
3.884945550953828874e-01
4.469635537940506165e-01
4.393759644343107063e-01
4.233926621915468091e-01
3.271957031191713439e-01
2.988615559634810181e-01
2.743169357452239221e-01
2.743169357452239221e-01
2.550001698897466640e-01
3.098082479001023071e-01
3.716732254176227102e-01
3.062350761137621058e-01
3.582696770563238431e-01
4.652453400104529790e-01
3.475539612775739862e-01
3.271739500510488785e-01
2.872787917437794603e-01
3.005384206764147303e-01
2.645130381645849904e-01
3.005384206764147303e-01
4.580095815825193650e-01
4.580095815825193650e-01
5.188425830435060560e-01
4.947086527600518813e-01
4.847513029789101702e-01
4.291663216652683577e-01
4.694914668203812314e-01
3.990094630474029236e-01
4.072900781993455399e-01
1.863014149710999212e-01
1.863014149710999212e-01
1.913373588046905771e-01
2.217117363190756196e-01
2.140877935133708443e-01
2.941290477233297618e-01
3.348533023233762340e-01
4.644446999916490570e-01
2.969417961247033388e-01
4.644446999916490570e-01
3.252500817303502489e-01
3.252500817303502489e-01
1.973800141616584014e-01
2.332599011606162620e-01
3.282870920724704766e-01
3.282870920724704766e-01
3.308360144969859085e-01
3.308360144969859085e-01
3.308360144969859085e-01
2.743048401381300017e-01
2.732593656325907339e-01
2.753030486163219326e-01
2.938508609414195449e-01
3.741058074250824261e-01
2.753030486163219326e-01
3.318142944274705686e-01
2.732870181422242251e-01
3.355298917053483043e-01
4.061638256551235449e-01
4.061638256551235449e-01
4.008220821983315973e-01
3.463684311281267636e-01
4.690885548200918187e-01
4.008220821983315973e-01
3.339632169254939664e-01
3.908425452296621638e-01
4.387945194656310832e-01
3.562631308024345467e-01
4.023566975384199051e-01
3.847387189057556722e-01
3.527570041557269720e-01
3.847387189057556722e-01
2.902328600230931754e-01
2.902328600230931754e-01
2.416487777818374372e-01
3.464587088978400842e-01
2.902328600230931754e-01
2.956914880057933681e-01
2.956914880057933681e-01
2.858271876212414297e-01
2.858271876212414297e-01
2.472059263442519250e-01
4.371303189169612469e-01
2.962076268466526940e-01
2.962076268466526940e-01
3.243944543119341994e-01
3.243944543119341994e-01
3.243944543119341994e-01
3.842841123006920934e-01
5.694170050279481199e-01
3.842841123006920934e-01
2.824821614503545963e-01
2.914909096750613049e-01
2.829920622085376203e-01
2.914909096750613049e-01
2.920156477841851506e-01
3.755085809031554755e-01
3.283722604700695102e-01
4.016263070946519687e-01
3.514433206558763012e-01
4.016263070946519687e-01
3.487808003948520419e-01
3.925647342252623351e-01
4.265598117021596192e-01
3.925647342252623351e-01
2.590387724029861727e-01
3.745601956544679645e-01
3.745601956544679645e-01
3.489875428392471557e-01
4.074841510645343390e-01
5.019360841924696004e-01
5.385850244210199644e-01
3.797561942530733314e-01
2.481334220568881810e-01
2.481334220568881810e-01
2.456917157329427392e-01
3.159080330063425146e-01
3.189786004149099408e-01
3.350663589575141876e-01
1.767176497929309475e-01
3.325309009743698807e-01
2.199601595640616469e-01
2.697166241950867405e-01
2.697166241950867405e-01
2.697166241950867405e-01
2.502511177494098349e-01
3.302246876047436608e-01
3.063923012834526283e-01
2.995299575237718170e-01
3.667263259976375478e-01
2.876798451645289911e-01
3.040702860426500176e-01
3.344584624327245348e-01
3.024263030719803735e-01
3.210578249427608055e-01
3.024263030719803735e-01
2.431006747267822066e-01
3.173741518228690439e-01
4.059299312837914009e-01
4.221290109917544275e-01
3.636445344255645473e-01
3.268357547998464452e-01
4.255790703604683256e-01
3.636445344255645473e-01
3.613165821447830162e-01
3.468883661804066376e-01
3.613165821447830162e-01
2.394039815533391125e-01
2.394039815533391125e-01
2.493085060144067944e-01
3.869931777163296838e-01
2.953205397944873023e-01
3.363324767181062325e-01
2.953205397944873023e-01
3.178164806497820183e-01
3.178164806497820183e-01
3.030510657799421192e-01
3.178164806497820183e-01
4.588634387772330125e-01
4.588634387772330125e-01
6.357062842577082540e-01
4.387570354862544986e-01
6.899643224216602810e-01
2.869846971947992986e-01
4.410901490168695482e-01
2.869846971947992986e-01
3.634050223317955575e-01
2.617871323368713976e-01
2.598965269056872640e-01
2.959890383698107197e-01
4.630990504254293150e-01
4.879728887981527041e-01
4.630990504254293150e-01
7.554868463566808412e-01
7.554868463566808412e-01
2.109994860438748898e-01
2.590263228793718286e-01
3.905577648160576398e-01
1.699839995181417762e-01
2.086750596840676042e-01
4.762452724982499386e-01
3.836695419913315197e-01
3.836695419913315197e-01
3.424237620588812536e-01
3.424237620588812536e-01
3.070257033014947567e-01
3.424237620588812536e-01
1.529275692566413880e-01
3.480322502935310758e-01
4.777008516137576932e-01
4.555706546227746845e-01
3.350348820171417663e-01
2.886378701914568135e-01
2.145466080815372767e-01
2.512255480580246614e-01
3.617138853662595355e-01
3.518365933100807696e-01
2.925977439818215342e-01
3.176069730758011578e-01
2.497936389816936831e-01
2.569187624654651891e-01
2.497936389816936831e-01
3.150580022722758167e-01
3.970953793523097075e-01
3.532036786897627678e-01
3.150580022722758167e-01
4.483556765341223382e-01
6.906977165056910062e-01
5.951410023867130805e-01
6.906977165056910062e-01
3.590117922367802583e-01
3.590117922367802583e-01
3.962468753224640539e-01
4.166552532964846178e-01
1.777158114556597890e-01
3.160797268820199624e-01
3.679477922085735431e-01
3.679477922085735431e-01
3.130369911003963446e-01
3.130369911003963446e-01
2.304526541390516103e-01
2.402858062279965290e-01
2.304526541390516103e-01
2.304526541390516103e-01
2.402858062279965290e-01
3.681991528062076302e-01
2.504454377158313871e-01
3.058740406285291868e-01
3.255771824319815266e-01
2.653843832342474007e-01
3.939718322238309201e-01
3.488388269779730266e-01
2.793014880986279813e-01
2.997199956557292100e-01
2.473049987649197923e-01
2.793014880986279813e-01
2.301880511422740305e-01
4.068139590863581456e-01
4.068139590863581456e-01
4.068139590863581456e-01
4.419070107397749525e-01
4.419070107397749525e-01
4.920922835264903150e-01
3.701911145465802688e-01
4.419070107397749525e-01
4.010434613821257654e-01
4.122319548483386886e-01
4.787362803485329943e-01
4.010434613821257654e-01
2.650045570096135616e-01
2.583182468331812198e-01
2.650045570096135616e-01
2.942377672435479430e-01
2.942377672435479430e-01
2.403236955639697359e-01
2.942377672435479430e-01
3.998797108164606762e-01
3.998797108164606762e-01
4.252854789579915695e-01
3.683910108376788339e-01
4.526226501120313439e-01
2.999361577856652916e-01
2.066900140119078411e-01
2.185865575294337615e-01
2.570132245570737606e-01
2.066900140119078411e-01
2.588390919840265481e-01
2.745364569606104643e-01
2.588390919840265481e-01
2.807506484589341600e-01
4.796580399915739146e-01
5.087470282892352369e-01
3.756252754476525624e-01
3.756252754476525624e-01
2.832577586603729491e-01
3.756252754476525624e-01
3.056456395226623268e-01
4.001971244596109756e-01
3.220257321696529118e-01
4.001971244596109756e-01
2.656255272679049484e-01
2.560140924117426664e-01
4.426687276224525736e-01
4.483206361820964991e-01
3.290388539527761003e-01
4.426687276224525736e-01
