-4.207206874547158804e+03
-4.280215981647502304e+03
-3.614210640568913277e+03
-4.147661396990598405e+03
-3.464832836253455753e+03
-3.610149125053418175e+03
-4.433965972656239501e+03
-3.190685482454577595e+03
-3.260349342362158495e+03
-2.951471408079851244e+03
-4.097773526218174993e+03
-2.948761127424353617e+03
-3.279122016713915855e+03
-5.091077673115951256e+03
-5.027346222012833096e+03
-4.996624237937780890e+03
-3.796477596601703681e+03
-3.854695352904939227e+03
-6.097931460833025085e+03
-5.471139822802197159e+03
-4.438644121192043713e+03
-4.613812504040054591e+03
-3.529138781184474283e+03
-3.376106877463391356e+03
-3.562633835878472382e+03
-4.010115592692788141e+03
-3.871279671699065602e+03
-3.438620187824733875e+03
-4.782552234632692489e+03
-4.729424723084829566e+03
-3.649878360775910096e+03
-4.740533744554504665e+03
-4.192435412844926759e+03
-4.334806953909700496e+03
-4.352913639286921352e+03
-4.334806953909700496e+03
-4.420644771039224906e+03
-4.699937044057401181e+03
-4.281468443860712796e+03
-4.639018452071129104e+03
-5.040387112715099647e+03
-4.976547687602488622e+03
-4.835240145238733930e+03
-4.689485880936757894e+03
-4.311530157017869897e+03
-3.640163898779726424e+03
-3.448255702624450805e+03
-3.799791318443338241e+03
-3.416114167821613592e+03
-2.349868440731043393e+03
-3.076899403544585311e+03
-4.602541406034527427e+03
-3.767782222033489234e+03
-2.535503304704469429e+03
-3.914633621001479241e+03
-3.904345069242919635e+03
-5.305634301030007009e+03
-3.845653805817840748e+03
-3.825717658199823290e+03
-3.760408906409055362e+03
-3.831435010941107521e+03
-4.212725582405746536e+03
-4.364645730750789880e+03
-4.134420803963190338e+03
-3.440800510549536284e+03
-5.006982819159955397e+03
-3.436789845077340942e+03
-3.226812604607415324e+03
-3.315336356702136527e+03
-3.233677684332009449e+03
-3.813350362661260533e+03
-3.808910301455462104e+03
-3.022438607518092340e+03
-3.024523263645060069e+03
-3.000554486504619035e+03
-4.406519781706640970e+03
-5.019520416966348421e+03
-5.964966990480822460e+03
-5.082356627232373285e+03
-4.574739599545036072e+03
-5.369196359640651281e+03
-4.364836473756272426e+03
-3.723680085270947529e+03
-4.328048148621849577e+03
-3.404628541695131844e+03
-3.355553382149672416e+03
-3.386523013589658603e+03
-4.300353122587132930e+03
-4.140877443107791805e+03
-4.223289357655588901e+03
-5.189186263324626452e+03
-4.300353122587132930e+03
-4.935898963136055499e+03
-4.935898963136055499e+03
-2.702591213811155740e+03
-3.342045080773626523e+03
-2.714691311760705048e+03
-4.179787997756926416e+03
-5.082498468957765908e+03
-4.992725553894942095e+03
-5.406840073320984629e+03
-4.960565952066746831e+03
-5.374898373600414743e+03
-3.777067262409391333e+03
-5.168524555072282965e+03
-3.493667940402674958e+03
-3.185756952938780159e+03
-3.221034203045925096e+03
-2.899732439460540718e+03
-2.895699674035807675e+03
-2.972491714734098423e+03
-5.852340212751742911e+03
-5.872723498648515488e+03
-4.902889824228189354e+03
-4.998585292838497480e+03
-4.981379135757430049e+03
-4.759988846281080441e+03
-3.930599482173685828e+03
-4.391768538635558798e+03
-4.401790969366801619e+03
-3.589864691503259110e+03
-3.220184161927742480e+03
-4.649475377064442910e+03
-3.227137450225202429e+03
-3.243603936065912876e+03
-4.696692916201423031e+03
-6.748222842716873856e+03
-4.912539078333931684e+03
-4.579298846997585315e+03
-4.282261496379779601e+03
-4.581021004961547078e+03
-4.317529179776433011e+03
-4.043728099578178444e+03
-4.407975941905293439e+03
-2.432566695111396712e+03
-2.546005337260377928e+03
-2.403636676254596296e+03
-3.773383321022574364e+03
-3.854903802441810967e+03
-3.343463808002057249e+03
-3.782236913397491662e+03
-4.677994682808152902e+03
-4.246161030790406585e+03
-3.484922336410830667e+03
-4.320379556697495900e+03
-3.753032805460829422e+03
-4.830874275603659953e+03
-4.111166734777879356e+03
-4.161512217424035953e+03
-3.495764841191185496e+03
-3.487271181687645367e+03
-2.978198677670889538e+03
-3.488713578058534495e+03
-3.379800017177904465e+03
-5.894722278736946464e+03
-4.925838638558961975e+03
-4.781777547905904612e+03
-5.631867313186136926e+03
-4.765026108314658813e+03
-4.318531832124672292e+03
-4.254571446804638981e+03
-4.271201298495108858e+03
-2.679869136308666839e+03
-2.537898230288893501e+03
-2.719827019994347665e+03
-4.576781483970964473e+03
-5.039124079064190482e+03
-5.483996062298269862e+03
-4.768174238949393839e+03
-5.736967588728170085e+03
-5.212358787508914247e+03
-5.520076267602781627e+03
-5.512080881439207587e+03
-2.978290923082306108e+03
-2.902464779688312319e+03
-4.124118393781292980e+03
-3.806881981564427861e+03
-5.754692672146406949e+03
-4.616858537827061809e+03
-4.658936332970941294e+03
-4.232479031426699294e+03
-3.621222277518358624e+03
-3.714604464337284298e+03
-3.701486881346040263e+03
-3.980459366879822483e+03
-5.554119196650858612e+03
-5.536142426474591048e+03
-5.147604409892078365e+03
-6.185954024107272744e+03
-6.141798831153007086e+03
-5.131903915119545672e+03
-4.335979722362020766e+03
-4.726609230073813706e+03
-3.665387401009650148e+03
-4.068349212539912969e+03
-5.229960959181432372e+03
-4.378513139872619831e+03
-4.378513139872619831e+03
-3.251481584247406772e+03
-3.383430774885545816e+03
-3.260895997311592964e+03
-3.251481584247406772e+03
-2.462169303118362222e+03
-2.895873223690791292e+03
-4.729889658394434264e+03
-4.736521470099056387e+03
-5.148804846514108249e+03
-5.168278554393361446e+03
-3.204791882787331360e+03
-3.259919953030410397e+03
-4.032528720002590944e+03
-4.077492434606350344e+03
-3.981364342644717908e+03
-3.592325834730894258e+03
-3.375473433326711074e+03
-3.336938289451861692e+03
-3.340483812393038534e+03
-4.667245634991294537e+03
-4.633344529397081715e+03
-5.447113165887024479e+03
-4.667245634991294537e+03
-5.221521743123340457e+03
-5.156195246142701762e+03
-4.417117903578998266e+03
-5.156195246142701762e+03
-4.230066212408669344e+03
-4.415437117537120685e+03
-4.369367363401829607e+03
-5.123036182488972372e+03
-3.266033851422620955e+03
-4.371614638389938591e+03
-3.263983938329959983e+03
-4.229006331952095934e+03
-4.004220314132397107e+03
-3.974610053076190979e+03
-4.029714325112819552e+03
-4.660944901743973787e+03
-4.690188897750344950e+03
-4.643782050516248091e+03
-4.174833892785215539e+03
-4.067315054423387210e+03
-3.033078009186766849e+03
-3.384741439924038787e+03
-4.087303964599510891e+03
-3.959338537771832762e+03
-4.460717370639283217e+03
-4.078372218283643178e+03
-3.119536674388901247e+03
-3.002833561906236355e+03
-2.754882940731340568e+03
-3.013151701236765348e+03
-3.535286637272057760e+03
-4.952080135605751821e+03
-5.210014148446565741e+03
-5.121297773031593351e+03
-5.225612363310948240e+03
-5.473782126745260030e+03
-5.269045968634643941e+03
-4.414706752449011219e+03
-5.225612363310948240e+03
-4.376888526465424547e+03
-4.580287186863904935e+03
-5.425263394027892900e+03
-4.583376124028850427e+03
-2.654306930075381842e+03
-2.656738866484635764e+03
-2.654306930075381842e+03
-4.138489469721626847e+03
-3.321535166444837159e+03
-3.327128852817486859e+03
-4.165612348667004881e+03
-4.098600859495349141e+03
-5.366080386189139062e+03
-4.421167708662608675e+03
-4.379992858077254823e+03
-4.217374287992800419e+03
-4.395166110193505119e+03
-3.462943371311798273e+03
-3.500712242026809690e+03
-4.407544560096283021e+03
-3.481381756502475127e+03
-3.697608639911908540e+03
-3.983205006548617803e+03
-3.697608639911908540e+03
-4.151563580196667317e+03
-4.104044273927603172e+03
-4.421032967781866319e+03
-4.714374611199495121e+03
-4.820010630118626068e+03
-4.833306703780135649e+03
-4.941286631152321206e+03
-4.481207133209015410e+03
-4.129086499364297197e+03
-4.116438057405989639e+03
-4.081631072222021885e+03
-4.118128789252556089e+03
-4.231385182219012677e+03
-5.035136659199745736e+03
-4.336141405927307460e+03
-3.157518649207313501e+03
-4.330516399558061494e+03
