6.519386075820096949e+01
6.519386075820096949e+01
6.519386075820096949e+01
6.659049738424226916e+01
6.939876605765060447e+01
6.053587306283660041e+01
6.581678313956619775e+01
6.581678313956619775e+01
6.444034520926814480e+01
6.183272243677567559e+01
7.088111525375470023e+01
6.581678313956619775e+01
1.028337407924772151e+02
1.028337407924772151e+02
1.028337407924772151e+02
9.520505108412002926e+01
8.128168281552770225e+01
1.156881556580091939e+02
8.449389239998313883e+01
8.449389239998313883e+01
9.144204909052182018e+01
1.071058651019542936e+02
7.510555406633616826e+01
8.449389239998313883e+01
7.629479843028049402e+01
7.629479843028049402e+01
7.629479843028049402e+01
8.761150910710733797e+01
1.023051260936720723e+02
6.176509022113996394e+01
9.481024439344135146e+01
9.481024439344135146e+01
8.282196785715424880e+01
7.092662770917048931e+01
1.171135419575160341e+02
9.481024439344135146e+01
8.622878595998741957e+01
8.622878595998741957e+01
8.622878595998741957e+01
8.370773289459434352e+01
8.993188337495523399e+01
9.238940419895442346e+01
9.354842092296043177e+01
9.354842092296043177e+01
9.635706952151059568e+01
8.968823442052689643e+01
8.731051828508334722e+01
9.354842092296043177e+01
