-1.836142017835246349e+02
-1.801006339303736183e+02
-1.608878560882915281e+02
-1.836142017835246349e+02
-1.836142017835246349e+02
-1.836142017835246349e+02
-1.608878560882915281e+02
-1.801006339303736183e+02
-1.578091704875956509e+02
-1.578091704875956509e+02
-1.578091704875956509e+02
-1.578091704875956509e+02
-1.507028853090194502e+02
-1.501422371195934886e+02
-2.031724040888044271e+02
-1.507028853090194502e+02
-1.507028853090194502e+02
-1.507028853090194502e+02
-2.031724040888044271e+02
-1.501422371195934886e+02
-2.024165576412720213e+02
-2.024165576412720213e+02
-2.024165576412720213e+02
-2.024165576412720213e+02
-2.010167427065905486e+02
-2.007495808309303413e+02
-1.685889850883722545e+02
-2.010167427065905486e+02
-2.010167427065905486e+02
-2.010167427065905486e+02
-1.685889850883722545e+02
-2.007495808309303413e+02
-1.683649214165337185e+02
-1.683649214165337185e+02
-1.683649214165337185e+02
-1.683649214165337185e+02
-1.680672511960067368e+02
-1.715756182067683540e+02
-1.835413795927267984e+02
-1.680672511960067368e+02
-1.680672511960067368e+02
-1.680672511960067368e+02
-1.835413795927267984e+02
-1.715756182067683540e+02
-1.873727656402193134e+02
-1.873727656402193134e+02
-1.873727656402193134e+02
-1.873727656402193134e+02
