3.478192838068703413e-02
3.478192838068703413e-02
3.478192838068703413e-02
3.552705552204446504e-02
3.630089775307932670e-02
3.478192838068703413e-02
3.707628051071272524e-02
3.707628051071272524e-02
3.630089775307932670e-02
3.552705552204446504e-02
3.707628051071272524e-02
3.707628051071272524e-02
4.665638272531053010e-02
4.665638272531053010e-02
4.665638272531053010e-02
4.319519319760459219e-02
3.977165823588702659e-02
4.665638272531053010e-02
3.674963810385849239e-02
3.674963810385849239e-02
3.977165823588702659e-02
4.319519319760459219e-02
3.674963810385849239e-02
3.674963810385849239e-02
2.995146023970551505e-02
2.995146023970551505e-02
2.995146023970551505e-02
3.439412234583809347e-02
3.662044754404743946e-02
2.995146023970551505e-02
4.192116743031992776e-02
4.192116743031992776e-02
3.662044754404743946e-02
3.439412234583809347e-02
4.192116743031992776e-02
4.192116743031992776e-02
4.364059905900530278e-02
4.364059905900530278e-02
4.364059905900530278e-02
4.236468794871381394e-02
4.490557491220847214e-02
4.364059905900530278e-02
4.359665195854697112e-02
4.359665195854697112e-02
4.490557491220847214e-02
4.236468794871381394e-02
4.359665195854697112e-02
4.359665195854697112e-02
