6.682646626876603824e-02
6.682646626876603824e-02
6.682646626876603824e-02
6.726422038736798448e-02
6.675121177558965280e-02
6.682646626876603824e-02
6.718864542879493529e-02
6.718864542879493529e-02
6.675121177558965280e-02
6.726422038736798448e-02
6.718864542879493529e-02
6.718864542879493529e-02
7.123123570910358526e-02
7.123123570910358526e-02
7.123123570910358526e-02
6.981922784885324917e-02
7.152327257609687738e-02
7.123123570910358526e-02
7.010810260200124600e-02
7.010810260200124600e-02
7.152327257609687738e-02
6.981922784885324917e-02
7.010810260200124600e-02
7.010810260200124600e-02
6.851307643881150711e-02
6.851307643881150711e-02
6.851307643881150711e-02
7.111023596967595839e-02
6.818397984669244405e-02
6.851307643881150711e-02
7.077403802648217501e-02
7.077403802648217501e-02
6.818397984669244405e-02
7.111023596967595839e-02
7.077403802648217501e-02
7.077403802648217501e-02
6.892103370001977092e-02
6.892103370001977092e-02
6.892103370001977092e-02
6.833097406721694300e-02
6.886512697249265458e-02
6.892103370001977092e-02
6.827537408097382465e-02
6.827537408097382465e-02
6.886512697249265458e-02
6.833097406721694300e-02
6.827537408097382465e-02
6.827537408097382465e-02
