2.372088802365405868e+01
2.326436412865084336e+01
2.081052217764735346e+01
2.355980365648937536e+01
2.525084938195215045e+01
2.372088802365405868e+01
2.200097788380682928e+01
2.459519065912934366e+01
2.172608397015802950e+01
2.027109127375231878e+01
2.157721616949850230e+01
2.157721616949850230e+01
1.968415827805185359e+01
1.961038459534065836e+01
2.646905862025183964e+01
2.027334440450406561e+01
1.555872126519295051e+01
1.968415827805185359e+01
2.150597365555191232e+01
1.593333637335926767e+01
2.084336817247900697e+01
2.715935161431822209e+01
2.142552446375450259e+01
2.142552446375450259e+01
1.856998360451613550e+01
1.854516711306581911e+01
1.559699076017531105e+01
1.781636079054526789e+01
2.490083928793020718e+01
1.856998360451613550e+01
2.000295915509899558e+01
2.378396102114322730e+01
2.088631885169059288e+01
1.494400200512348675e+01
1.997619974449515823e+01
1.997619974449515823e+01
2.471830946443452603e+01
2.523751640582600331e+01
2.697306209801302757e+01
2.496382295290551312e+01
2.577983789558507155e+01
2.471830946443452603e+01
2.841342368483819314e+01
2.658519984813340997e+01
2.872201401564651846e+01
2.781286971786049378e+01
2.900993714785838051e+01
2.900993714785838051e+01
