2.261523677580894010e+00
2.257298511787208195e+00
2.231752861611815408e+00
2.260049728722532070e+00
2.274670080914372505e+00
2.261523677580894010e+00
2.244785052186862195e+00
2.269218017539269105e+00
2.241889443523273240e+00
2.225399022815248262e+00
2.240293741218633894e+00
2.240293741218633894e+00
2.218134692616341663e+00
2.217194331542597485e+00
2.284144780646596651e+00
2.225426187886699658e+00
2.153753108697835650e+00
2.218134692616341663e+00
2.239523097196732149e+00
2.160788793534648367e+00
2.232130263688481442e+00
2.289168140389929107e+00
2.238647345918609588e+00
2.238647345918609588e+00
2.203231608297187893e+00
2.202881702435032452e+00
2.154485208624128401e+00
2.192224594250874237e+00
2.271792070050112411e+00
2.203231608297187893e+00
2.222127425024142955e+00
2.262095884598787521e+00
2.232622169766423692e+00
2.141553312785910546e+00
2.221796638394806234e+00
2.221796638394806234e+00
2.270261828340880417e+00
2.274561779095063851e+00
2.287835665532746976e+00
2.272315374773678620e+00
2.278884583522570839e+00
2.270261828340880417e+00
2.297720245982400211e+00
2.285006639356172986e+00
2.299719350659678252e+00
2.293713073593784735e+00
2.301549262001990837e+00
2.301549262001990837e+00
