8.160512779020438145e+00
8.160512779020438145e+00
8.160512779020438145e+00
8.335334010681032524e+00
8.686853496254503426e+00
8.160512779020438145e+00
8.872403629612067633e+00
8.872403629612067633e+00
8.686853496254503426e+00
8.335334010681032524e+00
8.872403629612067633e+00
8.872403629612067633e+00
1.126272863323909057e+01
1.126272863323909057e+01
1.126272863323909057e+01
1.042720654340477893e+01
8.902268159744624043e+00
1.126272863323909057e+01
8.225835876235013444e+00
8.225835876235013444e+00
8.902268159744624043e+00
1.042720654340477893e+01
8.225835876235013444e+00
8.225835876235013444e+00
6.366789650129857314e+00
6.366789650129857314e+00
6.366789650129857314e+00
7.311167483129533018e+00
8.537347648459160609e+00
6.366789650129857314e+00
9.773107763126711589e+00
9.773107763126711589e+00
8.537347648459160609e+00
7.311167483129533018e+00
9.773107763126711589e+00
9.773107763126711589e+00
1.079351800249654758e+01
1.079351800249654758e+01
1.079351800249654758e+01
1.047795016347819796e+01
1.125704590873426802e+01
1.079351800249654758e+01
1.092892171014266189e+01
1.092892171014266189e+01
1.125704590873426802e+01
1.047795016347819796e+01
1.092892171014266189e+01
1.092892171014266189e+01
