6.193416772029093664e+01
6.193416772029093664e+01
6.193416772029093664e+01
6.326097251503017560e+01
6.592882775476806501e+01
5.750907940969479881e+01
6.252594398258791131e+01
6.252594398258791131e+01
6.121832794880469919e+01
5.874108631493691490e+01
6.733705949106700928e+01
6.252594398258791131e+01
9.769205375285339699e+01
9.769205375285339699e+01
9.769205375285339699e+01
9.044479852991406688e+01
7.721759867475132921e+01
1.099037478751087491e+02
8.026919777998399752e+01
8.026919777998399752e+01
8.686994663599570288e+01
1.017505718468566016e+02
7.135027636301940390e+01
8.026919777998399752e+01
7.248005850876644729e+01
7.248005850876644729e+01
7.248005850876644729e+01
8.323093365175198244e+01
9.718986978898833229e+01
5.867683571008294052e+01
9.006973217376928176e+01
9.006973217376928176e+01
7.868086946429649231e+01
6.738029632371195987e+01
1.112578648596401649e+02
9.006973217376928176e+01
8.191734666198802017e+01
8.191734666198802017e+01
8.191734666198802017e+01
7.952234624986468248e+01
8.543528920620747158e+01
8.776993398900668808e+01
8.887099987681243363e+01
8.887099987681243363e+01
9.153921604543505453e+01
8.520382269950056298e+01
8.294499237082918341e+01
8.887099987681243363e+01
