2.615906312001262668e-01
2.615906312001262668e-01
2.615906312001262668e-01
2.671946413371911744e-01
2.784628308003226915e-01
2.433299209182192835e-01
2.645570605683404408e-01
2.645570605683404408e-01
2.590243323564154210e-01
2.485427350668792390e-01
2.844107629730481257e-01
2.645570605683404408e-01
4.111719775289995327e-01
4.111719775289995327e-01
4.111719775289995327e-01
3.806693097356501632e-01
3.249979044095060443e-01
4.609546622843126440e-01
3.366624129738632898e-01
3.366624129738632898e-01
3.643470553866411943e-01
4.267588812003201837e-01
3.003031782261659233e-01
3.366624129738632898e-01
3.024149392328944197e-01
3.024149392328944197e-01
3.024149392328944197e-01
3.472717635782164303e-01
4.055138636889333847e-01
2.465304378157029686e-01
3.784275385342017461e-01
3.784275385342017461e-01
3.305772876470908783e-01
2.830979849511900404e-01
4.642110000040933215e-01
3.784275385342017461e-01
3.459933540453226652e-01
3.459933540453226652e-01
3.459933540453226652e-01
3.358776183764203283e-01
3.608520474699964398e-01
3.700604825592400671e-01
3.747028578608091465e-01
3.747028578608091465e-01
3.859527394325160676e-01
3.592411012638833112e-01
3.503338093952664822e-01
3.747028578608091465e-01
