-6.410776816637619049e+03
-6.276354803865200665e+03
-5.543354010858262882e+03
-6.406598590575355047e+03
-6.448043133390307048e+03
-6.410776816637619049e+03
-5.575724103056679269e+03
-6.309496653202360903e+03
-5.461974630848168090e+03
-5.421798582105240712e+03
-5.458086979058957695e+03
-5.458086979058957695e+03
-5.160748931762060238e+03
-5.139370079715479733e+03
-7.164594204160521258e+03
-5.177713445482849238e+03
-5.010957671772941467e+03
-5.160748931762060238e+03
-7.024630985833228806e+03
-5.008624240145061776e+03
-6.975395233598488630e+03
-7.153638295730717800e+03
-6.995761080997503996e+03
-6.995761080997503996e+03
-6.837473159154940731e+03
-6.827301346979701520e+03
-5.607586256610138662e+03
-6.803314170685146564e+03
-7.050242581692954445e+03
-6.837473159154940731e+03
-5.783642031573477652e+03
-7.010821444858779614e+03
-5.803234158576226946e+03
-5.566519720831887753e+03
-5.775095454996532681e+03
-5.775095454996532681e+03
-5.890637445808065422e+03
-6.024993173395744634e+03
-6.482791700142262016e+03
-5.895965772859481149e+03
-5.913010867201676774e+03
-5.890637445808065422e+03
-6.510800563306598633e+03
-6.052660134279652084e+03
-6.652494991484722050e+03
-6.635120380931975888e+03
-6.657788453069982097e+03
-6.657788453069982097e+03
