7.854716485388391511e+00
7.854716485388391511e+00
7.854716485388391511e+00
8.022986696771505777e+00
8.361333804733590114e+00
7.306406702931140806e+00
7.943788718420416117e+00
7.943788718420416117e+00
7.777658871582996625e+00
7.462930570169415745e+00
8.539930877100973206e+00
7.943788718420416117e+00
1.234615817626888656e+01
1.234615817626888656e+01
1.234615817626888656e+01
1.143026219610493399e+01
9.758630826228134936e+00
1.384097040574548387e+01
1.010887810876294957e+01
1.010887810876294957e+01
1.094015794533082797e+01
1.281418223608171303e+01
9.017128456802527836e+00
1.010887810876294957e+01
9.080537776611311784e+00
9.080537776611311784e+00
9.080537776611311784e+00
1.042744242702221058e+01
1.217626340652168082e+01
7.402507823682658916e+00
1.136294909268184128e+01
1.136294909268184128e+01
9.926161571857285537e+00
8.500512419633146521e+00
1.393874764437290992e+01
1.136294909268184128e+01
1.038905594358039153e+01
1.038905594358039153e+01
1.038905594358039153e+01
1.008531327758417895e+01
1.083521421636971560e+01
1.111171359468566067e+01
1.125110903727205169e+01
1.125110903727205169e+01
1.158890641875530214e+01
1.078684273737530752e+01
1.051938571125931787e+01
1.125110903727205169e+01
