5.204813350566724894e-01
5.204813350566724894e-01
5.204813350566724894e-01
5.281716686441568775e-01
5.438238016579985956e-01
5.204813350566724894e-01
5.518236046298233832e-01
5.518236046298233832e-01
5.438238016579985956e-01
5.281716686441568775e-01
5.518236046298233832e-01
5.518236046298233832e-01
6.549989237284520316e-01
6.549989237284520316e-01
6.549989237284520316e-01
6.186718834976926429e-01
5.560659741005579138e-01
6.549989237284520316e-01
5.241853186711327162e-01
5.241853186711327162e-01
5.560659741005579138e-01
6.186718834976926429e-01
5.241853186711327162e-01
5.241853186711327162e-01
4.371641414534191417e-01
4.371641414534191417e-01
4.371641414534191417e-01
4.836732978991242216e-01
5.370828694128195746e-01
4.371641414534191417e-01
5.923240866182298836e-01
5.923240866182298836e-01
5.370828694128195746e-01
4.836732978991242216e-01
5.923240866182298836e-01
5.923240866182298836e-01
6.331971056753431526e-01
6.331971056753431526e-01
6.331971056753431526e-01
6.199924489154774454e-01
6.520800423434267579e-01
6.331971056753431526e-01
6.385413854612034257e-01
6.385413854612034257e-01
6.520800423434267579e-01
6.199924489154774454e-01
6.385413854612034257e-01
6.385413854612034257e-01
