2.185288497161884114e-01
2.185288497161884114e-01
2.185288497161884114e-01
2.659874932523432212e-01
3.417943774620693653e-01
1.936876415621270331e-01
3.663693799476403501e-01
3.663693799476403501e-01
3.029409936299111150e-01
2.357514365722307159e-01
4.133577058684477223e-01
3.663693799476403501e-01
2.934808468843383977e-01
2.934808468843383977e-01
2.934808468843383977e-01
2.854232436419733010e-01
3.248579224424436029e-01
2.924293722123321171e-01
3.148676123321919040e-01
3.148676123321919040e-01
3.236940308935567501e-01
2.844006375173231960e-01
3.159997671390011864e-01
3.148676123321919040e-01
2.805132085795125629e-01
2.805132085795125629e-01
2.805132085795125629e-01
2.540378840708897301e-01
3.343935019361319316e-01
2.667030187904587679e-01
2.882105562635050022e-01
2.882105562635050022e-01
3.179306845545564197e-01
2.415311240135136761e-01
3.031344311384832069e-01
2.882105562635050022e-01
4.167736995452709925e-01
4.167736995452709925e-01
4.167736995452709925e-01
4.068041465225801234e-01
3.209959875939438767e-01
4.247442600048701999e-01
3.191295829942378814e-01
3.191295829942378814e-01
3.271348536721004341e-01
4.145840449389427973e-01
3.131409402385403329e-01
3.191295829942378814e-01
4.451143595273681086e-01
4.451143595273681086e-01
4.451143595273681086e-01
3.601763147467557657e-01
3.563318520097397135e-01
3.491128926942679289e-01
2.255138481143029172e-01
2.255138481143029172e-01
2.794788371831379292e-01
2.824941330913627868e-01
2.875271987043354072e-01
2.255138481143029172e-01
2.506752228840589680e-01
2.506752228840589680e-01
2.506752228840589680e-01
3.032062374655906667e-01
1.603417377950873968e-01
3.161357376675224540e-01
2.455328380465950644e-01
2.455328380465950644e-01
2.022128592269655523e-01
3.823845310428329314e-01
1.946916832522628815e-01
2.455328380465950644e-01
2.694104600444721109e-01
2.694104600444721109e-01
2.694104600444721109e-01
2.475906312868623449e-01
2.371181160889649642e-01
4.356432447450219736e-01
3.519240264506083848e-01
3.519240264506083848e-01
3.834257417613693986e-01
4.003600527034927858e-01
2.176368278641712117e-01
3.519240264506083848e-01
2.924016864036514951e-01
2.924016864036514951e-01
2.924016864036514951e-01
2.946613983565118944e-01
5.636973057447950408e-01
2.458132531026109846e-01
4.774108786659346237e-01
4.774108786659346237e-01
4.738832740486369488e-01
2.477129245889123643e-01
5.678934893355657154e-01
4.774108786659346237e-01
2.923216020672578797e-01
2.923216020672578797e-01
2.923216020672578797e-01
2.275342032931228498e-01
3.147795503156109453e-01
3.668290936192641349e-01
3.078610814293102349e-01
3.078610814293102349e-01
3.950111668640468032e-01
2.855285581740675260e-01
2.453307169550207334e-01
3.078610814293102349e-01
5.024281419610172605e-01
5.024281419610172605e-01
5.024281419610172605e-01
5.376718988850776038e-01
2.880440613144941153e-01
3.928118211924153114e-01
2.416423115162760482e-01
2.416423115162760482e-01
2.252005866291325042e-01
4.203663373247482626e-01
3.090739408649755271e-01
2.416423115162760482e-01
3.192552632767323151e-01
3.192552632767323151e-01
3.192552632767323151e-01
3.360284964116604378e-01
3.562996257950098999e-01
2.470746092964925256e-01
2.900821728784687692e-01
2.900821728784687692e-01
2.757435850305196001e-01
2.600555699889373074e-01
3.748271048081216472e-01
2.900821728784687692e-01
2.974462615801471421e-01
2.974462615801471421e-01
2.974462615801471421e-01
3.259785101489600101e-01
3.453687886846330546e-01
3.494877214745829019e-01
4.444199048558541421e-01
4.444199048558541421e-01
4.057948161278396304e-01
3.830119973820612644e-01
3.782422990811491470e-01
4.444199048558541421e-01
2.973362598106833454e-01
2.973362598106833454e-01
2.973362598106833454e-01
3.412658781629523408e-01
2.700350533398351849e-01
3.180613904088727129e-01
3.319338791851815795e-01
3.319338791851815795e-01
2.888572170077324808e-01
3.650530203639617000e-01
3.103048062969790966e-01
3.319338791851815795e-01
2.773055810511098618e-01
2.773055810511098618e-01
2.773055810511098618e-01
2.547791581221550139e-01
4.248766952103200656e-01
2.799247427212522843e-01
3.952308288407652692e-01
3.952308288407652692e-01
4.288896716185608415e-01
2.571855568782683288e-01
3.915327869038682240e-01
3.952308288407652692e-01
4.150823178989149764e-01
4.150823178989149764e-01
4.150823178989149764e-01
4.231215253796004605e-01
3.737347818631343577e-01
4.422882980108910900e-01
4.059842045305288583e-01
4.059842045305288583e-01
3.982306965385417619e-01
4.508544239108980833e-01
3.810113570825911511e-01
4.059842045305288583e-01
2.283636881816058506e-01
2.283636881816058506e-01
2.283636881816058506e-01
2.358492613798585935e-01
2.054591008431452814e-01
2.225394383898785244e-01
2.068372333505102967e-01
2.068372333505102967e-01
2.002190158943396581e-01
2.298340974875225373e-01
2.122505287285306186e-01
2.068372333505102967e-01
3.601358110968180815e-01
3.601358110968180815e-01
3.601358110968180815e-01
3.441520121711831304e-01
2.505894140784857838e-01
4.216823842882896356e-01
2.801417134297864986e-01
2.801417134297864986e-01
2.934147017598690010e-01
4.029669823947125140e-01
2.392536822669693863e-01
2.801417134297864986e-01
2.828991031880486173e-01
2.828991031880486173e-01
2.828991031880486173e-01
2.705441302758143651e-01
3.610491121759438760e-01
2.241124913479012049e-01
2.738195567905186145e-01
2.738195567905186145e-01
2.860228792415521193e-01
2.143248895892060080e-01
3.456447544957966245e-01
2.738195567905186145e-01
3.033944168169483979e-01
3.033944168169483979e-01
3.033944168169483979e-01
3.945588662723867879e-01
3.179071410877313819e-01
3.401755961465208200e-01
4.630691714506522949e-01
4.630691714506522949e-01
3.564477302296681360e-01
4.423921143878041251e-01
4.130002352010724298e-01
4.630691714506522949e-01
4.320375058455463990e-01
4.320375058455463990e-01
4.320375058455463990e-01
4.138940412033135230e-01
4.237900329571661073e-01
3.347804440153734351e-01
3.145794243621814479e-01
3.145794243621814479e-01
3.283895807263796929e-01
3.207213008467351134e-01
4.059678882722417281e-01
3.145794243621814479e-01
3.728865239944051946e-01
3.728865239944051946e-01
3.728865239944051946e-01
3.674430740741438939e-01
4.651274966567230384e-01
2.876354461100404381e-01
3.536694929081227734e-01
3.536694929081227734e-01
3.587878520407731808e-01
2.834365034144993301e-01
4.584921282717052682e-01
3.536694929081227734e-01
2.713754477472407611e-01
2.713754477472407611e-01
2.713754477472407611e-01
2.695465499997132808e-01
2.187545454695581371e-01
4.190375739945744749e-01
3.354765098472295426e-01
3.354765098472295426e-01
3.377843308773739728e-01
4.162135275247484945e-01
2.172599635889747027e-01
3.354765098472295426e-01
2.255969198494514605e-01
2.255969198494514605e-01
2.255969198494514605e-01
1.943070230256436492e-01
2.540103568271120382e-01
2.658673504780045826e-01
2.580834481330603891e-01
2.580834481330603891e-01
2.993527598189901218e-01
2.289920156071764412e-01
2.189920306433448260e-01
2.580834481330603891e-01
3.191797052415353830e-01
3.191797052415353830e-01
3.191797052415353830e-01
3.626939696471935815e-01
3.202548568664105866e-01
2.772956197190286631e-01
3.161531355267878651e-01
3.161531355267878651e-01
2.782296854857918000e-01
3.150997617645061588e-01
3.639064501302784471e-01
3.161531355267878651e-01
3.834889818851808241e-01
3.834889818851808241e-01
3.834889818851808241e-01
4.074842324575078112e-01
3.777627064952612246e-01
3.879093933448446996e-01
4.060593389313681412e-01
4.060593389313681412e-01
3.821171121645361435e-01
4.121812330386792067e-01
4.014321002361708746e-01
4.060593389313681412e-01
2.852958723742569092e-01
2.852958723742569092e-01
2.852958723742569092e-01
2.911816365026032583e-01
2.874420346148429672e-01
2.626206790154588799e-01
2.700529198194939196e-01
2.700529198194939196e-01
2.645962652032627926e-01
2.680386451397056002e-01
2.933698276767559010e-01
2.700529198194939196e-01
4.311115358255798724e-01
4.311115358255798724e-01
4.311115358255798724e-01
3.221607718360964823e-01
3.666925259593987185e-01
2.341087712473830240e-01
1.484299206396987314e-01
1.484299206396987314e-01
1.991269765341786291e-01
1.749446632046768868e-01
2.733338469485677713e-01
1.484299206396987314e-01
2.021336965020600340e-01
2.021336965020600340e-01
2.021336965020600340e-01
2.054493992688958548e-01
2.907520746757764063e-01
3.274514813350464237e-01
4.785429193429211470e-01
4.785429193429211470e-01
4.710110149934883528e-01
3.328228360446063849e-01
2.954014708600405381e-01
4.785429193429211470e-01
1.931437687720636287e-01
1.931437687720636287e-01
1.931437687720636287e-01
2.083190514594569220e-01
1.585399037746143269e-01
2.236762005185569668e-01
1.981418829272968418e-01
1.981418829272968418e-01
1.836021091041925291e-01
2.412504126968280371e-01
1.710949574941305340e-01
1.981418829272968418e-01
4.160291963943570925e-01
4.160291963943570925e-01
4.160291963943570925e-01
4.090868955971259657e-01
3.874879505272620372e-01
3.854307511092381899e-01
3.529620355396126952e-01
3.529620355396126952e-01
3.589886794289605110e-01
3.789990481569129877e-01
3.809828654840353157e-01
3.529620355396126952e-01
2.996381238921188572e-01
2.996381238921188572e-01
2.996381238921188572e-01
3.515996617986700268e-01
4.164108960134870752e-01
3.454037660069839699e-01
5.608089624883288993e-01
5.608089624883288993e-01
4.800119885318241963e-01
4.053017210712712148e-01
4.865023544025016689e-01
5.608089624883288993e-01
4.534015986670131282e-01
4.534015986670131282e-01
4.534015986670131282e-01
3.925502414293227105e-01
3.268049656818054483e-01
4.119002018370841456e-01
2.558456416705414127e-01
2.558456416705414127e-01
2.968913910349000318e-01
3.566187771531954542e-01
2.816236127781559517e-01
2.558456416705414127e-01
3.938643994772261792e-01
3.938643994772261792e-01
3.938643994772261792e-01
3.590196690177262506e-01
3.964343518124541776e-01
3.950020554300498477e-01
3.624212566642061040e-01
3.624212566642061040e-01
3.975794309331917020e-01
3.600566778567605430e-01
3.613774375386955562e-01
3.624212566642061040e-01
1.388082121044929007e-01
1.388082121044929007e-01
1.388082121044929007e-01
1.731165172632881111e-01
1.528178253595446900e-01
1.689987236616050936e-01
2.317607773957864881e-01
2.317607773957864881e-01
1.860554000873063940e-01
2.107690173274045786e-01
1.903582373241632375e-01
2.317607773957864881e-01
3.916076881293032996e-01
3.916076881293032996e-01
3.916076881293032996e-01
3.522489984978654509e-01
3.232833147312894062e-01
3.812006648063266390e-01
2.824980899858648975e-01
2.824980899858648975e-01
3.146920201823762975e-01
3.428879372777087209e-01
2.902104695345021357e-01
2.824980899858648975e-01
2.981772720392611986e-01
2.981772720392611986e-01
2.981772720392611986e-01
2.427225329020233358e-01
4.013698726573334818e-01
3.118992121051278876e-01
3.425078957800438695e-01
3.425078957800438695e-01
4.198406746040469484e-01
2.538924789758421063e-01
3.274393331304025212e-01
3.425078957800438695e-01
3.075253561003708502e-01
3.075253561003708502e-01
3.075253561003708502e-01
3.471188809519926144e-01
2.938896301896399277e-01
2.270061879851803521e-01
2.449560073536871663e-01
2.449560073536871663e-01
2.169406955046334351e-01
2.562329654432630721e-01
3.318419821898665467e-01
2.449560073536871663e-01
3.907872802774685628e-01
3.907872802774685628e-01
3.907872802774685628e-01
3.493166649155435843e-01
3.706304240622676494e-01
4.979250026467517687e-01
4.219684737517649387e-01
4.219684737517649387e-01
4.722419694702934545e-01
4.450848583892737520e-01
3.311741955992382747e-01
4.219684737517649387e-01
2.285806918567875046e-01
2.285806918567875046e-01
2.285806918567875046e-01
2.293380641885732207e-01
2.969495005390213604e-01
2.667301939145392820e-01
3.476384219698975819e-01
3.476384219698975819e-01
3.465095726948942967e-01
2.676139696494087561e-01
2.979168943855722840e-01
3.476384219698975819e-01
4.848979201607875877e-01
4.848979201607875877e-01
4.848979201607875877e-01
4.941585312580334954e-01
3.740531217923798724e-01
3.719569690323349387e-01
2.925595624145027607e-01
2.925595624145027607e-01
2.869298045098681582e-01
3.790606267134746243e-01
3.813922984344196854e-01
2.925595624145027607e-01
3.914213566209632233e-01
3.914213566209632233e-01
3.914213566209632233e-01
4.144381802299630380e-01
2.204775504982167955e-01
5.326375683964461594e-01
3.185436719039586029e-01
3.185436719039586029e-01
3.000209988467590905e-01
5.639583554509434160e-01
2.340893763371693082e-01
3.185436719039586029e-01
3.901760758677960683e-01
3.901760758677960683e-01
3.901760758677960683e-01
3.411065871888628864e-01
4.600900673832279408e-01
3.153959223296144421e-01
3.256475257899184572e-01
3.256475257899184572e-01
3.719103761917879614e-01
2.757309669483455905e-01
4.028583273691769273e-01
3.256475257899184572e-01
3.308689529312640043e-01
3.308689529312640043e-01
3.308689529312640043e-01
3.493774557172627526e-01
3.402417545986649028e-01
2.709360964196658172e-01
2.941691312078915654e-01
2.941691312078915654e-01
2.786111299149023890e-01
2.860920107204334983e-01
3.592412886789859150e-01
2.941691312078915654e-01
2.590431560640474862e-01
2.590431560640474862e-01
2.590431560640474862e-01
3.151723306662144175e-01
2.537161439085362513e-01
3.330215979546793936e-01
3.970271647707755425e-01
3.970271647707755425e-01
3.261732792138679615e-01
4.051803366834079156e-01
3.088303294352058304e-01
3.970271647707755425e-01
2.932678186723431391e-01
2.932678186723431391e-01
2.932678186723431391e-01
2.335270131932250526e-01
3.852747827019146754e-01
2.976489247036680497e-01
3.133065286421494178e-01
3.133065286421494178e-01
3.910303738944778673e-01
2.370156557950961473e-01
3.086949577330519445e-01
3.133065286421494178e-01
3.366868410755733398e-01
3.366868410755733398e-01
3.366868410755733398e-01
3.862287447627894554e-01
2.498031826214117956e-01
3.070909932090966632e-01
2.621611781038447053e-01
2.621611781038447053e-01
2.278446856222210160e-01
3.522780054492384849e-01
2.874269218580898788e-01
2.621611781038447053e-01
3.644602057694721342e-01
3.644602057694721342e-01
3.644602057694721342e-01
3.506921555190545270e-01
4.068608871610533972e-01
3.878607802383233216e-01
4.167696990160520976e-01
4.167696990160520976e-01
4.329838447233864684e-01
3.732087369481290606e-01
3.916249798923673864e-01
4.167696990160520976e-01
2.425665678361887956e-01
2.425665678361887956e-01
2.425665678361887956e-01
2.816775364106433588e-01
2.723361634413741794e-01
2.020389104498462873e-01
2.633004426111237306e-01
2.633004426111237306e-01
2.268346467883592954e-01
2.346152772093303973e-01
3.161167545980412275e-01
2.633004426111237306e-01
2.997665131716562015e-01
2.997665131716562015e-01
2.997665131716562015e-01
2.864625870635114646e-01
4.051727442169084648e-01
3.469521599866788319e-01
4.486577845702441891e-01
4.486577845702441891e-01
4.689501748758986288e-01
3.315540894994633558e-01
3.876401279447459491e-01
4.486577845702441891e-01
3.316559215533727567e-01
3.316559215533727567e-01
3.316559215533727567e-01
2.928656308763099569e-01
2.690994697425239113e-01
2.806411908269971223e-01
2.008048240675141261e-01
2.008048240675141261e-01
2.277070624451432157e-01
2.478175544596772084e-01
2.373069640355434107e-01
2.008048240675141261e-01
2.374100160974085827e-01
2.374100160974085827e-01
2.374100160974085827e-01
2.248096408213541009e-01
2.111885961377676091e-01
3.076374565787427517e-01
2.590267616251518690e-01
2.590267616251518690e-01
2.736595685482845486e-01
2.913098076211156906e-01
1.998961645665099651e-01
2.590267616251518690e-01
4.242539801832287960e-01
4.242539801832287960e-01
4.242539801832287960e-01
4.993167277387450254e-01
3.706525673626832607e-01
3.969188964110872408e-01
4.088311800730248247e-01
4.088311800730248247e-01
3.467710731340551966e-01
4.671452804003476955e-01
4.369866411936897399e-01
4.088311800730248247e-01
4.537664824203471170e-01
4.537664824203471170e-01
4.537664824203471170e-01
4.724086644365663168e-01
2.645138033389052845e-01
3.082707860293351088e-01
1.873378518272606208e-01
1.873378518272606208e-01
1.797000907514294810e-01
3.209355383327417988e-01
2.757563865936713543e-01
1.873378518272606208e-01
2.978243142780280794e-01
2.978243142780280794e-01
2.978243142780280794e-01
2.997598732999738336e-01
3.280590557646164696e-01
3.835730030552719771e-01
4.252241794634974426e-01
4.252241794634974426e-01
4.225128411834113140e-01
3.860658424610746708e-01
3.301642676997902925e-01
4.252241794634974426e-01
2.735416646406603758e-01
2.735416646406603758e-01
2.735416646406603758e-01
3.389846070221634311e-01
3.664844841402175590e-01
3.133372856714371490e-01
5.184128809256284276e-01
5.184128809256284276e-01
4.198016914609480343e-01
3.883010538385639476e-01
4.525714905447130731e-01
5.184128809256284276e-01
2.464727452625335991e-01
2.464727452625335991e-01
2.464727452625335991e-01
2.207129221386374962e-01
3.462198775036005038e-01
2.089504379558759783e-01
2.634749122797953591e-01
2.634749122797953591e-01
2.935123514624313756e-01
1.871122167859420871e-01
3.107884605205739059e-01
2.634749122797953591e-01
2.335267133459847100e-01
2.335267133459847100e-01
2.335267133459847100e-01
2.570938735407647391e-01
2.059031792694346885e-01
2.644228317653943283e-01
2.568280800342999104e-01
2.568280800342999104e-01
2.331446409356049687e-01
2.911079811690078234e-01
2.268193598296485147e-01
2.568280800342999104e-01
4.058705854281883796e-01
4.058705854281883796e-01
4.058705854281883796e-01
4.390972301133538314e-01
3.506325460229259838e-01
3.903939013513978984e-01
3.652925929355109735e-01
3.652925929355109735e-01
3.372622025275665014e-01
4.223535454181726601e-01
3.797741666406435623e-01
3.652925929355109735e-01
2.903592551551357759e-01
2.903592551551357759e-01
2.903592551551357759e-01
3.114890526408243820e-01
4.484251644655746771e-01
1.843336205202548150e-01
3.047322280224487034e-01
3.047322280224487034e-01
2.846812444609897463e-01
1.977478031310889173e-01
4.800091404955651453e-01
3.047322280224487034e-01
2.882423532787619092e-01
2.882423532787619092e-01
2.882423532787619092e-01
2.334030004451552731e-01
2.709837183303837049e-01
4.670016466666473964e-01
3.551740200692529714e-01
3.551740200692529714e-01
4.390397220971638537e-01
3.781525660783418563e-01
2.192202021105876530e-01
3.551740200692529714e-01
2.891080972766794654e-01
2.891080972766794654e-01
2.891080972766794654e-01
2.837978026766748152e-01
3.264418847699135373e-01
3.226029496831297472e-01
3.576342282024394525e-01
3.576342282024394525e-01
3.642620733175474523e-01
3.166774266079028788e-01
3.205021880245628729e-01
3.576342282024394525e-01
3.036373509053205133e-01
3.036373509053205133e-01
3.036373509053205133e-01
2.818930710640541459e-01
3.267488699383179207e-01
2.665511414356140363e-01
2.663513604173396443e-01
2.663513604173396443e-01
2.868398238397669719e-01
2.474627038830408687e-01
3.034097736425734881e-01
2.663513604173396443e-01
5.005666980502109231e-01
5.005666980502109231e-01
5.005666980502109231e-01
4.403860921224495573e-01
3.144631900616237652e-01
5.321555776336968080e-01
2.926982014334398863e-01
2.926982014334398863e-01
3.343077779716629450e-01
4.681772002574588476e-01
2.753235677210630894e-01
2.926982014334398863e-01
2.935566995590265793e-01
2.935566995590265793e-01
2.935566995590265793e-01
3.205157597561849037e-01
3.367016842926248144e-01
2.494041402903738325e-01
3.120413698083578380e-01
3.120413698083578380e-01
2.860598795103901915e-01
2.723084079892847953e-01
3.672827345214474404e-01
3.120413698083578380e-01
