-1.376803972297780092e+02
-1.367346010577714708e+02
-1.561108890762226054e+02
-1.376803972297780092e+02
-1.376803972297780092e+02
-1.376803972297780092e+02
-1.561108890762226054e+02
-1.367346010577714708e+02
-1.550384845490159194e+02
-1.550384845490159194e+02
-1.550384845490159194e+02
-1.550384845490159194e+02
-1.946130405290415126e+02
-1.952226285382485855e+02
-1.960043883011578600e+02
-1.946130405290415126e+02
-1.946130405290415126e+02
-1.946130405290415126e+02
-1.960043883011578600e+02
-1.952226285382485855e+02
-1.966183344403042952e+02
-1.966183344403042952e+02
-1.966183344403042952e+02
-1.966183344403042952e+02
-1.754883579943581253e+02
-1.766708287021609749e+02
-1.690297781459535997e+02
-1.754883579943581253e+02
-1.754883579943581253e+02
-1.754883579943581253e+02
-1.690297781459535997e+02
-1.766708287021609749e+02
-1.701687298330531917e+02
-1.701687298330531917e+02
-1.701687298330531917e+02
-1.701687298330531917e+02
-1.922015790157320509e+02
-1.981567638292059428e+02
-1.805893315732218980e+02
-1.922015790157320509e+02
-1.922015790157320509e+02
-1.922015790157320509e+02
-1.805893315732218980e+02
-1.981567638292059428e+02
-1.861847218419575256e+02
-1.861847218419575256e+02
-1.861847218419575256e+02
-1.861847218419575256e+02
-1.640988615321767270e+02
-1.621832618797838279e+02
-1.734462815547377090e+02
-1.640988615321767270e+02
-1.640988615321767270e+02
-1.640988615321767270e+02
-1.734462815547377090e+02
-1.621832618797838279e+02
-1.714215652736320692e+02
-1.714215652736320692e+02
-1.714215652736320692e+02
-1.714215652736320692e+02
-2.207894473037644616e+02
-2.243338325003393834e+02
-1.832956650049854090e+02
-2.207894473037644616e+02
-2.207894473037644616e+02
-2.207894473037644616e+02
-1.832956650049854090e+02
-2.243338325003393834e+02
-1.862381536500437562e+02
-1.862381536500437562e+02
-1.862381536500437562e+02
-1.862381536500437562e+02
-1.642107330690427034e+02
-1.597967130573794634e+02
-1.444242162431820304e+02
-1.642107330690427034e+02
-1.642107330690427034e+02
-1.642107330690427034e+02
-1.444242162431820304e+02
-1.597967130573794634e+02
-1.405420620821738567e+02
-1.405420620821738567e+02
-1.405420620821738567e+02
-1.405420620821738567e+02
-1.832368606444964030e+02
-1.829540703196364859e+02
-2.032762124751803583e+02
-1.832368606444964030e+02
-1.832368606444964030e+02
-1.832368606444964030e+02
-2.032762124751803583e+02
-1.829540703196364859e+02
-2.029624953226382331e+02
-2.029624953226382331e+02
-2.029624953226382331e+02
-2.029624953226382331e+02
-1.780090509540581536e+02
-1.766286123394478977e+02
-1.776228183195034092e+02
-1.780090509540581536e+02
-1.780090509540581536e+02
-1.780090509540581536e+02
-1.776228183195034092e+02
-1.766286123394478977e+02
-1.762453748921608963e+02
-1.762453748921608963e+02
-1.762453748921608963e+02
-1.762453748921608963e+02
-2.003941478971198649e+02
-1.973880504298656717e+02
-1.902906239892107862e+02
-2.003941478971198649e+02
-2.003941478971198649e+02
-2.003941478971198649e+02
-1.902906239892107862e+02
-1.973880504298656717e+02
-1.874360887204969686e+02
-1.874360887204969686e+02
-1.874360887204969686e+02
-1.874360887204969686e+02
-1.529882804239071561e+02
-1.536719856665872612e+02
-1.500154663642617834e+02
-1.529882804239071561e+02
-1.529882804239071561e+02
-1.529882804239071561e+02
-1.500154663642617834e+02
-1.536719856665872612e+02
-1.506858860889109621e+02
-1.506858860889109621e+02
-1.506858860889109621e+02
-1.506858860889109621e+02
-1.851212892124422069e+02
-1.859602944343272668e+02
-2.103170875596120197e+02
-1.851212892124422069e+02
-1.851212892124422069e+02
-1.851212892124422069e+02
-2.103170875596120197e+02
-1.859602944343272668e+02
-2.112702849766399140e+02
-2.112702849766399140e+02
-2.112702849766399140e+02
-2.112702849766399140e+02
-1.601884984723352829e+02
-1.638455576019840692e+02
-1.584646558295960119e+02
-1.601884984723352829e+02
-1.601884984723352829e+02
-1.601884984723352829e+02
-1.584646558295960119e+02
-1.638455576019840692e+02
-1.620823601083358483e+02
-1.620823601083358483e+02
-1.620823601083358483e+02
-1.620823601083358483e+02
-1.812697111647501913e+02
-1.807065549946810563e+02
-2.004679974359688117e+02
-1.812697111647501913e+02
-1.812697111647501913e+02
-1.812697111647501913e+02
-2.004679974359688117e+02
-1.807065549946810563e+02
-1.998451973612510528e+02
-1.998451973612510528e+02
-1.998451973612510528e+02
-1.998451973612510528e+02
-1.736924604887605312e+02
-1.795697560475751402e+02
-1.752960974948506987e+02
-1.736924604887605312e+02
-1.736924604887605312e+02
-1.736924604887605312e+02
-1.752960974948506987e+02
-1.795697560475751402e+02
-1.812276559078348157e+02
-1.812276559078348157e+02
-1.812276559078348157e+02
-1.812276559078348157e+02
-2.053553496717944142e+02
-1.990315447632042947e+02
-1.915111941361845709e+02
-2.053553496717944142e+02
-2.053553496717944142e+02
-2.053553496717944142e+02
-1.915111941361845709e+02
-1.990315447632042947e+02
-1.856137123736497756e+02
-1.856137123736497756e+02
-1.856137123736497756e+02
-1.856137123736497756e+02
-1.699943565425096494e+02
-1.719335182434100773e+02
-1.952360965426053667e+02
-1.699943565425096494e+02
-1.699943565425096494e+02
-1.699943565425096494e+02
-1.952360965426053667e+02
-1.719335182434100773e+02
-1.974631961284321733e+02
-1.974631961284321733e+02
-1.974631961284321733e+02
-1.974631961284321733e+02
-2.086776766677141381e+02
-2.047257087182619273e+02
-1.617575646405417729e+02
-2.086776766677141381e+02
-2.086776766677141381e+02
-2.086776766677141381e+02
-1.617575646405417729e+02
-2.047257087182619273e+02
-1.586941765424521691e+02
-1.586941765424521691e+02
-1.586941765424521691e+02
-1.586941765424521691e+02
-1.629731544508929630e+02
-1.576665158231171802e+02
-1.876538862355390052e+02
-1.629731544508929630e+02
-1.629731544508929630e+02
-1.629731544508929630e+02
-1.876538862355390052e+02
-1.576665158231171802e+02
-1.815436077378014375e+02
-1.815436077378014375e+02
-1.815436077378014375e+02
-1.815436077378014375e+02
-1.764965130110110181e+02
-1.872662180559259184e+02
-1.613457839215813294e+02
-1.764965130110110181e+02
-1.764965130110110181e+02
-1.764965130110110181e+02
-1.613457839215813294e+02
-1.872662180559259184e+02
-1.711910011070766586e+02
-1.711910011070766586e+02
-1.711910011070766586e+02
-1.711910011070766586e+02
-1.510031264645615749e+02
-1.555669068210403054e+02
-1.773485358384841106e+02
-1.510031264645615749e+02
-1.510031264645615749e+02
-1.510031264645615749e+02
-1.773485358384841106e+02
-1.555669068210403054e+02
-1.827085557470777815e+02
-1.827085557470777815e+02
-1.827085557470777815e+02
-1.827085557470777815e+02
-1.888142655133733001e+02
-1.857301242227848093e+02
-1.746083315368699971e+02
-1.888142655133733001e+02
-1.888142655133733001e+02
-1.888142655133733001e+02
-1.746083315368699971e+02
-1.857301242227848093e+02
-1.717562336643420338e+02
-1.717562336643420338e+02
-1.717562336643420338e+02
-1.717562336643420338e+02
-1.815283956279517952e+02
-1.748530302151328897e+02
-2.154951807667822834e+02
-1.815283956279517952e+02
-1.815283956279517952e+02
-1.815283956279517952e+02
-2.154951807667822834e+02
-1.748530302151328897e+02
-2.075707506998300573e+02
-2.075707506998300573e+02
-2.075707506998300573e+02
-2.075707506998300573e+02
-1.951930065268612111e+02
-1.992319192296468771e+02
-1.432228346623999187e+02
-1.951930065268612111e+02
-1.951930065268612111e+02
-1.951930065268612111e+02
-1.432228346623999187e+02
-1.992319192296468771e+02
-1.461863861570961944e+02
-1.461863861570961944e+02
-1.461863861570961944e+02
-1.461863861570961944e+02
-1.572256774557539813e+02
-1.610276522881853509e+02
-1.826807156110928929e+02
-1.572256774557539813e+02
-1.572256774557539813e+02
-1.572256774557539813e+02
-1.826807156110928929e+02
-1.610276522881853509e+02
-1.870982350288062150e+02
-1.870982350288062150e+02
-1.870982350288062150e+02
-1.870982350288062150e+02
-1.915095134633945406e+02
-1.800057908860142959e+02
-1.838685463531560060e+02
-1.915095134633945406e+02
-1.915095134633945406e+02
-1.915095134633945406e+02
-1.838685463531560060e+02
-1.800057908860142959e+02
-1.728238065399707750e+02
-1.728238065399707750e+02
-1.728238065399707750e+02
-1.728238065399707750e+02
-1.697180731982904831e+02
-1.669516144353213747e+02
-2.218242736560542028e+02
-1.697180731982904831e+02
-1.697180731982904831e+02
-1.697180731982904831e+02
-2.218242736560542028e+02
-1.669516144353213747e+02
-2.182084671946052765e+02
-2.182084671946052765e+02
-2.182084671946052765e+02
-2.182084671946052765e+02
-2.117129325705958252e+02
-2.157275356363882963e+02
-1.523088401466336279e+02
-2.117129325705958252e+02
-2.117129325705958252e+02
-2.117129325705958252e+02
-1.523088401466336279e+02
-2.157275356363882963e+02
-1.551969940689079692e+02
-1.551969940689079692e+02
-1.551969940689079692e+02
-1.551969940689079692e+02
-1.690183346978804479e+02
-1.775012663599794678e+02
-1.955038993653490991e+02
-1.690183346978804479e+02
-1.690183346978804479e+02
-1.690183346978804479e+02
-1.955038993653490991e+02
-1.775012663599794678e+02
-2.053161260740940577e+02
-2.053161260740940577e+02
-2.053161260740940577e+02
-2.053161260740940577e+02
-2.016276522083089446e+02
-1.970641924194351873e+02
-1.657781171768009187e+02
-2.016276522083089446e+02
-2.016276522083089446e+02
-2.016276522083089446e+02
-1.657781171768009187e+02
-1.970641924194351873e+02
-1.620260436723693829e+02
-1.620260436723693829e+02
-1.620260436723693829e+02
-1.620260436723693829e+02
-1.470245461125252859e+02
-1.437749870194268169e+02
-1.931430988642257489e+02
-1.470245461125252859e+02
-1.470245461125252859e+02
-1.470245461125252859e+02
-1.931430988642257489e+02
-1.437749870194268169e+02
-1.888742204369249009e+02
-1.888742204369249009e+02
-1.888742204369249009e+02
-1.888742204369249009e+02
-1.893458685749564268e+02
-1.921938851111543443e+02
-1.692179043447236211e+02
-1.893458685749564268e+02
-1.893458685749564268e+02
-1.893458685749564268e+02
-1.692179043447236211e+02
-1.921938851111543443e+02
-1.717631692265065908e+02
-1.717631692265065908e+02
-1.717631692265065908e+02
-1.717631692265065908e+02
-1.735506468649775513e+02
-1.763274462347778524e+02
-1.840796817228735449e+02
-1.735506468649775513e+02
-1.735506468649775513e+02
-1.735506468649775513e+02
-1.840796817228735449e+02
-1.763274462347778524e+02
-1.870249449842590650e+02
-1.870249449842590650e+02
-1.870249449842590650e+02
-1.870249449842590650e+02
-2.007786424728389534e+02
-1.968513753951164915e+02
-1.694417669477368236e+02
-2.007786424728389534e+02
-2.007786424728389534e+02
-2.007786424728389534e+02
-1.694417669477368236e+02
-1.968513753951164915e+02
-1.661274549037404427e+02
-1.661274549037404427e+02
-1.661274549037404427e+02
-1.661274549037404427e+02
-1.292376267760817825e+02
-1.262498664474355223e+02
-1.958716079847207538e+02
-1.292376267760817825e+02
-1.292376267760817825e+02
-1.292376267760817825e+02
-1.958716079847207538e+02
-1.262498664474355223e+02
-1.913433801423846035e+02
-1.913433801423846035e+02
-1.913433801423846035e+02
-1.913433801423846035e+02
-1.866869199666024883e+02
-1.970667307670281900e+02
-1.556146782951276748e+02
-1.866869199666024883e+02
-1.866869199666024883e+02
-1.866869199666024883e+02
-1.556146782951276748e+02
-1.970667307670281900e+02
-1.642668694543234835e+02
-1.642668694543234835e+02
-1.642668694543234835e+02
-1.642668694543234835e+02
-1.585141812174327356e+02
-1.617851409779875667e+02
-2.050943807383202113e+02
-1.585141812174327356e+02
-1.585141812174327356e+02
-1.585141812174327356e+02
-2.050943807383202113e+02
-1.617851409779875667e+02
-2.093265286846969957e+02
-2.093265286846969957e+02
-2.093265286846969957e+02
-2.093265286846969957e+02
-1.854067659471374441e+02
-1.819907552040557732e+02
-1.496420852401375896e+02
-1.854067659471374441e+02
-1.854067659471374441e+02
-1.854067659471374441e+02
-1.496420852401375896e+02
-1.819907552040557732e+02
-1.468850177286790597e+02
-1.468850177286790597e+02
-1.468850177286790597e+02
-1.468850177286790597e+02
-1.732706653402561017e+02
-1.633319135947004099e+02
-1.871319230869140142e+02
-1.732706653402561017e+02
-1.732706653402561017e+02
-1.732706653402561017e+02
-1.871319230869140142e+02
-1.633319135947004099e+02
-1.763980938863565200e+02
-1.763980938863565200e+02
-1.763980938863565200e+02
-1.763980938863565200e+02
-2.369873942669321991e+02
-2.419897276860326372e+02
-1.743211746356097365e+02
-2.369873942669321991e+02
-2.369873942669321991e+02
-2.369873942669321991e+02
-1.743211746356097365e+02
-2.419897276860326372e+02
-1.780007485649908006e+02
-1.780007485649908006e+02
-1.780007485649908006e+02
-1.780007485649908006e+02
-1.482482571202447161e+02
-1.534164370472294081e+02
-2.243369815078205249e+02
-1.482482571202447161e+02
-1.482482571202447161e+02
-1.482482571202447161e+02
-2.243369815078205249e+02
-1.534164370472294081e+02
-2.321577404646604066e+02
-2.321577404646604066e+02
-2.321577404646604066e+02
-2.321577404646604066e+02
-1.930650901551618972e+02
-1.830327246798563863e+02
-1.567056865796834586e+02
-1.930650901551618972e+02
-1.930650901551618972e+02
-1.930650901551618972e+02
-1.567056865796834586e+02
-1.830327246798563863e+02
-1.485626881817722733e+02
-1.485626881817722733e+02
-1.485626881817722733e+02
-1.485626881817722733e+02
-1.796762209926006619e+02
-1.782038000275007334e+02
-1.845361803655817710e+02
-1.796762209926006619e+02
-1.796762209926006619e+02
-1.796762209926006619e+02
-1.845361803655817710e+02
-1.782038000275007334e+02
-1.830239327276434267e+02
-1.830239327276434267e+02
-1.830239327276434267e+02
-1.830239327276434267e+02
-1.894679007443938872e+02
-1.936770656002925648e+02
-1.728353178042119396e+02
-1.894679007443938872e+02
-1.894679007443938872e+02
-1.894679007443938872e+02
-1.728353178042119396e+02
-1.936770656002925648e+02
-1.766749779403160119e+02
-1.766749779403160119e+02
-1.766749779403160119e+02
-1.766749779403160119e+02
-1.659538905284358634e+02
-1.728424101710169509e+02
-1.861040674859958699e+02
-1.659538905284358634e+02
-1.659538905284358634e+02
-1.659538905284358634e+02
-1.861040674859958699e+02
-1.728424101710169509e+02
-1.938289934901973481e+02
-1.938289934901973481e+02
-1.938289934901973481e+02
-1.938289934901973481e+02
-2.113171774110611523e+02
-2.070603421580927375e+02
-1.708861198250227176e+02
-2.113171774110611523e+02
-2.113171774110611523e+02
-2.113171774110611523e+02
-1.708861198250227176e+02
-2.070603421580927375e+02
-1.674437396644212015e+02
-1.674437396644212015e+02
-1.674437396644212015e+02
-1.674437396644212015e+02
-1.680731959009714558e+02
-1.633512420994856029e+02
-2.061070437013731009e+02
-1.680731959009714558e+02
-1.680731959009714558e+02
-1.680731959009714558e+02
-2.061070437013731009e+02
-1.633512420994856029e+02
-2.003165431203516391e+02
-2.003165431203516391e+02
-2.003165431203516391e+02
-2.003165431203516391e+02
-1.785786591645796477e+02
-1.816764414336247739e+02
-1.632312651882882335e+02
-1.785786591645796477e+02
-1.785786591645796477e+02
-1.785786591645796477e+02
-1.632312651882882335e+02
-1.816764414336247739e+02
-1.660628180816721056e+02
-1.660628180816721056e+02
-1.660628180816721056e+02
-1.660628180816721056e+02
-1.613642987844657171e+02
-1.600947774738274063e+02
-1.667379682400708703e+02
-1.613642987844657171e+02
-1.613642987844657171e+02
-1.613642987844657171e+02
-1.667379682400708703e+02
-1.600947774738274063e+02
-1.654261699949333888e+02
-1.654261699949333888e+02
-1.654261699949333888e+02
-1.654261699949333888e+02
-1.862315475948084327e+02
-1.849326250293843543e+02
-1.928156194946342623e+02
-1.862315475948084327e+02
-1.862315475948084327e+02
-1.862315475948084327e+02
-1.928156194946342623e+02
-1.849326250293843543e+02
-1.914707745295227426e+02
-1.914707745295227426e+02
-1.914707745295227426e+02
-1.914707745295227426e+02
-1.734394953096637266e+02
-1.744192925420426832e+02
-1.567374263123599292e+02
-1.734394953096637266e+02
-1.734394953096637266e+02
-1.734394953096637266e+02
-1.567374263123599292e+02
-1.744192925420426832e+02
-1.576228699435055205e+02
-1.576228699435055205e+02
-1.576228699435055205e+02
-1.576228699435055205e+02
-1.995258009292177519e+02
-2.016287052965975306e+02
-1.902098384991857642e+02
-1.995258009292177519e+02
-1.995258009292177519e+02
-1.995258009292177519e+02
-1.902098384991857642e+02
-2.016287052965975306e+02
-1.922145571783526634e+02
-1.922145571783526634e+02
-1.922145571783526634e+02
-1.922145571783526634e+02
-1.734741201951125333e+02
-1.691180861606423775e+02
-1.288734896615425498e+02
-1.734741201951125333e+02
-1.734741201951125333e+02
-1.734741201951125333e+02
-1.288734896615425498e+02
-1.691180861606423775e+02
-1.256374028811328145e+02
-1.256374028811328145e+02
-1.256374028811328145e+02
-1.256374028811328145e+02
-1.983850158322875927e+02
-2.041220072744093841e+02
-2.077477611893392009e+02
-1.983850158322875927e+02
-1.983850158322875927e+02
-1.983850158322875927e+02
-2.077477611893392009e+02
-2.041220072744093841e+02
-2.137555089169739233e+02
-2.137555089169739233e+02
-2.137555089169739233e+02
-2.137555089169739233e+02
-1.582946334000891397e+02
-1.542853252309104732e+02
-1.796532334943977389e+02
-1.582946334000891397e+02
-1.582946334000891397e+02
-1.582946334000891397e+02
-1.796532334943977389e+02
-1.542853252309104732e+02
-1.751029517748151534e+02
-1.751029517748151534e+02
-1.751029517748151534e+02
-1.751029517748151534e+02
-1.853451706140176896e+02
-1.859180572565644241e+02
-1.818034480299796769e+02
-1.853451706140176896e+02
-1.853451706140176896e+02
-1.853451706140176896e+02
-1.818034480299796769e+02
-1.859180572565644241e+02
-1.823653874999980928e+02
-1.823653874999980928e+02
-1.823653874999980928e+02
-1.823653874999980928e+02
-1.687041955444911991e+02
-1.676289805267281849e+02
-1.502589433955139100e+02
-1.687041955444911991e+02
-1.687041955444911991e+02
-1.687041955444911991e+02
-1.502589433955139100e+02
-1.676289805267281849e+02
-1.493012868774254116e+02
-1.493012868774254116e+02
-1.493012868774254116e+02
-1.493012868774254116e+02
-2.195967240990506184e+02
-2.145936183667294017e+02
-2.185786630252962652e+02
-2.195967240990506184e+02
-2.195967240990506184e+02
-2.195967240990506184e+02
-2.185786630252962652e+02
-2.145936183667294017e+02
-2.135987519340374376e+02
-2.135987519340374376e+02
-2.135987519340374376e+02
-2.135987519340374376e+02
-1.589787943784351683e+02
-1.602393029334855044e+02
-1.806363640544769567e+02
-1.589787943784351683e+02
-1.589787943784351683e+02
-1.589787943784351683e+02
-1.806363640544769567e+02
-1.602393029334855044e+02
-1.820685908060640088e+02
-1.820685908060640088e+02
-1.820685908060640088e+02
-1.820685908060640088e+02
-1.830844744772065269e+02
-1.826204554172058181e+02
-1.819025902599080666e+02
-1.830844744772065269e+02
-1.830844744772065269e+02
-1.830844744772065269e+02
-1.819025902599080666e+02
-1.826204554172058181e+02
-1.814415666303233365e+02
-1.814415666303233365e+02
-1.814415666303233365e+02
-1.814415666303233365e+02
-1.391647491908177301e+02
-1.447871500388483526e+02
-1.654410733103404425e+02
-1.391647491908177301e+02
-1.391647491908177301e+02
-1.391647491908177301e+02
-1.654410733103404425e+02
-1.447871500388483526e+02
-1.721250650272638723e+02
-1.721250650272638723e+02
-1.721250650272638723e+02
-1.721250650272638723e+02
-1.896068812467021871e+02
-1.902837239622199093e+02
-1.922314228477984273e+02
-1.896068812467021871e+02
-1.896068812467021871e+02
-1.896068812467021871e+02
-1.922314228477984273e+02
-1.902837239622199093e+02
-1.929176344314321057e+02
-1.929176344314321057e+02
-1.929176344314321057e+02
-1.929176344314321057e+02
-1.755492283638489823e+02
-1.779480841866275398e+02
-1.651137912336517957e+02
-1.755492283638489823e+02
-1.755492283638489823e+02
-1.755492283638489823e+02
-1.651137912336517957e+02
-1.779480841866275398e+02
-1.673700482574705006e+02
-1.673700482574705006e+02
-1.673700482574705006e+02
-1.673700482574705006e+02
-1.995399916747290092e+02
-1.970897869734705807e+02
-1.961371386090897317e+02
-1.995399916747290092e+02
-1.995399916747290092e+02
-1.995399916747290092e+02
-1.961371386090897317e+02
-1.970897869734705807e+02
-1.937287184469061287e+02
-1.937287184469061287e+02
-1.937287184469061287e+02
-1.937287184469061287e+02
