5.480707535084988535e+01
5.480707535084988535e+01
5.480707535084988535e+01
6.670971180234484166e+01
8.572209218320324453e+01
4.857689581677927038e+01
9.188550728708199244e+01
9.188550728708199244e+01
7.597765643437566041e+01
5.912650327435551389e+01
1.036701879948997913e+02
9.188550728708199244e+01
7.360504990581857498e+01
7.360504990581857498e+01
7.360504990581857498e+01
7.158420154357673937e+01
8.147442617643821450e+01
7.334133986637526448e+01
7.896885457936062380e+01
7.896885457936062380e+01
8.118252196377748930e+01
7.132773174107362024e+01
7.925279921132208472e+01
7.896885457936062380e+01
7.035276385471735239e+01
7.035276385471735239e+01
7.035276385471735239e+01
6.371274764099173638e+01
8.386595125197554523e+01
6.688916573775833285e+01
7.228326005723781122e+01
7.228326005723781122e+01
7.973707365118686141e+01
6.057604993837792051e+01
7.602617059679296574e+01
7.228326005723781122e+01
1.045269198318486872e+02
1.045269198318486872e+02
1.045269198318486872e+02
1.020265541161157614e+02
8.050585221232917377e+01
1.065259378483032862e+02
8.003775759844131699e+01
8.003775759844131699e+01
8.204548094396469082e+01
1.039777540573652743e+02
7.853580490346715237e+01
8.003775759844131699e+01
1.116347625224083231e+02
1.116347625224083231e+02
1.116347625224083231e+02
9.033228540558474151e+01
8.936809345022130913e+01
8.755757713774528384e+01
5.655891422259712442e+01
5.655891422259712442e+01
7.009334331992069167e+01
7.084958008345016367e+01
7.211187385680878492e+01
5.655891422259712442e+01
6.286939160225649914e+01
6.286939160225649914e+01
6.286939160225649914e+01
7.604417963672317171e+01
4.021373707240346818e+01
7.928690064466528042e+01
6.157968054746448416e+01
6.157968054746448416e+01
5.071502196143260477e+01
9.590211010162764182e+01
4.882870965572153921e+01
6.157968054746448416e+01
6.756819249788371451e+01
6.756819249788371451e+01
6.756819249788371451e+01
6.209577546729896369e+01
5.946926674632453569e+01
1.092594052082287845e+02
8.826260999635945836e+01
8.826260999635945836e+01
9.616324593966945145e+01
1.004103742114058946e+02
5.458335610773117708e+01
8.826260999635945836e+01
7.333439626051050197e+01
7.333439626051050197e+01
7.333439626051050197e+01
7.390113243027701628e+01
1.413753870537003365e+02
6.165000869463837319e+01
1.197347354106400275e+02
1.197347354106400275e+02
1.188500115294713169e+02
6.212644664974955333e+01
1.424277906633109865e+02
1.197347354106400275e+02
7.331431109434203108e+01
7.331431109434203108e+01
7.331431109434203108e+01
5.706561966979493405e+01
7.894676860954669451e+01
9.200080355973990720e+01
7.721161535149198585e+01
7.721161535149198585e+01
9.906887266766766231e+01
7.161061444742681203e+01
6.152898854084708091e+01
7.721161535149198585e+01
1.260090696061770359e+02
1.260090696061770359e+02
1.260090696061770359e+02
1.348482102683489074e+02
7.224150309367063016e+01
9.851727637223930856e+01
6.060393578434234740e+01
6.060393578434234740e+01
5.648034818500278220e+01
1.054279540419488654e+02
7.751580071908453817e+01
6.060393578434234740e+01
8.006927823620486606e+01
8.006927823620486606e+01
8.006927823620486606e+01
8.427600816452918764e+01
8.936001110969162653e+01
6.196635705803343797e+01
7.275266184550254422e+01
7.275266184550254422e+01
6.915654139903540454e+01
6.522198436637842178e+01
9.400670622409728594e+01
7.275266184550254422e+01
7.459957663449910115e+01
7.459957663449910115e+01
7.459957663449910115e+01
8.175546977753732847e+01
8.661855516950639355e+01
8.765158426418682325e+01
1.114605931641801533e+02
1.114605931641801533e+02
1.017734138690944405e+02
9.605947877390535439e+01
9.486323757042848115e+01
1.114605931641801533e+02
7.457198817066210950e+01
7.457198817066210950e+01
7.457198817066210950e+01
8.558954446262904980e+01
6.772484061023618551e+01
7.976985470327960570e+01
8.324907741760047486e+01
8.324907741760047486e+01
7.244544268978877710e+01
9.155536406349763467e+01
7.782450199384160783e+01
8.324907741760047486e+01
6.954829028578150485e+01
6.954829028578150485e+01
6.954829028578150485e+01
6.389865930819765083e+01
1.065591526219756418e+02
7.020517651017696892e+01
9.912396393147726315e+01
9.912396393147726315e+01
1.075656078368055262e+02
6.450218455496384706e+01
9.819649433947898842e+01
9.912396393147726315e+01
1.041027210065710875e+02
1.041027210065710875e+02
1.041027210065710875e+02
1.061189557084297945e+02
9.373275143034290124e+01
1.109259857788303236e+02
1.018209125150180938e+02
1.018209125150180938e+02
9.987633129701346490e+01
1.130743717163222612e+02
9.555771782204288911e+01
1.018209125150180938e+02
5.727365463105755339e+01
5.727365463105755339e+01
5.727365463105755339e+01
5.915103775394393182e+01
5.152917995062303191e+01
5.581293172141912606e+01
5.187481583473034874e+01
5.187481583473034874e+01
5.021496569009390498e+01
5.764243355306550143e+01
5.323247130248613956e+01
5.187481583473034874e+01
9.032212708279577384e+01
9.032212708279577384e+01
9.032212708279577384e+01
8.631338739809127958e+01
6.284787073817415859e+01
1.057580188603458140e+02
7.025959280343531077e+01
7.025959280343531077e+01
7.358846069654212840e+01
1.010641926532574644e+02
6.000486713312299258e+01
7.025959280343531077e+01
7.095114665753284555e+01
7.095114665753284555e+01
7.095114665753284555e+01
6.785251719859432740e+01
9.055118315995294154e+01
5.620745369008918146e+01
6.867399476565564953e+01
6.867399476565564953e+01
7.173459026127623872e+01
5.375272138453958348e+01
8.668776744526010702e+01
6.867399476565564953e+01
7.609137505235244703e+01
7.609137505235244703e+01
7.609137505235244703e+01
9.895543559681620138e+01
7.973116894541473698e+01
8.531610153412856334e+01
1.161378326262769747e+02
1.161378326262769747e+02
8.939715572890621331e+01
1.109520229450878190e+02
1.035805342863482963e+02
1.161378326262769747e+02
1.083550852348444664e+02
1.083550852348444664e+02
1.083550852348444664e+02
1.038047009946684227e+02
1.062866175307650991e+02
8.396299639599637032e+01
7.889657698393975238e+01
7.889657698393975238e+01
8.236016671793889543e+01
8.043696072604851111e+01
1.018168203944648837e+02
7.889657698393975238e+01
9.352000820221186927e+01
9.352000820221186927e+01
9.352000820221186927e+01
9.215478996976426629e+01
1.166540609632319558e+02
7.213902232589518349e+01
8.870037330213629900e+01
8.870037330213629900e+01
8.998405870578075394e+01
7.108592673230512560e+01
1.149899093625136999e+02
8.870037330213629900e+01
6.806101177199332142e+01
6.806101177199332142e+01
6.806101177199332142e+01
6.760232388347000665e+01
5.486367988694371434e+01
1.050946999564820885e+02
8.413756983353211183e+01
8.413756983353211183e+01
8.471637176865266383e+01
1.043864285869714763e+02
5.448883847880224351e+01
8.413756983353211183e+01
5.657974862891796164e+01
5.657974862891796164e+01
5.657974862891796164e+01
4.873223680075445685e+01
6.370584380323356299e+01
6.667957997263634695e+01
6.472737584536861277e+01
6.472737584536861277e+01
7.507772674039235028e+01
5.743123926394691381e+01
5.492324121182755192e+01
6.472737584536861277e+01
8.005032826720179173e+01
8.005032826720179173e+01
8.005032826720179173e+01
9.096371371363166247e+01
8.031997649074139645e+01
6.954579198187938971e+01
7.929126403094102216e+01
7.929126403094102216e+01
6.978005584648181525e+01
7.902707769931038229e+01
9.126780403984797374e+01
7.929126403094102216e+01
9.617910657425120746e+01
9.617910657425120746e+01
9.617910657425120746e+01
1.021971197925884525e+02
9.474295566244879296e+01
9.728774657426126282e+01
1.018397562364470161e+02
1.018397562364470161e+02
9.583504139819520162e+01
1.033751283947001696e+02
1.006792439280565361e+02
1.018397562364470161e+02
7.155225680641120789e+01
7.155225680641120789e+01
7.155225680641120789e+01
7.302840752288892645e+01
7.209051468763702530e+01
6.586531417789898057e+01
6.772932152659200256e+01
6.772932152659200256e+01
6.636079155398769558e+01
6.722414106965989333e+01
7.357720626831593336e+01
6.772932152659200256e+01
1.081228517850146460e+02
1.081228517850146460e+02
1.081228517850146460e+02
8.079798031262370728e+01
9.196655236574676451e+01
5.871452251139410095e+01
3.722625115807767315e+01
3.722625115807767315e+01
4.994108201946563241e+01
4.387615342752384606e+01
6.855217864874011013e+01
3.722625115807767315e+01
5.069516793559343171e+01
5.069516793559343171e+01
5.069516793559343171e+01
5.152674679403249058e+01
7.292067333840334697e+01
8.212489121955890425e+01
1.200186514188211362e+02
1.200186514188211362e+02
1.181296484347717382e+02
8.347202796001820957e+01
7.408674274909151336e+01
1.200186514188211362e+02
4.844049242187285387e+01
4.844049242187285387e+01
4.844049242187285387e+01
5.224645608661823815e+01
3.976183677155967189e+01
5.609803187054539109e+01
4.969402036325810457e+01
4.969402036325810457e+01
4.604744243754195310e+01
6.050564748897408407e+01
4.291064653344311353e+01
4.969402036325810457e+01
1.043401983058621738e+02
1.043401983058621738e+02
1.043401983058621738e+02
1.025990680002011572e+02
9.718204863877438981e+01
9.666610264966682564e+01
8.852294286513085808e+01
8.852294286513085808e+01
9.003442625135285482e+01
9.505303037660003440e+01
9.555057212393053589e+01
8.852294286513085808e+01
7.514929610196040244e+01
7.514929610196040244e+01
7.514929610196040244e+01
8.818125928251538426e+01
1.044359286399312055e+02
8.662732748832905827e+01
1.406509900383778700e+02
1.406509900383778700e+02
1.203870942392376548e+02
1.016497455390063323e+02
1.220148791829226127e+02
1.406509900383778700e+02
1.137132036095550802e+02
1.137132036095550802e+02
1.137132036095550802e+02
9.845167211996464118e+01
8.196274497585375229e+01
1.033046457181027051e+02
6.416613357657351457e+01
6.416613357657351457e+01
7.446041500058748852e+01
8.944005432851201931e+01
7.063125343018523949e+01
6.416613357657351457e+01
9.878126319797522115e+01
9.878126319797522115e+01
9.878126319797522115e+01
9.004219844586529575e+01
9.942580771220232805e+01
9.906658751836005194e+01
9.089531724777756949e+01
9.089531724777756949e+01
9.971299376445335838e+01
9.030228045176181695e+01
9.063352722079113732e+01
9.089531724777756949e+01
3.481312490322474673e+01
3.481312490322474673e+01
3.481312490322474673e+01
4.341765409211723181e+01
3.832673846181480570e+01
4.238491070606180955e+01
5.812564522532905187e+01
5.812564522532905187e+01
4.666272826338924773e+01
5.286090797297560329e+01
4.774188062688326539e+01
5.812564522532905187e+01
9.821527958047408902e+01
9.821527958047408902e+01
9.821527958047408902e+01
8.834411304506018325e+01
8.107951427539934741e+01
9.560519623367021325e+01
7.085057247331270958e+01
7.085057247331270958e+01
7.892481603617304131e+01
8.599635718434262799e+01
7.278483867022670495e+01
7.085057247331270958e+01
7.478291419092221304e+01
7.478291419092221304e+01
7.478291419092221304e+01
6.087485550483299335e+01
1.006636372399388080e+02
7.822437926121628493e+01
8.590104270743938741e+01
8.590104270743938741e+01
1.052961177357585001e+02
6.367628001664363779e+01
8.212184444761933833e+01
8.590104270743938741e+01
7.712741537778477152e+01
7.712741537778477152e+01
7.712741537778477152e+01
8.705747862923578850e+01
7.370757283331725773e+01
5.693319333429555229e+01
6.143501130451581815e+01
6.143501130451581815e+01
5.440876598504071637e+01
6.426327444938870315e+01
8.322602963442088253e+01
6.143501130451581815e+01
9.800952114165775697e+01
9.800952114165775697e+01
9.800952114165775697e+01
8.760868324799284323e+01
9.295417792790114220e+01
1.248796814451499699e+02
1.058297701499450625e+02
1.058297701499450625e+02
1.184383720419812249e+02
1.116273636315956139e+02
8.305854863574093372e+01
1.058297701499450625e+02
5.732807919235710870e+01
5.732807919235710870e+01
5.732807919235710870e+01
5.751802831125255011e+01
7.447498887481560814e+01
6.689598126383226884e+01
8.718777961124870046e+01
8.718777961124870046e+01
8.690466400726687368e+01
6.711763237926690806e+01
7.471761142790515464e+01
8.718777961124870046e+01
1.216124867825814135e+02
1.216124867825814135e+02
1.216124867825814135e+02
1.239350497341589659e+02
9.381259114263721699e+01
9.328687564824883793e+01
7.337399159281584105e+01
7.337399159281584105e+01
7.196204728391991523e+01
9.506847428981267001e+01
9.565325798253445555e+01
7.337399159281584105e+01
9.816854760421054493e+01
9.816854760421054493e+01
9.816854760421054493e+01
1.039411711617591862e+02
5.529580986226840622e+01
1.335855992639444878e+02
7.989081099017634813e+01
7.989081099017634813e+01
7.524532121038967603e+01
1.414408583675967463e+02
5.870965826437642932e+01
7.989081099017634813e+01
9.785623096427754319e+01
9.785623096427754319e+01
9.785623096427754319e+01
8.554959425728560518e+01
1.153906727830187435e+02
7.910135482303532228e+01
8.167245883994486633e+01
8.167245883994486633e+01
9.327519015534483060e+01
6.915337678172565461e+01
1.010369419530432396e+02
8.167245883994486633e+01
8.298199371896136256e+01
8.298199371896136256e+01
8.298199371896136256e+01
8.762392959214736265e+01
8.533269408598825123e+01
6.795082237893525701e+01
7.377767173965322911e+01
7.377767173965322911e+01
6.987572217884742543e+01
7.175192844878370124e+01
9.009778069731476080e+01
7.377767173965322911e+01
6.496807076943343873e+01
6.496807076943343873e+01
6.496807076943343873e+01
7.904527799308951330e+01
6.363205514961406095e+01
8.352187748330267425e+01
9.957448531023058536e+01
9.957448531023058536e+01
8.180431789452640601e+01
1.016193023123994834e+02
7.745470292808323620e+01
9.957448531023058536e+01
7.355162239141100144e+01
7.355162239141100144e+01
7.355162239141100144e+01
5.856861748534555545e+01
9.662698574467404455e+01
7.465040458282754798e+01
7.857733450528228047e+01
7.857733450528228047e+01
9.807048906512433462e+01
5.944356968594174617e+01
7.742075168050217826e+01
7.857733450528228047e+01
8.444112112626750388e+01
8.444112112626750388e+01
8.444112112626750388e+01
9.686623960346713602e+01
6.265068374539480800e+01
7.701847708546048921e+01
6.575007126549024861e+01
6.575007126549024861e+01
5.714348869453968405e+01
8.835138799375307883e+01
7.208672440548797056e+01
6.575007126549024861e+01
9.140668605511808664e+01
9.140668605511808664e+01
9.140668605511808664e+01
8.795365654213188122e+01
1.020407846785897732e+02
9.727555439828260830e+01
1.045259164983912257e+02
1.045259164983912257e+02
1.085924271979425981e+02
9.360081926975144029e+01
9.821961635780320421e+01
1.045259164983912257e+02
6.083573943788623950e+01
6.083573943788623950e+01
6.083573943788623950e+01
7.064477748704440785e+01
6.830195944323898516e+01
5.067139557641687020e+01
6.603579901162574117e+01
6.603579901162574117e+01
5.689017077085756569e+01
5.884155429899633560e+01
7.928213968737838968e+01
6.603579901162574117e+01
7.518149615667623209e+01
7.518149615667623209e+01
7.518149615667623209e+01
7.184486906319085620e+01
1.016173981204171923e+02
8.701566498073864864e+01
1.125234541691964978e+02
1.125234541691964978e+02
1.176127893575493033e+02
8.315382609517935464e+01
9.722021476282428409e+01
1.125234541691964978e+02
8.317936559286576426e+01
8.317936559286576426e+01
8.317936559286576426e+01
7.345075361883924359e+01
6.749019607345557858e+01
7.038486182572009398e+01
5.036188648673019941e+01
5.036188648673019941e+01
5.710897277663721638e+01
6.215268784041340666e+01
5.951662984575703774e+01
5.036188648673019941e+01
5.954247532166120749e+01
5.954247532166120749e+01
5.954247532166120749e+01
5.638229890513497367e+01
5.296613841511195631e+01
7.715553019819853375e+01
6.496395904116941722e+01
6.496395904116941722e+01
6.863386968533440324e+01
7.306055286277992877e+01
5.013399451821217667e+01
6.496395904116941722e+01
1.064029755796481425e+02
1.064029755796481425e+02
1.064029755796481425e+02
1.252287263519602334e+02
9.295973147168257356e+01
9.954733158588132369e+01
1.025349345001346535e+02
1.025349345001346535e+02
8.697024836508502688e+01
1.171601214940140068e+02
1.095963292824817472e+02
1.025349345001346535e+02
1.138047165214165943e+02
1.138047165214165943e+02
1.138047165214165943e+02
1.184801791699141802e+02
6.634011010337246717e+01
7.731436933987528448e+01
4.698436739358549374e+01
4.698436739358549374e+01
4.506881552325567242e+01
8.049069152659862425e+01
6.915975203340784105e+01
4.698436739358549374e+01
7.469439232005392171e+01
7.469439232005392171e+01
7.469439232005392171e+01
7.517983087564772404e+01
8.227727099726760684e+01
9.620017909902873043e+01
1.066463017360255918e+02
1.066463017360255918e+02
1.059662976010506696e+02
9.682538367649685540e+01
8.280525853442996720e+01
1.066463017360255918e+02
6.860429936380610627e+01
6.860429936380610627e+01
6.860429936380610627e+01
8.501740124459938386e+01
9.191437543956610057e+01
7.858504837383523522e+01
1.300180450528281710e+02
1.300180450528281710e+02
1.052863407563619518e+02
9.738597509749337178e+01
1.135050123411374727e+02
1.300180450528281710e+02
6.181540944858512177e+01
6.181540944858512177e+01
6.181540944858512177e+01
5.535484111259870588e+01
8.683200840047335589e+01
5.240480793503407853e+01
6.607955603633776320e+01
6.607955603633776320e+01
7.361295125974815790e+01
4.692777808408516904e+01
7.794580256129864893e+01
6.607955603633776320e+01
5.856854228360301562e+01
5.856854228360301562e+01
5.856854228360301562e+01
6.447919035720229886e+01
5.164055490090047584e+01
6.631729441615004816e+01
6.441252929732162613e+01
6.441252929732162613e+01
5.847271845342057617e+01
7.300993475179441816e+01
5.688633679882578065e+01
6.441252929732162613e+01
1.017924168234361275e+02
1.017924168234361275e+02
1.017924168234361275e+02
1.101256653683346372e+02
8.793870646963488014e+01
9.791086163527864983e+01
9.161544890812089648e+01
9.161544890812089648e+01
8.458542188332688738e+01
1.059263461940861077e+02
9.524743023363870975e+01
9.161544890812089648e+01
7.282215413100807666e+01
7.282215413100807666e+01
7.282215413100807666e+01
7.812151119278894384e+01
1.124651130045342455e+02
4.623090563405902742e+01
7.642689834660073700e+01
7.642689834660073700e+01
7.139810801370524018e+01
4.959518507852078528e+01
1.203863799512246686e+02
7.642689834660073700e+01
7.229123475446142777e+01
7.229123475446142777e+01
7.229123475446142777e+01
5.853751506551971318e+01
6.796276596282572768e+01
1.171240981274147686e+02
8.907770898845211605e+01
8.907770898845211605e+01
1.101112423473894353e+02
9.484073251696432294e+01
5.498046665741210859e+01
8.907770898845211605e+01
7.250836350698098443e+01
7.250836350698098443e+01
7.250836350698098443e+01
7.117654065313057288e+01
8.187168421695461973e+01
8.090887859727720866e+01
8.969472963679876898e+01
8.969472963679876898e+01
9.135699440005200245e+01
7.942275632967303522e+01
8.038200719029924812e+01
8.969472963679876898e+01
7.615230296600772419e+01
7.615230296600772419e+01
7.615230296600772419e+01
7.069883361741597128e+01
8.194867615315973808e+01
6.685107486947309496e+01
6.680096975366592460e+01
6.680096975366592460e+01
7.193948011545326437e+01
6.206369125109691964e+01
7.609522654701903832e+01
6.680096975366592460e+01
1.255422191339695956e+02
1.255422191339695956e+02
1.255422191339695956e+02
1.104489121952002932e+02
7.886742540016813052e+01
1.334647158927706982e+02
7.340876228404187032e+01
7.340876228404187032e+01
8.384445166605760846e+01
1.174189271823163665e+02
6.905120098124646688e+01
7.340876228404187032e+01
7.362407377045975920e+01
7.362407377045975920e+01
7.362407377045975920e+01
8.038541098306441768e+01
8.444484380781021571e+01
6.255060385601737494e+01
7.826003243910443530e+01
7.826003243910443530e+01
7.174386993544669622e+01
6.829499837079460178e+01
9.211457678071501221e+01
7.826003243910443530e+01
