6.803767828137216589e-02
6.803767828137216589e-02
6.803767828137216589e-02
7.169109753448334177e-02
6.756471843793025733e-02
6.803767828137216589e-02
7.120406120915132031e-02
7.120406120915132031e-02
6.756471843793025733e-02
7.169109753448334177e-02
7.120406120915132031e-02
7.120406120915132031e-02
6.882317540526483590e-02
6.882317540526483590e-02
6.882317540526483590e-02
6.826937468831173472e-02
6.869313714659551484e-02
6.882317540526483590e-02
6.814000145597411129e-02
6.814000145597411129e-02
6.869313714659551484e-02
6.826937468831173472e-02
6.814000145597411129e-02
6.814000145597411129e-02
6.894608820111074177e-02
6.894608820111074177e-02
6.894608820111074177e-02
6.694591787445999809e-02
6.872897664864600908e-02
6.894608820111074177e-02
6.673284536787238430e-02
6.673284536787238430e-02
6.872897664864600908e-02
6.694591787445999809e-02
6.673284536787238430e-02
6.673284536787238430e-02
6.988146377775233953e-02
6.988146377775233953e-02
6.988146377775233953e-02
6.941717649898833387e-02
7.020764492231922060e-02
6.988146377775233953e-02
6.974208353728421350e-02
6.974208353728421350e-02
7.020764492231922060e-02
6.941717649898833387e-02
6.974208353728421350e-02
6.974208353728421350e-02
6.956669948119931224e-02
6.956669948119931224e-02
6.956669948119931224e-02
6.523333787465980527e-02
6.986256968627603536e-02
6.956669948119931224e-02
6.551700481165466383e-02
6.551700481165466383e-02
6.986256968627603536e-02
6.523333787465980527e-02
6.551700481165466383e-02
6.551700481165466383e-02
6.494547670504646764e-02
6.494547670504646764e-02
6.494547670504646764e-02
6.887376915569770608e-02
6.542331472809034820e-02
6.494547670504646764e-02
6.936925798120452402e-02
6.936925798120452402e-02
6.542331472809034820e-02
6.887376915569770608e-02
6.936925798120452402e-02
6.936925798120452402e-02
7.145920459570347105e-02
7.145920459570347105e-02
7.145920459570347105e-02
6.992635024750334938e-02
7.162652224592737371e-02
7.145920459570347105e-02
7.009171459466294329e-02
7.009171459466294329e-02
7.162652224592737371e-02
6.992635024750334938e-02
7.009171459466294329e-02
7.009171459466294329e-02
6.785276201416842734e-02
6.785276201416842734e-02
6.785276201416842734e-02
6.800815315245900550e-02
6.699168139767916474e-02
6.785276201416842734e-02
6.714575816256909691e-02
6.714575816256909691e-02
6.699168139767916474e-02
6.800815315245900550e-02
6.714575816256909691e-02
6.714575816256909691e-02
7.096176194009261307e-02
7.096176194009261307e-02
7.096176194009261307e-02
6.602222371400053025e-02
7.086816184990729628e-02
7.096176194009261307e-02
6.593270576101482872e-02
6.593270576101482872e-02
7.086816184990729628e-02
6.602222371400053025e-02
6.593270576101482872e-02
6.593270576101482872e-02
6.759925413399715810e-02
6.759925413399715810e-02
6.759925413399715810e-02
6.896512313869691824e-02
6.829143924085050166e-02
6.759925413399715810e-02
6.966602429781103278e-02
6.966602429781103278e-02
6.829143924085050166e-02
6.896512313869691824e-02
6.966602429781103278e-02
6.966602429781103278e-02
6.977556152069347428e-02
6.977556152069347428e-02
6.977556152069347428e-02
7.072440652703111674e-02
6.964413331714580657e-02
6.977556152069347428e-02
7.059196859152132297e-02
7.059196859152132297e-02
6.964413331714580657e-02
7.072440652703111674e-02
7.059196859152132297e-02
7.059196859152132297e-02
6.612777431287437946e-02
6.612777431287437946e-02
6.612777431287437946e-02
6.801878286055214329e-02
6.593733514494985737e-02
6.612777431287437946e-02
6.782471478504784046e-02
6.782471478504784046e-02
6.593733514494985737e-02
6.801878286055214329e-02
6.782471478504784046e-02
6.782471478504784046e-02
6.853439825381649197e-02
6.853439825381649197e-02
6.853439825381649197e-02
7.113722767241108247e-02
6.865141570003159555e-02
6.853439825381649197e-02
7.125679428069815746e-02
7.125679428069815746e-02
6.865141570003159555e-02
7.113722767241108247e-02
7.125679428069815746e-02
7.125679428069815746e-02
7.064595438827124541e-02
7.064595438827124541e-02
7.064595438827124541e-02
6.905008511526349035e-02
7.011203655207837171e-02
7.064595438827124541e-02
6.852337520888467093e-02
6.852337520888467093e-02
7.011203655207837171e-02
6.905008511526349035e-02
6.852337520888467093e-02
6.852337520888467093e-02
6.676084954955767425e-02
6.676084954955767425e-02
6.676084954955767425e-02
6.715856891805409290e-02
6.689511354999680415e-02
6.676084954955767425e-02
6.729336595018205192e-02
6.729336595018205192e-02
6.689511354999680415e-02
6.715856891805409290e-02
6.729336595018205192e-02
6.729336595018205192e-02
6.925299226879474968e-02
6.925299226879474968e-02
6.925299226879474968e-02
6.987051464821938951e-02
6.937533870614553955e-02
6.925299226879474968e-02
6.999349346632426083e-02
6.999349346632426083e-02
6.937533870614553955e-02
6.987051464821938951e-02
6.999349346632426083e-02
6.999349346632426083e-02
6.801290151195819866e-02
6.801290151195819866e-02
6.801290151195819866e-02
6.708468131201669737e-02
6.844012200138843705e-02
6.801290151195819866e-02
6.750822853458174344e-02
6.750822853458174344e-02
6.844012200138843705e-02
6.708468131201669737e-02
6.750822853458174344e-02
6.750822853458174344e-02
7.096911330564531495e-02
7.096911330564531495e-02
7.096911330564531495e-02
7.015620157226068465e-02
7.067083428911831444e-02
7.096911330564531495e-02
6.985983461584600873e-02
6.985983461584600873e-02
7.067083428911831444e-02
7.015620157226068465e-02
6.985983461584600873e-02
6.985983461584600873e-02
6.623215914159091833e-02
6.623215914159091833e-02
6.623215914159091833e-02
7.137286857767949355e-02
6.616995007063206091e-02
6.623215914159091833e-02
7.130766017854178740e-02
7.130766017854178740e-02
6.616995007063206091e-02
7.137286857767949355e-02
7.130766017854178740e-02
7.130766017854178740e-02
6.952639797154140655e-02
6.952639797154140655e-02
6.952639797154140655e-02
6.868953608643350861e-02
6.955002258414352823e-02
6.952639797154140655e-02
6.871298785282434207e-02
6.871298785282434207e-02
6.955002258414352823e-02
6.868953608643350861e-02
6.871298785282434207e-02
6.871298785282434207e-02
7.067620149854463019e-02
7.067620149854463019e-02
7.067620149854463019e-02
7.040721903401034321e-02
7.038983832593267986e-02
7.067620149854463019e-02
7.012147486977292343e-02
7.012147486977292343e-02
7.038983832593267986e-02
7.040721903401034321e-02
7.012147486977292343e-02
7.012147486977292343e-02
6.818070092837934248e-02
6.818070092837934248e-02
6.818070092837934248e-02
6.804419920361248764e-02
6.845085087997992979e-02
6.818070092837934248e-02
6.831400536061119078e-02
6.831400536061119078e-02
6.845085087997992979e-02
6.804419920361248764e-02
6.831400536061119078e-02
6.831400536061119078e-02
6.965175772916262775e-02
6.965175772916262775e-02
6.965175772916262775e-02
6.667074301288498928e-02
6.951948193631010686e-02
6.965175772916262775e-02
6.654191194249459151e-02
6.654191194249459151e-02
6.951948193631010686e-02
6.667074301288498928e-02
6.654191194249459151e-02
6.654191194249459151e-02
6.656488130130364111e-02
6.656488130130364111e-02
6.656488130130364111e-02
6.915257089348279818e-02
6.656073868345541156e-02
6.656488130130364111e-02
6.914832545204672998e-02
6.914832545204672998e-02
6.656073868345541156e-02
6.915257089348279818e-02
6.914832545204672998e-02
6.914832545204672998e-02
6.881732431879468426e-02
6.881732431879468426e-02
6.881732431879468426e-02
6.999298071675674748e-02
6.883733855143869818e-02
6.881732431879468426e-02
7.001320457824872223e-02
7.001320457824872223e-02
6.883733855143869818e-02
6.999298071675674748e-02
7.001320457824872223e-02
7.001320457824872223e-02
6.731119820387887476e-02
6.731119820387887476e-02
6.731119820387887476e-02
6.772801899444398643e-02
6.730256510074990317e-02
6.731119820387887476e-02
6.771935227072915786e-02
6.771935227072915786e-02
6.730256510074990317e-02
6.772801899444398643e-02
6.771935227072915786e-02
6.771935227072915786e-02
7.022830516273363688e-02
7.022830516273363688e-02
7.022830516273363688e-02
6.429045446394147933e-02
7.042526758382404439e-02
7.022830516273363688e-02
6.447675314066465824e-02
6.447675314066465824e-02
7.042526758382404439e-02
6.429045446394147933e-02
6.447675314066465824e-02
6.447675314066465824e-02
6.896519978312962151e-02
6.896519978312962151e-02
6.896519978312962151e-02
6.928112726789806275e-02
6.853151627728937267e-02
6.896519978312962151e-02
6.884623452782917541e-02
6.884623452782917541e-02
6.853151627728937267e-02
6.928112726789806275e-02
6.884623452782917541e-02
6.884623452782917541e-02
6.573117265381524243e-02
6.573117265381524243e-02
6.573117265381524243e-02
6.730814054574388305e-02
6.594226369632827378e-02
6.573117265381524243e-02
6.752237410254935401e-02
6.752237410254935401e-02
6.594226369632827378e-02
6.730814054574388305e-02
6.752237410254935401e-02
6.752237410254935401e-02
6.968727280730743767e-02
6.968727280730743767e-02
6.968727280730743767e-02
6.936333170759724498e-02
6.977756990339666066e-02
6.968727280730743767e-02
6.945337681082004722e-02
6.945337681082004722e-02
6.977756990339666066e-02
6.936333170759724498e-02
6.945337681082004722e-02
6.945337681082004722e-02
6.783908465131432974e-02
6.783908465131432974e-02
6.783908465131432974e-02
7.091192039643544331e-02
6.741430545398825747e-02
6.783908465131432974e-02
7.047535983983736763e-02
7.047535983983736763e-02
6.741430545398825747e-02
7.091192039643544331e-02
7.047535983983736763e-02
7.047535983983736763e-02
7.083381678850060592e-02
7.083381678850060592e-02
7.083381678850060592e-02
6.804433735774662040e-02
7.128438638105845382e-02
7.083381678850060592e-02
6.848416016307264098e-02
6.848416016307264098e-02
7.128438638105845382e-02
6.804433735774662040e-02
6.848416016307264098e-02
6.848416016307264098e-02
6.951976563515231688e-02
6.951976563515231688e-02
6.951976563515231688e-02
6.768178811191909172e-02
6.951148848975102768e-02
6.951976563515231688e-02
6.767364887880067403e-02
6.767364887880067403e-02
6.951148848975102768e-02
6.768178811191909172e-02
6.767364887880067403e-02
6.767364887880067403e-02
6.622505895633379325e-02
6.622505895633379325e-02
6.622505895633379325e-02
7.058260258722537372e-02
6.612489241423767650e-02
6.622505895633379325e-02
7.047860602597048885e-02
7.047860602597048885e-02
6.612489241423767650e-02
7.058260258722537372e-02
7.047860602597048885e-02
7.047860602597048885e-02
7.091694651631511026e-02
7.091694651631511026e-02
7.091694651631511026e-02
6.891373155906986570e-02
7.116564868499325458e-02
7.091694651631511026e-02
6.915834046358988740e-02
6.915834046358988740e-02
7.116564868499325458e-02
6.891373155906986570e-02
6.915834046358988740e-02
6.915834046358988740e-02
6.814141729793163349e-02
6.814141729793163349e-02
6.814141729793163349e-02
6.381903965564582337e-02
6.776450705103476135e-02
6.814141729793163349e-02
6.345843314117975698e-02
6.345843314117975698e-02
6.776450705103476135e-02
6.381903965564582337e-02
6.345843314117975698e-02
6.345843314117975698e-02
6.709365947615934800e-02
6.709365947615934800e-02
6.709365947615934800e-02
6.951356282893533800e-02
6.714739406686254242e-02
6.709365947615934800e-02
6.956849512005597314e-02
6.956849512005597314e-02
6.714739406686254242e-02
6.951356282893533800e-02
6.956849512005597314e-02
6.956849512005597314e-02
6.894971062491817015e-02
6.894971062491817015e-02
6.894971062491817015e-02
6.666867126776568342e-02
6.902128022918446737e-02
6.894971062491817015e-02
6.673867184236124961e-02
6.673867184236124961e-02
6.902128022918446737e-02
6.666867126776568342e-02
6.673867184236124961e-02
6.673867184236124961e-02
6.866957910937974974e-02
6.866957910937974974e-02
6.866957910937974974e-02
6.873481850806953397e-02
6.835679871584854350e-02
6.866957910937974974e-02
6.842185446632996493e-02
6.842185446632996493e-02
6.835679871584854350e-02
6.873481850806953397e-02
6.842185446632996493e-02
6.842185446632996493e-02
7.021146754658150191e-02
7.021146754658150191e-02
7.021146754658150191e-02
7.056173388576102157e-02
7.053335054904709411e-02
7.021146754658150191e-02
7.088450521832226348e-02
7.088450521832226348e-02
7.053335054904709411e-02
7.056173388576102157e-02
7.088450521832226348e-02
7.088450521832226348e-02
6.810576443234003796e-02
6.810576443234003796e-02
6.810576443234003796e-02
6.924887635949941722e-02
6.887244658530086716e-02
6.810576443234003796e-02
7.002361011078464537e-02
7.002361011078464537e-02
6.887244658530086716e-02
6.924887635949941722e-02
7.002361011078464537e-02
7.002361011078464537e-02
7.004260547572718765e-02
7.004260547572718765e-02
7.004260547572718765e-02
6.739309425015596600e-02
6.983081234982142782e-02
7.004260547572718765e-02
6.718635858206911671e-02
6.718635858206911671e-02
6.983081234982142782e-02
6.739309425015596600e-02
6.718635858206911671e-02
6.718635858206911671e-02
6.740906303931434862e-02
6.740906303931434862e-02
6.740906303931434862e-02
6.851050485801055134e-02
6.737361617327053409e-02
6.740906303931434862e-02
6.847468400024935009e-02
6.847468400024935009e-02
6.737361617327053409e-02
6.851050485801055134e-02
6.847468400024935009e-02
6.847468400024935009e-02
6.910735148287007468e-02
6.910735148287007468e-02
6.910735148287007468e-02
7.256502650607504767e-02
6.913150307398061023e-02
6.910735148287007468e-02
7.258979296455458918e-02
7.258979296455458918e-02
6.913150307398061023e-02
7.256502650607504767e-02
7.258979296455458918e-02
7.258979296455458918e-02
7.251884698910522620e-02
7.251884698910522620e-02
7.251884698910522620e-02
6.842939907453683690e-02
7.218571644054154468e-02
7.251884698910522620e-02
6.810661630697367741e-02
6.810661630697367741e-02
7.218571644054154468e-02
6.842939907453683690e-02
6.810661630697367741e-02
6.810661630697367741e-02
6.770156800873752823e-02
6.770156800873752823e-02
6.770156800873752823e-02
7.037926375817558922e-02
6.804289211289825390e-02
6.770156800873752823e-02
7.072849192294494713e-02
7.072849192294494713e-02
6.804289211289825390e-02
7.037926375817558922e-02
7.072849192294494713e-02
7.072849192294494713e-02
7.000249776461522910e-02
7.000249776461522910e-02
7.000249776461522910e-02
6.926779658632983838e-02
6.986870583201990059e-02
7.000249776461522910e-02
6.913483638594983272e-02
6.913483638594983272e-02
6.986870583201990059e-02
6.926779658632983838e-02
6.913483638594983272e-02
6.913483638594983272e-02
6.302266408611487125e-02
6.302266408611487125e-02
6.302266408611487125e-02
6.622916349992247209e-02
6.287528488835116003e-02
6.302266408611487125e-02
6.607652409329822785e-02
6.607652409329822785e-02
6.287528488835116003e-02
6.622916349992247209e-02
6.607652409329822785e-02
6.607652409329822785e-02
7.033826971415857443e-02
7.033826971415857443e-02
7.033826971415857443e-02
6.948364861599244657e-02
6.996406768516094665e-02
7.033826971415857443e-02
6.911213512082862997e-02
6.911213512082862997e-02
6.996406768516094665e-02
6.948364861599244657e-02
6.911213512082862997e-02
6.911213512082862997e-02
6.848533371965082051e-02
6.848533371965082051e-02
6.848533371965082051e-02
6.592533102668005074e-02
6.874334138272469863e-02
6.848533371965082051e-02
6.617707220218572994e-02
6.617707220218572994e-02
6.874334138272469863e-02
6.592533102668005074e-02
6.617707220218572994e-02
6.617707220218572994e-02
6.906838605507371887e-02
6.906838605507371887e-02
6.906838605507371887e-02
6.798395828580604261e-02
6.920893879845903263e-02
6.906838605507371887e-02
6.812314951114585571e-02
6.812314951114585571e-02
6.920893879845903263e-02
6.798395828580604261e-02
6.812314951114585571e-02
6.812314951114585571e-02
6.705500755674785596e-02
6.705500755674785596e-02
6.705500755674785596e-02
7.028416946950906408e-02
6.723173117601559390e-02
6.705500755674785596e-02
7.046622902019519796e-02
7.046622902019519796e-02
6.723173117601559390e-02
7.028416946950906408e-02
7.046622902019519796e-02
7.046622902019519796e-02
6.776217955663337011e-02
6.776217955663337011e-02
6.776217955663337011e-02
6.857328262070298830e-02
6.838459894198117839e-02
6.776217955663337011e-02
6.920024101642814618e-02
6.920024101642814618e-02
6.838459894198117839e-02
6.857328262070298830e-02
6.920024101642814618e-02
6.920024101642814618e-02
7.144450697429050035e-02
7.144450697429050035e-02
7.144450697429050035e-02
7.155528438671801550e-02
7.132248083689893270e-02
7.144450697429050035e-02
7.143316467635781042e-02
7.143316467635781042e-02
7.132248083689893270e-02
7.155528438671801550e-02
7.143316467635781042e-02
7.143316467635781042e-02
6.530129640037336813e-02
6.530129640037336813e-02
6.530129640037336813e-02
6.966961682939783185e-02
6.492490917307583431e-02
6.530129640037336813e-02
6.927661040184085461e-02
6.927661040184085461e-02
6.492490917307583431e-02
6.966961682939783185e-02
6.927661040184085461e-02
6.927661040184085461e-02
7.010151345947733537e-02
7.010151345947733537e-02
7.010151345947733537e-02
6.795894072934179075e-02
6.971295977131718169e-02
7.010151345947733537e-02
6.757750924580915863e-02
6.757750924580915863e-02
6.971295977131718169e-02
6.795894072934179075e-02
6.757750924580915863e-02
6.757750924580915863e-02
6.649704961440011663e-02
6.649704961440011663e-02
6.649704961440011663e-02
6.846009765651922541e-02
6.663780223659364343e-02
6.649704961440011663e-02
6.860342222084796215e-02
6.860342222084796215e-02
6.663780223659364343e-02
6.846009765651922541e-02
6.860342222084796215e-02
6.860342222084796215e-02
6.915762693935730010e-02
6.915762693935730010e-02
6.915762693935730010e-02
7.065053892251198231e-02
6.934928535995732446e-02
6.915762693935730010e-02
7.084461689567170262e-02
7.084461689567170262e-02
6.934928535995732446e-02
7.065053892251198231e-02
7.084461689567170262e-02
7.084461689567170262e-02
6.851832686842877773e-02
6.851832686842877773e-02
6.851832686842877773e-02
6.987816321097010952e-02
6.798643263091987132e-02
6.851832686842877773e-02
6.933979724686439861e-02
6.933979724686439861e-02
6.798643263091987132e-02
6.987816321097010952e-02
6.933979724686439861e-02
6.933979724686439861e-02
7.074335436472539707e-02
7.074335436472539707e-02
7.074335436472539707e-02
6.659014857879286264e-02
7.082127139803187643e-02
7.074335436472539707e-02
6.666522602157111399e-02
6.666522602157111399e-02
7.082127139803187643e-02
6.659014857879286264e-02
6.666522602157111399e-02
6.666522602157111399e-02
6.925719955539572092e-02
6.925719955539572092e-02
6.925719955539572092e-02
6.889445673310884422e-02
6.909795809212343487e-02
6.925719955539572092e-02
6.873573761378776181e-02
6.873573761378776181e-02
6.909795809212343487e-02
6.889445673310884422e-02
6.873573761378776181e-02
6.873573761378776181e-02
6.705776405967429910e-02
6.705776405967429910e-02
6.705776405967429910e-02
6.550145194319036135e-02
6.697408675765721686e-02
6.705776405967429910e-02
6.541902854876349704e-02
6.541902854876349704e-02
6.697408675765721686e-02
6.550145194319036135e-02
6.541902854876349704e-02
6.541902854876349704e-02
7.010942159175191646e-02
7.010942159175191646e-02
7.010942159175191646e-02
6.757818044383027967e-02
7.070679319043444988e-02
7.010942159175191646e-02
6.816229728103896657e-02
6.816229728103896657e-02
7.070679319043444988e-02
6.757818044383027967e-02
6.816229728103896657e-02
6.816229728103896657e-02
6.839676004751962801e-02
6.839676004751962801e-02
6.839676004751962801e-02
7.009896016695579823e-02
6.822754294839952771e-02
6.839676004751962801e-02
6.992718908767017738e-02
6.992718908767017738e-02
6.822754294839952771e-02
7.009896016695579823e-02
6.992718908767017738e-02
6.992718908767017738e-02
