3.328753189511212796e+00
3.328753189511212796e+00
3.328753189511212796e+00
4.051669688847676198e+00
5.206402383994150007e+00
3.501261579469973739e+00
6.622802691794121621e+00
6.622802691794121621e+00
5.476217549495251191e+00
4.261642304681791948e+00
6.296494872899623729e+00
6.622802691794121621e+00
7.170768110126313211e+00
7.170768110126313211e+00
7.170768110126313211e+00
6.973892555936664905e+00
7.937420296085679006e+00
7.178070017570801653e+00
7.728846628801470331e+00
7.728846628801470331e+00
7.945502876286282046e+00
6.980993987357845931e+00
7.720984442643072043e+00
7.728846628801470331e+00
6.252867736188722603e+00
6.252867736188722603e+00
6.252867736188722603e+00
5.662711203940546945e+00
7.453903329671270228e+00
6.348771831946040223e+00
6.860751218991076428e+00
6.860751218991076428e+00
7.568228450376654592e+00
5.749563704338990888e+00
6.757113199025950756e+00
6.860751218991076428e+00
7.843841381789430578e+00
7.843841381789430578e+00
7.843841381789430578e+00
7.656210558053077264e+00
6.041267991777993451e+00
7.788490267486659846e+00
5.851845181355007419e+00
5.851845181355007419e+00
5.998636977346350818e+00
7.602183485717226574e+00
5.893432978269572686e+00
5.851845181355007419e+00
8.939539234510602839e+00
8.939539234510602839e+00
8.939539234510602839e+00
7.233669793171637608e+00
7.156458791689543908e+00
9.606216087518243185e+00
6.205255666713254570e+00
6.205255666713254570e+00
7.690160283540945052e+00
7.773129388000755924e+00
5.774607398726916863e+00
6.205255666713254570e+00
5.620100087087299912e+00
5.620100087087299912e+00
5.620100087087299912e+00
6.797837384885570877e+00
3.594837192835324213e+00
5.165513178868802235e+00
4.011894131718225509e+00
4.011894131718225509e+00
3.304065516225058730e+00
6.247988123932498361e+00
4.364957706678866067e+00
4.011894131718225509e+00
9.735079925101906895e+00
9.735079925101906895e+00
9.735079925101906895e+00
8.946625843280793688e+00
8.568204112916104620e+00
8.580685586903644690e+00
6.931702621068447812e+00
6.931702621068447812e+00
7.552178934635519703e+00
7.885727083443084595e+00
7.864252611252037894e+00
6.931702621068447812e+00
5.066055167453526131e+00
5.066055167453526131e+00
5.066055167453526131e+00
5.105206191363632406e+00
9.766433578997261833e+00
5.389585954266308043e+00
1.046748673472776048e+01
1.046748673472776048e+01
1.039014213244280604e+01
5.431237259194184652e+00
9.839135271744209987e+00
1.046748673472776048e+01
7.515661524296267437e+00
7.515661524296267437e+00
7.515661524296267437e+00
5.849961292830053061e+00
8.093060992454452318e+00
6.998248388518445218e+00
5.873275469356262768e+00
5.873275469356262768e+00
7.535896988645869321e+00
5.447222717267937497e+00
6.307514111538829127e+00
5.873275469356262768e+00
8.215502310122738905e+00
8.215502310122738905e+00
8.215502310122738905e+00
8.791794006875440104e+00
4.709980300685405297e+00
8.976726759904696706e+00
5.522127611966239691e+00
5.522127611966239691e+00
5.146393319333750327e+00
9.606415962155505639e+00
5.053852408155826481e+00
5.522127611966239691e+00
5.829464179058210682e+00
5.829464179058210682e+00
5.829464179058210682e+00
6.135736222073210122e+00
6.505878350338952565e+00
6.330718720587652726e+00
7.432688642428367132e+00
7.432688642428367132e+00
7.065295300092357067e+00
6.663325988897677021e+00
6.844182170694667278e+00
7.432688642428367132e+00
6.351351815061060613e+00
6.351351815061060613e+00
6.351351815061060613e+00
6.960599172121803235e+00
7.374638602699425505e+00
5.989952788016366547e+00
7.617017951043795421e+00
7.617017951043795421e+00
6.955013412121600069e+00
6.564533288558598301e+00
8.076584657812581725e+00
7.617017951043795421e+00
6.930771987181010729e+00
6.930771987181010729e+00
6.930771987181010729e+00
7.954751263967888342e+00
6.294393372797159714e+00
6.786847469138030498e+00
7.082860968988184958e+00
7.082860968988184958e+00
6.163683902881206933e+00
7.789562776460880578e+00
7.233062864045144202e+00
7.082860968988184958e+00
5.757216443569000752e+00
5.757216443569000752e+00
5.757216443569000752e+00
5.289539262281162557e+00
8.820980403215431309e+00
5.739027820859678997e+00
8.103037624785049076e+00
8.103037624785049076e+00
8.793112511491536054e+00
5.272828159808153003e+00
8.128718471569058579e+00
8.103037624785049076e+00
6.912840241724766521e+00
6.912840241724766521e+00
6.912840241724766521e+00
7.046726351991674520e+00
6.224232467606291230e+00
6.723909824280487335e+00
6.171995039485088874e+00
6.171995039485088874e+00
6.054121949027073235e+00
6.854136778857664147e+00
6.345417591206878427e+00
6.171995039485088874e+00
6.632082990736884121e+00
6.632082990736884121e+00
6.632082990736884121e+00
6.849477196791954547e+00
5.966893505898779537e+00
6.672529169846101560e+00
6.201720840706117954e+00
6.201720840706117954e+00
6.003282984709930048e+00
6.891249168266511127e+00
6.164128511692087642e+00
6.201720840706117954e+00
6.967044545705660674e+00
6.967044545705660674e+00
6.967044545705660674e+00
6.657828312014967054e+00
4.847803402971599951e+00
6.539637787431550997e+00
4.344562171059913602e+00
4.344562171059913602e+00
4.550405571850881792e+00
6.249391018796011998e+00
4.628506831912811315e+00
4.344562171059913602e+00
6.137409239451751652e+00
6.137409239451751652e+00
6.137409239451751652e+00
5.869371893096793080e+00
7.832849705046725397e+00
6.545649599452775469e+00
7.997442986994753866e+00
7.997442986994753866e+00
8.353865211535556057e+00
6.259783286753796361e+00
7.498656891819210912e+00
7.997442986994753866e+00
7.703968838783289641e+00
7.703968838783289641e+00
7.703968838783289641e+00
1.001886996708347688e+01
8.072484438776758253e+00
7.448543982327924695e+00
1.013944306846953936e+01
1.013944306846953936e+01
7.804841458624418138e+00
9.686694632948633199e+00
1.048714401464717838e+01
1.013944306846953936e+01
6.022439952498836568e+00
6.022439952498836568e+00
6.022439952498836568e+00
5.769526895507906872e+00
5.907473289748288892e+00
6.697836215208371691e+00
6.293681422310516638e+00
6.293681422310516638e+00
6.569976430239861998e+00
6.416559814650813820e+00
5.659039311823986118e+00
6.293681422310516638e+00
6.675989309166569186e+00
6.675989309166569186e+00
6.675989309166569186e+00
6.578532278316096438e+00
8.327429379363366024e+00
7.268010683363545610e+00
8.936567754770461391e+00
8.936567754770461391e+00
9.065899133640794361e+00
7.161911241230294323e+00
8.208632786967806183e+00
8.936567754770461391e+00
8.293579995748880052e+00
8.293579995748880052e+00
8.293579995748880052e+00
8.237686546658039788e+00
6.685418070595935625e+00
7.268148563475728352e+00
5.818793503127627886e+00
5.818793503127627886e+00
5.858822338597214241e+00
7.219165869400849367e+00
6.639741741032175959e+00
5.818793503127627886e+00
5.210841921297212131e+00
5.210841921297212131e+00
5.210841921297212131e+00
4.488107292688945371e+00
5.867136025977959690e+00
4.931186153043371156e+00
4.786813888487304602e+00
4.786813888487304602e+00
5.552258227423251036e+00
4.247239288650523470e+00
5.058282065499216884e+00
4.786813888487304602e+00
6.248569039734737984e+00
6.248569039734737984e+00
6.248569039734737984e+00
7.100446151239271586e+00
6.269617242505438170e+00
6.539430744752146474e+00
7.455803076184674083e+00
7.455803076184674083e+00
6.561458710426402163e+00
7.430961483757934971e+00
7.124182835882656661e+00
7.455803076184674083e+00
7.993896438913948188e+00
7.993896438913948188e+00
7.993896438913948188e+00
8.494081730178466572e+00
7.874531203900692944e+00
7.963199137110725800e+00
8.335790349164009072e+00
8.335790349164009072e+00
7.844292275641838508e+00
8.461463670586997665e+00
8.367923951213990463e+00
8.335790349164009072e+00
5.363020168304672097e+00
5.363020168304672097e+00
5.363020168304672097e+00
5.473661347454987336e+00
5.403363939439286057e+00
5.520486788851881599e+00
5.676718153891594731e+00
5.676718153891594731e+00
5.562015115908593543e+00
5.634376565252888547e+00
5.514795182660607864e+00
5.676718153891594731e+00
6.712842061547735995e+00
6.712842061547735995e+00
6.712842061547735995e+00
5.016368619365795034e+00
5.709773010832482676e+00
8.080916815562991573e+00
5.123472457862596308e+00
5.123472457862596308e+00
6.873422659618734443e+00
6.038702707083986709e+00
4.256084080717672968e+00
5.123472457862596308e+00
5.454311927986319475e+00
5.454311927986319475e+00
5.454311927986319475e+00
5.543781805912513683e+00
7.845562300765099195e+00
4.584049533312803071e+00
6.699204526851780805e+00
6.699204526851780805e+00
6.593764104114321789e+00
4.659244050525635394e+00
7.971020141316230045e+00
6.699204526851780805e+00
5.265983647006482471e+00
5.265983647006482471e+00
5.265983647006482471e+00
5.679731348931166046e+00
4.322523817272928781e+00
5.053952870989167678e+00
4.477006207017235617e+00
4.477006207017235617e+00
4.148480724706413270e+00
5.451041340338311336e+00
4.664832078080890732e+00
4.477006207017235617e+00
7.197203806498651879e+00
7.197203806498651879e+00
7.197203806498651879e+00
7.077103692956795200e+00
6.703447201969017222e+00
7.409693009867533320e+00
6.785499911358263248e+00
6.785499911358263248e+00
6.901358806818334024e+00
7.286047077958274443e+00
6.590910814521993899e+00
6.785499911358263248e+00
6.074088434245294543e+00
6.074088434245294543e+00
6.074088434245294543e+00
7.127422276828743186e+00
8.441237631963991461e+00
5.756271475114286496e+00
9.346072485193262835e+00
9.346072485193262835e+00
7.999563378364427990e+00
6.754491309657902676e+00
9.862090596900396022e+00
9.346072485193262835e+00
1.092566388027143809e+01
1.092566388027143809e+01
1.092566388027143809e+01
9.459322610650991336e+00
7.875052094964794414e+00
1.121386802492372148e+01
6.965326182530347410e+00
6.965326182530347410e+00
8.082785252234970130e+00
9.708846668124095913e+00
6.786312494283024854e+00
6.965326182530347410e+00
6.957597770764738065e+00
6.957597770764738065e+00
6.957597770764738065e+00
6.342067097543959697e+00
7.002995868846936922e+00
6.949697382203460450e+00
6.376468233695448795e+00
6.376468233695448795e+00
6.995043930508479058e+00
6.334865647272887479e+00
6.383716977622607480e+00
6.376468233695448795e+00
4.437304067350425818e+00
4.437304067350425818e+00
4.437304067350425818e+00
5.534043083846224675e+00
4.885151589742334544e+00
4.227647737092701696e+00
5.797694236236083043e+00
5.797694236236083043e+00
4.654335098577321972e+00
5.272567388956526102e+00
6.085211875622356104e+00
5.797694236236083043e+00
8.845127611788365485e+00
8.845127611788365485e+00
8.845127611788365485e+00
7.956144471324863687e+00
7.301905095938861834e+00
8.917398607086814977e+00
6.608456665269771158e+00
6.608456665269771158e+00
7.361566863639646741e+00
8.021151840909285013e+00
6.554898473959790195e+00
6.608456665269771158e+00
5.950187232799795112e+00
5.950187232799795112e+00
5.950187232799795112e+00
4.843576797484024254e+00
8.009416262959456745e+00
5.854895982342386063e+00
6.429474731238520313e+00
6.429474731238520313e+00
7.881146804996167710e+00
4.766007727526949012e+00
6.534117527416586135e+00
6.429474731238520313e+00
5.883468772650133793e+00
5.883468772650133793e+00
5.883468772650133793e+00
6.640958398928735740e+00
5.622594779671103105e+00
6.442629662338956287e+00
6.952060879714924368e+00
6.952060879714924368e+00
6.156962381650314065e+00
7.272110589961579663e+00
6.348686054463678730e+00
6.952060879714924368e+00
8.571221669420268086e+00
8.571221669420268086e+00
8.571221669420268086e+00
7.661637721902978093e+00
8.129116996370393977e+00
7.827209708522467224e+00
6.633199210491118158e+00
6.633199210491118158e+00
7.423481264370214383e+00
6.996580822779851161e+00
7.263715030994776001e+00
6.633199210491118158e+00
5.634789117793802760e+00
5.634789117793802760e+00
5.634789117793802760e+00
5.653459257159457962e+00
7.320162523700473933e+00
5.369862020170526051e+00
6.998721560133096098e+00
6.998721560133096098e+00
6.975995355951355670e+00
5.387654358125876897e+00
7.344009946135355626e+00
6.998721560133096098e+00
7.271700211440965234e+00
7.271700211440965234e+00
7.271700211440965234e+00
7.410575601237619381e+00
5.609432525356832677e+00
8.056012372055219473e+00
6.336387406601887484e+00
6.336387406601887484e+00
6.214455562040940961e+00
8.209866605019279007e+00
5.719493406463575624e+00
6.336387406601887484e+00
1.128948694978524081e+01
1.128948694978524081e+01
1.128948694978524081e+01
1.195334477298250597e+01
6.359076700765101897e+00
1.030881881245549891e+01
6.165184719129717550e+00
6.165184719129717550e+00
5.806691642789114205e+00
1.091501022283680911e+01
6.751672882787976171e+00
6.165184719129717550e+00
6.522924702846037093e+00
6.522924702846037093e+00
6.522924702846037093e+00
5.702585887484408644e+00
7.691739836670645758e+00
7.042231324638965617e+00
7.271131440032599258e+00
7.271131440032599258e+00
8.304098803277867091e+00
6.156583250265779128e+00
6.734945317954415422e+00
7.271131440032599258e+00
6.802766084898651755e+00
6.802766084898651755e+00
6.802766084898651755e+00
7.183306519168413118e+00
6.995473731653052418e+00
7.218966477340305055e+00
7.837999900791183805e+00
7.837999900791183805e+00
7.423464180845845917e+00
7.622788776090836826e+00
7.386109918353030324e+00
7.837999900791183805e+00
6.118665810789845949e+00
6.118665810789845949e+00
6.118665810789845949e+00
7.444451316357187487e+00
5.992840416887025512e+00
5.604926630993791292e+00
6.682173596904427804e+00
6.682173596904427804e+00
5.489665866155555740e+00
6.819395719015566293e+00
7.294651620068105302e+00
6.682173596904427804e+00
6.250311583778516145e+00
6.250311583778516145e+00
6.250311583778516145e+00
4.977077274604027046e+00
8.211222929816218041e+00
6.219887236338760061e+00
6.547079854237735752e+00
6.547079854237735752e+00
8.171253546534529733e+00
4.952850589868811326e+00
6.579104652217579563e+00
6.547079854237735752e+00
6.161607202875591049e+00
6.161607202875591049e+00
6.161607202875591049e+00
7.068259062592320952e+00
4.571574833231597523e+00
6.367133924170568449e+00
5.435572412144800580e+00
5.435572412144800580e+00
4.724064395725977583e+00
7.304028085603092357e+00
5.260115858295876023e+00
5.435572412144800580e+00
5.845380185914795135e+00
5.845380185914795135e+00
5.845380185914795135e+00
5.624561871985140016e+00
6.525421789777587911e+00
5.682876196547772985e+00
6.106445205739527538e+00
6.106445205739527538e+00
6.344012362261385540e+00
5.468196723172122020e+00
6.281061310765116090e+00
6.106445205739527538e+00
6.358351201703828615e+00
6.358351201703828615e+00
6.358351201703828615e+00
7.383559565138003933e+00
7.138695936260555541e+00
6.639793266886764300e+00
8.653088170615674812e+00
8.653088170615674812e+00
7.454678690795382145e+00
7.710380809591566909e+00
8.286308226262079302e+00
8.653088170615674812e+00
5.933983289431051134e+00
5.933983289431051134e+00
5.933983289431051134e+00
5.670627404965231655e+00
8.020536610569580560e+00
5.606305186548948605e+00
7.249738594272755243e+00
7.249738594272755243e+00
7.577637786548814702e+00
5.357491971382231988e+00
7.673472320838715000e+00
7.249738594272755243e+00
7.561345289297284111e+00
7.561345289297284111e+00
7.561345289297284111e+00
6.676974582729694241e+00
6.135135469193126134e+00
7.915614252674891382e+00
5.663792698109456403e+00
5.663792698109456403e+00
6.422582742091601737e+00
6.989808446734087077e+00
5.410305614998142332e+00
5.663792698109456403e+00
7.309365263518428968e+00
7.309365263518428968e+00
7.309365263518428968e+00
6.921425669123640212e+00
6.502061766540061960e+00
6.821674704620274809e+00
5.743761917839562692e+00
5.743761917839562692e+00
6.068235569244805561e+00
6.459618955236407167e+00
6.154391064080130924e+00
5.743761917839562692e+00
7.577420179910246745e+00
7.577420179910246745e+00
7.577420179910246745e+00
8.918084038481541853e+00
6.620068107449578854e+00
7.767247150550120161e+00
8.000356866833067571e+00
8.000356866833067571e+00
6.785911817370608112e+00
9.141496867220412881e+00
7.804832831272892513e+00
8.000356866833067571e+00
6.628086165777368421e+00
6.628086165777368421e+00
6.628086165777368421e+00
6.900389197201237224e+00
3.863705999650402401e+00
7.638472946270508324e+00
4.641942012821130170e+00
4.641942012821130170e+00
4.452690114841208135e+00
7.952285906255576187e+00
4.027924410276610523e+00
4.641942012821130170e+00
7.438365702953857905e+00
7.438365702953857905e+00
7.438365702953857905e+00
7.486707611772771997e+00
8.193499025955707893e+00
6.842888697556331223e+00
7.585939856041279405e+00
7.585939856041279405e+00
7.537569960547410908e+00
6.887360603709571372e+00
8.246078132178135789e+00
7.585939856041279405e+00
5.949387845044939560e+00
5.949387845044939560e+00
5.949387845044939560e+00
7.372737543746072042e+00
7.970845458609078449e+00
5.673029365664545409e+00
9.385960852784451802e+00
9.385960852784451802e+00
7.600587074437338941e+00
7.030262218632179483e+00
9.843192730429697335e+00
9.385960852784451802e+00
4.756045107900581215e+00
4.756045107900581215e+00
4.756045107900581215e+00
4.258972376316032538e+00
6.680809080553717472e+00
5.016616686419036242e+00
6.325675381808615327e+00
6.325675381808615327e+00
7.046833566950725825e+00
4.492310607931973010e+00
5.997109074580986743e+00
6.325675381808615327e+00
5.581141199326170366e+00
5.581141199326170366e+00
5.581141199326170366e+00
6.144381467771750316e+00
4.920956152841958975e+00
5.366584821413604267e+00
5.212445789279428254e+00
5.212445789279428254e+00
4.731779335715777357e+00
5.908172387020062644e+00
5.420839679589507298e+00
5.212445789279428254e+00
8.275004855887749144e+00
8.275004855887749144e+00
8.275004855887749144e+00
8.952439131703844311e+00
7.148796008242295663e+00
8.382481828643239652e+00
7.843510136352511708e+00
7.843510136352511708e+00
7.241645615848960382e+00
9.068714719864825469e+00
7.742943652289088874e+00
7.843510136352511708e+00
4.916104137593038992e+00
4.916104137593038992e+00
4.916104137593038992e+00
5.273855037561414605e+00
7.592335244324167398e+00
5.652393267001934340e+00
9.344287759613120414e+00
9.344287759613120414e+00
8.729445799911562887e+00
6.063724825823465281e+00
8.127086978549812102e+00
9.344287759613120414e+00
8.134843606701016583e+00
8.134843606701016583e+00
8.134843606701016583e+00
6.587154470390609973e+00
7.647766344899650903e+00
6.893459624840700961e+00
5.242760458374666754e+00
5.242760458374666754e+00
6.480710763185900447e+00
5.581949153493481752e+00
6.186884194198730924e+00
5.242760458374666754e+00
7.699088095584061264e+00
7.699088095584061264e+00
7.699088095584061264e+00
7.557672388711578648e+00
8.693304866265320285e+00
7.466484953872599917e+00
8.277266486515927113e+00
8.277266486515927113e+00
8.430664668017859853e+00
7.329341666966938007e+00
8.535127876640071776e+00
8.277266486515927113e+00
4.792494301776100585e+00
4.792494301776100585e+00
4.792494301776100585e+00
4.449291013627311386e+00
5.157277563587547853e+00
5.050037423093506561e+00
5.046252402278080140e+00
5.046252402278080140e+00
5.434423717049707392e+00
4.688390785717681197e+00
4.788902310436178311e+00
5.046252402278080140e+00
9.256191523223604278e+00
9.256191523223604278e+00
9.256191523223604278e+00
8.143366366015225566e+00
5.814872474641300748e+00
9.036824303893840948e+00
4.970467907489309667e+00
4.970467907489309667e+00
5.677062836377139377e+00
7.950372559522104865e+00
5.091125086047481929e+00
4.970467907489309667e+00
6.203078423564988952e+00
6.203078423564988952e+00
6.203078423564988952e+00
6.772744061854934827e+00
7.114765073156204878e+00
6.509693418486188321e+00
8.144586729682622206e+00
8.144586729682622206e+00
7.466444273032833756e+00
7.107517338013964014e+00
7.760966141397278584e+00
8.144586729682622206e+00
