4.846314645873633253e+00
4.846314645873633253e+00
4.846314645873633253e+00
5.898805058655616662e+00
7.579974449702966410e+00
4.846314645873633253e+00
9.167034496986067538e+00
9.167034496986067538e+00
7.579974449702966410e+00
5.898805058655616662e+00
9.167034496986067538e+00
9.167034496986067538e+00
9.208829546823107393e+00
9.208829546823107393e+00
9.208829546823107393e+00
8.955998414561479493e+00
1.019337809082487034e+01
9.208829546823107393e+00
9.915427269997246995e+00
9.915427269997246995e+00
1.019337809082487034e+01
8.955998414561479493e+00
9.915427269997246995e+00
9.915427269997246995e+00
8.200876129102004697e+00
8.200876129102004697e+00
8.200876129102004697e+00
7.426863176655058574e+00
9.776080426449963667e+00
8.200876129102004697e+00
8.862213415265417282e+00
8.862213415265417282e+00
9.776080426449963667e+00
7.426863176655058574e+00
8.862213415265417282e+00
8.862213415265417282e+00
1.073810318418714616e+01
1.073810318418714616e+01
1.073810318418714616e+01
1.048123935334877288e+01
8.270406794513714743e+00
1.073810318418714616e+01
8.068022841037214121e+00
8.068022841037214121e+00
8.270406794513714743e+00
1.048123935334877288e+01
8.068022841037214121e+00
8.068022841037214121e+00
1.203061117567288107e+01
1.203061117567288107e+01
1.203061117567288107e+01
9.734894201135219305e+00
9.630985541757180357e+00
1.203061117567288107e+01
7.771324056395913615e+00
7.771324056395913615e+00
9.630985541757180357e+00
9.734894201135219305e+00
7.771324056395913615e+00
7.771324056395913615e+00
7.360900246004375980e+00
7.360900246004375980e+00
7.360900246004375980e+00
8.903436256174394714e+00
4.708321483078986347e+00
7.360900246004375980e+00
5.716983284819580291e+00
5.716983284819580291e+00
4.708321483078986347e+00
8.903436256174394714e+00
5.716983284819580291e+00
5.716983284819580291e+00
1.160598589763296218e+01
1.160598589763296218e+01
1.160598589763296218e+01
1.066600522721733846e+01
1.021485769686725043e+01
1.160598589763296218e+01
9.375619471419893713e+00
9.375619471419893713e+00
1.021485769686725043e+01
1.066600522721733846e+01
9.375619471419893713e+00
9.375619471419893713e+00
7.096622434145550606e+00
7.096622434145550606e+00
7.096622434145550606e+00
7.151465902172742695e+00
1.368099820222500540e+01
7.096622434145550606e+00
1.378284005879675078e+01
1.378284005879675078e+01
1.368099820222500540e+01
7.151465902172742695e+00
1.378284005879675078e+01
1.378284005879675078e+01
9.545672649763336182e+00
9.545672649763336182e+00
9.545672649763336182e+00
7.430059926810073101e+00
1.027903009186841743e+01
9.545672649763336182e+00
8.011199645948694936e+00
8.011199645948694936e+00
1.027903009186841743e+01
7.430059926810073101e+00
8.011199645948694936e+00
8.011199645948694936e+00
1.170458662929646998e+01
1.170458662929646998e+01
1.170458662929646998e+01
1.252562663802181220e+01
6.710286282036059369e+00
1.170458662929646998e+01
7.200199219718156129e+00
7.200199219718156129e+00
6.710286282036059369e+00
1.252562663802181220e+01
7.200199219718156129e+00
7.200199219718156129e+00
8.046514618479962522e+00
8.046514618479962522e+00
8.046514618479962522e+00
8.469267447154186002e+00
8.980181307248743749e+00
8.046514618479962522e+00
9.447148176306622958e+00
9.447148176306622958e+00
8.980181307248743749e+00
8.469267447154186002e+00
9.447148176306622958e+00
9.447148176306622958e+00
8.416950853812082300e+00
8.416950853812082300e+00
8.416950853812082300e+00
9.224338825934024655e+00
9.773032968564931977e+00
8.416950853812082300e+00
1.070326729032056079e+01
1.070326729032056079e+01
9.773032968564931977e+00
9.224338825934024655e+00
1.070326729032056079e+01
1.070326729032056079e+01
8.995607124755201411e+00
8.995607124755201411e+00
8.995607124755201411e+00
1.032465319565505801e+01
8.169636798768237895e+00
8.995607124755201411e+00
9.387957352218611717e+00
9.387957352218611717e+00
8.169636798768237895e+00
1.032465319565505801e+01
9.387957352218611717e+00
9.387957352218611717e+00
7.682949645312819875e+00
7.682949645312819875e+00
7.682949645312819875e+00
7.058838971462794376e+00
1.177151300884265339e+01
7.682949645312819875e+00
1.084769615840147594e+01
1.084769615840147594e+01
1.177151300884265339e+01
7.058838971462794376e+00
1.084769615840147594e+01
1.084769615840147594e+01
9.795356338245008843e+00
9.795356338245008843e+00
9.795356338245008843e+00
9.985070278238900698e+00
8.819612897211390745e+00
9.795356338245008843e+00
8.991329793169317242e+00
8.991329793169317242e+00
8.819612897211390745e+00
9.985070278238900698e+00
8.991329793169317242e+00
8.991329793169317242e+00
8.217941936442480610e+00
8.217941936442480610e+00
8.217941936442480610e+00
8.487319289707640380e+00
7.393692817309511334e+00
8.217941936442480610e+00
7.638090516751328884e+00
7.638090516751328884e+00
7.393692817309511334e+00
8.487319289707640380e+00
7.638090516751328884e+00
7.638090516751328884e+00
9.467987678322451472e+00
9.467987678322451472e+00
9.467987678322451472e+00
9.047772840981515685e+00
6.588007667405528345e+00
9.467987678322451472e+00
6.289990736544542216e+00
6.289990736544542216e+00
6.588007667405528345e+00
9.047772840981515685e+00
6.289990736544542216e+00
6.289990736544542216e+00
8.101986344924311467e+00
8.101986344924311467e+00
8.101986344924311467e+00
7.748150575567726683e+00
1.034013520626855787e+01
8.101986344924311467e+00
9.898967686928910936e+00
9.898967686928910936e+00
1.034013520626855787e+01
7.748150575567726683e+00
9.898967686928910936e+00
9.898967686928910936e+00
9.810874511123209629e+00
9.810874511123209629e+00
9.810874511123209629e+00
1.275886209397505233e+01
1.028017291855267068e+01
9.810874511123209629e+00
1.335520120354351548e+01
1.335520120354351548e+01
1.028017291855267068e+01
1.275886209397505233e+01
1.335520120354351548e+01
1.335520120354351548e+01
9.022700409759575990e+00
9.022700409759575990e+00
9.022700409759575990e+00
8.643791070530918219e+00
8.850459629728609556e+00
9.022700409759575990e+00
8.478260758158999266e+00
8.478260758158999266e+00
8.850459629728609556e+00
8.643791070530918219e+00
8.478260758158999266e+00
8.478260758158999266e+00
9.265479059127715189e+00
9.265479059127715189e+00
9.265479059127715189e+00
9.130220292719872788e+00
1.155748143947949735e+01
9.265479059127715189e+00
1.139260589996575845e+01
1.139260589996575845e+01
1.155748143947949735e+01
9.130220292719872788e+00
1.139260589996575845e+01
1.139260589996575845e+01
1.017813171621583024e+01
1.017813171621583024e+01
1.017813171621583024e+01
1.010953758832271454e+01
8.204546858578979140e+00
1.017813171621583024e+01
8.148491488177834086e+00
8.148491488177834086e+00
8.204546858578979140e+00
1.010953758832271454e+01
8.148491488177834086e+00
8.148491488177834086e+00
6.777487198029514381e+00
6.777487198029514381e+00
6.777487198029514381e+00
5.837461619255915224e+00
7.631096837277349110e+00
6.777487198029514381e+00
6.579060056078001040e+00
6.579060056078001040e+00
7.631096837277349110e+00
5.837461619255915224e+00
6.579060056078001040e+00
6.579060056078001040e+00
8.465094770578733829e+00
8.465094770578733829e+00
8.465094770578733829e+00
9.619154273789227716e+00
8.493609304077734734e+00
8.465094770578733829e+00
9.651310961787368470e+00
9.651310961787368470e+00
8.493609304077734734e+00
9.619154273789227716e+00
9.651310961787368470e+00
9.651310961787368470e+00
1.065701436867214724e+01
1.065701436867214724e+01
1.065701436867214724e+01
1.132383334446671519e+01
1.049788333234000604e+01
1.065701436867214724e+01
1.115564686952073181e+01
1.115564686952073181e+01
1.049788333234000604e+01
1.132383334446671519e+01
1.115564686952073181e+01
1.115564686952073181e+01
7.344241504237012386e+00
7.344241504237012386e+00
7.344241504237012386e+00
7.495756045389732947e+00
7.399489179820140095e+00
7.344241504237012386e+00
7.552085652638079516e+00
7.552085652638079516e+00
7.399489179820140095e+00
7.495756045389732947e+00
7.552085652638079516e+00
7.552085652638079516e+00
9.706672171447596753e+00
9.706672171447596753e+00
9.706672171447596753e+00
7.253596201560909229e+00
8.256248885550530048e+00
9.706672171447596753e+00
6.154235795638282269e+00
6.154235795638282269e+00
8.256248885550530048e+00
7.253596201560909229e+00
6.154235795638282269e+00
6.154235795638282269e+00
6.858018153695070396e+00
6.858018153695070396e+00
6.858018153695070396e+00
6.970513745279846241e+00
9.864673930457991347e+00
6.858018153695070396e+00
1.002241924451095656e+01
1.002241924451095656e+01
9.864673930457991347e+00
6.970513745279846241e+00
1.002241924451095656e+01
1.002241924451095656e+01
6.607259819034702275e+00
6.607259819034702275e+00
6.607259819034702275e+00
7.126391428510728154e+00
5.423495371263305387e+00
6.607259819034702275e+00
5.852991505123463334e+00
5.852991505123463334e+00
5.423495371263305387e+00
7.126391428510728154e+00
5.852991505123463334e+00
5.852991505123463334e+00
1.008629544812613155e+01
1.008629544812613155e+01
1.008629544812613155e+01
9.917984912381282214e+00
9.394335747297226646e+00
1.008629544812613155e+01
9.236625158161128724e+00
9.236625158161128724e+00
9.394335747297226646e+00
9.917984912381282214e+00
9.236625158161128724e+00
9.236625158161128724e+00
8.154908739051675681e+00
8.154908739051675681e+00
8.154908739051675681e+00
9.569086594875063412e+00
1.133297996539098484e+01
8.154908739051675681e+00
1.324057916913999122e+01
1.324057916913999122e+01
1.133297996539098484e+01
9.569086594875063412e+00
1.324057916913999122e+01
1.324057916913999122e+01
1.407428609323680746e+01
1.407428609323680746e+01
1.407428609323680746e+01
1.218536595391017663e+01
1.014453102331066603e+01
1.407428609323680746e+01
8.742032027464663457e+00
8.742032027464663457e+00
1.014453102331066603e+01
1.218536595391017663e+01
8.742032027464663457e+00
8.742032027464663457e+00
9.692767211578807718e+00
9.692767211578807718e+00
9.692767211578807718e+00
8.835259243500392046e+00
9.756012200877867357e+00
9.692767211578807718e+00
8.893282516085770695e+00
8.893282516085770695e+00
9.756012200877867357e+00
8.835259243500392046e+00
8.893282516085770695e+00
8.893282516085770695e+00
5.401249984742737986e+00
5.401249984742737986e+00
5.401249984742737986e+00
6.736241120396837090e+00
5.946386488072506360e+00
5.401249984742737986e+00
7.407144079262378611e+00
7.407144079262378611e+00
5.946386488072506360e+00
6.736241120396837090e+00
7.407144079262378611e+00
7.407144079262378611e+00
1.156462544601963849e+01
1.156462544601963849e+01
1.156462544601963849e+01
1.040231807200448522e+01
9.546928114906149787e+00
1.156462544601963849e+01
8.570248956838277365e+00
8.570248956838277365e+00
9.546928114906149787e+00
1.040231807200448522e+01
8.570248956838277365e+00
8.570248956838277365e+00
8.020862733072441131e+00
8.020862733072441131e+00
8.020862733072441131e+00
6.529149942636963466e+00
1.079670704530204972e+01
8.020862733072441131e+00
8.808001785266602823e+00
8.808001785266602823e+00
1.079670704530204972e+01
6.529149942636963466e+00
8.808001785266602823e+00
8.808001785266602823e+00
8.019061523347152942e+00
8.019061523347152942e+00
8.019061523347152942e+00
9.051506183317572507e+00
7.663494989321379514e+00
8.019061523347152942e+00
8.653144264115528728e+00
8.653144264115528728e+00
7.663494989321379514e+00
9.051506183317572507e+00
8.653144264115528728e+00
8.653144264115528728e+00
1.128502222690268830e+01
1.128502222690268830e+01
1.128502222690268830e+01
1.008744789492758542e+01
1.070293938569169612e+01
1.128502222690268830e+01
9.563535833767263128e+00
9.563535833767263128e+00
1.070293938569169612e+01
1.008744789492758542e+01
9.563535833767263128e+00
9.563535833767263128e+00
7.222155033465938345e+00
7.222155033465938345e+00
7.222155033465938345e+00
7.246084702913439202e+00
9.382311832999233658e+00
7.222155033465938345e+00
9.412877268257386021e+00
9.412877268257386021e+00
9.382311832999233658e+00
7.246084702913439202e+00
9.412877268257386021e+00
9.412877268257386021e+00
1.063904687922421211e+01
1.063904687922421211e+01
1.063904687922421211e+01
1.084223206830729680e+01
8.207023648915026115e+00
1.063904687922421211e+01
8.368051034480378902e+00
8.368051034480378902e+00
8.207023648915026115e+00
1.084223206830729680e+01
8.368051034480378902e+00
8.368051034480378902e+00
1.400769081520859771e+01
1.400769081520859771e+01
1.400769081520859771e+01
1.483138769124613887e+01
7.890170801447164095e+00
1.400769081520859771e+01
8.377293551796096693e+00
8.377293551796096693e+00
7.890170801447164095e+00
1.483138769124613887e+01
8.377293551796096693e+00
8.377293551796096693e+00
9.232480785261287792e+00
9.232480785261287792e+00
9.232480785261287792e+00
8.071381631851512140e+00
1.088680974905417287e+01
9.232480785261287792e+00
9.532572591351478053e+00
9.532572591351478053e+00
1.088680974905417287e+01
8.071381631851512140e+00
9.532572591351478053e+00
9.532572591351478053e+00
9.100467146921317863e+00
9.100467146921317863e+00
9.100467146921317863e+00
9.609538850538292820e+00
9.358263694143779787e+00
9.100467146921317863e+00
9.880841089734875737e+00
9.880841089734875737e+00
9.358263694143779787e+00
9.609538850538292820e+00
9.880841089734875737e+00
9.880841089734875737e+00
7.917576616790175770e+00
7.917576616790175770e+00
7.917576616790175770e+00
9.633148057094787831e+00
7.754758082918526974e+00
7.917576616790175770e+00
9.439306685590368673e+00
9.439306685590368673e+00
7.754758082918526974e+00
9.633148057094787831e+00
9.439306685590368673e+00
9.439306685590368673e+00
8.286893657892010268e+00
8.286893657892010268e+00
8.286893657892010268e+00
6.598792644001423291e+00
1.088674225413507024e+01
8.286893657892010268e+00
8.722819636474884675e+00
8.722819636474884675e+00
1.088674225413507024e+01
6.598792644001423291e+00
8.722819636474884675e+00
8.722819636474884675e+00
8.499710265900406014e+00
8.499710265900406014e+00
8.499710265900406014e+00
9.750403123445025244e+00
6.306319156991401442e+00
8.499710265900406014e+00
7.256136148977055278e+00
7.256136148977055278e+00
6.306319156991401442e+00
9.750403123445025244e+00
7.256136148977055278e+00
7.256136148977055278e+00
8.376353837091684795e+00
8.376353837091684795e+00
8.376353837091684795e+00
8.059924063089685120e+00
9.350844617284902682e+00
8.376353837091684795e+00
9.000679226684333400e+00
9.000679226684333400e+00
9.350844617284902682e+00
8.059924063089685120e+00
9.000679226684333400e+00
9.000679226684333400e+00
8.042841256121807447e+00
8.042841256121807447e+00
8.042841256121807447e+00
9.339653567989694594e+00
9.029919293492321586e+00
8.042841256121807447e+00
1.048156346652625537e+01
1.048156346652625537e+01
9.029919293492321586e+00
9.339653567989694594e+00
1.048156346652625537e+01
1.048156346652625537e+01
8.015695186456440524e+00
8.015695186456440524e+00
8.015695186456440524e+00
7.659950926239615931e+00
1.083423622318700019e+01
8.015695186456440524e+00
1.036541765378833979e+01
1.036541765378833979e+01
1.083423622318700019e+01
7.659950926239615931e+00
1.036541765378833979e+01
1.036541765378833979e+01
9.864511411195705293e+00
9.864511411195705293e+00
9.864511411195705293e+00
8.710763686037401143e+00
8.003881786849541768e+00
9.864511411195705293e+00
7.058270643022749091e+00
7.058270643022749091e+00
8.003881786849541768e+00
8.710763686037401143e+00
7.058270643022749091e+00
7.058270643022749091e+00
8.958045930861544548e+00
8.958045930861544548e+00
8.958045930861544548e+00
8.482603730383043938e+00
7.968649239719003852e+00
8.958045930861544548e+00
7.542558873569784161e+00
7.542558873569784161e+00
7.968649239719003852e+00
8.482603730383043938e+00
7.542558873569784161e+00
7.542558873569784161e+00
1.052362837562711384e+01
1.052362837562711384e+01
1.052362837562711384e+01
1.238556131444504871e+01
9.194044269690435200e+00
1.052362837562711384e+01
1.083946228400684930e+01
1.083946228400684930e+01
9.194044269690435200e+00
1.238556131444504871e+01
1.083946228400684930e+01
1.083946228400684930e+01
9.779242293696446708e+00
9.779242293696446708e+00
9.779242293696446708e+00
1.018100492245517152e+01
5.700607411726134721e+00
9.779242293696446708e+00
5.942899317177106511e+00
5.942899317177106511e+00
5.700607411726134721e+00
1.018100492245517152e+01
5.942899317177106511e+00
5.942899317177106511e+00
9.506590107662386657e+00
9.506590107662386657e+00
9.506590107662386657e+00
9.568373398578145839e+00
1.047168691320998946e+01
9.506590107662386657e+00
1.053888554676001199e+01
1.053888554676001199e+01
1.047168691320998946e+01
9.568373398578145839e+00
1.053888554676001199e+01
1.053888554676001199e+01
7.848982738382859203e+00
7.848982738382859203e+00
7.848982738382859203e+00
9.726797314733317990e+00
1.051587659847170109e+01
7.848982738382859203e+00
1.298605030365687263e+01
1.298605030365687263e+01
1.051587659847170109e+01
9.726797314733317990e+00
1.298605030365687263e+01
1.298605030365687263e+01
6.467661394445952894e+00
6.467661394445952894e+00
6.467661394445952894e+00
5.791701002278792920e+00
9.085113785439832057e+00
6.467661394445952894e+00
8.155362272640527266e+00
8.155362272640527266e+00
9.085113785439832057e+00
5.791701002278792920e+00
8.155362272640527266e+00
8.155362272640527266e+00
7.202854486451064631e+00
7.202854486451064631e+00
7.202854486451064631e+00
7.929755589582616615e+00
6.350839342213033589e+00
7.202854486451064631e+00
6.995974122850955546e+00
6.995974122850955546e+00
6.350839342213033589e+00
7.929755589582616615e+00
6.995974122850955546e+00
6.995974122850955546e+00
1.109355058802794680e+01
1.109355058802794680e+01
1.109355058802794680e+01
1.200172545193546902e+01
9.583744244512615751e+00
1.109355058802794680e+01
1.038026425396022567e+01
1.038026425396022567e+01
9.583744244512615751e+00
1.200172545193546902e+01
1.038026425396022567e+01
1.038026425396022567e+01
6.932487853948148704e+00
6.932487853948148704e+00
6.932487853948148704e+00
7.436973458678250104e+00
1.070639888644621429e+01
6.932487853948148704e+00
1.146048378754679220e+01
1.146048378754679220e+01
1.070639888644621429e+01
7.436973458678250104e+00
1.146048378754679220e+01
1.146048378754679220e+01
1.013652661558130674e+01
1.013652661558130674e+01
1.013652661558130674e+01
8.208008640148632296e+00
9.529597722193981824e+00
1.013652661558130674e+01
7.709246708855589603e+00
7.709246708855589603e+00
9.529597722193981824e+00
8.208008640148632296e+00
7.709246708855589603e+00
7.709246708855589603e+00
9.706783215561001654e+00
9.706783215561001654e+00
9.706783215561001654e+00
9.528490462855152998e+00
1.096026239938971791e+01
9.706783215561001654e+00
1.076083751569953506e+01
1.076083751569953506e+01
1.096026239938971791e+01
9.528490462855152998e+00
1.076083751569953506e+01
1.076083751569953506e+01
6.901087016396381557e+00
6.901087016396381557e+00
6.901087016396381557e+00
6.406881784905465338e+00
7.426366938159199904e+00
6.901087016396381557e+00
6.895914627398494368e+00
6.895914627398494368e+00
7.426366938159199904e+00
6.406881784905465338e+00
6.895914627398494368e+00
6.895914627398494368e+00
1.273234914857229150e+01
1.273234914857229150e+01
1.273234914857229150e+01
1.120160311686557009e+01
7.998644627847021127e+00
1.273234914857229150e+01
7.003094306332642738e+00
7.003094306332642738e+00
7.998644627847021127e+00
1.120160311686557009e+01
7.003094306332642738e+00
7.003094306332642738e+00
8.241666614947117608e+00
8.241666614947117608e+00
8.241666614947117608e+00
8.998547949050664130e+00
9.452971214077210860e+00
8.241666614947117608e+00
1.031154068668510781e+01
1.031154068668510781e+01
9.452971214077210860e+00
8.998547949050664130e+00
1.031154068668510781e+01
1.031154068668510781e+01
