2.567752896174956234e+01 8.412130519398722583e+01 9.863141374747084456e+02 9.001935275389892013e+02 8.201978625873437068e+00
2.353360788633723644e+01 8.412130519398722583e+01 9.863141374747084456e+02 9.001935275389892013e+02 8.201978625873437068e+00
2.567752896174956234e+01 9.442438796148883284e+01 9.863141374747084456e+02 9.001935275389892013e+02 8.201978625873437068e+00
2.567752896174956234e+01 8.412130519398722583e+01 1.206202312828117556e+03 9.001935275389892013e+02 8.201978625873437068e+00
2.567752896174956234e+01 8.412130519398722583e+01 9.863141374747084456e+02 2.523920372207721385e+01 8.201978625873437068e+00
2.567752896174956234e+01 8.412130519398722583e+01 9.863141374747084456e+02 9.001935275389892013e+02 8.443366654055845189e+00
2.567752896174956234e+01 9.442438796148883284e+01 1.206202312828117556e+03 2.523920372207721385e+01 8.443366654055845189e+00
2.353360788633723644e+01 8.412130519398722583e+01 1.206202312828117556e+03 2.523920372207721385e+01 8.443366654055845189e+00
2.353360788633723644e+01 9.442438796148883284e+01 9.863141374747084456e+02 2.523920372207721385e+01 8.443366654055845189e+00
2.353360788633723644e+01 9.442438796148883284e+01 1.206202312828117556e+03 9.001935275389892013e+02 8.443366654055845189e+00
2.353360788633723644e+01 9.442438796148883284e+01 1.206202312828117556e+03 2.523920372207721385e+01 8.201978625873437068e+00
2.353360788633723644e+01 9.442438796148883284e+01 1.206202312828117556e+03 2.523920372207721385e+01 8.443366654055845189e+00
1.501467212246650895e+01 6.748270979202018793e+01 8.315074232930932112e+02 2.243846722325799021e+02 1.832020718170696938e+01
3.219811010933064210e+01 6.748270979202018793e+01 8.315074232930932112e+02 2.243846722325799021e+02 1.832020718170696938e+01
1.501467212246650895e+01 7.497960003113027483e+01 8.315074232930932112e+02 2.243846722325799021e+02 1.832020718170696938e+01
1.501467212246650895e+01 6.748270979202018793e+01 7.837725226738393758e+02 2.243846722325799021e+02 1.832020718170696938e+01
1.501467212246650895e+01 6.748270979202018793e+01 8.315074232930932112e+02 7.800011137082306050e+02 1.832020718170696938e+01
1.501467212246650895e+01 6.748270979202018793e+01 8.315074232930932112e+02 2.243846722325799021e+02 1.515452792256806447e+01
1.501467212246650895e+01 7.497960003113027483e+01 7.837725226738393758e+02 7.800011137082306050e+02 1.515452792256806447e+01
3.219811010933064210e+01 6.748270979202018793e+01 7.837725226738393758e+02 7.800011137082306050e+02 1.515452792256806447e+01
3.219811010933064210e+01 7.497960003113027483e+01 8.315074232930932112e+02 7.800011137082306050e+02 1.515452792256806447e+01
3.219811010933064210e+01 7.497960003113027483e+01 7.837725226738393758e+02 2.243846722325799021e+02 1.515452792256806447e+01
3.219811010933064210e+01 7.497960003113027483e+01 7.837725226738393758e+02 7.800011137082306050e+02 1.832020718170696938e+01
3.219811010933064210e+01 7.497960003113027483e+01 7.837725226738393758e+02 7.800011137082306050e+02 1.515452792256806447e+01
2.371312787308411885e+01 9.060227794019237990e+01 1.093060541608885160e+03 5.837674988862402188e+02 1.542653802515659933e+01
2.559514949834538200e+01 9.060227794019237990e+01 1.093060541608885160e+03 5.837674988862402188e+02 1.542653802515659933e+01
2.371312787308411885e+01 8.007404250647894628e+01 1.093060541608885160e+03 5.837674988862402188e+02 1.542653802515659933e+01
2.371312787308411885e+01 9.060227794019237990e+01 6.885389578909839656e+02 5.837674988862402188e+02 1.542653802515659933e+01
2.371312787308411885e+01 9.060227794019237990e+01 1.093060541608885160e+03 4.964501414394707695e+02 1.542653802515659933e+01
2.371312787308411885e+01 9.060227794019237990e+01 1.093060541608885160e+03 5.837674988862402188e+02 2.236487402957805415e+01
2.371312787308411885e+01 8.007404250647894628e+01 6.885389578909839656e+02 4.964501414394707695e+02 2.236487402957805415e+01
2.559514949834538200e+01 9.060227794019237990e+01 6.885389578909839656e+02 4.964501414394707695e+02 2.236487402957805415e+01
2.559514949834538200e+01 8.007404250647894628e+01 1.093060541608885160e+03 4.964501414394707695e+02 2.236487402957805415e+01
2.559514949834538200e+01 8.007404250647894628e+01 6.885389578909839656e+02 5.837674988862402188e+02 2.236487402957805415e+01
2.559514949834538200e+01 8.007404250647894628e+01 6.885389578909839656e+02 4.964501414394707695e+02 1.542653802515659933e+01
2.559514949834538200e+01 8.007404250647894628e+01 6.885389578909839656e+02 4.964501414394707695e+02 2.236487402957805415e+01
3.620011953532112159e+01 5.147219409932175438e+01 6.262616498503165303e+02 3.608948795021348701e+02 1.240053462582265631e+01
1.931209509054509610e+01 5.147219409932175438e+01 6.262616498503165303e+02 3.608948795021348701e+02 1.240053462582265631e+01
3.620011953532112159e+01 4.763852928237339768e+01 6.262616498503165303e+02 3.608948795021348701e+02 1.240053462582265631e+01
3.620011953532112159e+01 5.147219409932175438e+01 1.017263097807731924e+03 3.608948795021348701e+02 1.240053462582265631e+01
3.620011953532112159e+01 5.147219409932175438e+01 6.262616498503165303e+02 4.070449188940169165e+02 1.240053462582265631e+01
3.620011953532112159e+01 5.147219409932175438e+01 6.262616498503165303e+02 3.608948795021348701e+02 1.060296241738436152e+01
3.620011953532112159e+01 4.763852928237339768e+01 1.017263097807731924e+03 4.070449188940169165e+02 1.060296241738436152e+01
1.931209509054509610e+01 5.147219409932175438e+01 1.017263097807731924e+03 4.070449188940169165e+02 1.060296241738436152e+01
1.931209509054509610e+01 4.763852928237339768e+01 6.262616498503165303e+02 4.070449188940169165e+02 1.060296241738436152e+01
1.931209509054509610e+01 4.763852928237339768e+01 1.017263097807731924e+03 3.608948795021348701e+02 1.060296241738436152e+01
1.931209509054509610e+01 4.763852928237339768e+01 1.017263097807731924e+03 4.070449188940169165e+02 1.240053462582265631e+01
1.931209509054509610e+01 4.763852928237339768e+01 1.017263097807731924e+03 4.070449188940169165e+02 1.060296241738436152e+01
3.164960577790180096e+01 9.740094829869855175e+01 8.731295657347430961e+02 2.875779520761849994e+02 1.187514244664900609e+01
1.998658671841387147e+01 9.740094829869855175e+01 8.731295657347430961e+02 2.875779520761849994e+02 1.187514244664900609e+01
3.164960577790180096e+01 8.474414464862917384e+01 8.731295657347430961e+02 2.875779520761849994e+02 1.187514244664900609e+01
3.164960577790180096e+01 9.740094829869855175e+01 6.138451316240386859e+02 2.875779520761849994e+02 1.187514244664900609e+01
3.164960577790180096e+01 9.740094829869855175e+01 8.731295657347430961e+02 5.268807856186352865e+02 1.187514244664900609e+01
3.164960577790180096e+01 9.740094829869855175e+01 8.731295657347430961e+02 2.875779520761849994e+02 1.568248763097007625e+01
3.164960577790180096e+01 8.474414464862917384e+01 6.138451316240386859e+02 5.268807856186352865e+02 1.568248763097007625e+01
1.998658671841387147e+01 9.740094829869855175e+01 6.138451316240386859e+02 5.268807856186352865e+02 1.568248763097007625e+01
1.998658671841387147e+01 8.474414464862917384e+01 8.731295657347430961e+02 5.268807856186352865e+02 1.568248763097007625e+01
1.998658671841387147e+01 8.474414464862917384e+01 6.138451316240386859e+02 2.875779520761849994e+02 1.568248763097007625e+01
1.998658671841387147e+01 8.474414464862917384e+01 6.138451316240386859e+02 5.268807856186352865e+02 1.187514244664900609e+01
1.998658671841387147e+01 8.474414464862917384e+01 6.138451316240386859e+02 5.268807856186352865e+02 1.568248763097007625e+01
2.094521553924814583e+01 5.760832934325341625e+01 1.088308801694482099e+03 4.887166545658560040e+02 1.578690947950224555e+01
3.735701988153356012e+01 5.760832934325341625e+01 1.088308801694482099e+03 4.887166545658560040e+02 1.578690947950224555e+01
2.094521553924814583e+01 6.127051139971010230e+01 1.088308801694482099e+03 4.887166545658560040e+02 1.578690947950224555e+01
2.094521553924814583e+01 5.760832934325341625e+01 1.050345559938744145e+03 4.887166545658560040e+02 1.578690947950224555e+01
2.094521553924814583e+01 5.760832934325341625e+01 1.088308801694482099e+03 2.921889037832204394e+02 1.578690947950224555e+01
2.094521553924814583e+01 5.760832934325341625e+01 1.088308801694482099e+03 4.887166545658560040e+02 5.666672328523274516e+00
2.094521553924814583e+01 6.127051139971010230e+01 1.050345559938744145e+03 2.921889037832204394e+02 5.666672328523274516e+00
3.735701988153356012e+01 5.760832934325341625e+01 1.050345559938744145e+03 2.921889037832204394e+02 5.666672328523274516e+00
3.735701988153356012e+01 6.127051139971010230e+01 1.088308801694482099e+03 2.921889037832204394e+02 5.666672328523274516e+00
3.735701988153356012e+01 6.127051139971010230e+01 1.050345559938744145e+03 4.887166545658560040e+02 5.666672328523274516e+00
3.735701988153356012e+01 6.127051139971010230e+01 1.050345559938744145e+03 2.921889037832204394e+02 1.578690947950224555e+01
3.735701988153356012e+01 6.127051139971010230e+01 1.050345559938744145e+03 2.921889037832204394e+02 5.666672328523274516e+00
1.871534818642916775e+01 8.650478454875258194e+01 7.089124456629917859e+02 8.965209437744297816e+01 2.017450495594536619e+01
2.886646276443666181e+01 8.650478454875258194e+01 7.089124456629917859e+02 8.965209437744297816e+01 2.017450495594536619e+01
1.871534818642916775e+01 8.922096305573749930e+01 7.089124456629917859e+02 8.965209437744297816e+01 2.017450495594536619e+01
1.871534818642916775e+01 8.650478454875258194e+01 1.098175637232960071e+03 8.965209437744297816e+01 2.017450495594536619e+01
1.871534818642916775e+01 8.650478454875258194e+01 7.089124456629917859e+02 2.639435700946724523e+02 2.017450495594536619e+01
1.871534818642916775e+01 8.650478454875258194e+01 7.089124456629917859e+02 8.965209437744297816e+01 1.296787985377788743e+01
1.871534818642916775e+01 8.922096305573749930e+01 1.098175637232960071e+03 2.639435700946724523e+02 1.296787985377788743e+01
2.886646276443666181e+01 8.650478454875258194e+01 1.098175637232960071e+03 2.639435700946724523e+02 1.296787985377788743e+01
2.886646276443666181e+01 8.922096305573749930e+01 7.089124456629917859e+02 2.639435700946724523e+02 1.296787985377788743e+01
2.886646276443666181e+01 8.922096305573749930e+01 1.098175637232960071e+03 8.965209437744297816e+01 1.296787985377788743e+01
2.886646276443666181e+01 8.922096305573749930e+01 1.098175637232960071e+03 2.639435700946724523e+02 2.017450495594536619e+01
2.886646276443666181e+01 8.922096305573749930e+01 1.098175637232960071e+03 2.639435700946724523e+02 1.296787985377788743e+01
2.830618242658837858e+01 7.721895062257266318e+01 1.211166351429866836e+03 7.169399885921026225e+02 5.525075271641686214e+00
1.283180427999637985e+01 7.721895062257266318e+01 1.211166351429866836e+03 7.169399885921026225e+02 5.525075271641686214e+00
2.830618242658837858e+01 6.987829558373343275e+01 1.211166351429866836e+03 7.169399885921026225e+02 5.525075271641686214e+00
2.830618242658837858e+01 7.721895062257266318e+01 9.205891504435966226e+02 7.169399885921026225e+02 5.525075271641686214e+00
2.830618242658837858e+01 7.721895062257266318e+01 1.211166351429866836e+03 7.122612036348064066e+02 5.525075271641686214e+00
2.830618242658837858e+01 7.721895062257266318e+01 1.211166351429866836e+03 7.169399885921026225e+02 1.743350518978198949e+01
2.830618242658837858e+01 6.987829558373343275e+01 9.205891504435966226e+02 7.122612036348064066e+02 1.743350518978198949e+01
1.283180427999637985e+01 7.721895062257266318e+01 9.205891504435966226e+02 7.122612036348064066e+02 1.743350518978198949e+01
1.283180427999637985e+01 6.987829558373343275e+01 1.211166351429866836e+03 7.122612036348064066e+02 1.743350518978198949e+01
1.283180427999637985e+01 6.987829558373343275e+01 9.205891504435966226e+02 7.169399885921026225e+02 1.743350518978198949e+01
1.283180427999637985e+01 6.987829558373343275e+01 9.205891504435966226e+02 7.122612036348064066e+02 5.525075271641686214e+00
1.283180427999637985e+01 6.987829558373343275e+01 9.205891504435966226e+02 7.122612036348064066e+02 1.743350518978198949e+01
2.994267847355764189e+01 9.284733433556863247e+01 7.628579983676080474e+02 4.427548244161674802e+02 1.742924745289268174e+01
1.753693966449829844e+01 9.284733433556863247e+01 7.628579983676080474e+02 4.427548244161674802e+02 1.742924745289268174e+01
2.994267847355764189e+01 8.889589025657056709e+01 7.628579983676080474e+02 4.427548244161674802e+02 1.742924745289268174e+01
2.994267847355764189e+01 9.284733433556863247e+01 5.401196320469987313e+02 4.427548244161674802e+02 1.742924745289268174e+01
2.994267847355764189e+01 9.284733433556863247e+01 7.628579983676080474e+02 5.787744379223736360e+02 1.742924745289268174e+01
2.994267847355764189e+01 9.284733433556863247e+01 7.628579983676080474e+02 4.427548244161674802e+02 1.181688002383611646e+01
2.994267847355764189e+01 8.889589025657056709e+01 5.401196320469987313e+02 5.787744379223736360e+02 1.181688002383611646e+01
1.753693966449829844e+01 9.284733433556863247e+01 5.401196320469987313e+02 5.787744379223736360e+02 1.181688002383611646e+01
1.753693966449829844e+01 8.889589025657056709e+01 7.628579983676080474e+02 5.787744379223736360e+02 1.181688002383611646e+01
1.753693966449829844e+01 8.889589025657056709e+01 5.401196320469987313e+02 4.427548244161674802e+02 1.181688002383611646e+01
1.753693966449829844e+01 8.889589025657056709e+01 5.401196320469987313e+02 5.787744379223736360e+02 1.742924745289268174e+01
1.753693966449829844e+01 8.889589025657056709e+01 5.401196320469987313e+02 5.787744379223736360e+02 1.181688002383611646e+01
1.530733198766300518e+01 3.783954478008427458e+01 1.159094405566518390e+03 3.248977203497059918e+02 9.666648052038995687e+00
2.679801973627357015e+01 3.783954478008427458e+01 1.159094405566518390e+03 3.248977203497059918e+02 9.666648052038995687e+00
1.530733198766300518e+01 6.247363468695967015e+01 1.159094405566518390e+03 3.248977203497059918e+02 9.666648052038995687e+00
1.530733198766300518e+01 3.783954478008427458e+01 1.091225861857436030e+03 3.248977203497059918e+02 9.666648052038995687e+00
1.530733198766300518e+01 3.783954478008427458e+01 1.159094405566518390e+03 3.282841617229506141e+02 9.666648052038995687e+00
1.530733198766300518e+01 3.783954478008427458e+01 1.159094405566518390e+03 3.248977203497059918e+02 2.008278292335542403e+01
1.530733198766300518e+01 6.247363468695967015e+01 1.091225861857436030e+03 3.282841617229506141e+02 2.008278292335542403e+01
2.679801973627357015e+01 3.783954478008427458e+01 1.091225861857436030e+03 3.282841617229506141e+02 2.008278292335542403e+01
2.679801973627357015e+01 6.247363468695967015e+01 1.159094405566518390e+03 3.282841617229506141e+02 2.008278292335542403e+01
2.679801973627357015e+01 6.247363468695967015e+01 1.091225861857436030e+03 3.248977203497059918e+02 2.008278292335542403e+01
2.679801973627357015e+01 6.247363468695967015e+01 1.091225861857436030e+03 3.282841617229506141e+02 9.666648052038995687e+00
2.679801973627357015e+01 6.247363468695967015e+01 1.091225861857436030e+03 3.282841617229506141e+02 2.008278292335542403e+01
2.162997206273292505e+01 8.170174536483921202e+01 9.223760689712208887e+02 6.470101615708605323e+02 1.319481884492143564e+01
3.066457871551087422e+01 8.170174536483921202e+01 9.223760689712208887e+02 6.470101615708605323e+02 1.319481884492143564e+01
2.162997206273292505e+01 9.292411852188851640e+01 9.223760689712208887e+02 6.470101615708605323e+02 1.319481884492143564e+01
2.162997206273292505e+01 8.170174536483921202e+01 1.136864699357611016e+03 6.470101615708605323e+02 1.319481884492143564e+01
2.162997206273292505e+01 8.170174536483921202e+01 9.223760689712208887e+02 2.229403789793266810e+02 1.319481884492143564e+01
2.162997206273292505e+01 8.170174536483921202e+01 9.223760689712208887e+02 6.470101615708605323e+02 1.464550478191169702e+01
2.162997206273292505e+01 9.292411852188851640e+01 1.136864699357611016e+03 2.229403789793266810e+02 1.464550478191169702e+01
3.066457871551087422e+01 8.170174536483921202e+01 1.136864699357611016e+03 2.229403789793266810e+02 1.464550478191169702e+01
3.066457871551087422e+01 9.292411852188851640e+01 9.223760689712208887e+02 2.229403789793266810e+02 1.464550478191169702e+01
3.066457871551087422e+01 9.292411852188851640e+01 1.136864699357611016e+03 6.470101615708605323e+02 1.464550478191169702e+01
3.066457871551087422e+01 9.292411852188851640e+01 1.136864699357611016e+03 2.229403789793266810e+02 1.319481884492143564e+01
3.066457871551087422e+01 9.292411852188851640e+01 1.136864699357611016e+03 2.229403789793266810e+02 1.464550478191169702e+01
3.087102426508486985e+01 7.078143373014677309e+01 1.058600309887072854e+03 1.726880185887560799e+02 1.450193975003174707e+01
2.493740847256645310e+01 7.078143373014677309e+01 1.058600309887072854e+03 1.726880185887560799e+02 1.450193975003174707e+01
3.087102426508486985e+01 7.058314135455268001e+01 1.058600309887072854e+03 1.726880185887560799e+02 1.450193975003174707e+01
3.087102426508486985e+01 7.078143373014677309e+01 8.889976261929806469e+02 1.726880185887560799e+02 1.450193975003174707e+01
3.087102426508486985e+01 7.078143373014677309e+01 1.058600309887072854e+03 6.488044431573549673e+02 1.450193975003174707e+01
3.087102426508486985e+01 7.078143373014677309e+01 1.058600309887072854e+03 1.726880185887560799e+02 9.197053371903646024e+00
3.087102426508486985e+01 7.058314135455268001e+01 8.889976261929806469e+02 6.488044431573549673e+02 9.197053371903646024e+00
2.493740847256645310e+01 7.078143373014677309e+01 8.889976261929806469e+02 6.488044431573549673e+02 9.197053371903646024e+00
2.493740847256645310e+01 7.058314135455268001e+01 1.058600309887072854e+03 6.488044431573549673e+02 9.197053371903646024e+00
2.493740847256645310e+01 7.058314135455268001e+01 8.889976261929806469e+02 1.726880185887560799e+02 9.197053371903646024e+00
2.493740847256645310e+01 7.058314135455268001e+01 8.889976261929806469e+02 6.488044431573549673e+02 1.450193975003174707e+01
2.493740847256645310e+01 7.058314135455268001e+01 8.889976261929806469e+02 6.488044431573549673e+02 9.197053371903646024e+00
3.499185358135429880e+01 8.900012463151199427e+01 1.128830746947922307e+03 2.639981411081253668e+02 1.648537879680120710e+01
8.255721481475125856e+00 8.900012463151199427e+01 1.128830746947922307e+03 2.639981411081253668e+02 1.648537879680120710e+01
3.499185358135429880e+01 9.749439652827274472e+01 1.128830746947922307e+03 2.639981411081253668e+02 1.648537879680120710e+01
3.499185358135429880e+01 8.900012463151199427e+01 1.171401599105631931e+03 2.639981411081253668e+02 1.648537879680120710e+01
3.499185358135429880e+01 8.900012463151199427e+01 1.128830746947922307e+03 1.479642661046829915e+02 1.648537879680120710e+01
3.499185358135429880e+01 8.900012463151199427e+01 1.128830746947922307e+03 2.639981411081253668e+02 1.808777118442912268e+01
3.499185358135429880e+01 9.749439652827274472e+01 1.171401599105631931e+03 1.479642661046829915e+02 1.808777118442912268e+01
8.255721481475125856e+00 8.900012463151199427e+01 1.171401599105631931e+03 1.479642661046829915e+02 1.808777118442912268e+01
8.255721481475125856e+00 9.749439652827274472e+01 1.128830746947922307e+03 1.479642661046829915e+02 1.808777118442912268e+01
8.255721481475125856e+00 9.749439652827274472e+01 1.171401599105631931e+03 2.639981411081253668e+02 1.808777118442912268e+01
8.255721481475125856e+00 9.749439652827274472e+01 1.171401599105631931e+03 1.479642661046829915e+02 1.648537879680120710e+01
8.255721481475125856e+00 9.749439652827274472e+01 1.171401599105631931e+03 1.479642661046829915e+02 1.808777118442912268e+01
2.447150448494199892e+01 7.408629618115276116e+01 5.389210734983544171e+02 7.981112678467908381e+02 1.071700783917030364e+01
2.989281981740109018e+01 7.408629618115276116e+01 5.389210734983544171e+02 7.981112678467908381e+02 1.071700783917030364e+01
2.447150448494199892e+01 7.707027775913712730e+01 5.389210734983544171e+02 7.981112678467908381e+02 1.071700783917030364e+01
2.447150448494199892e+01 7.408629618115276116e+01 8.462166171491655859e+02 7.981112678467908381e+02 1.071700783917030364e+01
2.447150448494199892e+01 7.408629618115276116e+01 5.389210734983544171e+02 8.861862596009606250e+02 1.071700783917030364e+01
2.447150448494199892e+01 7.408629618115276116e+01 5.389210734983544171e+02 7.981112678467908381e+02 1.248841055728483695e+01
2.447150448494199892e+01 7.707027775913712730e+01 8.462166171491655859e+02 8.861862596009606250e+02 1.248841055728483695e+01
2.989281981740109018e+01 7.408629618115276116e+01 8.462166171491655859e+02 8.861862596009606250e+02 1.248841055728483695e+01
2.989281981740109018e+01 7.707027775913712730e+01 5.389210734983544171e+02 8.861862596009606250e+02 1.248841055728483695e+01
2.989281981740109018e+01 7.707027775913712730e+01 8.462166171491655859e+02 7.981112678467908381e+02 1.248841055728483695e+01
2.989281981740109018e+01 7.707027775913712730e+01 8.462166171491655859e+02 8.861862596009606250e+02 1.071700783917030364e+01
2.989281981740109018e+01 7.707027775913712730e+01 8.462166171491655859e+02 8.861862596009606250e+02 1.248841055728483695e+01
1.000760233205014949e+01 9.494801540365006076e+01 1.018836561704415772e+03 3.965459000407967665e+02 3.192547476145883412e+00
3.435589164025508069e+01 9.494801540365006076e+01 1.018836561704415772e+03 3.965459000407967665e+02 3.192547476145883412e+00
1.000760233205014949e+01 8.337438331752071008e+01 1.018836561704415772e+03 3.965459000407967665e+02 3.192547476145883412e+00
1.000760233205014949e+01 9.494801540365006076e+01 7.649952623368451441e+02 3.965459000407967665e+02 3.192547476145883412e+00
1.000760233205014949e+01 9.494801540365006076e+01 1.018836561704415772e+03 4.537672693044841026e+02 3.192547476145883412e+00
1.000760233205014949e+01 9.494801540365006076e+01 1.018836561704415772e+03 3.965459000407967665e+02 1.956766855998579135e+00
1.000760233205014949e+01 8.337438331752071008e+01 7.649952623368451441e+02 4.537672693044841026e+02 1.956766855998579135e+00
3.435589164025508069e+01 9.494801540365006076e+01 7.649952623368451441e+02 4.537672693044841026e+02 1.956766855998579135e+00
3.435589164025508069e+01 8.337438331752071008e+01 1.018836561704415772e+03 4.537672693044841026e+02 1.956766855998579135e+00
3.435589164025508069e+01 8.337438331752071008e+01 7.649952623368451441e+02 3.965459000407967665e+02 1.956766855998579135e+00
3.435589164025508069e+01 8.337438331752071008e+01 7.649952623368451441e+02 4.537672693044841026e+02 3.192547476145883412e+00
3.435589164025508069e+01 8.337438331752071008e+01 7.649952623368451441e+02 4.537672693044841026e+02 1.956766855998579135e+00
2.758680539275198029e+01 6.225776393275485532e+01 7.718806111805563432e+02 5.358184776016014439e+02 2.310416868774616006e+01
2.179552468917479757e+01 6.225776393275485532e+01 7.718806111805563432e+02 5.358184776016014439e+02 2.310416868774616006e+01
2.758680539275198029e+01 5.360829552596435121e+01 7.718806111805563432e+02 5.358184776016014439e+02 2.310416868774616006e+01
2.758680539275198029e+01 6.225776393275485532e+01 9.903108761273872460e+02 5.358184776016014439e+02 2.310416868774616006e+01
2.758680539275198029e+01 6.225776393275485532e+01 7.718806111805563432e+02 3.695678985118822766e+02 2.310416868774616006e+01
2.758680539275198029e+01 6.225776393275485532e+01 7.718806111805563432e+02 5.358184776016014439e+02 1.645344122296248912e+01
2.758680539275198029e+01 5.360829552596435121e+01 9.903108761273872460e+02 3.695678985118822766e+02 1.645344122296248912e+01
2.179552468917479757e+01 6.225776393275485532e+01 9.903108761273872460e+02 3.695678985118822766e+02 1.645344122296248912e+01
2.179552468917479757e+01 5.360829552596435121e+01 7.718806111805563432e+02 3.695678985118822766e+02 1.645344122296248912e+01
2.179552468917479757e+01 5.360829552596435121e+01 9.903108761273872460e+02 5.358184776016014439e+02 1.645344122296248912e+01
2.179552468917479757e+01 5.360829552596435121e+01 9.903108761273872460e+02 3.695678985118822766e+02 2.310416868774616006e+01
2.179552468917479757e+01 5.360829552596435121e+01 9.903108761273872460e+02 3.695678985118822766e+02 1.645344122296248912e+01
2.704620753168018510e+01 9.353414032641055087e+01 1.190262339958748271e+03 1.226043302044555787e+02 1.273406015624127541e+01
2.944432718046056507e+01 9.353414032641055087e+01 1.190262339958748271e+03 1.226043302044555787e+02 1.273406015624127541e+01
2.704620753168018510e+01 7.341749697950756115e+01 1.190262339958748271e+03 1.226043302044555787e+02 1.273406015624127541e+01
2.704620753168018510e+01 9.353414032641055087e+01 7.404546774124273725e+02 1.226043302044555787e+02 1.273406015624127541e+01
2.704620753168018510e+01 9.353414032641055087e+01 1.190262339958748271e+03 3.439333978745457330e+02 1.273406015624127541e+01
2.704620753168018510e+01 9.353414032641055087e+01 1.190262339958748271e+03 1.226043302044555787e+02 6.338448833151751671e+00
2.704620753168018510e+01 7.341749697950756115e+01 7.404546774124273725e+02 3.439333978745457330e+02 6.338448833151751671e+00
2.944432718046056507e+01 9.353414032641055087e+01 7.404546774124273725e+02 3.439333978745457330e+02 6.338448833151751671e+00
2.944432718046056507e+01 7.341749697950756115e+01 1.190262339958748271e+03 3.439333978745457330e+02 6.338448833151751671e+00
2.944432718046056507e+01 7.341749697950756115e+01 7.404546774124273725e+02 1.226043302044555787e+02 6.338448833151751671e+00
2.944432718046056507e+01 7.341749697950756115e+01 7.404546774124273725e+02 3.439333978745457330e+02 1.273406015624127541e+01
2.944432718046056507e+01 7.341749697950756115e+01 7.404546774124273725e+02 3.439333978745457330e+02 6.338448833151751671e+00
1.043299527497418211e+01 6.517654201385391843e+01 7.180412015529265091e+02 7.327778705078400208e+02 1.491226118292745539e+01
1.093955593604166410e+01 6.517654201385391843e+01 7.180412015529265091e+02 7.327778705078400208e+02 1.491226118292745539e+01
1.043299527497418211e+01 9.545878475339810620e+01 7.180412015529265091e+02 7.327778705078400208e+02 1.491226118292745539e+01
1.043299527497418211e+01 6.517654201385391843e+01 9.677604252225380606e+02 7.327778705078400208e+02 1.491226118292745539e+01
1.043299527497418211e+01 6.517654201385391843e+01 7.180412015529265091e+02 6.164819956264208258e+02 1.491226118292745539e+01
1.043299527497418211e+01 6.517654201385391843e+01 7.180412015529265091e+02 7.327778705078400208e+02 1.607856925784788515e+01
1.043299527497418211e+01 9.545878475339810620e+01 9.677604252225380606e+02 6.164819956264208258e+02 1.607856925784788515e+01
1.093955593604166410e+01 6.517654201385391843e+01 9.677604252225380606e+02 6.164819956264208258e+02 1.607856925784788515e+01
1.093955593604166410e+01 9.545878475339810620e+01 7.180412015529265091e+02 6.164819956264208258e+02 1.607856925784788515e+01
1.093955593604166410e+01 9.545878475339810620e+01 9.677604252225380606e+02 7.327778705078400208e+02 1.607856925784788515e+01
1.093955593604166410e+01 9.545878475339810620e+01 9.677604252225380606e+02 6.164819956264208258e+02 1.491226118292745539e+01
1.093955593604166410e+01 9.545878475339810620e+01 9.677604252225380606e+02 6.164819956264208258e+02 1.607856925784788515e+01
2.523920644131880664e+01 8.742721216110963667e+01 1.033476691871731873e+03 3.171151389190064833e+02 1.897970603154982072e+01
2.237527208862930195e+01 8.742721216110963667e+01 1.033476691871731873e+03 3.171151389190064833e+02 1.897970603154982072e+01
2.523920644131880664e+01 4.112300893978082428e+01 1.033476691871731873e+03 3.171151389190064833e+02 1.897970603154982072e+01
2.523920644131880664e+01 8.742721216110963667e+01 1.197441378188454109e+03 3.171151389190064833e+02 1.897970603154982072e+01
2.523920644131880664e+01 8.742721216110963667e+01 1.033476691871731873e+03 6.929643814150920207e+02 1.897970603154982072e+01
2.523920644131880664e+01 8.742721216110963667e+01 1.033476691871731873e+03 3.171151389190064833e+02 1.758497208405304946e+01
2.523920644131880664e+01 4.112300893978082428e+01 1.197441378188454109e+03 6.929643814150920207e+02 1.758497208405304946e+01
2.237527208862930195e+01 8.742721216110963667e+01 1.197441378188454109e+03 6.929643814150920207e+02 1.758497208405304946e+01
2.237527208862930195e+01 4.112300893978082428e+01 1.033476691871731873e+03 6.929643814150920207e+02 1.758497208405304946e+01
2.237527208862930195e+01 4.112300893978082428e+01 1.197441378188454109e+03 3.171151389190064833e+02 1.758497208405304946e+01
2.237527208862930195e+01 4.112300893978082428e+01 1.197441378188454109e+03 6.929643814150920207e+02 1.897970603154982072e+01
2.237527208862930195e+01 4.112300893978082428e+01 1.197441378188454109e+03 6.929643814150920207e+02 1.758497208405304946e+01
3.306616731431957135e+01 7.617640688529695581e+01 9.519904389452705118e+02 5.221742678973751026e+02 7.574753115732984377e+00
3.341548368846029859e+01 7.617640688529695581e+01 9.519904389452705118e+02 5.221742678973751026e+02 7.574753115732984377e+00
3.306616731431957135e+01 8.140253207917443490e+01 9.519904389452705118e+02 5.221742678973751026e+02 7.574753115732984377e+00
3.306616731431957135e+01 7.617640688529695581e+01 8.639875576528006604e+02 5.221742678973751026e+02 7.574753115732984377e+00
3.306616731431957135e+01 7.617640688529695581e+01 9.519904389452705118e+02 2.422455471151419886e+02 7.574753115732984377e+00
3.306616731431957135e+01 7.617640688529695581e+01 9.519904389452705118e+02 5.221742678973751026e+02 1.384221892809602217e+01
3.306616731431957135e+01 8.140253207917443490e+01 8.639875576528006604e+02 2.422455471151419886e+02 1.384221892809602217e+01
3.341548368846029859e+01 7.617640688529695581e+01 8.639875576528006604e+02 2.422455471151419886e+02 1.384221892809602217e+01
3.341548368846029859e+01 8.140253207917443490e+01 9.519904389452705118e+02 2.422455471151419886e+02 1.384221892809602217e+01
3.341548368846029859e+01 8.140253207917443490e+01 8.639875576528006604e+02 5.221742678973751026e+02 1.384221892809602217e+01
3.341548368846029859e+01 8.140253207917443490e+01 8.639875576528006604e+02 2.422455471151419886e+02 7.574753115732984377e+00
3.341548368846029859e+01 8.140253207917443490e+01 8.639875576528006604e+02 2.422455471151419886e+02 1.384221892809602217e+01
3.080641944524320763e+01 7.987109846227613730e+01 4.082643931977698912e+02 6.306749917738525255e+02 6.791793210484668109e+00
2.742138684742361221e+01 7.987109846227613730e+01 4.082643931977698912e+02 6.306749917738525255e+02 6.791793210484668109e+00
3.080641944524320763e+01 5.883064723317375666e+01 4.082643931977698912e+02 6.306749917738525255e+02 6.791793210484668109e+00
3.080641944524320763e+01 7.987109846227613730e+01 1.154955591650016913e+03 6.306749917738525255e+02 6.791793210484668109e+00
3.080641944524320763e+01 7.987109846227613730e+01 4.082643931977698912e+02 9.530963730797340077e+02 6.791793210484668109e+00
3.080641944524320763e+01 7.987109846227613730e+01 4.082643931977698912e+02 6.306749917738525255e+02 1.503668780855366904e+01
3.080641944524320763e+01 5.883064723317375666e+01 1.154955591650016913e+03 9.530963730797340077e+02 1.503668780855366904e+01
2.742138684742361221e+01 7.987109846227613730e+01 1.154955591650016913e+03 9.530963730797340077e+02 1.503668780855366904e+01
2.742138684742361221e+01 5.883064723317375666e+01 4.082643931977698912e+02 9.530963730797340077e+02 1.503668780855366904e+01
2.742138684742361221e+01 5.883064723317375666e+01 1.154955591650016913e+03 6.306749917738525255e+02 1.503668780855366904e+01
2.742138684742361221e+01 5.883064723317375666e+01 1.154955591650016913e+03 9.530963730797340077e+02 6.791793210484668109e+00
2.742138684742361221e+01 5.883064723317375666e+01 1.154955591650016913e+03 9.530963730797340077e+02 1.503668780855366904e+01
2.228659013627341423e+01 7.305035462939562763e+01 1.153994581116363861e+03 3.879422587136948550e+02 1.966106938450781882e+01
1.618248626359170217e+01 7.305035462939562763e+01 1.153994581116363861e+03 3.879422587136948550e+02 1.966106938450781882e+01
2.228659013627341423e+01 8.595100038284073207e+01 1.153994581116363861e+03 3.879422587136948550e+02 1.966106938450781882e+01
2.228659013627341423e+01 7.305035462939562763e+01 9.098710131452299947e+02 3.879422587136948550e+02 1.966106938450781882e+01
2.228659013627341423e+01 7.305035462939562763e+01 1.153994581116363861e+03 1.897768930340782845e+02 1.966106938450781882e+01
2.228659013627341423e+01 7.305035462939562763e+01 1.153994581116363861e+03 3.879422587136948550e+02 6.944363761260825996e+00
2.228659013627341423e+01 8.595100038284073207e+01 9.098710131452299947e+02 1.897768930340782845e+02 6.944363761260825996e+00
1.618248626359170217e+01 7.305035462939562763e+01 9.098710131452299947e+02 1.897768930340782845e+02 6.944363761260825996e+00
1.618248626359170217e+01 8.595100038284073207e+01 1.153994581116363861e+03 1.897768930340782845e+02 6.944363761260825996e+00
1.618248626359170217e+01 8.595100038284073207e+01 9.098710131452299947e+02 3.879422587136948550e+02 6.944363761260825996e+00
1.618248626359170217e+01 8.595100038284073207e+01 9.098710131452299947e+02 1.897768930340782845e+02 1.966106938450781882e+01
1.618248626359170217e+01 8.595100038284073207e+01 9.098710131452299947e+02 1.897768930340782845e+02 6.944363761260825996e+00
1.744853839002469797e+01 9.137868954094963669e+01 8.100860130007611133e+02 9.560031894052364123e+02 1.609814824500976371e+01
2.424440994202281985e+01 9.137868954094963669e+01 8.100860130007611133e+02 9.560031894052364123e+02 1.609814824500976371e+01
1.744853839002469797e+01 6.807615939981619135e+01 8.100860130007611133e+02 9.560031894052364123e+02 1.609814824500976371e+01
1.744853839002469797e+01 9.137868954094963669e+01 4.798714486627719680e+02 9.560031894052364123e+02 1.609814824500976371e+01
1.744853839002469797e+01 9.137868954094963669e+01 8.100860130007611133e+02 3.958461710593406337e+02 1.609814824500976371e+01
1.744853839002469797e+01 9.137868954094963669e+01 8.100860130007611133e+02 9.560031894052364123e+02 1.019720130663534441e+01
1.744853839002469797e+01 6.807615939981619135e+01 4.798714486627719680e+02 3.958461710593406337e+02 1.019720130663534441e+01
2.424440994202281985e+01 9.137868954094963669e+01 4.798714486627719680e+02 3.958461710593406337e+02 1.019720130663534441e+01
2.424440994202281985e+01 6.807615939981619135e+01 8.100860130007611133e+02 3.958461710593406337e+02 1.019720130663534441e+01
2.424440994202281985e+01 6.807615939981619135e+01 4.798714486627719680e+02 9.560031894052364123e+02 1.019720130663534441e+01
2.424440994202281985e+01 6.807615939981619135e+01 4.798714486627719680e+02 3.958461710593406337e+02 1.609814824500976371e+01
2.424440994202281985e+01 6.807615939981619135e+01 4.798714486627719680e+02 3.958461710593406337e+02 1.019720130663534441e+01
2.930145725824842629e+01 4.824626171422833210e+01 9.927880203430852362e+02 2.343625217638624747e+02 1.126518909353466924e+01
3.150072776934586471e+01 4.824626171422833210e+01 9.927880203430852362e+02 2.343625217638624747e+02 1.126518909353466924e+01
2.930145725824842629e+01 9.032797152081744230e+01 9.927880203430852362e+02 2.343625217638624747e+02 1.126518909353466924e+01
2.930145725824842629e+01 4.824626171422833210e+01 1.074430503580992990e+03 2.343625217638624747e+02 1.126518909353466924e+01
2.930145725824842629e+01 4.824626171422833210e+01 9.927880203430852362e+02 4.727309848631070395e+02 1.126518909353466924e+01
2.930145725824842629e+01 4.824626171422833210e+01 9.927880203430852362e+02 2.343625217638624747e+02 2.097645007955059526e+01
2.930145725824842629e+01 9.032797152081744230e+01 1.074430503580992990e+03 4.727309848631070395e+02 2.097645007955059526e+01
3.150072776934586471e+01 4.824626171422833210e+01 1.074430503580992990e+03 4.727309848631070395e+02 2.097645007955059526e+01
3.150072776934586471e+01 9.032797152081744230e+01 9.927880203430852362e+02 4.727309848631070395e+02 2.097645007955059526e+01
3.150072776934586471e+01 9.032797152081744230e+01 1.074430503580992990e+03 2.343625217638624747e+02 2.097645007955059526e+01
3.150072776934586471e+01 9.032797152081744230e+01 1.074430503580992990e+03 4.727309848631070395e+02 1.126518909353466924e+01
3.150072776934586471e+01 9.032797152081744230e+01 1.074430503580992990e+03 4.727309848631070395e+02 2.097645007955059526e+01
2.867435638660840524e+01 8.515787290435525847e+01 8.655167863715881822e+02 4.305322197047642589e+02 1.421324560553774319e+01
3.551529088401296974e+01 8.515787290435525847e+01 8.655167863715881822e+02 4.305322197047642589e+02 1.421324560553774319e+01
2.867435638660840524e+01 6.459853650307216810e+01 8.655167863715881822e+02 4.305322197047642589e+02 1.421324560553774319e+01
2.867435638660840524e+01 8.515787290435525847e+01 1.115070551734134824e+03 4.305322197047642589e+02 1.421324560553774319e+01
2.867435638660840524e+01 8.515787290435525847e+01 8.655167863715881822e+02 8.202930716597226137e+02 1.421324560553774319e+01
2.867435638660840524e+01 8.515787290435525847e+01 8.655167863715881822e+02 4.305322197047642589e+02 1.251110968997950046e+01
2.867435638660840524e+01 6.459853650307216810e+01 1.115070551734134824e+03 8.202930716597226137e+02 1.251110968997950046e+01
3.551529088401296974e+01 8.515787290435525847e+01 1.115070551734134824e+03 8.202930716597226137e+02 1.251110968997950046e+01
3.551529088401296974e+01 6.459853650307216810e+01 8.655167863715881822e+02 8.202930716597226137e+02 1.251110968997950046e+01
3.551529088401296974e+01 6.459853650307216810e+01 1.115070551734134824e+03 4.305322197047642589e+02 1.251110968997950046e+01
3.551529088401296974e+01 6.459853650307216810e+01 1.115070551734134824e+03 8.202930716597226137e+02 1.421324560553774319e+01
3.551529088401296974e+01 6.459853650307216810e+01 1.115070551734134824e+03 8.202930716597226137e+02 1.251110968997950046e+01
1.831827488887191890e+01 7.881469504596769582e+01 9.588847428874378238e+02 5.721536368020168766e+02 1.377674528138972931e+01
2.095049686413911161e+01 7.881469504596769582e+01 9.588847428874378238e+02 5.721536368020168766e+02 1.377674528138972931e+01
1.831827488887191890e+01 8.774753683414627403e+01 9.588847428874378238e+02 5.721536368020168766e+02 1.377674528138972931e+01
1.831827488887191890e+01 7.881469504596769582e+01 9.403880014037474666e+02 5.721536368020168766e+02 1.377674528138972931e+01
1.831827488887191890e+01 7.881469504596769582e+01 9.588847428874378238e+02 1.215287751523213871e+02 1.377674528138972931e+01
1.831827488887191890e+01 7.881469504596769582e+01 9.588847428874378238e+02 5.721536368020168766e+02 1.900750294463036028e+01
1.831827488887191890e+01 8.774753683414627403e+01 9.403880014037474666e+02 1.215287751523213871e+02 1.900750294463036028e+01
2.095049686413911161e+01 7.881469504596769582e+01 9.403880014037474666e+02 1.215287751523213871e+02 1.900750294463036028e+01
2.095049686413911161e+01 8.774753683414627403e+01 9.588847428874378238e+02 1.215287751523213871e+02 1.900750294463036028e+01
2.095049686413911161e+01 8.774753683414627403e+01 9.403880014037474666e+02 5.721536368020168766e+02 1.900750294463036028e+01
2.095049686413911161e+01 8.774753683414627403e+01 9.403880014037474666e+02 1.215287751523213871e+02 1.377674528138972931e+01
2.095049686413911161e+01 8.774753683414627403e+01 9.403880014037474666e+02 1.215287751523213871e+02 1.900750294463036028e+01
1.973297426808034416e+01 9.573673149307693109e+01 5.542734204709744290e+02 2.769999946867507106e+02 8.901474903304539055e+00
1.446393038039729539e+01 9.573673149307693109e+01 5.542734204709744290e+02 2.769999946867507106e+02 8.901474903304539055e+00
1.973297426808034416e+01 7.225165263637330781e+01 5.542734204709744290e+02 2.769999946867507106e+02 8.901474903304539055e+00
1.973297426808034416e+01 9.573673149307693109e+01 5.726382722303163746e+02 2.769999946867507106e+02 8.901474903304539055e+00
1.973297426808034416e+01 9.573673149307693109e+01 5.542734204709744290e+02 4.347812299180749847e+02 8.901474903304539055e+00
1.973297426808034416e+01 9.573673149307693109e+01 5.542734204709744290e+02 2.769999946867507106e+02 1.684226811263543055e+01
1.973297426808034416e+01 7.225165263637330781e+01 5.726382722303163746e+02 4.347812299180749847e+02 1.684226811263543055e+01
1.446393038039729539e+01 9.573673149307693109e+01 5.726382722303163746e+02 4.347812299180749847e+02 1.684226811263543055e+01
1.446393038039729539e+01 7.225165263637330781e+01 5.542734204709744290e+02 4.347812299180749847e+02 1.684226811263543055e+01
1.446393038039729539e+01 7.225165263637330781e+01 5.726382722303163746e+02 2.769999946867507106e+02 1.684226811263543055e+01
1.446393038039729539e+01 7.225165263637330781e+01 5.726382722303163746e+02 4.347812299180749847e+02 8.901474903304539055e+00
1.446393038039729539e+01 7.225165263637330781e+01 5.726382722303163746e+02 4.347812299180749847e+02 1.684226811263543055e+01
3.295190200234952016e+01 6.046185658107773264e+01 1.117249571859206071e+03 8.182915136159417671e+02 1.781336496335785213e+01
2.822452904542141994e+01 6.046185658107773264e+01 1.117249571859206071e+03 8.182915136159417671e+02 1.781336496335785213e+01
3.295190200234952016e+01 9.185914458196688770e+01 1.117249571859206071e+03 8.182915136159417671e+02 1.781336496335785213e+01
3.295190200234952016e+01 6.046185658107773264e+01 1.032569404882002345e+03 8.182915136159417671e+02 1.781336496335785213e+01
3.295190200234952016e+01 6.046185658107773264e+01 1.117249571859206071e+03 5.167763596969638229e+02 1.781336496335785213e+01
3.295190200234952016e+01 6.046185658107773264e+01 1.117249571859206071e+03 8.182915136159417671e+02 4.446039741645565257e+00
3.295190200234952016e+01 9.185914458196688770e+01 1.032569404882002345e+03 5.167763596969638229e+02 4.446039741645565257e+00
2.822452904542141994e+01 6.046185658107773264e+01 1.032569404882002345e+03 5.167763596969638229e+02 4.446039741645565257e+00
2.822452904542141994e+01 9.185914458196688770e+01 1.117249571859206071e+03 5.167763596969638229e+02 4.446039741645565257e+00
2.822452904542141994e+01 9.185914458196688770e+01 1.032569404882002345e+03 8.182915136159417671e+02 4.446039741645565257e+00
2.822452904542141994e+01 9.185914458196688770e+01 1.032569404882002345e+03 5.167763596969638229e+02 1.781336496335785213e+01
2.822452904542141994e+01 9.185914458196688770e+01 1.032569404882002345e+03 5.167763596969638229e+02 4.446039741645565257e+00
3.681078653945665735e+01 8.935370411894103881e+01 1.064168192750606977e+03 6.685860571136425961e+02 2.105884360870271266e+01
3.290040244485487619e+01 8.935370411894103881e+01 1.064168192750606977e+03 6.685860571136425961e+02 2.105884360870271266e+01
3.681078653945665735e+01 7.849060569731631176e+01 1.064168192750606977e+03 6.685860571136425961e+02 2.105884360870271266e+01
3.681078653945665735e+01 8.935370411894103881e+01 6.583416971983235726e+02 6.685860571136425961e+02 2.105884360870271266e+01
3.681078653945665735e+01 8.935370411894103881e+01 1.064168192750606977e+03 3.072829942818892164e+02 2.105884360870271266e+01
3.681078653945665735e+01 8.935370411894103881e+01 1.064168192750606977e+03 6.685860571136425961e+02 1.943112882997272806e+01
3.681078653945665735e+01 7.849060569731631176e+01 6.583416971983235726e+02 3.072829942818892164e+02 1.943112882997272806e+01
3.290040244485487619e+01 8.935370411894103881e+01 6.583416971983235726e+02 3.072829942818892164e+02 1.943112882997272806e+01
3.290040244485487619e+01 7.849060569731631176e+01 1.064168192750606977e+03 3.072829942818892164e+02 1.943112882997272806e+01
3.290040244485487619e+01 7.849060569731631176e+01 6.583416971983235726e+02 6.685860571136425961e+02 1.943112882997272806e+01
3.290040244485487619e+01 7.849060569731631176e+01 6.583416971983235726e+02 3.072829942818892164e+02 2.105884360870271266e+01
3.290040244485487619e+01 7.849060569731631176e+01 6.583416971983235726e+02 3.072829942818892164e+02 1.943112882997272806e+01
2.328406655205415987e+01 5.520555059918333285e+01 9.053283610258888530e+02 1.855750947693145179e+02 4.298994701998536172e+00
2.287118222546648028e+01 5.520555059918333285e+01 9.053283610258888530e+02 1.855750947693145179e+02 4.298994701998536172e+00
2.328406655205415987e+01 9.594238052454851129e+01 9.053283610258888530e+02 1.855750947693145179e+02 4.298994701998536172e+00
2.328406655205415987e+01 5.520555059918333285e+01 9.956308243279291901e+02 1.855750947693145179e+02 4.298994701998536172e+00
2.328406655205415987e+01 5.520555059918333285e+01 9.053283610258888530e+02 5.609701261909818868e+02 4.298994701998536172e+00
2.328406655205415987e+01 5.520555059918333285e+01 9.053283610258888530e+02 1.855750947693145179e+02 1.113890412865608681e+01
2.328406655205415987e+01 9.594238052454851129e+01 9.956308243279291901e+02 5.609701261909818868e+02 1.113890412865608681e+01
2.287118222546648028e+01 5.520555059918333285e+01 9.956308243279291901e+02 5.609701261909818868e+02 1.113890412865608681e+01
2.287118222546648028e+01 9.594238052454851129e+01 9.053283610258888530e+02 5.609701261909818868e+02 1.113890412865608681e+01
2.287118222546648028e+01 9.594238052454851129e+01 9.956308243279291901e+02 1.855750947693145179e+02 1.113890412865608681e+01
2.287118222546648028e+01 9.594238052454851129e+01 9.956308243279291901e+02 5.609701261909818868e+02 4.298994701998536172e+00
2.287118222546648028e+01 9.594238052454851129e+01 9.956308243279291901e+02 5.609701261909818868e+02 1.113890412865608681e+01
1.264033430831699789e+01 8.270463876450611451e+01 1.290575787807934375e+03 4.788342167013125277e+02 1.024953086997855145e+01
1.850598688018104099e+01 8.270463876450611451e+01 1.290575787807934375e+03 4.788342167013125277e+02 1.024953086997855145e+01
1.264033430831699789e+01 5.662267930434059338e+01 1.290575787807934375e+03 4.788342167013125277e+02 1.024953086997855145e+01
1.264033430831699789e+01 8.270463876450611451e+01 1.247274426410189108e+03 4.788342167013125277e+02 1.024953086997855145e+01
1.264033430831699789e+01 8.270463876450611451e+01 1.290575787807934375e+03 7.646375576488228489e+02 1.024953086997855145e+01
1.264033430831699789e+01 8.270463876450611451e+01 1.290575787807934375e+03 4.788342167013125277e+02 9.145664770450558478e+00
1.264033430831699789e+01 5.662267930434059338e+01 1.247274426410189108e+03 7.646375576488228489e+02 9.145664770450558478e+00
1.850598688018104099e+01 8.270463876450611451e+01 1.247274426410189108e+03 7.646375576488228489e+02 9.145664770450558478e+00
1.850598688018104099e+01 5.662267930434059338e+01 1.290575787807934375e+03 7.646375576488228489e+02 9.145664770450558478e+00
1.850598688018104099e+01 5.662267930434059338e+01 1.247274426410189108e+03 4.788342167013125277e+02 9.145664770450558478e+00
1.850598688018104099e+01 5.662267930434059338e+01 1.247274426410189108e+03 7.646375576488228489e+02 1.024953086997855145e+01
1.850598688018104099e+01 5.662267930434059338e+01 1.247274426410189108e+03 7.646375576488228489e+02 9.145664770450558478e+00
2.651550307854928334e+01 6.952792330932091147e+01 6.568470490387358041e+02 3.507152408288756646e+02 1.697389265297458039e+01
2.618223738307833415e+01 6.952792330932091147e+01 6.568470490387358041e+02 3.507152408288756646e+02 1.697389265297458039e+01
2.651550307854928334e+01 8.209158926141901702e+01 6.568470490387358041e+02 3.507152408288756646e+02 1.697389265297458039e+01
2.651550307854928334e+01 6.952792330932091147e+01 8.038846898691585920e+02 3.507152408288756646e+02 1.697389265297458039e+01
2.651550307854928334e+01 6.952792330932091147e+01 6.568470490387358041e+02 2.804227872494313942e+02 1.697389265297458039e+01
2.651550307854928334e+01 6.952792330932091147e+01 6.568470490387358041e+02 3.507152408288756646e+02 1.393041725099917727e+01
2.651550307854928334e+01 8.209158926141901702e+01 8.038846898691585920e+02 2.804227872494313942e+02 1.393041725099917727e+01
2.618223738307833415e+01 6.952792330932091147e+01 8.038846898691585920e+02 2.804227872494313942e+02 1.393041725099917727e+01
2.618223738307833415e+01 8.209158926141901702e+01 6.568470490387358041e+02 2.804227872494313942e+02 1.393041725099917727e+01
2.618223738307833415e+01 8.209158926141901702e+01 8.038846898691585920e+02 3.507152408288756646e+02 1.393041725099917727e+01
2.618223738307833415e+01 8.209158926141901702e+01 8.038846898691585920e+02 2.804227872494313942e+02 1.697389265297458039e+01
2.618223738307833415e+01 8.209158926141901702e+01 8.038846898691585920e+02 2.804227872494313942e+02 1.393041725099917727e+01
2.636770438898580338e+01 9.114586543231173721e+01 9.290766320476185456e+02 2.452897049520311157e+02 5.018218219487441623e+00
2.801630575079655827e+01 9.114586543231173721e+01 9.290766320476185456e+02 2.452897049520311157e+02 5.018218219487441623e+00
2.636770438898580338e+01 4.480883931501317363e+01 9.290766320476185456e+02 2.452897049520311157e+02 5.018218219487441623e+00
2.636770438898580338e+01 9.114586543231173721e+01 9.466798103134344728e+02 2.452897049520311157e+02 5.018218219487441623e+00
2.636770438898580338e+01 9.114586543231173721e+01 9.290766320476185456e+02 6.251845422064009199e+02 5.018218219487441623e+00
2.636770438898580338e+01 9.114586543231173721e+01 9.290766320476185456e+02 2.452897049520311157e+02 7.405755637072138242e+00
2.636770438898580338e+01 4.480883931501317363e+01 9.466798103134344728e+02 6.251845422064009199e+02 7.405755637072138242e+00
2.801630575079655827e+01 9.114586543231173721e+01 9.466798103134344728e+02 6.251845422064009199e+02 7.405755637072138242e+00
2.801630575079655827e+01 4.480883931501317363e+01 9.290766320476185456e+02 6.251845422064009199e+02 7.405755637072138242e+00
2.801630575079655827e+01 4.480883931501317363e+01 9.466798103134344728e+02 2.452897049520311157e+02 7.405755637072138242e+00
2.801630575079655827e+01 4.480883931501317363e+01 9.466798103134344728e+02 6.251845422064009199e+02 5.018218219487441623e+00
2.801630575079655827e+01 4.480883931501317363e+01 9.466798103134344728e+02 6.251845422064009199e+02 7.405755637072138242e+00
1.386885912409913857e+01 5.322379229960844071e+01 1.048966752496449772e+03 1.012105784524812407e+03 1.983988793326444267e+01
1.498026071217468314e+01 5.322379229960844071e+01 1.048966752496449772e+03 1.012105784524812407e+03 1.983988793326444267e+01
1.386885912409913857e+01 8.075828115055060152e+01 1.048966752496449772e+03 1.012105784524812407e+03 1.983988793326444267e+01
1.386885912409913857e+01 5.322379229960844071e+01 1.117930833313241237e+03 1.012105784524812407e+03 1.983988793326444267e+01
1.386885912409913857e+01 5.322379229960844071e+01 1.048966752496449772e+03 3.494776934693098269e+02 1.983988793326444267e+01
1.386885912409913857e+01 5.322379229960844071e+01 1.048966752496449772e+03 1.012105784524812407e+03 1.480144192973717665e+01
1.386885912409913857e+01 8.075828115055060152e+01 1.117930833313241237e+03 3.494776934693098269e+02 1.480144192973717665e+01
1.498026071217468314e+01 5.322379229960844071e+01 1.117930833313241237e+03 3.494776934693098269e+02 1.480144192973717665e+01
1.498026071217468314e+01 8.075828115055060152e+01 1.048966752496449772e+03 3.494776934693098269e+02 1.480144192973717665e+01
1.498026071217468314e+01 8.075828115055060152e+01 1.117930833313241237e+03 1.012105784524812407e+03 1.480144192973717665e+01
1.498026071217468314e+01 8.075828115055060152e+01 1.117930833313241237e+03 3.494776934693098269e+02 1.983988793326444267e+01
1.498026071217468314e+01 8.075828115055060152e+01 1.117930833313241237e+03 3.494776934693098269e+02 1.480144192973717665e+01
2.309749021528192969e+01 8.349629087764247970e+01 7.435207018149792475e+02 3.788647789325298163e+02 1.562274021968751825e+01
2.043417283683443486e+01 8.349629087764247970e+01 7.435207018149792475e+02 3.788647789325298163e+02 1.562274021968751825e+01
2.309749021528192969e+01 7.418341840766423445e+01 7.435207018149792475e+02 3.788647789325298163e+02 1.562274021968751825e+01
2.309749021528192969e+01 8.349629087764247970e+01 1.037841305907117658e+03 3.788647789325298163e+02 1.562274021968751825e+01
2.309749021528192969e+01 8.349629087764247970e+01 7.435207018149792475e+02 2.272866971637998006e+02 1.562274021968751825e+01
2.309749021528192969e+01 8.349629087764247970e+01 7.435207018149792475e+02 3.788647789325298163e+02 2.147137013091276359e+01
2.309749021528192969e+01 7.418341840766423445e+01 1.037841305907117658e+03 2.272866971637998006e+02 2.147137013091276359e+01
2.043417283683443486e+01 8.349629087764247970e+01 1.037841305907117658e+03 2.272866971637998006e+02 2.147137013091276359e+01
2.043417283683443486e+01 7.418341840766423445e+01 7.435207018149792475e+02 2.272866971637998006e+02 2.147137013091276359e+01
2.043417283683443486e+01 7.418341840766423445e+01 1.037841305907117658e+03 3.788647789325298163e+02 2.147137013091276359e+01
2.043417283683443486e+01 7.418341840766423445e+01 1.037841305907117658e+03 2.272866971637998006e+02 1.562274021968751825e+01
2.043417283683443486e+01 7.418341840766423445e+01 1.037841305907117658e+03 2.272866971637998006e+02 2.147137013091276359e+01
3.880817164295658017e+01 6.653005604753148816e+01 1.167010890231184931e+03 6.160138949853704844e+02 1.165599221076565328e+01
3.646479993234606809e+01 6.653005604753148816e+01 1.167010890231184931e+03 6.160138949853704844e+02 1.165599221076565328e+01
3.880817164295658017e+01 9.494889547782543104e+01 1.167010890231184931e+03 6.160138949853704844e+02 1.165599221076565328e+01
3.880817164295658017e+01 6.653005604753148816e+01 5.819285867551366209e+02 6.160138949853704844e+02 1.165599221076565328e+01
3.880817164295658017e+01 6.653005604753148816e+01 1.167010890231184931e+03 6.705884100007816642e+02 1.165599221076565328e+01
3.880817164295658017e+01 6.653005604753148816e+01 1.167010890231184931e+03 6.160138949853704844e+02 9.941753050532234681e+00
3.880817164295658017e+01 9.494889547782543104e+01 5.819285867551366209e+02 6.705884100007816642e+02 9.941753050532234681e+00
3.646479993234606809e+01 6.653005604753148816e+01 5.819285867551366209e+02 6.705884100007816642e+02 9.941753050532234681e+00
3.646479993234606809e+01 9.494889547782543104e+01 1.167010890231184931e+03 6.705884100007816642e+02 9.941753050532234681e+00
3.646479993234606809e+01 9.494889547782543104e+01 5.819285867551366209e+02 6.160138949853704844e+02 9.941753050532234681e+00
3.646479993234606809e+01 9.494889547782543104e+01 5.819285867551366209e+02 6.705884100007816642e+02 1.165599221076565328e+01
3.646479993234606809e+01 9.494889547782543104e+01 5.819285867551366209e+02 6.705884100007816642e+02 9.941753050532234681e+00
3.232105839451171647e+01 8.591109440104962403e+01 1.011420085325634886e+03 5.105201953880616088e+02 1.212917185074133108e+01
2.656133318222425288e+01 8.591109440104962403e+01 1.011420085325634886e+03 5.105201953880616088e+02 1.212917185074133108e+01
3.232105839451171647e+01 6.717765517122215613e+01 1.011420085325634886e+03 5.105201953880616088e+02 1.212917185074133108e+01
3.232105839451171647e+01 8.591109440104962403e+01 1.003658338561297455e+03 5.105201953880616088e+02 1.212917185074133108e+01
3.232105839451171647e+01 8.591109440104962403e+01 1.011420085325634886e+03 1.979633951966146128e+02 1.212917185074133108e+01
3.232105839451171647e+01 8.591109440104962403e+01 1.011420085325634886e+03 5.105201953880616088e+02 1.591647540637313263e+01
3.232105839451171647e+01 6.717765517122215613e+01 1.003658338561297455e+03 1.979633951966146128e+02 1.591647540637313263e+01
2.656133318222425288e+01 8.591109440104962403e+01 1.003658338561297455e+03 1.979633951966146128e+02 1.591647540637313263e+01
2.656133318222425288e+01 6.717765517122215613e+01 1.011420085325634886e+03 1.979633951966146128e+02 1.591647540637313263e+01
2.656133318222425288e+01 6.717765517122215613e+01 1.003658338561297455e+03 5.105201953880616088e+02 1.591647540637313263e+01
2.656133318222425288e+01 6.717765517122215613e+01 1.003658338561297455e+03 1.979633951966146128e+02 1.212917185074133108e+01
2.656133318222425288e+01 6.717765517122215613e+01 1.003658338561297455e+03 1.979633951966146128e+02 1.591647540637313263e+01
1.994607784808798812e+01 7.649367144075918645e+01 7.899697966299133896e+02 3.079996803868041866e+02 1.520924878366036026e+01
1.787621712445198341e+01 7.649367144075918645e+01 7.899697966299133896e+02 3.079996803868041866e+02 1.520924878366036026e+01
1.994607784808798812e+01 9.086224923035663892e+01 7.899697966299133896e+02 3.079996803868041866e+02 1.520924878366036026e+01
1.994607784808798812e+01 7.649367144075918645e+01 6.605704317955539864e+02 3.079996803868041866e+02 1.520924878366036026e+01
1.994607784808798812e+01 7.649367144075918645e+01 7.899697966299133896e+02 9.854179798287436824e+02 1.520924878366036026e+01
1.994607784808798812e+01 7.649367144075918645e+01 7.899697966299133896e+02 3.079996803868041866e+02 6.763304301897360205e+00
1.994607784808798812e+01 9.086224923035663892e+01 6.605704317955539864e+02 9.854179798287436824e+02 6.763304301897360205e+00
1.787621712445198341e+01 7.649367144075918645e+01 6.605704317955539864e+02 9.854179798287436824e+02 6.763304301897360205e+00
1.787621712445198341e+01 9.086224923035663892e+01 7.899697966299133896e+02 9.854179798287436824e+02 6.763304301897360205e+00
1.787621712445198341e+01 9.086224923035663892e+01 6.605704317955539864e+02 3.079996803868041866e+02 6.763304301897360205e+00
1.787621712445198341e+01 9.086224923035663892e+01 6.605704317955539864e+02 9.854179798287436824e+02 1.520924878366036026e+01
1.787621712445198341e+01 9.086224923035663892e+01 6.605704317955539864e+02 9.854179798287436824e+02 6.763304301897360205e+00
1.758061531129729005e+01 9.870541679494280629e+01 1.137758052771169787e+03 7.528744120431268811e+02 1.802655887961032022e+01
2.313859764860121260e+01 9.870541679494280629e+01 1.137758052771169787e+03 7.528744120431268811e+02 1.802655887961032022e+01
1.758061531129729005e+01 5.755115973779413707e+01 1.137758052771169787e+03 7.528744120431268811e+02 1.802655887961032022e+01
1.758061531129729005e+01 9.870541679494280629e+01 8.148034773906194914e+02 7.528744120431268811e+02 1.802655887961032022e+01
1.758061531129729005e+01 9.870541679494280629e+01 1.137758052771169787e+03 4.580709334300642013e+02 1.802655887961032022e+01
1.758061531129729005e+01 9.870541679494280629e+01 1.137758052771169787e+03 7.528744120431268811e+02 1.358543742167621815e+01
1.758061531129729005e+01 5.755115973779413707e+01 8.148034773906194914e+02 4.580709334300642013e+02 1.358543742167621815e+01
2.313859764860121260e+01 9.870541679494280629e+01 8.148034773906194914e+02 4.580709334300642013e+02 1.358543742167621815e+01
2.313859764860121260e+01 5.755115973779413707e+01 1.137758052771169787e+03 4.580709334300642013e+02 1.358543742167621815e+01
2.313859764860121260e+01 5.755115973779413707e+01 8.148034773906194914e+02 7.528744120431268811e+02 1.358543742167621815e+01
2.313859764860121260e+01 5.755115973779413707e+01 8.148034773906194914e+02 4.580709334300642013e+02 1.802655887961032022e+01
2.313859764860121260e+01 5.755115973779413707e+01 8.148034773906194914e+02 4.580709334300642013e+02 1.358543742167621815e+01
2.881755774587203334e+01 5.892025965018439138e+01 5.187400893312792505e+02 1.418921249193070935e+02 7.773550747953560602e+00
3.258343502538089353e+01 5.892025965018439138e+01 5.187400893312792505e+02 1.418921249193070935e+02 7.773550747953560602e+00
2.881755774587203334e+01 8.652374969632775503e+01 5.187400893312792505e+02 1.418921249193070935e+02 7.773550747953560602e+00
2.881755774587203334e+01 5.892025965018439138e+01 1.250523273411470655e+03 1.418921249193070935e+02 7.773550747953560602e+00
2.881755774587203334e+01 5.892025965018439138e+01 5.187400893312792505e+02 3.827468682546490300e+02 7.773550747953560602e+00
2.881755774587203334e+01 5.892025965018439138e+01 5.187400893312792505e+02 1.418921249193070935e+02 1.785125576641326361e+01
2.881755774587203334e+01 8.652374969632775503e+01 1.250523273411470655e+03 3.827468682546490300e+02 1.785125576641326361e+01
3.258343502538089353e+01 5.892025965018439138e+01 1.250523273411470655e+03 3.827468682546490300e+02 1.785125576641326361e+01
3.258343502538089353e+01 8.652374969632775503e+01 5.187400893312792505e+02 3.827468682546490300e+02 1.785125576641326361e+01
3.258343502538089353e+01 8.652374969632775503e+01 1.250523273411470655e+03 1.418921249193070935e+02 1.785125576641326361e+01
3.258343502538089353e+01 8.652374969632775503e+01 1.250523273411470655e+03 3.827468682546490300e+02 7.773550747953560602e+00
3.258343502538089353e+01 8.652374969632775503e+01 1.250523273411470655e+03 3.827468682546490300e+02 1.785125576641326361e+01
2.943892542616052310e+01 8.104390867235915152e+01 1.104108370772344415e+03 3.414437524910093202e+02 2.196759048722944030e+01
3.377466859576627201e+01 8.104390867235915152e+01 1.104108370772344415e+03 3.414437524910093202e+02 2.196759048722944030e+01
2.943892542616052310e+01 7.308091945228869690e+01 1.104108370772344415e+03 3.414437524910093202e+02 2.196759048722944030e+01
2.943892542616052310e+01 8.104390867235915152e+01 9.570126510913702305e+02 3.414437524910093202e+02 2.196759048722944030e+01
2.943892542616052310e+01 8.104390867235915152e+01 1.104108370772344415e+03 1.385444093834649948e+02 2.196759048722944030e+01
2.943892542616052310e+01 8.104390867235915152e+01 1.104108370772344415e+03 3.414437524910093202e+02 1.135820784730371891e+01
2.943892542616052310e+01 7.308091945228869690e+01 9.570126510913702305e+02 1.385444093834649948e+02 1.135820784730371891e+01
3.377466859576627201e+01 8.104390867235915152e+01 9.570126510913702305e+02 1.385444093834649948e+02 1.135820784730371891e+01
3.377466859576627201e+01 7.308091945228869690e+01 1.104108370772344415e+03 1.385444093834649948e+02 1.135820784730371891e+01
3.377466859576627201e+01 7.308091945228869690e+01 9.570126510913702305e+02 3.414437524910093202e+02 1.135820784730371891e+01
3.377466859576627201e+01 7.308091945228869690e+01 9.570126510913702305e+02 1.385444093834649948e+02 2.196759048722944030e+01
3.377466859576627201e+01 7.308091945228869690e+01 9.570126510913702305e+02 1.385444093834649948e+02 1.135820784730371891e+01
1.660369125267195045e+01 6.991887798626751760e+01 6.070599881529373079e+02 4.684462964138963343e+02 1.880301175109223344e+00
2.209592373059886228e+01 6.991887798626751760e+01 6.070599881529373079e+02 4.684462964138963343e+02 1.880301175109223344e+00
1.660369125267195045e+01 9.130026297986927375e+01 6.070599881529373079e+02 4.684462964138963343e+02 1.880301175109223344e+00
1.660369125267195045e+01 6.991887798626751760e+01 7.115716502821849190e+02 4.684462964138963343e+02 1.880301175109223344e+00
1.660369125267195045e+01 6.991887798626751760e+01 6.070599881529373079e+02 8.422245561555143922e+02 1.880301175109223344e+00
1.660369125267195045e+01 6.991887798626751760e+01 6.070599881529373079e+02 4.684462964138963343e+02 1.914812290834120034e+01
1.660369125267195045e+01 9.130026297986927375e+01 7.115716502821849190e+02 8.422245561555143922e+02 1.914812290834120034e+01
2.209592373059886228e+01 6.991887798626751760e+01 7.115716502821849190e+02 8.422245561555143922e+02 1.914812290834120034e+01
2.209592373059886228e+01 9.130026297986927375e+01 6.070599881529373079e+02 8.422245561555143922e+02 1.914812290834120034e+01
2.209592373059886228e+01 9.130026297986927375e+01 7.115716502821849190e+02 4.684462964138963343e+02 1.914812290834120034e+01
2.209592373059886228e+01 9.130026297986927375e+01 7.115716502821849190e+02 8.422245561555143922e+02 1.880301175109223344e+00
2.209592373059886228e+01 9.130026297986927375e+01 7.115716502821849190e+02 8.422245561555143922e+02 1.914812290834120034e+01
2.248071323804053634e+01 9.337001012470113892e+01 9.808225914553360099e+02 1.982878462126474517e+02 1.039279796999739069e+01
1.220368915622578143e+01 9.337001012470113892e+01 9.808225914553360099e+02 1.982878462126474517e+02 1.039279796999739069e+01
2.248071323804053634e+01 6.564732091101720357e+01 9.808225914553360099e+02 1.982878462126474517e+02 1.039279796999739069e+01
2.248071323804053634e+01 9.337001012470113892e+01 8.510136452729066150e+02 1.982878462126474517e+02 1.039279796999739069e+01
2.248071323804053634e+01 9.337001012470113892e+01 9.808225914553360099e+02 5.038301456398226605e+02 1.039279796999739069e+01
2.248071323804053634e+01 9.337001012470113892e+01 9.808225914553360099e+02 1.982878462126474517e+02 1.417270038419714950e+01
2.248071323804053634e+01 6.564732091101720357e+01 8.510136452729066150e+02 5.038301456398226605e+02 1.417270038419714950e+01
1.220368915622578143e+01 9.337001012470113892e+01 8.510136452729066150e+02 5.038301456398226605e+02 1.417270038419714950e+01
1.220368915622578143e+01 6.564732091101720357e+01 9.808225914553360099e+02 5.038301456398226605e+02 1.417270038419714950e+01
1.220368915622578143e+01 6.564732091101720357e+01 8.510136452729066150e+02 1.982878462126474517e+02 1.417270038419714950e+01
1.220368915622578143e+01 6.564732091101720357e+01 8.510136452729066150e+02 5.038301456398226605e+02 1.039279796999739069e+01
1.220368915622578143e+01 6.564732091101720357e+01 8.510136452729066150e+02 5.038301456398226605e+02 1.417270038419714950e+01
3.034313741080766746e+01 4.329683076750156090e+01 8.446253126034675915e+02 6.851046498226684207e+02 1.626102968288137873e+01
2.909820133349024474e+01 4.329683076750156090e+01 8.446253126034675915e+02 6.851046498226684207e+02 1.626102968288137873e+01
3.034313741080766746e+01 8.715145294991827996e+01 8.446253126034675915e+02 6.851046498226684207e+02 1.626102968288137873e+01
3.034313741080766746e+01 4.329683076750156090e+01 1.176228868484037321e+03 6.851046498226684207e+02 1.626102968288137873e+01
3.034313741080766746e+01 4.329683076750156090e+01 8.446253126034675915e+02 4.233925630478188964e+02 1.626102968288137873e+01
3.034313741080766746e+01 4.329683076750156090e+01 8.446253126034675915e+02 6.851046498226684207e+02 8.785558080922367452e+00
3.034313741080766746e+01 8.715145294991827996e+01 1.176228868484037321e+03 4.233925630478188964e+02 8.785558080922367452e+00
2.909820133349024474e+01 4.329683076750156090e+01 1.176228868484037321e+03 4.233925630478188964e+02 8.785558080922367452e+00
2.909820133349024474e+01 8.715145294991827996e+01 8.446253126034675915e+02 4.233925630478188964e+02 8.785558080922367452e+00
2.909820133349024474e+01 8.715145294991827996e+01 1.176228868484037321e+03 6.851046498226684207e+02 8.785558080922367452e+00
2.909820133349024474e+01 8.715145294991827996e+01 1.176228868484037321e+03 4.233925630478188964e+02 1.626102968288137873e+01
2.909820133349024474e+01 8.715145294991827996e+01 1.176228868484037321e+03 4.233925630478188964e+02 8.785558080922367452e+00
3.377438205435465335e+01 9.547889457897912280e+01 6.909518258482949022e+02 8.435647061096574362e+02 1.431650494550398633e+01
3.106397413980270272e+01 9.547889457897912280e+01 6.909518258482949022e+02 8.435647061096574362e+02 1.431650494550398633e+01
3.377438205435465335e+01 5.512564026214106150e+01 6.909518258482949022e+02 8.435647061096574362e+02 1.431650494550398633e+01
3.377438205435465335e+01 9.547889457897912280e+01 8.953549415257061810e+02 8.435647061096574362e+02 1.431650494550398633e+01
3.377438205435465335e+01 9.547889457897912280e+01 6.909518258482949022e+02 5.721168767581833663e+02 1.431650494550398633e+01
3.377438205435465335e+01 9.547889457897912280e+01 6.909518258482949022e+02 8.435647061096574362e+02 1.869289496771534331e+01
3.377438205435465335e+01 5.512564026214106150e+01 8.953549415257061810e+02 5.721168767581833663e+02 1.869289496771534331e+01
3.106397413980270272e+01 9.547889457897912280e+01 8.953549415257061810e+02 5.721168767581833663e+02 1.869289496771534331e+01
3.106397413980270272e+01 5.512564026214106150e+01 6.909518258482949022e+02 5.721168767581833663e+02 1.869289496771534331e+01
3.106397413980270272e+01 5.512564026214106150e+01 8.953549415257061810e+02 8.435647061096574362e+02 1.869289496771534331e+01
3.106397413980270272e+01 5.512564026214106150e+01 8.953549415257061810e+02 5.721168767581833663e+02 1.431650494550398633e+01
3.106397413980270272e+01 5.512564026214106150e+01 8.953549415257061810e+02 5.721168767581833663e+02 1.869289496771534331e+01
2.508075264952515582e+01 6.335537091760254924e+01 1.220142221734135092e+03 2.865506530523112474e+02 1.299072453847226960e+01
2.466092252417712061e+01 6.335537091760254924e+01 1.220142221734135092e+03 2.865506530523112474e+02 1.299072453847226960e+01
2.508075264952515582e+01 8.275743881449821515e+01 1.220142221734135092e+03 2.865506530523112474e+02 1.299072453847226960e+01
2.508075264952515582e+01 6.335537091760254924e+01 1.141081465166459111e+03 2.865506530523112474e+02 1.299072453847226960e+01
2.508075264952515582e+01 6.335537091760254924e+01 1.220142221734135092e+03 3.148282955659080358e+02 1.299072453847226960e+01
2.508075264952515582e+01 6.335537091760254924e+01 1.220142221734135092e+03 2.865506530523112474e+02 1.278307099065504282e+01
2.508075264952515582e+01 8.275743881449821515e+01 1.141081465166459111e+03 3.148282955659080358e+02 1.278307099065504282e+01
2.466092252417712061e+01 6.335537091760254924e+01 1.141081465166459111e+03 3.148282955659080358e+02 1.278307099065504282e+01
2.466092252417712061e+01 8.275743881449821515e+01 1.220142221734135092e+03 3.148282955659080358e+02 1.278307099065504282e+01
2.466092252417712061e+01 8.275743881449821515e+01 1.141081465166459111e+03 2.865506530523112474e+02 1.278307099065504282e+01
2.466092252417712061e+01 8.275743881449821515e+01 1.141081465166459111e+03 3.148282955659080358e+02 1.299072453847226960e+01
2.466092252417712061e+01 8.275743881449821515e+01 1.141081465166459111e+03 3.148282955659080358e+02 1.278307099065504282e+01
1.196832595682581513e+01 8.843415764307576410e+01 8.832197427378122256e+02 5.587290513144989745e+02 9.396147381764158979e+00
1.572419110361621897e+01 8.843415764307576410e+01 8.832197427378122256e+02 5.587290513144989745e+02 9.396147381764158979e+00
1.196832595682581513e+01 7.775768709686832381e+01 8.832197427378122256e+02 5.587290513144989745e+02 9.396147381764158979e+00
1.196832595682581513e+01 8.843415764307576410e+01 1.063114666862424883e+03 5.587290513144989745e+02 9.396147381764158979e+00
1.196832595682581513e+01 8.843415764307576410e+01 8.832197427378122256e+02 2.700831684952894420e+02 9.396147381764158979e+00
1.196832595682581513e+01 8.843415764307576410e+01 8.832197427378122256e+02 5.587290513144989745e+02 3.796271452268795255e+00
1.196832595682581513e+01 7.775768709686832381e+01 1.063114666862424883e+03 2.700831684952894420e+02 3.796271452268795255e+00
1.572419110361621897e+01 8.843415764307576410e+01 1.063114666862424883e+03 2.700831684952894420e+02 3.796271452268795255e+00
1.572419110361621897e+01 7.775768709686832381e+01 8.832197427378122256e+02 2.700831684952894420e+02 3.796271452268795255e+00
1.572419110361621897e+01 7.775768709686832381e+01 1.063114666862424883e+03 5.587290513144989745e+02 3.796271452268795255e+00
1.572419110361621897e+01 7.775768709686832381e+01 1.063114666862424883e+03 2.700831684952894420e+02 9.396147381764158979e+00
1.572419110361621897e+01 7.775768709686832381e+01 1.063114666862424883e+03 2.700831684952894420e+02 3.796271452268795255e+00
2.689288235357498280e+01 7.330175489323484328e+01 1.076999346237780628e+03 4.204504417006461949e+02 1.723589050838948111e+01
2.763508579239501373e+01 7.330175489323484328e+01 1.076999346237780628e+03 4.204504417006461949e+02 1.723589050838948111e+01
2.689288235357498280e+01 9.664424690251254901e+01 1.076999346237780628e+03 4.204504417006461949e+02 1.723589050838948111e+01
2.689288235357498280e+01 7.330175489323484328e+01 3.838602565229292622e+02 4.204504417006461949e+02 1.723589050838948111e+01
2.689288235357498280e+01 7.330175489323484328e+01 1.076999346237780628e+03 7.427419790015347871e+02 1.723589050838948111e+01
2.689288235357498280e+01 7.330175489323484328e+01 1.076999346237780628e+03 4.204504417006461949e+02 1.701923616388368643e+01
2.689288235357498280e+01 9.664424690251254901e+01 3.838602565229292622e+02 7.427419790015347871e+02 1.701923616388368643e+01
2.763508579239501373e+01 7.330175489323484328e+01 3.838602565229292622e+02 7.427419790015347871e+02 1.701923616388368643e+01
2.763508579239501373e+01 9.664424690251254901e+01 1.076999346237780628e+03 7.427419790015347871e+02 1.701923616388368643e+01
2.763508579239501373e+01 9.664424690251254901e+01 3.838602565229292622e+02 4.204504417006461949e+02 1.701923616388368643e+01
2.763508579239501373e+01 9.664424690251254901e+01 3.838602565229292622e+02 7.427419790015347871e+02 1.723589050838948111e+01
2.763508579239501373e+01 9.664424690251254901e+01 3.838602565229292622e+02 7.427419790015347871e+02 1.701923616388368643e+01
2.771734110699351561e+01 8.684064310891253058e+01 5.834646143743411812e+02 6.997821424986345846e+02 1.095724465178056306e+01
2.518759752113691874e+01 8.684064310891253058e+01 5.834646143743411812e+02 6.997821424986345846e+02 1.095724465178056306e+01
2.771734110699351561e+01 7.941318538817992589e+01 5.834646143743411812e+02 6.997821424986345846e+02 1.095724465178056306e+01
2.771734110699351561e+01 8.684064310891253058e+01 1.078267400339822871e+03 6.997821424986345846e+02 1.095724465178056306e+01
2.771734110699351561e+01 8.684064310891253058e+01 5.834646143743411812e+02 8.105584886463121848e+02 1.095724465178056306e+01
2.771734110699351561e+01 8.684064310891253058e+01 5.834646143743411812e+02 6.997821424986345846e+02 5.177127696731105289e+00
2.771734110699351561e+01 7.941318538817992589e+01 1.078267400339822871e+03 8.105584886463121848e+02 5.177127696731105289e+00
2.518759752113691874e+01 8.684064310891253058e+01 1.078267400339822871e+03 8.105584886463121848e+02 5.177127696731105289e+00
2.518759752113691874e+01 7.941318538817992589e+01 5.834646143743411812e+02 8.105584886463121848e+02 5.177127696731105289e+00
2.518759752113691874e+01 7.941318538817992589e+01 1.078267400339822871e+03 6.997821424986345846e+02 5.177127696731105289e+00
2.518759752113691874e+01 7.941318538817992589e+01 1.078267400339822871e+03 8.105584886463121848e+02 1.095724465178056306e+01
2.518759752113691874e+01 7.941318538817992589e+01 1.078267400339822871e+03 8.105584886463121848e+02 5.177127696731105289e+00
7.283855686762969128e+00 7.542801438330857877e+01 1.112162388286658370e+03 5.133333163806788946e+01 1.588325831701450674e+01
3.043111414086239463e+01 7.542801438330857877e+01 1.112162388286658370e+03 5.133333163806788946e+01 1.588325831701450674e+01
7.283855686762969128e+00 4.978818620254047289e+01 1.112162388286658370e+03 5.133333163806788946e+01 1.588325831701450674e+01
7.283855686762969128e+00 7.542801438330857877e+01 4.956224122678435151e+02 5.133333163806788946e+01 1.588325831701450674e+01
7.283855686762969128e+00 7.542801438330857877e+01 1.112162388286658370e+03 8.726839389073967368e+01 1.588325831701450674e+01
7.283855686762969128e+00 7.542801438330857877e+01 1.112162388286658370e+03 5.133333163806788946e+01 1.583973502779682008e+01
7.283855686762969128e+00 4.978818620254047289e+01 4.956224122678435151e+02 8.726839389073967368e+01 1.583973502779682008e+01
3.043111414086239463e+01 7.542801438330857877e+01 4.956224122678435151e+02 8.726839389073967368e+01 1.583973502779682008e+01
3.043111414086239463e+01 4.978818620254047289e+01 1.112162388286658370e+03 8.726839389073967368e+01 1.583973502779682008e+01
3.043111414086239463e+01 4.978818620254047289e+01 4.956224122678435151e+02 5.133333163806788946e+01 1.583973502779682008e+01
3.043111414086239463e+01 4.978818620254047289e+01 4.956224122678435151e+02 8.726839389073967368e+01 1.588325831701450674e+01
3.043111414086239463e+01 4.978818620254047289e+01 4.956224122678435151e+02 8.726839389073967368e+01 1.583973502779682008e+01
2.465578527579545209e+01 9.405149238605282846e+01 8.559031926343599253e+02 5.006160920339109452e+02 1.929318288369244527e+01
2.717585661063874980e+01 9.405149238605282846e+01 8.559031926343599253e+02 5.006160920339109452e+02 1.929318288369244527e+01
2.465578527579545209e+01 9.392671423852971202e+01 8.559031926343599253e+02 5.006160920339109452e+02 1.929318288369244527e+01
2.465578527579545209e+01 9.405149238605282846e+01 8.709553848037164698e+02 5.006160920339109452e+02 1.929318288369244527e+01
2.465578527579545209e+01 9.405149238605282846e+01 8.559031926343599253e+02 4.009757356572958997e+02 1.929318288369244527e+01
2.465578527579545209e+01 9.405149238605282846e+01 8.559031926343599253e+02 5.006160920339109452e+02 1.719298272705987785e+01
2.465578527579545209e+01 9.392671423852971202e+01 8.709553848037164698e+02 4.009757356572958997e+02 1.719298272705987785e+01
2.717585661063874980e+01 9.405149238605282846e+01 8.709553848037164698e+02 4.009757356572958997e+02 1.719298272705987785e+01
2.717585661063874980e+01 9.392671423852971202e+01 8.559031926343599253e+02 4.009757356572958997e+02 1.719298272705987785e+01
2.717585661063874980e+01 9.392671423852971202e+01 8.709553848037164698e+02 5.006160920339109452e+02 1.719298272705987785e+01
2.717585661063874980e+01 9.392671423852971202e+01 8.709553848037164698e+02 4.009757356572958997e+02 1.929318288369244527e+01
2.717585661063874980e+01 9.392671423852971202e+01 8.709553848037164698e+02 4.009757356572958997e+02 1.719298272705987785e+01
3.416680520965714152e+01 6.616964672380774459e+01 9.717656816063166616e+02 2.962109932048037422e+02 6.282703284510133379e+00
1.687312135430077831e+01 6.616964672380774459e+01 9.717656816063166616e+02 2.962109932048037422e+02 6.282703284510133379e+00
3.416680520965714152e+01 7.571319792513948244e+01 9.717656816063166616e+02 2.962109932048037422e+02 6.282703284510133379e+00
3.416680520965714152e+01 6.616964672380774459e+01 1.126327565272426455e+03 2.962109932048037422e+02 6.282703284510133379e+00
3.416680520965714152e+01 6.616964672380774459e+01 9.717656816063166616e+02 4.894807964825784552e+02 6.282703284510133379e+00
3.416680520965714152e+01 6.616964672380774459e+01 9.717656816063166616e+02 2.962109932048037422e+02 1.322867623626865452e+01
3.416680520965714152e+01 7.571319792513948244e+01 1.126327565272426455e+03 4.894807964825784552e+02 1.322867623626865452e+01
1.687312135430077831e+01 6.616964672380774459e+01 1.126327565272426455e+03 4.894807964825784552e+02 1.322867623626865452e+01
1.687312135430077831e+01 7.571319792513948244e+01 9.717656816063166616e+02 4.894807964825784552e+02 1.322867623626865452e+01
1.687312135430077831e+01 7.571319792513948244e+01 1.126327565272426455e+03 2.962109932048037422e+02 1.322867623626865452e+01
1.687312135430077831e+01 7.571319792513948244e+01 1.126327565272426455e+03 4.894807964825784552e+02 6.282703284510133379e+00
1.687312135430077831e+01 7.571319792513948244e+01 1.126327565272426455e+03 4.894807964825784552e+02 1.322867623626865452e+01
3.138433301392882413e+01 9.191799928255215946e+01 1.240372008416649351e+03 3.703766373228820044e+02 7.226418078667177447e+00
2.129342655832112996e+01 9.191799928255215946e+01 1.240372008416649351e+03 3.703766373228820044e+02 7.226418078667177447e+00
3.138433301392882413e+01 8.976384910129354466e+01 1.240372008416649351e+03 3.703766373228820044e+02 7.226418078667177447e+00
3.138433301392882413e+01 9.191799928255215946e+01 8.238492571328424674e+02 3.703766373228820044e+02 7.226418078667177447e+00
3.138433301392882413e+01 9.191799928255215946e+01 1.240372008416649351e+03 3.039963449554812769e+02 7.226418078667177447e+00
3.138433301392882413e+01 9.191799928255215946e+01 1.240372008416649351e+03 3.703766373228820044e+02 1.537904207900029618e+01
3.138433301392882413e+01 8.976384910129354466e+01 8.238492571328424674e+02 3.039963449554812769e+02 1.537904207900029618e+01
2.129342655832112996e+01 9.191799928255215946e+01 8.238492571328424674e+02 3.039963449554812769e+02 1.537904207900029618e+01
2.129342655832112996e+01 8.976384910129354466e+01 1.240372008416649351e+03 3.039963449554812769e+02 1.537904207900029618e+01
2.129342655832112996e+01 8.976384910129354466e+01 8.238492571328424674e+02 3.703766373228820044e+02 1.537904207900029618e+01
2.129342655832112996e+01 8.976384910129354466e+01 8.238492571328424674e+02 3.039963449554812769e+02 7.226418078667177447e+00
2.129342655832112996e+01 8.976384910129354466e+01 8.238492571328424674e+02 3.039963449554812769e+02 1.537904207900029618e+01
2.145080835733597269e+01 5.038160835136866922e+01 6.720397901118941490e+02 5.966891310110439690e+02 1.872919612378148813e+01
3.505746432837057114e+01 5.038160835136866922e+01 6.720397901118941490e+02 5.966891310110439690e+02 1.872919612378148813e+01
2.145080835733597269e+01 6.902388869783865744e+01 6.720397901118941490e+02 5.966891310110439690e+02 1.872919612378148813e+01
2.145080835733597269e+01 5.038160835136866922e+01 1.160550273313580874e+03 5.966891310110439690e+02 1.872919612378148813e+01
2.145080835733597269e+01 5.038160835136866922e+01 6.720397901118941490e+02 5.434574677925385231e+02 1.872919612378148813e+01
2.145080835733597269e+01 5.038160835136866922e+01 6.720397901118941490e+02 5.966891310110439690e+02 8.049011786242797228e+00
2.145080835733597269e+01 6.902388869783865744e+01 1.160550273313580874e+03 5.434574677925385231e+02 8.049011786242797228e+00
3.505746432837057114e+01 5.038160835136866922e+01 1.160550273313580874e+03 5.434574677925385231e+02 8.049011786242797228e+00
3.505746432837057114e+01 6.902388869783865744e+01 6.720397901118941490e+02 5.434574677925385231e+02 8.049011786242797228e+00
3.505746432837057114e+01 6.902388869783865744e+01 1.160550273313580874e+03 5.966891310110439690e+02 8.049011786242797228e+00
3.505746432837057114e+01 6.902388869783865744e+01 1.160550273313580874e+03 5.434574677925385231e+02 1.872919612378148813e+01
3.505746432837057114e+01 6.902388869783865744e+01 1.160550273313580874e+03 5.434574677925385231e+02 8.049011786242797228e+00
1.621356745105589781e+01 7.918735293277353549e+01 1.069613356996717357e+03 2.130916641027635023e+02 1.473201694794271432e+01
2.966769073595412465e+01 7.918735293277353549e+01 1.069613356996717357e+03 2.130916641027635023e+02 1.473201694794271432e+01
1.621356745105589781e+01 8.533297351258426033e+01 1.069613356996717357e+03 2.130916641027635023e+02 1.473201694794271432e+01
1.621356745105589781e+01 7.918735293277353549e+01 9.727554113256051096e+02 2.130916641027635023e+02 1.473201694794271432e+01
1.621356745105589781e+01 7.918735293277353549e+01 1.069613356996717357e+03 7.016313218241440381e+02 1.473201694794271432e+01
1.621356745105589781e+01 7.918735293277353549e+01 1.069613356996717357e+03 2.130916641027635023e+02 1.083527678762099100e+01
1.621356745105589781e+01 8.533297351258426033e+01 9.727554113256051096e+02 7.016313218241440381e+02 1.083527678762099100e+01
2.966769073595412465e+01 7.918735293277353549e+01 9.727554113256051096e+02 7.016313218241440381e+02 1.083527678762099100e+01
2.966769073595412465e+01 8.533297351258426033e+01 1.069613356996717357e+03 7.016313218241440381e+02 1.083527678762099100e+01
2.966769073595412465e+01 8.533297351258426033e+01 9.727554113256051096e+02 2.130916641027635023e+02 1.083527678762099100e+01
2.966769073595412465e+01 8.533297351258426033e+01 9.727554113256051096e+02 7.016313218241440381e+02 1.473201694794271432e+01
2.966769073595412465e+01 8.533297351258426033e+01 9.727554113256051096e+02 7.016313218241440381e+02 1.083527678762099100e+01
2.978000097982309313e+01 7.224199843170791269e+01 8.930311616570011211e+02 8.679464587427722790e+02 1.252248777889123588e+01
9.497610957211527705e+00 7.224199843170791269e+01 8.930311616570011211e+02 8.679464587427722790e+02 1.252248777889123588e+01
2.978000097982309313e+01 6.012033500166944577e+01 8.930311616570011211e+02 8.679464587427722790e+02 1.252248777889123588e+01
2.978000097982309313e+01 7.224199843170791269e+01 7.490789859279266238e+02 8.679464587427722790e+02 1.252248777889123588e+01
2.978000097982309313e+01 7.224199843170791269e+01 8.930311616570011211e+02 2.579484205460641988e+02 1.252248777889123588e+01
2.978000097982309313e+01 7.224199843170791269e+01 8.930311616570011211e+02 8.679464587427722790e+02 2.168420101307819436e+01
2.978000097982309313e+01 6.012033500166944577e+01 7.490789859279266238e+02 2.579484205460641988e+02 2.168420101307819436e+01
9.497610957211527705e+00 7.224199843170791269e+01 7.490789859279266238e+02 2.579484205460641988e+02 2.168420101307819436e+01
9.497610957211527705e+00 6.012033500166944577e+01 8.930311616570011211e+02 2.579484205460641988e+02 2.168420101307819436e+01
9.497610957211527705e+00 6.012033500166944577e+01 7.490789859279266238e+02 8.679464587427722790e+02 2.168420101307819436e+01
9.497610957211527705e+00 6.012033500166944577e+01 7.490789859279266238e+02 2.579484205460641988e+02 1.252248777889123588e+01
9.497610957211527705e+00 6.012033500166944577e+01 7.490789859279266238e+02 2.579484205460641988e+02 2.168420101307819436e+01
2.817758173966065627e+01 9.637975589771932050e+01 1.041258505136057920e+03 5.478605545083530615e+02 1.679277938160774752e+01
1.897166355499156865e+01 9.637975589771932050e+01 1.041258505136057920e+03 5.478605545083530615e+02 1.679277938160774752e+01
2.817758173966065627e+01 9.237766755503136551e+01 1.041258505136057920e+03 5.478605545083530615e+02 1.679277938160774752e+01
2.817758173966065627e+01 9.637975589771932050e+01 7.854911675756393379e+02 5.478605545083530615e+02 1.679277938160774752e+01
2.817758173966065627e+01 9.637975589771932050e+01 1.041258505136057920e+03 3.381711054868534347e+02 1.679277938160774752e+01
2.817758173966065627e+01 9.637975589771932050e+01 1.041258505136057920e+03 5.478605545083530615e+02 1.220508827300281141e+01
2.817758173966065627e+01 9.237766755503136551e+01 7.854911675756393379e+02 3.381711054868534347e+02 1.220508827300281141e+01
1.897166355499156865e+01 9.637975589771932050e+01 7.854911675756393379e+02 3.381711054868534347e+02 1.220508827300281141e+01
1.897166355499156865e+01 9.237766755503136551e+01 1.041258505136057920e+03 3.381711054868534347e+02 1.220508827300281141e+01
1.897166355499156865e+01 9.237766755503136551e+01 7.854911675756393379e+02 5.478605545083530615e+02 1.220508827300281141e+01
1.897166355499156865e+01 9.237766755503136551e+01 7.854911675756393379e+02 3.381711054868534347e+02 1.679277938160774752e+01
1.897166355499156865e+01 9.237766755503136551e+01 7.854911675756393379e+02 3.381711054868534347e+02 1.220508827300281141e+01
1.942342534244398067e+01 6.163134297684332807e+01 9.381851671821602849e+02 4.068636198849630432e+02 9.994836755515569493e+00
2.583745591744607140e+01 6.163134297684332807e+01 9.381851671821602849e+02 4.068636198849630432e+02 9.994836755515569493e+00
1.942342534244398067e+01 7.145363039264682925e+01 9.381851671821602849e+02 4.068636198849630432e+02 9.994836755515569493e+00
1.942342534244398067e+01 6.163134297684332807e+01 1.218922127929392218e+03 4.068636198849630432e+02 9.994836755515569493e+00
1.942342534244398067e+01 6.163134297684332807e+01 9.381851671821602849e+02 5.935406868989543909e+02 9.994836755515569493e+00
1.942342534244398067e+01 6.163134297684332807e+01 9.381851671821602849e+02 4.068636198849630432e+02 1.837576001869666342e+01
1.942342534244398067e+01 7.145363039264682925e+01 1.218922127929392218e+03 5.935406868989543909e+02 1.837576001869666342e+01
2.583745591744607140e+01 6.163134297684332807e+01 1.218922127929392218e+03 5.935406868989543909e+02 1.837576001869666342e+01
2.583745591744607140e+01 7.145363039264682925e+01 9.381851671821602849e+02 5.935406868989543909e+02 1.837576001869666342e+01
2.583745591744607140e+01 7.145363039264682925e+01 1.218922127929392218e+03 4.068636198849630432e+02 1.837576001869666342e+01
2.583745591744607140e+01 7.145363039264682925e+01 1.218922127929392218e+03 5.935406868989543909e+02 9.994836755515569493e+00
2.583745591744607140e+01 7.145363039264682925e+01 1.218922127929392218e+03 5.935406868989543909e+02 1.837576001869666342e+01
2.071953325781947797e+01 8.454443418141107713e+01 1.178036789951151150e+03 7.751210719440953199e+02 3.624657944473911542e+00
3.173581021571549954e+01 8.454443418141107713e+01 1.178036789951151150e+03 7.751210719440953199e+02 3.624657944473911542e+00
2.071953325781947797e+01 8.831039534620842346e+01 1.178036789951151150e+03 7.751210719440953199e+02 3.624657944473911542e+00
2.071953325781947797e+01 8.454443418141107713e+01 1.018330801522364482e+03 7.751210719440953199e+02 3.624657944473911542e+00
2.071953325781947797e+01 8.454443418141107713e+01 1.178036789951151150e+03 6.357949466876068527e+02 3.624657944473911542e+00
2.071953325781947797e+01 8.454443418141107713e+01 1.178036789951151150e+03 7.751210719440953199e+02 1.628564913785829305e+01
2.071953325781947797e+01 8.831039534620842346e+01 1.018330801522364482e+03 6.357949466876068527e+02 1.628564913785829305e+01
3.173581021571549954e+01 8.454443418141107713e+01 1.018330801522364482e+03 6.357949466876068527e+02 1.628564913785829305e+01
3.173581021571549954e+01 8.831039534620842346e+01 1.178036789951151150e+03 6.357949466876068527e+02 1.628564913785829305e+01
3.173581021571549954e+01 8.831039534620842346e+01 1.018330801522364482e+03 7.751210719440953199e+02 1.628564913785829305e+01
3.173581021571549954e+01 8.831039534620842346e+01 1.018330801522364482e+03 6.357949466876068527e+02 3.624657944473911542e+00
3.173581021571549954e+01 8.831039534620842346e+01 1.018330801522364482e+03 6.357949466876068527e+02 1.628564913785829305e+01
3.220168823379891165e+01 7.811213594503081481e+01 7.271834792460650760e+02 2.542713609714525376e+02 2.063515902507923983e+01
2.397652814474615113e+01 7.811213594503081481e+01 7.271834792460650760e+02 2.542713609714525376e+02 2.063515902507923983e+01
3.220168823379891165e+01 6.359625606545326093e+01 7.271834792460650760e+02 2.542713609714525376e+02 2.063515902507923983e+01
3.220168823379891165e+01 7.811213594503081481e+01 7.032307109233402116e+02 2.542713609714525376e+02 2.063515902507923983e+01
3.220168823379891165e+01 7.811213594503081481e+01 7.271834792460650760e+02 2.127000750606119368e+02 2.063515902507923983e+01
3.220168823379891165e+01 7.811213594503081481e+01 7.271834792460650760e+02 2.542713609714525376e+02 3.057544320787879855e+00
3.220168823379891165e+01 6.359625606545326093e+01 7.032307109233402116e+02 2.127000750606119368e+02 3.057544320787879855e+00
2.397652814474615113e+01 7.811213594503081481e+01 7.032307109233402116e+02 2.127000750606119368e+02 3.057544320787879855e+00
2.397652814474615113e+01 6.359625606545326093e+01 7.271834792460650760e+02 2.127000750606119368e+02 3.057544320787879855e+00
2.397652814474615113e+01 6.359625606545326093e+01 7.032307109233402116e+02 2.542713609714525376e+02 3.057544320787879855e+00
2.397652814474615113e+01 6.359625606545326093e+01 7.032307109233402116e+02 2.127000750606119368e+02 2.063515902507923983e+01
2.397652814474615113e+01 6.359625606545326093e+01 7.032307109233402116e+02 2.127000750606119368e+02 3.057544320787879855e+00
3.514560277932425691e+01 8.206208816472582157e+01 8.026071460437605083e+02 1.568438763938846989e+02 1.754275296822539332e+01
1.380573138171508774e+01 8.206208816472582157e+01 8.026071460437605083e+02 1.568438763938846989e+02 1.754275296822539332e+01
3.514560277932425691e+01 8.402036792931457398e+01 8.026071460437605083e+02 1.568438763938846989e+02 1.754275296822539332e+01
3.514560277932425691e+01 8.206208816472582157e+01 1.053527624787118839e+03 1.568438763938846989e+02 1.754275296822539332e+01
3.514560277932425691e+01 8.206208816472582157e+01 8.026071460437605083e+02 9.255544630344654706e+02 1.754275296822539332e+01
3.514560277932425691e+01 8.206208816472582157e+01 8.026071460437605083e+02 1.568438763938846989e+02 2.045415749995827781e+01
3.514560277932425691e+01 8.402036792931457398e+01 1.053527624787118839e+03 9.255544630344654706e+02 2.045415749995827781e+01
1.380573138171508774e+01 8.206208816472582157e+01 1.053527624787118839e+03 9.255544630344654706e+02 2.045415749995827781e+01
1.380573138171508774e+01 8.402036792931457398e+01 8.026071460437605083e+02 9.255544630344654706e+02 2.045415749995827781e+01
1.380573138171508774e+01 8.402036792931457398e+01 1.053527624787118839e+03 1.568438763938846989e+02 2.045415749995827781e+01
1.380573138171508774e+01 8.402036792931457398e+01 1.053527624787118839e+03 9.255544630344654706e+02 1.754275296822539332e+01
1.380573138171508774e+01 8.402036792931457398e+01 1.053527624787118839e+03 9.255544630344654706e+02 2.045415749995827781e+01
2.387185030150852683e+01 6.863500392338305289e+01 1.002737820816823046e+03 6.326984848445448506e+02 8.508385612524993036e+00
2.851580733450146710e+01 6.863500392338305289e+01 1.002737820816823046e+03 6.326984848445448506e+02 8.508385612524993036e+00
2.387185030150852683e+01 5.183833944532185001e+01 1.002737820816823046e+03 6.326984848445448506e+02 8.508385612524993036e+00
2.387185030150852683e+01 6.863500392338305289e+01 6.266543289359317441e+02 6.326984848445448506e+02 8.508385612524993036e+00
2.387185030150852683e+01 6.863500392338305289e+01 1.002737820816823046e+03 1.661940922747030527e+02 8.508385612524993036e+00
2.387185030150852683e+01 6.863500392338305289e+01 1.002737820816823046e+03 6.326984848445448506e+02 1.159513365050480083e+01
2.387185030150852683e+01 5.183833944532185001e+01 6.266543289359317441e+02 1.661940922747030527e+02 1.159513365050480083e+01
2.851580733450146710e+01 6.863500392338305289e+01 6.266543289359317441e+02 1.661940922747030527e+02 1.159513365050480083e+01
2.851580733450146710e+01 5.183833944532185001e+01 1.002737820816823046e+03 1.661940922747030527e+02 1.159513365050480083e+01
2.851580733450146710e+01 5.183833944532185001e+01 6.266543289359317441e+02 6.326984848445448506e+02 1.159513365050480083e+01
2.851580733450146710e+01 5.183833944532185001e+01 6.266543289359317441e+02 1.661940922747030527e+02 8.508385612524993036e+00
2.851580733450146710e+01 5.183833944532185001e+01 6.266543289359317441e+02 1.661940922747030527e+02 1.159513365050480083e+01
1.399050921757461197e+01 8.991289701559202285e+01 4.821488527972628617e+02 3.334409850746224038e+02 1.353303342759562256e+01
3.839631322666571833e+01 8.991289701559202285e+01 4.821488527972628617e+02 3.334409850746224038e+02 1.353303342759562256e+01
1.399050921757461197e+01 9.897279390119649634e+01 4.821488527972628617e+02 3.334409850746224038e+02 1.353303342759562256e+01
1.399050921757461197e+01 8.991289701559202285e+01 9.243858914378347436e+02 3.334409850746224038e+02 1.353303342759562256e+01
1.399050921757461197e+01 8.991289701559202285e+01 4.821488527972628617e+02 3.615452737979559288e+02 1.353303342759562256e+01
1.399050921757461197e+01 8.991289701559202285e+01 4.821488527972628617e+02 3.334409850746224038e+02 9.552690220476337757e+00
1.399050921757461197e+01 9.897279390119649634e+01 9.243858914378347436e+02 3.615452737979559288e+02 9.552690220476337757e+00
3.839631322666571833e+01 8.991289701559202285e+01 9.243858914378347436e+02 3.615452737979559288e+02 9.552690220476337757e+00
3.839631322666571833e+01 9.897279390119649634e+01 4.821488527972628617e+02 3.615452737979559288e+02 9.552690220476337757e+00
3.839631322666571833e+01 9.897279390119649634e+01 9.243858914378347436e+02 3.334409850746224038e+02 9.552690220476337757e+00
3.839631322666571833e+01 9.897279390119649634e+01 9.243858914378347436e+02 3.615452737979559288e+02 1.353303342759562256e+01
3.839631322666571833e+01 9.897279390119649634e+01 9.243858914378347436e+02 3.615452737979559288e+02 9.552690220476337757e+00
2.584991708013980016e+01 5.666554084213316145e+01 1.146154868927881125e+03 4.534333266550909229e+02 1.397713333235920530e+01
1.964782734143616949e+01 5.666554084213316145e+01 1.146154868927881125e+03 4.534333266550909229e+02 1.397713333235920530e+01
2.584991708013980016e+01 7.631502445506203003e+01 1.146154868927881125e+03 4.534333266550909229e+02 1.397713333235920530e+01
2.584991708013980016e+01 5.666554084213316145e+01 1.103184630141167418e+03 4.534333266550909229e+02 1.397713333235920530e+01
2.584991708013980016e+01 5.666554084213316145e+01 1.146154868927881125e+03 4.447029998742370367e+02 1.397713333235920530e+01
2.584991708013980016e+01 5.666554084213316145e+01 1.146154868927881125e+03 4.534333266550909229e+02 1.440222547818830101e+01
2.584991708013980016e+01 7.631502445506203003e+01 1.103184630141167418e+03 4.447029998742370367e+02 1.440222547818830101e+01
1.964782734143616949e+01 5.666554084213316145e+01 1.103184630141167418e+03 4.447029998742370367e+02 1.440222547818830101e+01
1.964782734143616949e+01 7.631502445506203003e+01 1.146154868927881125e+03 4.447029998742370367e+02 1.440222547818830101e+01
1.964782734143616949e+01 7.631502445506203003e+01 1.103184630141167418e+03 4.534333266550909229e+02 1.440222547818830101e+01
1.964782734143616949e+01 7.631502445506203003e+01 1.103184630141167418e+03 4.447029998742370367e+02 1.397713333235920530e+01
1.964782734143616949e+01 7.631502445506203003e+01 1.103184630141167418e+03 4.447029998742370367e+02 1.440222547818830101e+01
