1.245693420687928779e+02
1.334338154404768773e+02
1.425421866789911860e+02
1.245693420687928779e+02
1.245693420687928779e+02
1.245693420687928779e+02
1.425421866789911860e+02
1.334338154404768773e+02
1.526856248410048522e+02
1.526856248410048522e+02
1.526856248410048522e+02
1.526856248410048522e+02
3.642761291973980633e+02
2.778488964898910467e+02
2.713821715067379046e+02
3.642761291973980633e+02
3.642761291973980633e+02
3.642761291973980633e+02
2.713821715067379046e+02
2.778488964898910467e+02
2.069947241569516336e+02
2.069947241569516336e+02
2.069947241569516336e+02
2.069947241569516336e+02
1.968168647381826588e+02
2.759236244761096373e+02
1.288312981203904428e+02
1.968168647381826588e+02
1.968168647381826588e+02
1.968168647381826588e+02
1.288312981203904428e+02
2.759236244761096373e+02
1.806125647343679077e+02
1.806125647343679077e+02
1.806125647343679077e+02
1.806125647343679077e+02
1.333897404931966548e+02
1.168773049740587311e+02
1.524931535657776465e+02
1.333897404931966548e+02
1.333897404931966548e+02
1.333897404931966548e+02
1.524931535657776465e+02
1.168773049740587311e+02
1.336158894219634590e+02
1.336158894219634590e+02
1.336158894219634590e+02
1.336158894219634590e+02
7.805648418489138862e+01
1.421071610403631951e+02
7.257393601220265111e+01
7.805648418489138862e+01
7.805648418489138862e+01
7.805648418489138862e+01
7.257393601220265111e+01
1.421071610403631951e+02
1.321258076111930961e+02
1.321258076111930961e+02
1.321258076111930961e+02
1.321258076111930961e+02
2.130336936612715419e+02
2.166073090745169623e+02
2.773670048479582988e+02
2.130336936612715419e+02
2.130336936612715419e+02
2.130336936612715419e+02
2.773670048479582988e+02
2.166073090745169623e+02
2.820198040677212248e+02
2.820198040677212248e+02
2.820198040677212248e+02
2.820198040677212248e+02
2.294078265196651500e+02
2.040990617887152041e+02
3.528402440201995205e+02
2.294078265196651500e+02
2.294078265196651500e+02
2.294078265196651500e+02
3.528402440201995205e+02
2.040990617887152041e+02
3.139141495665183470e+02
3.139141495665183470e+02
3.139141495665183470e+02
3.139141495665183470e+02
1.899031996208930195e+02
1.078099354668757144e+02
1.713514671178832884e+02
1.899031996208930195e+02
1.899031996208930195e+02
1.899031996208930195e+02
1.713514671178832884e+02
1.078099354668757144e+02
9.727793238351023319e+01
9.727793238351023319e+01
9.727793238351023319e+01
9.727793238351023319e+01
1.322806264114041426e+02
1.161665740709353116e+02
1.100525917606305768e+02
1.322806264114041426e+02
1.322806264114041426e+02
1.322806264114041426e+02
1.100525917606305768e+02
1.161665740709353116e+02
9.664629582792426277e+01
9.664629582792426277e+01
9.664629582792426277e+01
9.664629582792426277e+01
3.764933203440147622e+02
2.942474288362819266e+02
4.568386470480374442e+02
3.764933203440147622e+02
3.764933203440147622e+02
3.764933203440147622e+02
4.568386470480374442e+02
2.942474288362819266e+02
3.570411213779391915e+02
3.570411213779391915e+02
3.570411213779391915e+02
3.570411213779391915e+02
2.082190187081258443e+02
1.590370478338807629e+02
2.438338092540923583e+02
2.082190187081258443e+02
2.082190187081258443e+02
2.082190187081258443e+02
2.438338092540923583e+02
1.590370478338807629e+02
1.862395156141761845e+02
1.862395156141761845e+02
1.862395156141761845e+02
1.862395156141761845e+02
1.227623300204963215e+02
2.456435672209453003e+02
9.820020025164070887e+01
1.227623300204963215e+02
1.227623300204963215e+02
1.227623300204963215e+02
9.820020025164070887e+01
2.456435672209453003e+02
1.964955168869534816e+02
1.964955168869534816e+02
1.964955168869534816e+02
1.964955168869534816e+02
8.546820446380699821e+01
4.753972527942054427e+01
9.665640788838649655e+01
8.546820446380699821e+01
8.546820446380699821e+01
8.546820446380699821e+01
9.665640788838649655e+01
4.753972527942054427e+01
5.376290640872596782e+01
5.376290640872596782e+01
5.376290640872596782e+01
5.376290640872596782e+01
2.253056396708190334e+02
4.845935258682696940e+02
2.002278848537589795e+02
2.253056396708190334e+02
2.253056396708190334e+02
2.253056396708190334e+02
2.002278848537589795e+02
4.845935258682696940e+02
4.306556056039814280e+02
4.306556056039814280e+02
4.306556056039814280e+02
4.306556056039814280e+02
2.401827354095104283e+02
2.068732973872028538e+02
1.996482880202999297e+02
2.401827354095104283e+02
2.401827354095104283e+02
2.401827354095104283e+02
1.996482880202999297e+02
2.068732973872028538e+02
1.719603184219294008e+02
1.719603184219294008e+02
1.719603184219294008e+02
1.719603184219294008e+02
1.934788880194168144e+02
1.528160979529038457e+02
2.164840510451501530e+02
1.934788880194168144e+02
1.934788880194168144e+02
1.934788880194168144e+02
2.164840510451501530e+02
1.528160979529038457e+02
1.709863452721368162e+02
1.709863452721368162e+02
1.709863452721368162e+02
1.709863452721368162e+02
1.495437666125473015e+02
3.209190830284892400e+02
1.748482219387776979e+02
1.495437666125473015e+02
1.495437666125473015e+02
1.495437666125473015e+02
1.748482219387776979e+02
3.209190830284892400e+02
3.752221327896276648e+02
3.752221327896276648e+02
3.752221327896276648e+02
3.752221327896276648e+02
2.974592586289937231e+02
8.829262755292349141e+01
2.605053103646957311e+02
2.974592586289937231e+02
2.974592586289937231e+02
2.974592586289937231e+02
2.605053103646957311e+02
8.829262755292349141e+01
7.732386091998050404e+01
7.732386091998050404e+01
7.732386091998050404e+01
7.732386091998050404e+01
1.402898855838652423e+02
9.587953003749967706e+01
2.371996225096661988e+02
1.402898855838652423e+02
1.402898855838652423e+02
1.402898855838652423e+02
2.371996225096661988e+02
9.587953003749967706e+01
1.621113898314758615e+02
1.621113898314758615e+02
1.621113898314758615e+02
1.621113898314758615e+02
1.213211325015744535e+02
2.792671561787083760e+02
7.247468877057079339e+01
1.213211325015744535e+02
1.213211325015744535e+02
1.213211325015744535e+02
7.247468877057079339e+01
2.792671561787083760e+02
1.668283159789298224e+02
1.668283159789298224e+02
1.668283159789298224e+02
1.668283159789298224e+02
8.073811342544510694e+01
2.074415067766285574e+02
1.323347420046004004e+02
8.073811342544510694e+01
8.073811342544510694e+01
8.073811342544510694e+01
1.323347420046004004e+02
2.074415067766285574e+02
3.400094096288251535e+02
3.400094096288251535e+02
3.400094096288251535e+02
3.400094096288251535e+02
3.040180140710482419e+02
1.691127759416647791e+02
1.915212116502417814e+02
3.040180140710482419e+02
3.040180140710482419e+02
3.040180140710482419e+02
1.915212116502417814e+02
1.691127759416647791e+02
1.065354099257892813e+02
1.065354099257892813e+02
1.065354099257892813e+02
1.065354099257892813e+02
2.874198086640238898e+02
1.629729156989343153e+02
3.495494184550931891e+02
2.874198086640238898e+02
2.874198086640238898e+02
2.874198086640238898e+02
3.495494184550931891e+02
1.629729156989343153e+02
1.982016763955348893e+02
1.982016763955348893e+02
1.982016763955348893e+02
1.982016763955348893e+02
1.599848312719253727e+02
2.116419154445717083e+02
1.354570728490732847e+02
1.599848312719253727e+02
1.599848312719253727e+02
1.599848312719253727e+02
1.354570728490732847e+02
2.116419154445717083e+02
1.791944531889103871e+02
1.791944531889103871e+02
1.791944531889103871e+02
1.791944531889103871e+02
9.822458896248400606e+01
1.472498673279710033e+02
2.271378105547083521e+02
9.822458896248400606e+01
9.822458896248400606e+01
9.822458896248400606e+01
2.271378105547083521e+02
1.472498673279710033e+02
3.405054968682131289e+02
3.405054968682131289e+02
3.405054968682131289e+02
3.405054968682131289e+02
5.541823130092154770e+02
1.833315508069919133e+02
3.402131503608767957e+02
5.541823130092154770e+02
5.541823130092154770e+02
5.541823130092154770e+02
3.402131503608767957e+02
1.833315508069919133e+02
1.125474469257460441e+02
1.125474469257460441e+02
1.125474469257460441e+02
1.125474469257460441e+02
2.049137947733094052e+02
9.326563331903935250e+01
2.425017306989080907e+02
2.049137947733094052e+02
2.049137947733094052e+02
2.049137947733094052e+02
2.425017306989080907e+02
9.326563331903935250e+01
1.103736208663621454e+02
1.103736208663621454e+02
1.103736208663621454e+02
1.103736208663621454e+02
7.738426862111398918e+01
3.192360609146745674e+02
7.422676860308664004e+01
7.738426862111398918e+01
7.738426862111398918e+01
7.738426862111398918e+01
7.422676860308664004e+01
3.192360609146745674e+02
3.062103143895204767e+02
3.062103143895204767e+02
3.062103143895204767e+02
3.062103143895204767e+02
1.272522599008553073e+02
1.990200154693981176e+02
1.361520228827199617e+02
1.272522599008553073e+02
1.272522599008553073e+02
1.272522599008553073e+02
1.361520228827199617e+02
1.990200154693981176e+02
2.129390685982359344e+02
2.129390685982359344e+02
2.129390685982359344e+02
2.129390685982359344e+02
2.185375203045841772e+02
1.781048759825819161e+02
1.749679132696738293e+02
2.185375203045841772e+02
2.185375203045841772e+02
2.185375203045841772e+02
1.749679132696738293e+02
1.781048759825819161e+02
1.425962848411285790e+02
1.425962848411285790e+02
1.425962848411285790e+02
1.425962848411285790e+02
2.041521309166737979e+02
9.469227211068769634e+01
2.941263726327311474e+02
2.041521309166737979e+02
2.041521309166737979e+02
2.041521309166737979e+02
2.941263726327311474e+02
9.469227211068769634e+01
1.364251961868372405e+02
1.364251961868372405e+02
1.364251961868372405e+02
1.364251961868372405e+02
2.361238218526647756e+02
3.994300308891604345e+02
1.248979163435171813e+02
2.361238218526647756e+02
2.361238218526647756e+02
2.361238218526647756e+02
1.248979163435171813e+02
3.994300308891604345e+02
2.112788883038309677e+02
2.112788883038309677e+02
2.112788883038309677e+02
2.112788883038309677e+02
1.650539279569214557e+02
2.953240062811265148e+02
2.089967077093349417e+02
1.650539279569214557e+02
1.650539279569214557e+02
1.650539279569214557e+02
2.089967077093349417e+02
2.953240062811265148e+02
3.739489619198615742e+02
3.739489619198615742e+02
3.739489619198615742e+02
3.739489619198615742e+02
2.688345385219564037e+02
1.059022417124737814e+02
1.658142705319285426e+02
2.688345385219564037e+02
2.688345385219564037e+02
2.688345385219564037e+02
1.658142705319285426e+02
1.059022417124737814e+02
6.531937099226421140e+01
6.531937099226421140e+01
6.531937099226421140e+01
6.531937099226421140e+01
1.557443744867471480e+02
1.162500796642740255e+02
2.034445631268581849e+02
1.557443744867471480e+02
1.557443744867471480e+02
1.557443744867471480e+02
2.034445631268581849e+02
1.162500796642740255e+02
1.518542595756689195e+02
1.518542595756689195e+02
1.518542595756689195e+02
1.518542595756689195e+02
1.791265502434270900e+02
3.116252506334566306e+02
1.185910111607489199e+02
1.791265502434270900e+02
1.791265502434270900e+02
1.791265502434270900e+02
1.185910111607489199e+02
3.116252506334566306e+02
2.063119818118615569e+02
2.063119818118615569e+02
2.063119818118615569e+02
2.063119818118615569e+02
4.113341849588276489e+01
1.745673678576727639e+02
7.402849978476849913e+01
4.113341849588276489e+01
4.113341849588276489e+01
4.113341849588276489e+01
7.402849978476849913e+01
1.745673678576727639e+02
3.141718054669550497e+02
3.141718054669550497e+02
3.141718054669550497e+02
3.141718054669550497e+02
2.718784804297008009e+02
1.358667395728703866e+02
2.084669539869674963e+02
2.718784804297008009e+02
2.718784804297008009e+02
2.718784804297008009e+02
2.084669539869674963e+02
1.358667395728703866e+02
1.041778860251519063e+02
1.041778860251519063e+02
1.041778860251519063e+02
1.041778860251519063e+02
3.469827065492653446e+02
1.450837139848153754e+02
5.117742039012151167e+02
3.469827065492653446e+02
3.469827065492653446e+02
3.469827065492653446e+02
5.117742039012151167e+02
1.450837139848153754e+02
2.139879043599202930e+02
2.139879043599202930e+02
2.139879043599202930e+02
2.139879043599202930e+02
1.501054015946130562e+02
2.108848712711817939e+02
1.248924302491856935e+02
1.501054015946130562e+02
1.501054015946130562e+02
1.501054015946130562e+02
1.248924302491856935e+02
2.108848712711817939e+02
1.754628667326371669e+02
1.754628667326371669e+02
1.754628667326371669e+02
1.754628667326371669e+02
1.185120689446156348e+02
2.057143059583573574e+02
1.543407623092551830e+02
1.185120689446156348e+02
1.185120689446156348e+02
1.185120689446156348e+02
1.543407623092551830e+02
2.057143059583573574e+02
2.679060713586059705e+02
2.679060713586059705e+02
2.679060713586059705e+02
2.679060713586059705e+02
4.071541432419510329e+02
1.814372586851213498e+02
2.996984264928000243e+02
4.071541432419510329e+02
4.071541432419510329e+02
4.071541432419510329e+02
2.996984264928000243e+02
1.814372586851213498e+02
1.335525177322948593e+02
1.335525177322948593e+02
1.335525177322948593e+02
1.335525177322948593e+02
2.152734395369070626e+02
7.528605085673915198e+01
3.228023031121753093e+02
2.152734395369070626e+02
2.152734395369070626e+02
2.152734395369070626e+02
3.228023031121753093e+02
7.528605085673915198e+01
1.128913565048012799e+02
1.128913565048012799e+02
1.128913565048012799e+02
1.128913565048012799e+02
1.157901996930302175e+02
4.004995889926062773e+02
7.915710559026209125e+01
1.157901996930302175e+02
1.157901996930302175e+02
1.157901996930302175e+02
7.915710559026209125e+01
4.004995889926062773e+02
2.737916364147403101e+02
2.737916364147403101e+02
2.737916364147403101e+02
2.737916364147403101e+02
9.778721116306785177e+01
1.740082537628201749e+02
1.301204886611496931e+02
9.778721116306785177e+01
9.778721116306785177e+01
9.778721116306785177e+01
1.301204886611496931e+02
1.740082537628201749e+02
2.315439692101876688e+02
2.315439692101876688e+02
2.315439692101876688e+02
2.315439692101876688e+02
2.022812640595683149e+02
1.839179304113858393e+02
1.439287389352124649e+02
2.022812640595683149e+02
2.022812640595683149e+02
2.022812640595683149e+02
1.439287389352124649e+02
1.839179304113858393e+02
1.308627168944804282e+02
1.308627168944804282e+02
1.308627168944804282e+02
1.308627168944804282e+02
2.187667877357847033e+02
9.362193804246567197e+01
3.067604576210615619e+02
2.187667877357847033e+02
2.187667877357847033e+02
2.187667877357847033e+02
3.067604576210615619e+02
9.362193804246567197e+01
1.312791071008611539e+02
1.312791071008611539e+02
1.312791071008611539e+02
1.312791071008611539e+02
2.080806131767770637e+02
3.006550144109631901e+02
1.532593474404086749e+02
2.080806131767770637e+02
2.080806131767770637e+02
2.080806131767770637e+02
1.532593474404086749e+02
3.006550144109631901e+02
2.214439423732602847e+02
2.214439423732602847e+02
2.214439423732602847e+02
2.214439423732602847e+02
1.282864842766339564e+02
1.273715529957044339e+02
1.095427614228277946e+02
1.282864842766339564e+02
1.282864842766339564e+02
1.282864842766339564e+02
1.095427614228277946e+02
1.273715529957044339e+02
1.087615092153932039e+02
1.087615092153932039e+02
1.087615092153932039e+02
1.087615092153932039e+02
3.334702686124627462e+02
2.195106048409609230e+02
3.585929317504925393e+02
3.334702686124627462e+02
3.334702686124627462e+02
3.334702686124627462e+02
3.585929317504925393e+02
2.195106048409609230e+02
2.360478841720110950e+02
2.360478841720110950e+02
2.360478841720110950e+02
2.360478841720110950e+02
1.627395151066198764e+02
2.352148972434355585e+02
1.690590599693007903e+02
1.627395151066198764e+02
1.627395151066198764e+02
1.627395151066198764e+02
1.690590599693007903e+02
2.352148972434355585e+02
2.443488257458457724e+02
2.443488257458457724e+02
2.443488257458457724e+02
2.443488257458457724e+02
1.227906796147782416e+02
1.272793942007285750e+02
1.196266093500766772e+02
1.227906796147782416e+02
1.227906796147782416e+02
1.227906796147782416e+02
1.196266093500766772e+02
1.272793942007285750e+02
1.239996587373922665e+02
1.239996587373922665e+02
1.239996587373922665e+02
1.239996587373922665e+02
8.751547500868286988e+01
1.316315428009072832e+02
8.885917478289982796e+01
8.751547500868286988e+01
8.751547500868286988e+01
8.751547500868286988e+01
8.885917478289982796e+01
1.316315428009072832e+02
1.336525942129445355e+02
1.336525942129445355e+02
1.336525942129445355e+02
1.336525942129445355e+02
2.686049662975732986e+02
2.578651093426282159e+02
2.688481885168587837e+02
2.686049662975732986e+02
2.686049662975732986e+02
2.686049662975732986e+02
2.688481885168587837e+02
2.578651093426282159e+02
2.580986066045556981e+02
2.580986066045556981e+02
2.580986066045556981e+02
2.580986066045556981e+02
2.798661662092872007e+02
3.391315287689317302e+02
2.841955048983453480e+02
2.798661662092872007e+02
2.798661662092872007e+02
2.798661662092872007e+02
2.841955048983453480e+02
3.391315287689317302e+02
3.443776621907217077e+02
3.443776621907217077e+02
3.443776621907217077e+02
3.443776621907217077e+02
1.714881373030061411e+02
9.700033964988460866e+01
1.706837994878168274e+02
1.714881373030061411e+02
1.714881373030061411e+02
1.714881373030061411e+02
1.706837994878168274e+02
9.700033964988460866e+01
9.654537499463995687e+01
9.654537499463995687e+01
9.654537499463995687e+01
9.654537499463995687e+01
1.426649323109940042e+02
9.893833133032704552e+01
1.519977027081517349e+02
1.426649323109940042e+02
1.426649323109940042e+02
1.426649323109940042e+02
1.519977027081517349e+02
9.893833133032704552e+01
1.054106207347829240e+02
1.054106207347829240e+02
1.054106207347829240e+02
1.054106207347829240e+02
3.552415454226938323e+02
3.060448802612069699e+02
3.744644189872761899e+02
3.552415454226938323e+02
3.552415454226938323e+02
3.552415454226938323e+02
3.744644189872761899e+02
3.060448802612069699e+02
3.226056179174650538e+02
3.226056179174650538e+02
3.226056179174650538e+02
3.226056179174650538e+02
1.500241867190772211e+02
1.382985463470332377e+02
1.745094822956474445e+02
1.500241867190772211e+02
1.500241867190772211e+02
1.500241867190772211e+02
1.745094822956474445e+02
1.382985463470332377e+02
1.608701120336912993e+02
1.608701120336912993e+02
1.608701120336912993e+02
1.608701120336912993e+02
9.734591767923076588e+01
2.076329051797702334e+02
1.073236503188447273e+02
9.734591767923076588e+01
9.734591767923076588e+01
9.734591767923076588e+01
1.073236503188447273e+02
2.076329051797702334e+02
2.289148003476461213e+02
2.289148003476461213e+02
2.289148003476461213e+02
2.289148003476461213e+02
9.652350817513874404e+01
7.643835823659298967e+01
8.506174310258174387e+01
9.652350817513874404e+01
9.652350817513874404e+01
9.652350817513874404e+01
8.506174310258174387e+01
7.643835823659298967e+01
6.736162116804287336e+01
6.736162116804287336e+01
6.736162116804287336e+01
6.736162116804287336e+01
3.171488624415729873e+02
5.063274843704521686e+02
2.516557798240490058e+02
3.171488624415729873e+02
3.171488624415729873e+02
3.171488624415729873e+02
2.516557798240490058e+02
5.063274843704521686e+02
4.017679172633615394e+02
4.017679172633615394e+02
4.017679172633615394e+02
4.017679172633615394e+02
2.584502869696456173e+02
2.100511360301584034e+02
2.286810742892433836e+02
2.584502869696456173e+02
2.584502869696456173e+02
2.584502869696456173e+02
2.286810742892433836e+02
2.100511360301584034e+02
1.858567077106561385e+02
1.858567077106561385e+02
1.858567077106561385e+02
1.858567077106561385e+02
1.793480346244228940e+02
1.692786461903100701e+02
1.721327307347076214e+02
1.793480346244228940e+02
1.793480346244228940e+02
1.793480346244228940e+02
1.721327307347076214e+02
1.692786461903100701e+02
1.624684412340057804e+02
1.624684412340057804e+02
1.624684412340057804e+02
1.624684412340057804e+02
