1.869541853073388182e+01
1.869541853073388182e+01
1.869541853073388182e+01
1.869541853073388182e+01
1.223414038357199907e+01
1.775011664102941111e+01
1.161554198180375508e+01
1.161554198180375508e+01
1.161554198180375508e+01
1.775011664102941111e+01
1.223414038357199907e+01
1.161554198180375508e+01
3.945427899122159743e-01
3.945427899122159743e-01
3.945427899122159743e-01
3.945427899122159743e-01
9.252225635682640004e+00
3.212165378232578195e-01
7.532688372064328952e+00
7.532688372064328952e+00
7.532688372064328952e+00
3.212165378232578195e-01
9.252225635682640004e+00
7.532688372064328952e+00
4.188009593989121981e+00
4.188009593989121981e+00
4.188009593989121981e+00
4.188009593989121981e+00
5.272521949320592149e+00
1.444457347361873012e+01
1.818508983301688531e+01
1.818508983301688531e+01
1.818508983301688531e+01
1.444457347361873012e+01
5.272521949320592149e+00
1.818508983301688531e+01
1.196381265198417942e+01
1.196381265198417942e+01
1.196381265198417942e+01
1.196381265198417942e+01
6.116381884095694055e+00
1.311939382201441440e+01
6.707161423994527638e+00
6.707161423994527638e+00
6.707161423994527638e+00
1.311939382201441440e+01
6.116381884095694055e+00
6.707161423994527638e+00
8.906427500450478263e+00
8.906427500450478263e+00
8.906427500450478263e+00
8.906427500450478263e+00
2.340458495988130494e+01
3.583352047786446892e+00
9.416443061973012618e+00
9.416443061973012618e+00
9.416443061973012618e+00
3.583352047786446892e+00
2.340458495988130494e+01
9.416443061973012618e+00
1.109572009618694466e+01
1.109572009618694466e+01
1.109572009618694466e+01
1.109572009618694466e+01
1.813977551379979847e+00
2.910002828378721063e+01
4.757401736319279095e+00
4.757401736319279095e+00
4.757401736319279095e+00
2.910002828378721063e+01
1.813977551379979847e+00
4.757401736319279095e+00
6.631462224848175602e+00
6.631462224848175602e+00
6.631462224848175602e+00
6.631462224848175602e+00
9.705605426501453081e+00
8.132022865056116601e+00
1.190178011597276786e+01
1.190178011597276786e+01
1.190178011597276786e+01
8.132022865056116601e+00
9.705605426501453081e+00
1.190178011597276786e+01
2.058594001428250664e+01
2.058594001428250664e+01
2.058594001428250664e+01
2.058594001428250664e+01
2.204007791540353267e+01
1.168021153959419856e+01
1.250527166709147231e+01
1.250527166709147231e+01
1.250527166709147231e+01
1.168021153959419856e+01
2.204007791540353267e+01
1.250527166709147231e+01
1.962527113060621531e+01
1.962527113060621531e+01
1.962527113060621531e+01
1.962527113060621531e+01
1.325887519543201876e+01
2.755364343745183220e+01
1.861530050134514980e+01
1.861530050134514980e+01
1.861530050134514980e+01
2.755364343745183220e+01
1.325887519543201876e+01
1.861530050134514980e+01
1.143750489619879929e+01
1.143750489619879929e+01
1.143750489619879929e+01
1.143750489619879929e+01
5.055818886201859819e+00
7.219302289744988776e+00
3.191210425083488289e+00
3.191210425083488289e+00
3.191210425083488289e+00
7.219302289744988776e+00
5.055818886201859819e+00
3.191210425083488289e+00
1.214172808696129024e+01
1.214172808696129024e+01
1.214172808696129024e+01
1.214172808696129024e+01
1.021615838397904596e+01
6.729778141038089245e+00
5.662495394845551644e+00
5.662495394845551644e+00
5.662495394845551644e+00
6.729778141038089245e+00
1.021615838397904596e+01
5.662495394845551644e+00
2.279575682896404665e+00
2.279575682896404665e+00
2.279575682896404665e+00
2.279575682896404665e+00
6.856974571750120262e+00
6.839412909779726490e+00
2.057298678869543096e+01
2.057298678869543096e+01
2.057298678869543096e+01
6.839412909779726490e+00
6.856974571750120262e+00
2.057298678869543096e+01
3.468615795598670282e+00
3.468615795598670282e+00
3.468615795598670282e+00
3.468615795598670282e+00
5.057418358773488443e+00
5.049638143533115908e+00
7.362629405272447691e+00
7.362629405272447691e+00
7.362629405272447691e+00
5.049638143533115908e+00
5.057418358773488443e+00
7.362629405272447691e+00
1.788503304386161830e+01
1.788503304386161830e+01
1.788503304386161830e+01
1.788503304386161830e+01
1.435974624866014970e+01
1.579738952479694269e+01
1.268359440046899245e+01
1.268359440046899245e+01
1.268359440046899245e+01
1.579738952479694269e+01
1.435974624866014970e+01
1.268359440046899245e+01
1.297628146619454625e+01
1.297628146619454625e+01
1.297628146619454625e+01
1.297628146619454625e+01
2.954605163256247735e+01
1.526110393269533105e+01
3.474842665366075778e+01
3.474842665366075778e+01
3.474842665366075778e+01
1.526110393269533105e+01
2.954605163256247735e+01
3.474842665366075778e+01
1.633151681495472829e+01
1.633151681495472829e+01
1.633151681495472829e+01
1.633151681495472829e+01
6.892664800660162072e+00
3.830301526808942203e+00
1.616566593837478472e+00
1.616566593837478472e+00
1.616566593837478472e+00
3.830301526808942203e+00
6.892664800660162072e+00
1.616566593837478472e+00
7.489960445634590513e+00
7.489960445634590513e+00
7.489960445634590513e+00
7.489960445634590513e+00
5.102247576427403786e+00
9.889279842353014160e+00
6.736691665396772777e+00
6.736691665396772777e+00
6.736691665396772777e+00
9.889279842353014160e+00
5.102247576427403786e+00
6.736691665396772777e+00
4.045910797899403555e+00
4.045910797899403555e+00
4.045910797899403555e+00
4.045910797899403555e+00
5.602729942291603926e+00
5.295186614558328841e+00
7.332712478686066682e+00
7.332712478686066682e+00
7.332712478686066682e+00
5.295186614558328841e+00
5.602729942291603926e+00
7.332712478686066682e+00
5.676193918785078729e+00
5.676193918785078729e+00
5.676193918785078729e+00
5.676193918785078729e+00
1.056278466855566478e+01
7.382232848343605269e+00
1.373753910910814824e+01
1.373753910910814824e+01
1.373753910910814824e+01
7.382232848343605269e+00
1.056278466855566478e+01
1.373753910910814824e+01
2.855482491026783265e+01
2.855482491026783265e+01
2.855482491026783265e+01
2.855482491026783265e+01
1.225256335534464824e+01
2.339004108307237928e+01
1.003641104979797127e+01
1.003641104979797127e+01
1.003641104979797127e+01
2.339004108307237928e+01
1.225256335534464824e+01
1.003641104979797127e+01
2.723478921935242880e+01
2.723478921935242880e+01
2.723478921935242880e+01
2.723478921935242880e+01
1.949127600528468918e+01
1.236267763544846865e+01
8.847667592215570309e+00
8.847667592215570309e+00
8.847667592215570309e+00
1.236267763544846865e+01
1.949127600528468918e+01
8.847667592215570309e+00
9.278737488743626471e+00
9.278737488743626471e+00
9.278737488743626471e+00
9.278737488743626471e+00
7.011518575239591655e+00
1.310181547658005385e+01
9.900444181640626340e+00
9.900444181640626340e+00
9.900444181640626340e+00
1.310181547658005385e+01
7.011518575239591655e+00
9.900444181640626340e+00
8.931397528360790261e+00
8.931397528360790261e+00
8.931397528360790261e+00
8.931397528360790261e+00
3.926476480577203887e+00
1.754025283787587952e+01
7.711154946647795327e+00
7.711154946647795327e+00
7.711154946647795327e+00
1.754025283787587952e+01
3.926476480577203887e+00
7.711154946647795327e+00
3.832482213988388509e+00
3.832482213988388509e+00
3.832482213988388509e+00
3.832482213988388509e+00
2.458375187461045286e+01
2.236953880236641989e+00
1.434911268367109471e+01
1.434911268367109471e+01
1.434911268367109471e+01
2.236953880236641989e+00
2.458375187461045286e+01
1.434911268367109471e+01
3.851780083076779437e+00
3.851780083076779437e+00
3.851780083076779437e+00
3.851780083076779437e+00
4.563102756957142958e+00
1.047436249105288653e+01
1.240870229592990448e+01
1.240870229592990448e+01
1.240870229592990448e+01
1.047436249105288653e+01
4.563102756957142958e+00
1.240870229592990448e+01
1.751055733624354716e+01
1.751055733624354716e+01
1.751055733624354716e+01
1.751055733624354716e+01
8.557433145380832329e+00
1.692095040012596741e+01
8.269291435154642045e+00
8.269291435154642045e+00
8.269291435154642045e+00
1.692095040012596741e+01
8.557433145380832329e+00
8.269291435154642045e+00
5.455330438035760565e+00
5.455330438035760565e+00
5.455330438035760565e+00
5.455330438035760565e+00
8.050790790263294028e+00
1.382586478406862662e+00
2.040374018316719162e+00
2.040374018316719162e+00
2.040374018316719162e+00
1.382586478406862662e+00
8.050790790263294028e+00
2.040374018316719162e+00
1.293044892005487867e+01
1.293044892005487867e+01
1.293044892005487867e+01
1.293044892005487867e+01
2.214305241783560163e+01
2.301782114688351299e+01
3.941741105440624438e+01
3.941741105440624438e+01
3.941741105440624438e+01
2.301782114688351299e+01
2.214305241783560163e+01
3.941741105440624438e+01
1.199496419287595295e+01
1.199496419287595295e+01
1.199496419287595295e+01
1.199496419287595295e+01
2.347425097502908731e+00
1.026667472070368881e+01
2.009197319787925373e+00
2.009197319787925373e+00
2.009197319787925373e+00
1.026667472070368881e+01
2.347425097502908731e+00
2.009197319787925373e+00
9.035596928368091696e+00
9.035596928368091696e+00
9.035596928368091696e+00
9.035596928368091696e+00
2.734242080160434796e+01
6.900680517061332786e+00
2.088199728371472474e+01
2.088199728371472474e+01
2.088199728371472474e+01
6.900680517061332786e+00
2.734242080160434796e+01
2.088199728371472474e+01
2.591695254234055668e+01
2.591695254234055668e+01
2.591695254234055668e+01
2.591695254234055668e+01
1.658543348578860588e+01
3.090565962250374454e+01
1.977793342662682718e+01
1.977793342662682718e+01
1.977793342662682718e+01
3.090565962250374454e+01
1.658543348578860588e+01
1.977793342662682718e+01
5.366626535005243781e+00
5.366626535005243781e+00
5.366626535005243781e+00
5.366626535005243781e+00
6.852955652459542080e+00
4.414042107690546501e+00
5.636545530937120851e+00
5.636545530937120851e+00
5.636545530937120851e+00
4.414042107690546501e+00
6.852955652459542080e+00
5.636545530937120851e+00
5.728656796561171660e+00
5.728656796561171660e+00
5.728656796561171660e+00
5.728656796561171660e+00
2.823245713760045206e+01
4.497129389206680372e+00
2.216313827688824745e+01
2.216313827688824745e+01
2.216313827688824745e+01
4.497129389206680372e+00
2.823245713760045206e+01
2.216313827688824745e+01
1.322549981170546474e+01
1.322549981170546474e+01
1.322549981170546474e+01
1.322549981170546474e+01
4.772501083447922454e+00
9.995135106560441685e+00
3.606804567268507622e+00
3.606804567268507622e+00
3.606804567268507622e+00
9.995135106560441685e+00
4.772501083447922454e+00
3.606804567268507622e+00
5.291667706092632706e+00
5.291667706092632706e+00
5.291667706092632706e+00
5.291667706092632706e+00
4.890990322164942228e+00
7.536517393319222435e+00
6.965863255380082109e+00
6.965863255380082109e+00
6.965863255380082109e+00
7.536517393319222435e+00
4.890990322164942228e+00
6.965863255380082109e+00
2.187539865934897065e+01
2.187539865934897065e+01
2.187539865934897065e+01
2.187539865934897065e+01
1.814408296247638930e+01
2.270263631068854693e+01
1.883021759294972952e+01
1.883021759294972952e+01
1.883021759294972952e+01
2.270263631068854693e+01
1.814408296247638930e+01
1.883021759294972952e+01
2.241271277060601008e+01
2.241271277060601008e+01
2.241271277060601008e+01
2.241271277060601008e+01
8.686611615512845219e+00
8.159516431765590383e+00
3.162426205992307615e+00
3.162426205992307615e+00
3.162426205992307615e+00
8.159516431765590383e+00
8.686611615512845219e+00
3.162426205992307615e+00
7.104957909272585637e-01
7.104957909272585637e-01
7.104957909272585637e-01
7.104957909272585637e-01
1.171330551604814696e+00
1.184579555310038046e+01
1.952909843604056306e+01
1.952909843604056306e+01
1.952909843604056306e+01
1.184579555310038046e+01
1.171330551604814696e+00
1.952909843604056306e+01
9.953822380867732633e+00
9.953822380867732633e+00
9.953822380867732633e+00
9.953822380867732633e+00
1.594573441660980251e+01
1.361430360174846932e+01
2.180971903997852479e+01
2.180971903997852479e+01
2.180971903997852479e+01
1.361430360174846932e+01
1.594573441660980251e+01
2.180971903997852479e+01
8.779331162974228775e+00
8.779331162974228775e+00
8.779331162974228775e+00
8.779331162974228775e+00
9.331441257837852277e+00
5.816323441949256434e+00
6.182097420362919316e+00
6.182097420362919316e+00
6.182097420362919316e+00
5.816323441949256434e+00
9.331441257837852277e+00
6.182097420362919316e+00
7.833776878215233275e+00
7.833776878215233275e+00
7.833776878215233275e+00
7.833776878215233275e+00
7.938430688432891458e+00
9.484160495572112382e+00
9.610862282973997139e+00
9.610862282973997139e+00
9.610862282973997139e+00
9.484160495572112382e+00
7.938430688432891458e+00
9.610862282973997139e+00
3.284808683115008421e+01
3.284808683115008421e+01
3.284808683115008421e+01
3.284808683115008421e+01
1.574020334978590618e+01
2.032698955493798820e+01
9.740322190706285355e+00
9.740322190706285355e+00
9.740322190706285355e+00
2.032698955493798820e+01
1.574020334978590618e+01
9.740322190706285355e+00
7.367334025249657081e+00
7.367334025249657081e+00
7.367334025249657081e+00
7.367334025249657081e+00
2.923766664574740304e+01
3.383331705500548292e+00
1.342693628636729386e+01
1.342693628636729386e+01
1.342693628636729386e+01
3.383331705500548292e+00
2.923766664574740304e+01
1.342693628636729386e+01
8.118035685088203834e+00
8.118035685088203834e+00
8.118035685088203834e+00
8.118035685088203834e+00
4.010427443008670600e+00
1.603777704924734238e+01
7.922894613693403976e+00
7.922894613693403976e+00
7.922894613693403976e+00
1.603777704924734238e+01
4.010427443008670600e+00
7.922894613693403976e+00
7.501883707649922073e+00
7.501883707649922073e+00
7.501883707649922073e+00
7.501883707649922073e+00
8.953542573786339887e+00
1.450060344792265532e+01
1.730655597662419964e+01
1.730655597662419964e+01
1.730655597662419964e+01
1.450060344792265532e+01
8.953542573786339887e+00
1.730655597662419964e+01
3.931857168603340114e+00
3.931857168603340114e+00
3.931857168603340114e+00
3.931857168603340114e+00
7.792527090446907945e-01
3.882569326732477233e+00
7.694843775275825859e-01
7.694843775275825859e-01
7.694843775275825859e-01
3.882569326732477233e+00
7.792527090446907945e-01
7.694843775275825859e-01
2.099528837051642327e+01
2.099528837051642327e+01
2.099528837051642327e+01
2.099528837051642327e+01
1.339173079167530567e+01
2.521657834497409212e+01
1.608425770218539697e+01
1.608425770218539697e+01
1.608425770218539697e+01
2.521657834497409212e+01
1.339173079167530567e+01
1.608425770218539697e+01
8.153009771954550899e+00
8.153009771954550899e+00
8.153009771954550899e+00
8.153009771954550899e+00
1.151797809423083407e+01
2.641009295606421059e+00
3.731025481913813557e+00
3.731025481913813557e+00
3.731025481913813557e+00
2.641009295606421059e+00
1.151797809423083407e+01
3.731025481913813557e+00
1.611372388555961166e+01
1.611372388555961166e+01
1.611372388555961166e+01
1.611372388555961166e+01
1.441712911158461985e+01
1.837957121443791664e+01
1.644440807699200846e+01
1.644440807699200846e+01
1.644440807699200846e+01
1.837957121443791664e+01
1.441712911158461985e+01
1.644440807699200846e+01
4.047638422533967884e+00
4.047638422533967884e+00
4.047638422533967884e+00
4.047638422533967884e+00
4.995470596644639549e+00
3.122109248013965388e+00
3.853211013399305163e+00
3.853211013399305163e+00
3.853211013399305163e+00
3.122109248013965388e+00
4.995470596644639549e+00
3.853211013399305163e+00
1.796130818295470277e+01
1.796130818295470277e+01
1.796130818295470277e+01
1.796130818295470277e+01
4.886385209041185895e+00
1.780398599417888050e+01
4.843585608452087854e+00
4.843585608452087854e+00
4.843585608452087854e+00
1.780398599417888050e+01
4.886385209041185895e+00
4.843585608452087854e+00
1.188396283565505840e+01
1.188396283565505840e+01
1.188396283565505840e+01
1.188396283565505840e+01
3.452688099424558743e+01
8.448766439165796172e+00
2.454648818978523295e+01
2.454648818978523295e+01
2.454648818978523295e+01
8.448766439165796172e+00
3.452688099424558743e+01
2.454648818978523295e+01
1.445669780408396043e+01
1.445669780408396043e+01
1.445669780408396043e+01
1.445669780408396043e+01
4.130086579081604370e+00
6.996919538588977083e+00
1.998926993761787729e+00
1.998926993761787729e+00
1.998926993761787729e+00
6.996919538588977083e+00
4.130086579081604370e+00
1.998926993761787729e+00
1.440169861709743770e+01
1.440169861709743770e+01
1.440169861709743770e+01
1.440169861709743770e+01
1.394469015038294479e+01
2.484969779908710308e+01
2.406114343536801314e+01
2.406114343536801314e+01
2.406114343536801314e+01
2.484969779908710308e+01
1.394469015038294479e+01
2.406114343536801314e+01
6.313721601266891748e-01
6.313721601266891748e-01
6.313721601266891748e-01
6.313721601266891748e-01
4.199893897644696672e+00
2.466291483719201594e+00
1.640579551402285929e+01
1.640579551402285929e+01
1.640579551402285929e+01
2.466291483719201594e+00
4.199893897644696672e+00
1.640579551402285929e+01
1.501991500519127953e+01
1.501991500519127953e+01
1.501991500519127953e+01
1.501991500519127953e+01
1.123324892251047480e+01
1.078043547575378014e+01
8.062583253656875115e+00
8.062583253656875115e+00
8.062583253656875115e+00
1.078043547575378014e+01
1.123324892251047480e+01
8.062583253656875115e+00
1.089532658202736215e+01
1.089532658202736215e+01
1.089532658202736215e+01
1.089532658202736215e+01
2.785213959504001302e+00
1.663297822586807229e+01
4.251951769782893464e+00
4.251951769782893464e+00
4.251951769782893464e+00
1.663297822586807229e+01
2.785213959504001302e+00
4.251951769782893464e+00
1.081402652043730050e+01
1.081402652043730050e+01
1.081402652043730050e+01
1.081402652043730050e+01
1.903822179321716490e+01
9.323800111198242035e+00
1.641466054638793537e+01
1.641466054638793537e+01
1.641466054638793537e+01
9.323800111198242035e+00
1.903822179321716490e+01
1.641466054638793537e+01
2.295437658618887511e+01
2.295437658618887511e+01
2.295437658618887511e+01
2.295437658618887511e+01
2.277237035313418545e+01
2.757558631077197564e+00
2.735693830829397655e+00
2.735693830829397655e+00
2.735693830829397655e+00
2.757558631077197564e+00
2.277237035313418545e+01
2.735693830829397655e+00
4.728316277541787294e+00
4.728316277541787294e+00
4.728316277541787294e+00
4.728316277541787294e+00
9.944165171204472742e+00
7.706071676134253146e+00
1.620670976106087835e+01
1.620670976106087835e+01
1.620670976106087835e+01
7.706071676134253146e+00
9.944165171204472742e+00
1.620670976106087835e+01
4.694691630507077384e+00
4.694691630507077384e+00
4.694691630507077384e+00
4.694691630507077384e+00
1.051830553620396280e+01
4.610368954556222754e+00
1.032938329400216659e+01
1.032938329400216659e+01
1.032938329400216659e+01
4.610368954556222754e+00
1.051830553620396280e+01
1.032938329400216659e+01
1.461760762111014600e+01
1.461760762111014600e+01
1.461760762111014600e+01
1.461760762111014600e+01
9.971977705796662761e+00
1.328913615368335321e+01
9.065708485870722200e+00
9.065708485870722200e+00
9.065708485870722200e+00
1.328913615368335321e+01
9.971977705796662761e+00
9.065708485870722200e+00
9.142478357441358838e+00
9.142478357441358838e+00
9.142478357441358838e+00
9.142478357441358838e+00
7.427165735757914611e+00
1.187636301160062757e+01
9.648118702232174826e+00
9.648118702232174826e+00
9.648118702232174826e+00
1.187636301160062757e+01
7.427165735757914611e+00
9.648118702232174826e+00
1.065826400882823499e+01
1.065826400882823499e+01
1.065826400882823499e+01
1.065826400882823499e+01
9.093286944469729960e+00
1.580757044617706519e+01
1.348650904527654681e+01
1.348650904527654681e+01
1.348650904527654681e+01
1.580757044617706519e+01
9.093286944469729960e+00
1.348650904527654681e+01
