1.961727942727534479e+00
1.958786973723158242e+00
2.012384886851367405e+00
1.847508981088517910e+00
2.018469431554864801e+00
2.008824328729686748e+00
2.013472678656434312e+00
1.959962246917960060e+00
2.102538041562508564e+00
1.953341429108913729e+00
1.963785215624488600e+00
2.010746491893374621e+00
2.201309635737875414e+00
2.202135593793788537e+00
2.203163065672269383e+00
2.210848650503348889e+00
2.209729008544578654e+00
2.201852964430449866e+00
2.221303238164503480e+00
2.220330586097026604e+00
2.212864266775008470e+00
2.213973380689252313e+00
2.221569731800396408e+00
2.222080859500384697e+00
2.150220752331917229e+00
2.152248436368435769e+00
2.138891014301674609e+00
2.187570557287288775e+00
2.166692774890015549e+00
2.159553625196972693e+00
2.201007563483873053e+00
2.212376272400338184e+00
2.166973760617298961e+00
2.187836478322729761e+00
2.194466447904536821e+00
2.202781935752148978e+00
2.144781985027780724e+00
2.154032853115480428e+00
2.125517589853985090e+00
2.154648797308244657e+00
2.118594890986719825e+00
2.140028826268208562e+00
2.103959366726920965e+00
2.133833402372848909e+00
2.103273453904283219e+00
2.140529940456749713e+00
2.119120532714632077e+00
2.114085783061316892e+00
2.123001907930441856e+00
2.119200979996551215e+00
2.140244528644109412e+00
2.205445460745287800e+00
2.099547046694954400e+00
2.167965150578009315e+00
2.237911872447064354e+00
2.221838784679809997e+00
2.159707963266902730e+00
2.251579439122230575e+00
2.197990506699632807e+00
2.235125963720602016e+00
2.277041673187209625e+00
2.280269676531757828e+00
2.236589749137537719e+00
2.220068520435321435e+00
2.247017402243399964e+00
2.236806588096479587e+00
2.066870627637981794e+00
2.134089830232944074e+00
2.154901135721609240e+00
2.119799922691744776e+00
2.133806958839462364e+00
2.072575686951944274e+00
2.145139450588999352e+00
2.136707000025951597e+00
2.104670341031914749e+00
2.179834691644979117e+00
2.132376112183715477e+00
2.060515633130637791e+00
2.042329690005836085e+00
2.078406326742587851e+00
1.985045348196961656e+00
2.047487475531540202e+00
2.121086463838786962e+00
2.031978168400680129e+00
2.135571714645311037e+00
2.135087774125317583e+00
2.166468708123207243e+00
2.132431523199497914e+00
2.196062640602168159e+00
2.175297593006900065e+00
2.251600300716321890e+00
2.227220629056569035e+00
2.253495123535549816e+00
2.200246639119150860e+00
2.219621819104290239e+00
2.251252694463171888e+00
2.133610900036694957e+00
2.131154680647284749e+00
2.132937065627233508e+00
2.225987102814730889e+00
2.140979109439967054e+00
2.084556542697395098e+00
2.193350380933991595e+00
2.191818965148734755e+00
2.089306713521627223e+00
2.184748016196403686e+00
2.229330134520028484e+00
2.191236662465711582e+00
2.188463897044704787e+00
2.184296709639983458e+00
2.174200691992610679e+00
2.162633034504205298e+00
2.136992160914294558e+00
2.237287017184347526e+00
2.152138486474383328e+00
2.162812149671743178e+00
2.174373412682579776e+00
2.197747335260585633e+00
2.085156512415887509e+00
2.147562392440771628e+00
2.044157101115454456e+00
2.045828157763916799e+00
2.036874093015320408e+00
2.018218692173424422e+00
2.057013890144748558e+00
2.105283676750297595e+00
2.087465323659308147e+00
2.095635439174256653e+00
2.111869827304756697e+00
2.076890564039392650e+00
2.025930459220978808e+00
2.089009745165581577e+00
2.219027668536226905e+00
2.220160209022747466e+00
2.249093113337070182e+00
2.187243668301625199e+00
2.230648074277802539e+00
2.185660376975922414e+00
2.199806349396143723e+00
2.166033951574775962e+00
2.231562203626102026e+00
2.188284519074366496e+00
2.232942542596964675e+00
2.201005075089903951e+00
2.145218302689019030e+00
2.152081217194079965e+00
2.141942576639040752e+00
2.084697074268940575e+00
2.135813409452731015e+00
2.131732395142027947e+00
2.054459818231507473e+00
2.066574340638059670e+00
2.125870105344291439e+00
2.073636753590190729e+00
2.078234187945285694e+00
2.062721102987451260e+00
2.100207245761276376e+00
2.099154864997434089e+00
2.132613779588842462e+00
2.136082378791825942e+00
2.143954318383241908e+00
2.097947132371910772e+00
2.201844451786483248e+00
2.173725949114005296e+00
2.170561309091793678e+00
2.163185216794490273e+00
2.202784761034408678e+00
2.201021988708808497e+00
2.158637885489433028e+00
2.168382544175987192e+00
2.161313072601247498e+00
2.151027597488958332e+00
2.148681592979003074e+00
2.139268820010989280e+00
2.123607697656525239e+00
2.131329950850566313e+00
2.142098865877936742e+00
2.144481554797184941e+00
2.153780322118640012e+00
2.134182344528628761e+00
2.218059947408109966e+00
2.210095436435867366e+00
2.200265481976319215e+00
2.207240196729085557e+00
2.209588028985371544e+00
2.221020588360051562e+00
2.182942452043446391e+00
2.193261323317556855e+00
2.185997487502868264e+00
2.183486257219555693e+00
2.170743567816573183e+00
2.174128077600292919e+00
2.149368542912868829e+00
2.152795517311999252e+00
2.188747219522400922e+00
2.167116299217312303e+00
2.113365048923265821e+00
2.104230524304633310e+00
2.131042993564578936e+00
2.089675608114866634e+00
2.115442688735709176e+00
2.168950344374087180e+00
2.176820528612771088e+00
2.134615735918552915e+00
2.146914435764723628e+00
2.141046796374350691e+00
2.063221195955101006e+00
2.164565157022046105e+00
2.169907674860414915e+00
2.184617423317079421e+00
2.151532705822006175e+00
2.215790449934954776e+00
2.127248962564944890e+00
2.121336501192281343e+00
2.104209993440178117e+00
2.145720534240290522e+00
2.214597479355521426e+00
2.206061161196318121e+00
2.248071978506291480e+00
2.110241226140206816e+00
2.218346171833016633e+00
2.196644187005461824e+00
2.137558437782729470e+00
2.080557139524508159e+00
2.227537001926755522e+00
2.122359169959854963e+00
2.148525161897301139e+00
2.127115398194550089e+00
2.042733499532654040e+00
2.064575470935174906e+00
2.008551696920817253e+00
2.063534613244738303e+00
2.040436745966938581e+00
2.126701284422162885e+00
2.114338315788884426e+00
2.160342015950435179e+00
2.115291221846998582e+00
2.135299314239612833e+00
2.050601814803060918e+00
2.133384055282534497e+00
2.017424313608620956e+00
2.028994837388642836e+00
2.076464931753144061e+00
2.025139592262795052e+00
2.044482304004357598e+00
2.083508478960855559e+00
2.163315003682431570e+00
2.123815617105076825e+00
2.166224290011866671e+00
2.151169093790507691e+00
2.117318398428763349e+00
2.171947441674552781e+00
2.234293267481344269e+00
2.230333988432145809e+00
2.215309062364353210e+00
2.236421958108857133e+00
2.217566953948010067e+00
2.161628520502176798e+00
2.119471870066154118e+00
2.138729884276127979e+00
2.111149794451749440e+00
2.135942808573747520e+00
2.195529419301957663e+00
2.114094643243999538e+00
2.135574153661802477e+00
2.123683103040624687e+00
2.185412849730099971e+00
2.191922169645023732e+00
2.147068787741098106e+00
2.097575210017012637e+00
2.215523199073635929e+00
2.158779334368847724e+00
2.151691618962267238e+00
2.196040666767706373e+00
2.234954346783765811e+00
2.205890740962447971e+00
2.212636204402401940e+00
2.217832027735370026e+00
2.124953032797313401e+00
2.166696260459449963e+00
2.212907014155969243e+00
2.236064329789158478e+00
2.101201684527270075e+00
2.199129795327901427e+00
2.160824384851211200e+00
2.107716470442515533e+00
2.075436254239596767e+00
2.108068641699543555e+00
2.126890263092791056e+00
2.134460950790761924e+00
2.171670598895428128e+00
2.100045699545903144e+00
2.125357513632548212e+00
2.124293432720495201e+00
2.143566002366396273e+00
2.103752413881311512e+00
2.174810088077562042e+00
2.152292808593649909e+00
2.153290532033420135e+00
2.150847282809992489e+00
2.177940897591351010e+00
2.160052051977083387e+00
2.166446630473220392e+00
2.170346845687188608e+00
2.178602660382872536e+00
2.194965312901484111e+00
2.177182147823342184e+00
2.170962122342292133e+00
2.167063831410985131e+00
2.158558069375315913e+00
2.140562268900209286e+00
2.159253428580394818e+00
2.044505612964294450e+00
2.038312071363864497e+00
2.135239959631183737e+00
2.172039107218094234e+00
2.024962513369606310e+00
2.172161224013472225e+00
2.309283921453503918e+00
2.253260512233802082e+00
2.224424602660429962e+00
2.315376138298629094e+00
2.224319482734297804e+00
2.306354046643538602e+00
2.213805524952700665e+00
2.218555885925483917e+00
2.120083137376693294e+00
2.208412157354905148e+00
2.241724006527187729e+00
2.101902862193981925e+00
2.017809992401674357e+00
2.138268524363067691e+00
2.033196879123002621e+00
1.979237585960785584e+00
2.155071643675655402e+00
2.025130004519089422e+00
2.217894945642903792e+00
2.229995154480259867e+00
2.252063795757641262e+00
2.191817421249491193e+00
2.202081227652216810e+00
2.196361495415373621e+00
2.191651191476984284e+00
2.165005135657125823e+00
2.229836937671835440e+00
2.220407952514985794e+00
2.225731278516399847e+00
2.204716349047109336e+00
2.144442373753374653e+00
2.137363547561799582e+00
2.081037902085201896e+00
2.151272387564527211e+00
2.137456436973468765e+00
2.163560858916368623e+00
2.102886244006307859e+00
2.156759050912233189e+00
2.087408305413470000e+00
2.102777067348177376e+00
2.072887451813807846e+00
2.095127056349804118e+00
2.105884652740823260e+00
2.098352410412488656e+00
2.187552686122294698e+00
2.029948234408253782e+00
2.139462051054906055e+00
2.064999149315059679e+00
2.120236198071911549e+00
2.016069239677720670e+00
2.177599040077621950e+00
2.077381100366788136e+00
2.150083631362446734e+00
2.112940572494228064e+00
2.170126416164071870e+00
2.174402042999322049e+00
2.136889628023535881e+00
2.223508047416735245e+00
2.138503365990080507e+00
2.184840583316822737e+00
2.180177159442017842e+00
2.213816511394027575e+00
2.124677655914020580e+00
2.212496326631147703e+00
2.169610392524981446e+00
2.184344229148434735e+00
2.102713599978780046e+00
2.108021661800028479e+00
2.121841154772345917e+00
2.142029618888394715e+00
2.103407514151173885e+00
2.101866625931373633e+00
2.159437095955730967e+00
2.146762790297780388e+00
2.126792975835842814e+00
2.163502021865755687e+00
2.164842401665674210e+00
2.164106721590679960e+00
2.252649768533675267e+00
2.248187915881913579e+00
2.212542987111514314e+00
2.180949786980974192e+00
2.259253288585426844e+00
2.230523675558758079e+00
2.110026002833218062e+00
2.156409023040196882e+00
2.190081701006327819e+00
2.093329688826177648e+00
2.134287777645959228e+00
2.103437809099289346e+00
2.016993485789117635e+00
2.007733517064114181e+00
2.157685826813739105e+00
2.071099697785359517e+00
1.992465989066052101e+00
2.023499262327835169e+00
2.186251648608648956e+00
2.046180827962666982e+00
2.136936790126689356e+00
2.196595652309977442e+00
2.175025203322339173e+00
2.179740375468366409e+00
2.167969883783141594e+00
2.183327896267222012e+00
2.112475763442886567e+00
2.239722802215077468e+00
2.194269816960948027e+00
2.157788370263084676e+00
2.210174227747258691e+00
2.265149704811634468e+00
2.148400509410042236e+00
2.199739740777777453e+00
2.232303790588001213e+00
2.223843748802451170e+00
2.136092478124981042e+00
2.142440072290036301e+00
2.208568208720529391e+00
2.083576546969209353e+00
2.131617053817628893e+00
2.190608277241577362e+00
2.212020056308640736e+00
2.146549822625948956e+00
2.254856631479184692e+00
2.220782501184699331e+00
2.166669110097526385e+00
2.217210730225080528e+00
2.183720294896161374e+00
2.178516459661647087e+00
2.120285173353056773e+00
2.222897142767969569e+00
2.178992662252834389e+00
2.124270192952469660e+00
2.098259003808025103e+00
2.159325390919255572e+00
2.038054878421944771e+00
2.097676447668146871e+00
2.155644247329610685e+00
2.091903021263061824e+00
2.158578077209897472e+00
2.140673220535214583e+00
2.180440714595630602e+00
2.157306751406762757e+00
2.182282003955259508e+00
2.127942085701499675e+00
2.174356563613364823e+00
2.133959033415353090e+00
2.158427614824843577e+00
2.131893510568422911e+00
2.185741543468583181e+00
2.157155817742980375e+00
2.153161605116876043e+00
2.159381651097972199e+00
2.051741005686113617e+00
2.145292605851722545e+00
2.127632033734114358e+00
2.215825388261150941e+00
2.093831827914243604e+00
2.192878128328914045e+00
2.109603796267888853e+00
2.127969898011834005e+00
2.018436337919252477e+00
2.100929726458296010e+00
2.186371354046058091e+00
2.195714505533848726e+00
2.282841081885500500e+00
2.164107786580624637e+00
2.132379185101574315e+00
2.131376042607625809e+00
2.175531743135342477e+00
2.053767280975927978e+00
2.206188489536412334e+00
2.232346356855060332e+00
2.233109134125329298e+00
2.185129086840395196e+00
2.108404042954613811e+00
2.090349742373715625e+00
2.035193689837770048e+00
2.163533818713860413e+00
2.125524600590201985e+00
2.160235355686940473e+00
2.167106411709008640e+00
2.208848440607588337e+00
2.094529541720709709e+00
2.135144732010439306e+00
2.098347281579964196e+00
2.151289546493441840e+00
2.185627261599644378e+00
2.183345010188664670e+00
2.192827859303853710e+00
2.165274995205635822e+00
2.188060478919618301e+00
2.217697135563002409e+00
2.208364179661294280e+00
2.199295187273524466e+00
2.224404430076251327e+00
2.203914439742377773e+00
2.173044172839824206e+00
2.206225140763543369e+00
2.174429338632239084e+00
2.180636279527878862e+00
2.147745527146016631e+00
2.089527008781341344e+00
2.172563779467752365e+00
2.117154263111987067e+00
1.981612395070701416e+00
2.026596168641882745e+00
2.092001641824049685e+00
1.993299469786511846e+00
2.062934008566457589e+00
1.990639142135713469e+00
2.014303662999418432e+00
2.030122132039141825e+00
2.057233918375747539e+00
2.122980673273195507e+00
2.047841371009265554e+00
2.010264733149660366e+00
2.180258370925113542e+00
2.159432629774746815e+00
2.098831900107091197e+00
2.166876043912229211e+00
2.194263702909904801e+00
2.191492073673277474e+00
2.200997226101236937e+00
2.195570104154507263e+00
2.140965788776378886e+00
2.149545925228714349e+00
2.175346064781596755e+00
2.219150113358034027e+00
2.073004370868044344e+00
2.136188323526664323e+00
2.127329908525877666e+00
2.098418365299712374e+00
2.039689771293939913e+00
2.065703488859692349e+00
2.043848174577803434e+00
2.033054640565514770e+00
2.114492836777693618e+00
2.062475045501985793e+00
2.056772365022339955e+00
2.018589074837638275e+00
2.120801470735176331e+00
2.040406303406390176e+00
2.094543543406461428e+00
2.099854796424406533e+00
2.132765094626932978e+00
2.111493781884355325e+00
2.281796441673203724e+00
2.285217626080545017e+00
2.263395698049798010e+00
2.237352419022169858e+00
2.289013188833836754e+00
2.298119858402070559e+00
2.244920650159064834e+00
2.268272073890807761e+00
2.291536960392435596e+00
2.240424067418983256e+00
2.229021664181364937e+00
2.248858539933662470e+00
2.063316822607143219e+00
2.060443147006601805e+00
2.074890091527351377e+00
2.084437113940476038e+00
2.096922142029488345e+00
2.015942700860124948e+00
2.085290288233263567e+00
2.071123728670751785e+00
2.061335842722371137e+00
2.047986159755440738e+00
2.124603179795266250e+00
2.082532559448276643e+00
2.192142806410244837e+00
2.190237709940040745e+00
2.201322474406710139e+00
2.234094469134387584e+00
2.173758577750254162e+00
2.216231941641918279e+00
2.248117277083025112e+00
2.238562944328517101e+00
2.206269613224144610e+00
2.261253213327302003e+00
2.224681341538586654e+00
2.246518815430474714e+00
2.188768731982676741e+00
2.190309828600472741e+00
2.160393932785789062e+00
2.207831121243915895e+00
2.178507390927570952e+00
2.148969311430060536e+00
2.128716819652042513e+00
2.160985269415634402e+00
2.107296159142915126e+00
2.142047910965797275e+00
2.172079530657156532e+00
2.130506216597381375e+00
2.207212402894819459e+00
2.209926791049720673e+00
2.194722031294833453e+00
2.145189922273008865e+00
2.195894047697073859e+00
2.220910251432020033e+00
2.133956662740638333e+00
2.151707628159426733e+00
2.200457658062509481e+00
2.150393289338466740e+00
2.120137401118859177e+00
2.137239459895636795e+00
2.104685588663176787e+00
2.096090211620787347e+00
1.996686184369484973e+00
2.086546431572764870e+00
2.044693519367787538e+00
2.197821525275852395e+00
2.031223443206431778e+00
2.125087169700897505e+00
2.041741875693146469e+00
2.083810883782172496e+00
1.888970581410155614e+00
2.021371329391889127e+00
2.148978273379102522e+00
2.157535614996046291e+00
2.162559468085086145e+00
2.146200062717320556e+00
2.158261231146596959e+00
2.092227934643072107e+00
2.114805585941233357e+00
2.109199247664219623e+00
2.126970094762331787e+00
2.114002065383667084e+00
2.177053590929828086e+00
2.124048170302894167e+00
2.193233283087505203e+00
2.186214595843800179e+00
2.225406643429159281e+00
2.107870701514678480e+00
2.217393834907961825e+00
2.164651853249293545e+00
2.144760541713499169e+00
2.096146911284305414e+00
2.216729771651743786e+00
2.106994895666885359e+00
2.167411635798698555e+00
2.136822781441418240e+00
2.096324191943547799e+00
2.097373860085743225e+00
2.089806014875966511e+00
2.142234675436679225e+00
2.131416894136899387e+00
2.132828560722040745e+00
2.199407981488889163e+00
2.205238943336315760e+00
2.160580449610858711e+00
2.170674542428112641e+00
2.169385827255605914e+00
2.200228025999168668e+00
2.193161079563585858e+00
2.191424610717380705e+00
2.160936743811678884e+00
2.157471702389991641e+00
2.182364556287443857e+00
2.170456939866076684e+00
2.081569090081804241e+00
2.117931737414973536e+00
2.121725015543477255e+00
2.092966234888758770e+00
2.107167099284140033e+00
2.079320464955606074e+00
2.212860203072132492e+00
2.206921962027082795e+00
2.211685880036256435e+00
2.184131758346188334e+00
2.200735702972094643e+00
2.219720183679695591e+00
2.177396227366783510e+00
2.172149716371326811e+00
2.200605656011155098e+00
2.183995532101824733e+00
2.162958694337545840e+00
2.170833519410608758e+00
2.064603947782769566e+00
2.067454891631297809e+00
2.108242324296171422e+00
2.030735459239814134e+00
2.111984217818902998e+00
2.159769384597830300e+00
2.207489445974220921e+00
2.175444295128899252e+00
2.232200501974787255e+00
2.172217653093079903e+00
2.125877982598183724e+00
2.209534830624369395e+00
2.163103821600210530e+00
2.162358872781471764e+00
2.161227197282877377e+00
2.237030853581845946e+00
2.157288861610166641e+00
2.044506415396630583e+00
2.131972638758914851e+00
2.133185453102816709e+00
2.033687122108180478e+00
2.137354184391110579e+00
2.230181061158584388e+00
2.131170558260686132e+00
2.106790940403578283e+00
2.119839545229357025e+00
2.160288491065951888e+00
2.114893294770213927e+00
2.119506801514142058e+00
2.085751790916027471e+00
2.160696206193658320e+00
2.120287273482806878e+00
2.165132876402521944e+00
2.160984101377862565e+00
2.189521346375732147e+00
2.172220091206511938e+00
2.143135806100048946e+00
2.144230710390166994e+00
2.147286985124173597e+00
2.172298031380945904e+00
2.150138039421500391e+00
2.177639340220881348e+00
2.213807933036870512e+00
2.211250554945277891e+00
2.188786470149723051e+00
2.208830000874493660e+00
2.183603026251352386e+00
2.214714800681035545e+00
2.118596705717081807e+00
2.122988344670410310e+00
2.098555703877561740e+00
2.171555319334922629e+00
2.067847700566278313e+00
2.101019926977939711e+00
2.088902238450735194e+00
2.113814287457502328e+00
2.030756280886039988e+00
2.141823280561559351e+00
2.111416107153047506e+00
2.093571896193740400e+00
2.191303564377410584e+00
2.187925730189155704e+00
2.186655338771994472e+00
2.158492018710252314e+00
2.202895135498120993e+00
2.217134672544443408e+00
2.193861497111543546e+00
2.195106746319776647e+00
2.220641036643911548e+00
2.178503026440198109e+00
2.162614692197843524e+00
2.190507371579278661e+00
