2.472673370408005056e-01
2.472673370408005056e-01
2.472673370408005056e-01
2.472673370408005056e-01
2.843990382400665706e-01
2.191592890777586677e-01
2.520700541406595274e-01
2.520700541406595274e-01
2.520700541406595274e-01
2.191592890777586677e-01
2.843990382400665706e-01
2.520700541406595274e-01
2.090894659318188742e-01
2.090894659318188742e-01
2.090894659318188742e-01
2.090894659318188742e-01
2.159770534671453246e-01
2.083403462535003969e-01
2.152032571398342087e-01
2.152032571398342087e-01
2.152032571398342087e-01
2.083403462535003969e-01
2.159770534671453246e-01
2.152032571398342087e-01
2.163629299745223888e-01
2.163629299745223888e-01
2.163629299745223888e-01
2.163629299745223888e-01
2.287949589603187894e-01
2.057109783555776950e-01
2.175309553077950930e-01
2.175309553077950930e-01
2.175309553077950930e-01
2.057109783555776950e-01
2.287949589603187894e-01
2.175309553077950930e-01
2.623142416535250154e-01
2.623142416535250154e-01
2.623142416535250154e-01
2.623142416535250154e-01
2.413209989256501764e-01
2.673308526460001500e-01
2.459361260658857462e-01
2.459361260658857462e-01
2.459361260658857462e-01
2.673308526460001500e-01
2.413209989256501764e-01
2.459361260658857462e-01
2.600297053587335983e-01
2.600297053587335983e-01
2.600297053587335983e-01
2.600297053587335983e-01
2.420950120231670222e-01
2.039469648218438236e-01
1.898803939823575926e-01
1.898803939823575926e-01
1.898803939823575926e-01
2.039469648218438236e-01
2.420950120231670222e-01
1.898803939823575926e-01
2.210141230560270786e-01
2.210141230560270786e-01
2.210141230560270786e-01
2.210141230560270786e-01
1.922155559939903724e-01
2.787290344190652136e-01
2.424101029459876377e-01
2.424101029459876377e-01
2.424101029459876377e-01
2.787290344190652136e-01
1.922155559939903724e-01
2.424101029459876377e-01
1.564567257037964565e-01
1.564567257037964565e-01
1.564567257037964565e-01
1.564567257037964565e-01
1.501262072881849319e-01
2.529943181735876401e-01
2.427577164357045680e-01
2.427577164357045680e-01
2.427577164357045680e-01
2.529943181735876401e-01
1.501262072881849319e-01
2.427577164357045680e-01
2.537405490572925970e-01
2.537405490572925970e-01
2.537405490572925970e-01
2.537405490572925970e-01
3.128588399804816400e-01
2.133120043696055401e-01
2.630109633203230879e-01
2.630109633203230879e-01
2.630109633203230879e-01
2.133120043696055401e-01
3.128588399804816400e-01
2.630109633203230879e-01
1.963058055110200872e-01
1.963058055110200872e-01
1.963058055110200872e-01
1.963058055110200872e-01
2.010264377813203718e-01
2.463406063683199476e-01
2.522644424610958613e-01
2.522644424610958613e-01
2.522644424610958613e-01
2.463406063683199476e-01
2.010264377813203718e-01
2.522644424610958613e-01
3.082188731046132113e-01
3.082188731046132113e-01
3.082188731046132113e-01
3.082188731046132113e-01
2.582944949668886103e-01
2.409737965662975823e-01
2.019415763135953001e-01
2.019415763135953001e-01
2.019415763135953001e-01
2.409737965662975823e-01
2.582944949668886103e-01
2.019415763135953001e-01
2.463642247521072026e-01
2.463642247521072026e-01
2.463642247521072026e-01
2.463642247521072026e-01
2.551089423794163369e-01
1.906635585283910916e-01
1.974311766061633555e-01
1.974311766061633555e-01
1.974311766061633555e-01
1.906635585283910916e-01
2.551089423794163369e-01
1.974311766061633555e-01
2.347828325946335337e-01
2.347828325946335337e-01
2.347828325946335337e-01
2.347828325946335337e-01
2.461943878287246035e-01
2.758606437645123033e-01
2.892687747528024933e-01
2.892687747528024933e-01
2.892687747528024933e-01
2.758606437645123033e-01
2.461943878287246035e-01
2.892687747528024933e-01
2.162836796121985761e-01
2.162836796121985761e-01
2.162836796121985761e-01
2.162836796121985761e-01
2.097745610300347230e-01
2.313592291232935694e-01
2.243964076097067772e-01
2.243964076097067772e-01
2.243964076097067772e-01
2.313592291232935694e-01
2.097745610300347230e-01
2.243964076097067772e-01
2.179729733289036131e-01
2.179729733289036131e-01
2.179729733289036131e-01
2.179729733289036131e-01
2.498533745884551072e-01
2.200317362816939792e-01
2.522132491333428095e-01
2.522132491333428095e-01
2.522132491333428095e-01
2.200317362816939792e-01
2.498533745884551072e-01
2.522132491333428095e-01
2.919570612387605291e-01
2.919570612387605291e-01
2.919570612387605291e-01
2.919570612387605291e-01
2.823746249629889848e-01
3.110929715367923287e-01
3.008824681054200201e-01
3.008824681054200201e-01
3.008824681054200201e-01
3.110929715367923287e-01
2.823746249629889848e-01
3.008824681054200201e-01
1.750574985752120227e-01
1.750574985752120227e-01
1.750574985752120227e-01
1.750574985752120227e-01
1.693015792481485648e-01
1.705927843829707080e-01
1.649836655924058204e-01
1.649836655924058204e-01
1.649836655924058204e-01
1.705927843829707080e-01
1.693015792481485648e-01
1.649836655924058204e-01
2.547123972023882521e-01
2.547123972023882521e-01
2.547123972023882521e-01
2.547123972023882521e-01
2.271242368372534404e-01
2.982422954078668975e-01
2.659393672278914100e-01
2.659393672278914100e-01
2.659393672278914100e-01
2.982422954078668975e-01
2.271242368372534404e-01
2.659393672278914100e-01
2.130896692620500299e-01
2.130896692620500299e-01
2.130896692620500299e-01
2.130896692620500299e-01
2.303739931685490350e-01
1.688095017645705465e-01
1.825021322759324272e-01
1.825021322759324272e-01
1.825021322759324272e-01
1.688095017645705465e-01
2.303739931685490350e-01
1.825021322759324272e-01
2.147850202323242086e-01
2.147850202323242086e-01
2.147850202323242086e-01
2.147850202323242086e-01
2.180121271382965131e-01
2.408238855132150413e-01
2.444422217604177161e-01
2.444422217604177161e-01
2.444422217604177161e-01
2.408238855132150413e-01
2.180121271382965131e-01
2.444422217604177161e-01
3.088821489419488198e-01
3.088821489419488198e-01
3.088821489419488198e-01
3.088821489419488198e-01
3.069928955481455723e-01
2.393489027505325273e-01
2.378849439935325771e-01
2.378849439935325771e-01
2.378849439935325771e-01
2.393489027505325273e-01
3.069928955481455723e-01
2.378849439935325771e-01
2.569073755468582743e-01
2.569073755468582743e-01
2.569073755468582743e-01
2.569073755468582743e-01
2.758181631054703042e-01
1.981719982336744568e-01
2.127593122439688789e-01
2.127593122439688789e-01
2.127593122439688789e-01
1.981719982336744568e-01
2.758181631054703042e-01
2.127593122439688789e-01
1.820026878909723200e-01
1.820026878909723200e-01
1.820026878909723200e-01
1.820026878909723200e-01
1.699422699780540613e-01
2.810348741104940484e-01
2.624120830454119702e-01
2.624120830454119702e-01
2.624120830454119702e-01
2.810348741104940484e-01
1.699422699780540613e-01
2.624120830454119702e-01
1.967579481478019809e-01
1.967579481478019809e-01
1.967579481478019809e-01
1.967579481478019809e-01
2.042597004492406609e-01
2.318804458609363683e-01
2.407213068516660115e-01
2.407213068516660115e-01
2.407213068516660115e-01
2.318804458609363683e-01
2.042597004492406609e-01
2.407213068516660115e-01
2.493715039540958800e-01
2.493715039540958800e-01
2.493715039540958800e-01
2.493715039540958800e-01
2.496372816540961270e-01
2.166479403096417677e-01
2.168788415568664030e-01
2.168788415568664030e-01
2.168788415568664030e-01
2.166479403096417677e-01
2.496372816540961270e-01
2.168788415568664030e-01
2.466779819073922908e-01
2.466779819073922908e-01
2.466779819073922908e-01
2.466779819073922908e-01
2.454917230799579797e-01
2.495213965283543944e-01
2.483214638996829871e-01
2.483214638996829871e-01
2.483214638996829871e-01
2.495213965283543944e-01
2.454917230799579797e-01
2.483214638996829871e-01
2.436084034384289609e-01
2.436084034384289609e-01
2.436084034384289609e-01
2.436084034384289609e-01
2.441841697509304354e-01
2.242465121996095045e-01
2.247765168529715918e-01
2.247765168529715918e-01
2.247765168529715918e-01
2.242465121996095045e-01
2.441841697509304354e-01
2.247765168529715918e-01
2.896059581376096426e-01
2.896059581376096426e-01
2.896059581376096426e-01
2.896059581376096426e-01
2.750371254173168412e-01
1.572662510078302600e-01
1.493548609307242536e-01
1.493548609307242536e-01
1.493548609307242536e-01
1.572662510078302600e-01
2.750371254173168412e-01
1.493548609307242536e-01
1.767021143734640309e-01
1.767021143734640309e-01
1.767021143734640309e-01
1.767021143734640309e-01
1.982721092229129678e-01
2.862529608270232284e-01
3.211958075075587171e-01
3.211958075075587171e-01
3.211958075075587171e-01
2.862529608270232284e-01
1.982721092229129678e-01
3.211958075075587171e-01
1.816867856192880548e-01
1.816867856192880548e-01
1.816867856192880548e-01
1.816867856192880548e-01
1.708160608808827197e-01
2.104080817627184408e-01
1.978188979550900284e-01
1.978188979550900284e-01
1.978188979550900284e-01
2.104080817627184408e-01
1.708160608808827197e-01
1.978188979550900284e-01
2.744143861189473621e-01
2.744143861189473621e-01
2.744143861189473621e-01
2.744143861189473621e-01
2.682498989012271906e-01
2.542315392132920571e-01
2.485204425904555814e-01
2.485204425904555814e-01
2.485204425904555814e-01
2.542315392132920571e-01
2.682498989012271906e-01
2.485204425904555814e-01
2.359058179107602904e-01
2.359058179107602904e-01
2.359058179107602904e-01
2.359058179107602904e-01
2.619877728049990195e-01
2.719372183716893820e-01
3.020028366190452007e-01
3.020028366190452007e-01
3.020028366190452007e-01
2.719372183716893820e-01
2.619877728049990195e-01
3.020028366190452007e-01
2.325988729746371608e-01
2.325988729746371608e-01
2.325988729746371608e-01
2.325988729746371608e-01
2.091586315428245746e-01
2.113083037355900917e-01
1.900136276575632166e-01
1.900136276575632166e-01
1.900136276575632166e-01
2.113083037355900917e-01
2.091586315428245746e-01
1.900136276575632166e-01
2.678358309467164244e-01
2.678358309467164244e-01
2.678358309467164244e-01
2.678358309467164244e-01
2.683930036574692091e-01
2.686094602157248490e-01
2.691682422896289339e-01
2.691682422896289339e-01
2.691682422896289339e-01
2.686094602157248490e-01
2.683930036574692091e-01
2.691682422896289339e-01
1.493912279651550268e-01
1.493912279651550268e-01
1.493912279651550268e-01
1.493912279651550268e-01
1.539388731024788626e-01
1.818835245377668497e-01
1.874202734967915784e-01
1.874202734967915784e-01
1.874202734967915784e-01
1.818835245377668497e-01
1.539388731024788626e-01
1.874202734967915784e-01
2.301137654102081431e-01
2.301137654102081431e-01
2.301137654102081431e-01
2.301137654102081431e-01
2.163300534879701864e-01
2.239984632949665044e-01
2.105810552421371606e-01
2.105810552421371606e-01
2.105810552421371606e-01
2.239984632949665044e-01
2.163300534879701864e-01
2.105810552421371606e-01
2.364401670598282601e-01
2.364401670598282601e-01
2.364401670598282601e-01
2.364401670598282601e-01
2.598945682750435915e-01
2.473210024077728553e-01
2.718547611660862562e-01
2.718547611660862562e-01
2.718547611660862562e-01
2.473210024077728553e-01
2.598945682750435915e-01
2.718547611660862562e-01
2.476659993372920532e-01
2.476659993372920532e-01
2.476659993372920532e-01
2.476659993372920532e-01
2.441445532303581911e-01
1.828197684770718201e-01
1.802203403613966970e-01
1.802203403613966970e-01
1.802203403613966970e-01
1.828197684770718201e-01
2.441445532303581911e-01
1.802203403613966970e-01
2.410170510448669257e-01
2.410170510448669257e-01
2.410170510448669257e-01
2.410170510448669257e-01
2.369533707824849345e-01
3.070939660426478812e-01
3.019161925901306387e-01
3.019161925901306387e-01
3.019161925901306387e-01
3.070939660426478812e-01
2.369533707824849345e-01
3.019161925901306387e-01
1.935599862351415346e-01
1.935599862351415346e-01
1.935599862351415346e-01
1.935599862351415346e-01
2.102849933393460824e-01
2.258646268117059097e-01
2.453809925724741436e-01
2.453809925724741436e-01
2.453809925724741436e-01
2.258646268117059097e-01
2.102849933393460824e-01
2.453809925724741436e-01
3.055648319600754448e-01
3.055648319600754448e-01
3.055648319600754448e-01
3.055648319600754448e-01
2.812406658032998163e-01
2.343935991745579039e-01
2.157349439365377208e-01
2.157349439365377208e-01
2.157349439365377208e-01
2.343935991745579039e-01
2.812406658032998163e-01
2.157349439365377208e-01
2.102275268380449647e-01
2.102275268380449647e-01
2.102275268380449647e-01
2.102275268380449647e-01
1.749225165846430285e-01
2.860729922139815806e-01
2.380307111899714057e-01
2.380307111899714057e-01
2.380307111899714057e-01
2.860729922139815806e-01
1.749225165846430285e-01
2.380307111899714057e-01
2.722738290057101773e-01
2.722738290057101773e-01
2.722738290057101773e-01
2.722738290057101773e-01
2.870338399878665236e-01
2.200905199901813381e-01
2.320216648379494484e-01
2.320216648379494484e-01
2.320216648379494484e-01
2.200905199901813381e-01
2.870338399878665236e-01
2.320216648379494484e-01
2.427393950515943644e-01
2.427393950515943644e-01
2.427393950515943644e-01
2.427393950515943644e-01
2.449051767179000194e-01
1.987701280519141578e-01
2.005436049078343219e-01
2.005436049078343219e-01
2.005436049078343219e-01
1.987701280519141578e-01
2.449051767179000194e-01
2.005436049078343219e-01
2.042865782130530161e-01
2.042865782130530161e-01
2.042865782130530161e-01
2.042865782130530161e-01
2.029483910740892960e-01
2.626274469122970578e-01
2.609070956544166098e-01
2.609070956544166098e-01
2.609070956544166098e-01
2.626274469122970578e-01
2.029483910740892960e-01
2.609070956544166098e-01
2.114504732214844696e-01
2.114504732214844696e-01
2.114504732214844696e-01
2.114504732214844696e-01
2.309160054873684587e-01
2.146093160421901902e-01
2.343656424402059957e-01
2.343656424402059957e-01
2.343656424402059957e-01
2.146093160421901902e-01
2.309160054873684587e-01
2.343656424402059957e-01
2.580099173838932280e-01
2.580099173838932280e-01
2.580099173838932280e-01
2.580099173838932280e-01
2.348549979803890297e-01
2.353300222072892689e-01
2.142104941182701727e-01
2.142104941182701727e-01
2.142104941182701727e-01
2.353300222072892689e-01
2.348549979803890297e-01
2.142104941182701727e-01
2.724546803549406371e-01
2.724546803549406371e-01
2.724546803549406371e-01
2.724546803549406371e-01
2.821723508361764776e-01
2.899479373308902486e-01
3.002895416961555153e-01
3.002895416961555153e-01
3.002895416961555153e-01
2.899479373308902486e-01
2.821723508361764776e-01
3.002895416961555153e-01
2.064115256321405467e-01
2.064115256321405467e-01
2.064115256321405467e-01
2.064115256321405467e-01
2.141469338174191439e-01
1.719245983278757661e-01
1.783675861459412260e-01
1.783675861459412260e-01
1.783675861459412260e-01
1.719245983278757661e-01
2.141469338174191439e-01
1.783675861459412260e-01
2.298748007956481487e-01
2.298748007956481487e-01
2.298748007956481487e-01
2.298748007956481487e-01
2.530959945028866120e-01
2.660589330633038041e-01
2.929353283916303896e-01
2.929353283916303896e-01
2.929353283916303896e-01
2.660589330633038041e-01
2.530959945028866120e-01
2.929353283916303896e-01
2.263252474102064871e-01
2.263252474102064871e-01
2.263252474102064871e-01
2.263252474102064871e-01
2.117803560717212985e-01
1.915122957851169982e-01
1.792046740590720333e-01
1.792046740590720333e-01
1.792046740590720333e-01
1.915122957851169982e-01
2.117803560717212985e-01
1.792046740590720333e-01
1.718028697438666041e-01
1.718028697438666041e-01
1.718028697438666041e-01
1.718028697438666041e-01
1.655395630833416676e-01
2.226232858652717195e-01
2.145072519990930682e-01
2.145072519990930682e-01
2.145072519990930682e-01
2.226232858652717195e-01
1.655395630833416676e-01
2.145072519990930682e-01
2.825956538271807150e-01
2.825956538271807150e-01
2.825956538271807150e-01
2.825956538271807150e-01
2.706826918007038674e-01
2.643877495249679077e-01
2.532423508689689573e-01
2.532423508689689573e-01
2.532423508689689573e-01
2.643877495249679077e-01
2.706826918007038674e-01
2.532423508689689573e-01
3.149101027266986152e-01
3.149101027266986152e-01
3.149101027266986152e-01
3.149101027266986152e-01
2.656234430839146676e-01
2.139373194298870851e-01
1.804539355805558076e-01
1.804539355805558076e-01
1.804539355805558076e-01
2.139373194298870851e-01
2.656234430839146676e-01
1.804539355805558076e-01
1.989271998742786485e-01
1.989271998742786485e-01
1.989271998742786485e-01
1.989271998742786485e-01
2.052134879276670265e-01
2.562017262765258763e-01
2.642979436473403276e-01
2.642979436473403276e-01
2.642979436473403276e-01
2.562017262765258763e-01
2.052134879276670265e-01
2.642979436473403276e-01
2.294136679612237828e-01
2.294136679612237828e-01
2.294136679612237828e-01
2.294136679612237828e-01
2.517699555093350083e-01
2.627894222597821350e-01
2.883981662411333469e-01
2.883981662411333469e-01
2.883981662411333469e-01
2.627894222597821350e-01
2.517699555093350083e-01
2.883981662411333469e-01
2.205723130852581815e-01
2.205723130852581815e-01
2.205723130852581815e-01
2.205723130852581815e-01
2.456169041954810173e-01
1.869930136535516152e-01
2.082248876903049217e-01
2.082248876903049217e-01
2.082248876903049217e-01
1.869930136535516152e-01
2.456169041954810173e-01
2.082248876903049217e-01
2.045277858443868557e-01
2.045277858443868557e-01
2.045277858443868557e-01
2.045277858443868557e-01
1.966031965569983164e-01
2.315872798139082256e-01
2.226142492345566937e-01
2.226142492345566937e-01
2.226142492345566937e-01
2.315872798139082256e-01
1.966031965569983164e-01
2.226142492345566937e-01
2.525291192471822432e-01
2.525291192471822432e-01
2.525291192471822432e-01
2.525291192471822432e-01
2.409704874798955232e-01
2.428996621268650069e-01
2.317817848725803043e-01
2.317817848725803043e-01
2.317817848725803043e-01
2.428996621268650069e-01
2.409704874798955232e-01
2.317817848725803043e-01
2.536190235224785594e-01
2.536190235224785594e-01
2.536190235224785594e-01
2.536190235224785594e-01
2.911191923074993859e-01
1.610092050061633362e-01
1.848160641282196870e-01
1.848160641282196870e-01
1.848160641282196870e-01
1.610092050061633362e-01
2.911191923074993859e-01
1.848160641282196870e-01
1.862729367183092455e-01
1.862729367183092455e-01
1.862729367183092455e-01
1.862729367183092455e-01
1.826200944717252805e-01
3.017938453088953032e-01
2.958756194660802086e-01
2.958756194660802086e-01
2.958756194660802086e-01
3.017938453088953032e-01
1.826200944717252805e-01
2.958756194660802086e-01
1.972011477725954809e-01
1.972011477725954809e-01
1.972011477725954809e-01
1.972011477725954809e-01
2.050215102379994714e-01
2.200480462207714816e-01
2.287744431037897486e-01
2.287744431037897486e-01
2.287744431037897486e-01
2.200480462207714816e-01
2.050215102379994714e-01
2.287744431037897486e-01
2.718438068051225454e-01
2.718438068051225454e-01
2.718438068051225454e-01
2.718438068051225454e-01
2.781905307961708984e-01
2.386408548884433600e-01
2.442123911936663894e-01
2.442123911936663894e-01
2.442123911936663894e-01
2.386408548884433600e-01
2.781905307961708984e-01
2.442123911936663894e-01
2.786708826626558833e-01
2.786708826626558833e-01
2.786708826626558833e-01
2.786708826626558833e-01
2.400542844021561484e-01
2.962567528177082465e-01
2.552032064399520350e-01
2.552032064399520350e-01
2.552032064399520350e-01
2.962567528177082465e-01
2.400542844021561484e-01
2.552032064399520350e-01
2.275168425131705863e-01
2.275168425131705863e-01
2.275168425131705863e-01
2.275168425131705863e-01
2.376439065709775034e-01
1.932970448087764914e-01
2.019009421437614193e-01
2.019009421437614193e-01
2.019009421437614193e-01
1.932970448087764914e-01
2.376439065709775034e-01
2.019009421437614193e-01
