9.111228774664667185e+00
9.048132983781872696e+00
1.031748623344022597e+01
7.078675903350455378e+00
1.047944597822997004e+01
1.022457160558423261e+01
1.034614393851584957e+01
9.073264951071911000e+00
1.322477533339316125e+01
8.933096145940101707e+00
9.155777091784035093e+00
1.027456348588492574e+01
1.842467902484835207e+01
1.848270175884365329e+01
1.855533131904511635e+01
1.911497779927319485e+01
1.903160385976718771e+01
1.846281114471128504e+01
1.992580774472410354e+01
1.984781384484300304e+01
1.926670917897450863e+01
1.935111307143695925e+01
1.994727213177644032e+01
1.998855544373219217e+01
1.536841283943416414e+01
1.547260071164408579e+01
1.480779417718869873e+01
1.750451668617886725e+01
1.625146870259903054e+01
1.585825099802010030e+01
1.840353880795537833e+01
1.922977887519508045e+01
1.626728996365277879e+01
1.752155782462486044e+01
1.795601851952155315e+01
1.852833155789652153e+01
1.509482834925697325e+01
1.556529913687493583e+01
1.418970245508475259e+01
1.559751913786863931e+01
1.388677577279748476e+01
1.486250137811524219e+01
1.328120898440863940e+01
1.456873330473487549e+01
1.325392436303489418e+01
1.488670532934333046e+01
1.390939073073552912e+01
1.369530902380060056e+01
1.407833323688768346e+01
1.391285736487292901e+01
1.487291159587993938e+01
1.871848135769312194e+01
1.310732652466931469e+01
1.632332535539585550e+01
2.134694056291291631e+01
1.996898437226649392e+01
1.586657730813164235e+01
2.265894810766163303e+01
1.819471370485688766e+01
2.109612171805052938e+01
2.553214434439085068e+01
2.594395758104510108e+01
2.122724667903445805e+01
1.982689231564586763e+01
2.220525662802013755e+01
2.124679500826970724e+01
1.192986876165055143e+01
1.458069498035226275e+01
1.561075215523783477e+01
1.393871312244023208e+01
1.456750073729559070e+01
1.212247188380532670e+01
1.511255234027502148e+01
1.470374463710134805e+01
1.330959044741077513e+01
1.702116558821411374e+01
1.450107149490614056e+01
1.172121119920934085e+01
1.115611852794142678e+01
1.232470064531528564e+01
9.636991049826503897e+00
1.131177240860131228e+01
1.399452818001429399e+01
1.085407790410664752e+01
1.465015066384606790e+01
1.462740641949982390e+01
1.623887144091046153e+01
1.450363440957477934e+01
1.806344771956516482e+01
1.674839442330593187e+01
2.266106105612616162e+01
2.041228980543445104e+01
2.285446799122999906e+01
1.835047514274358349e+01
1.979132088678743173e+01
2.262590030477597836e+01
1.455836773153444774e+01
1.444477243460238469e+01
1.452705289674627309e+01
2.030914535119189424e+01
1.490845773695979304e+01
1.254416519297248200e+01
1.788156779400610930e+01
1.778028753624112213e+01
1.271816938765353910e+01
1.732541053221027028e+01
2.059086011077386047e+01
1.774204055413777326e+01
1.756188027875813873e+01
1.729706956133631834e+01
1.668358893462794512e+01
1.602582095824053354e+01
1.471725904250897443e+01
2.129022130164638682e+01
1.546692004428869716e+01
1.603566192825613257e+01
1.669376440200661094e+01
1.817806417980932565e+01
1.256592290118275379e+01
1.523363530436988533e+01
1.121086401761187190e+01
1.126131106945899418e+01
1.099525022405354413e+01
1.047269092525644574e+01
1.160879452189194794e+01
1.333415641021304943e+01
1.265024156378659370e+01
1.295634955555209622e+01
1.360284497234245116e+01
1.227159209605028600e+01
1.068371981825620054e+01
1.270717322730201637e+01
1.974418314586197098e+01
1.983420764850428597e+01
2.240963912200744801e+01
1.748360821685160005e+01
2.070384375661040721e+01
1.738295315707390643e+01
1.831989404981676728e+01
1.621447720350947819e+01
2.078286137207960493e+01
1.755033558628764112e+01
2.090320341838529572e+01
1.840336483764497899e+01
1.511646682275612896e+01
1.546396259378283666e+01
1.495530072057561810e+01
1.254925588712888462e+01
1.466153247325232023e+01
1.447135430201741890e+01
1.152791545128822470e+01
1.192000459594575901e+01
1.420542795237344791e+01
1.215886202112426062e+01
1.231865011664152476e+01
1.179293762561937342e+01
1.313309973413877962e+01
1.309205651818624006e+01
1.451206973142696022e+01
1.467421645934745023e+01
1.505392727028605471e+01
1.304521930628644277e+01
1.846221263514510724e+01
1.665567598167300645e+01
1.647166353706001729e+01
1.605619263655220408e+01
1.852853144997576251e+01
1.840454737125391205e+01
1.580900306251334442e+01
1.634701752044329837e+01
1.595362042167506544e+01
1.540972568325729775e+01
1.529012962342866722e+01
1.482592120312527939e+01
1.410501546149206042e+01
1.445282818449587126e+01
1.496292314868279760e+01
1.507995987081489986e+01
1.555212239305964239e+01
1.458501464191665775e+01
1.966783299337365420e+01
1.905881895462945508e+01
1.835178591111155910e+01
1.884855922900169034e+01
1.902115141178246560e+01
1.990308689182506185e+01
1.721250973295370912e+01
1.787565026881311780e+01
1.740429933281852470e+01
1.724637797744986756e+01
1.648216523380828846e+01
1.667931423479279474e+01
1.532498367922215010e+01
1.550091966443955194e+01
1.758014190398476018e+01
1.627532599314649531e+01
1.366511901625673708e+01
1.329202132508767775e+01
1.443964307761137533e+01
1.273185100277838266e+01
1.375245396961034672e+01
1.637934300424865341e+01
1.683909964383642333e+01
1.460527960395914349e+01
1.520109184026380156e+01
1.491174040758276753e+01
1.180930242521001183e+01
1.613253067127191187e+01
1.643409668751638719e+01
1.731720127261064235e+01
1.543568608710679513e+01
1.949081627823416696e+01
1.426722362198373162e+01
1.400541977158902007e+01
1.329120214359263663e+01
1.514144017378381868e+01
1.939889558749039367e+01
1.876292675522984510e+01
2.230867337798737893e+01
1.353555947722753849e+01
1.969036055953971243e+01
1.810286875106800153e+01
1.474415920118275380e+01
1.240071852198134295e+01
2.043889461760913662e+01
1.405011720881872073e+01
1.528221176155369854e+01
1.426121773261342263e+01
1.116817817096207754e+01
1.185380779632080461e+01
1.021751262714806430e+01
1.181957765646270886e+01
1.109986888671122607e+01
1.424262390730566530e+01
1.370591377332335625e+01
1.590086290769472299e+01
1.374605508095354978e+01
1.463734095939246416e+01
1.140748829406391707e+01
1.454781281353323230e+01
1.045133629034745759e+01
1.076949361945123584e+01
1.225674735948241612e+01
1.066176269523578846e+01
1.122065246848234388e+01
1.250630789411097332e+01
1.606334576342350573e+01
1.411419315683225228e+01
1.622514929328501054e+01
1.541699040636761886e+01
1.383211519534355283e+01
1.655182520722681616e+01
2.102217401778174022e+01
2.067681773710426185e+01
1.945363172395348883e+01
2.121214216160401733e+01
1.962913852456738439e+01
1.597082386871265491e+01
1.392454133702689667e+01
1.480007473072320145e+01
1.357302737872532461e+01
1.466763230390981043e+01
1.802743482037239531e+01
1.369568085952157332e+01
1.465026544577143319e+01
1.410834273055433030e+01
1.736730861269384008e+01
1.778708132876217718e+01
1.520883328793019729e+01
1.303085236191392582e+01
1.947015707308166554e+01
1.581659283718775910e+01
1.544386911213291746e+01
1.806196114637344863e+01
2.108084324024366296e+01
1.875060605182102691e+01
1.924943432593021697e+01
1.964992704465571904e+01
1.416457949684557427e+01
1.625166479864718028e+01
1.926995018399871640e+01
2.118001261446499583e+01
1.317208224686539708e+01
1.827307723711465925e+01
1.592703225365498554e+01
1.343235384378823483e+01
1.222099316630559329e+01
1.344666991460460537e+01
1.425110398299350223e+01
1.459803648480367499e+01
1.653576097350294916e+01
1.312678534248518858e+01
1.418257132446519719e+01
1.413532273405898643e+01
1.503480319356259187e+01
1.327296674844078694e+01
1.671953840158089477e+01
1.547489426296019666e+01
1.552662049195165217e+01
1.540047647430672484e+01
1.690637588957073945e+01
1.588516760094892888e+01
1.623763112891657912e+01
1.645932108712453967e+01
1.694633395984380186e+01
1.798947304796671176e+01
1.686076322253630266e+01
1.649477362451795770e+01
1.627236716721866472e+01
1.580472311518778916e+01
1.488826911931738195e+01
1.584207743884698516e+01
1.122135459379453337e+01
1.103728268023601444e+01
1.463455233111746168e+01
1.655715021990824809e+01
1.065685640797198275e+01
1.656424882533369214e+01
3.027122751072215934e+01
2.283035979195310361e+01
2.017981851913510738e+01
3.135261223768238992e+01
2.017117046206141495e+01
2.977539688627045322e+01
1.933829718923492536e+01
1.970689539218869513e+01
1.395096760602849528e+01
1.893436414668071421e+01
2.169891959744959209e+01
1.319968584663739541e+01
1.046169539292149864e+01
1.477800985246050125e+01
1.088894219099892702e+01
9.501634203057834682e+00
1.561970481813034262e+01
1.066149695596264024e+01
1.965486714423976267e+01
2.064773273038562706e+01
2.270809745837116722e+01
1.778018593828343796e+01
1.847887269991802484e+01
1.808368719919074508e+01
1.776925296042933766e+01
1.615700243572389283e+01
2.063417661963049099e+01
1.985399774857686239e+01
2.028787010852681050e+01
1.866608887702057373e+01
1.507802262878424138e+01
1.473489174344687846e+01
1.241781722286255629e+01
1.542229745258982199e+01
1.473930759609879360e+01
1.607691105698783929e+01
1.323856333523554873e+01
1.570878312046000502e+01
1.264814787113761341e+01
1.323423759367464747e+01
1.213314535370527381e+01
1.293694163322483170e+01
1.335830149336939066e+01
1.306090503722105112e+01
1.750337248041217819e+01
1.079640787995317552e+01
1.483520706568342540e+01
1.186778799434282838e+01
1.395759803401033849e+01
1.041507073416399187e+01
1.688579835961022368e+01
1.228873757284477719e+01
1.536141078319720066e+01
1.364739121657695620e+01
1.644665200930007032e+01
1.669545213850033250e+01
1.471239733797829530e+01
2.010463619865332419e+01
1.478923428877209467e+01
1.733123355721584602e+01
1.704206894384364190e+01
1.933913555056707523e+01
1.415235256701968147e+01
1.923885267887196804e+01
1.641705991530794506e+01
1.730004985538190709e+01
1.323172401488239736e+01
1.344475865350371535e+01
1.402744628051067899e+01
1.495954506233691639e+01
1.325924966561869134e+01
1.319825693367440422e+01
1.585196941821819472e+01
1.519349272481450797e+01
1.424673732092165679e+01
1.607366286315870596e+01
1.614794362730068400e+01
1.610710053383008855e+01
2.276781544916767785e+01
2.232009559584551184e+01
1.924238136407750943e+01
1.708939297002535085e+01
2.346089459862781013e+01
2.069313213492632997e+01
1.352670958937561707e+01
1.569023321072599764e+01
1.766660526433649991e+01
1.286871472608821243e+01
1.458994017145388966e+01
1.326045357678801828e+01
1.043978407353576010e+01
1.019637526959970053e+01
1.575808128779768502e+01
1.207215107503520990e+01
9.814445663452094237e+00
1.061645398605875279e+01
1.742042339755316149e+01
1.127200520626274383e+01
1.471463323750403873e+01
1.809957297113423991e+01
1.673226066727664119e+01
1.701541662218697581e+01
1.632359368846513448e+01
1.723650323576980625e+01
1.362802351545017032e+01
2.151286033963153699e+01
1.794286219264674287e+01
1.576355230769002524e+01
1.906467988136580516e+01
2.411269808065211961e+01
1.527590743807098228e+01
1.831527544201038893e+01
2.084736085254355231e+01
2.013211487300010916e+01
1.467469308630148994e+01
1.497958738002015266e+01
1.894584148682158897e+01
1.250876080468472473e+01
1.446604054224020786e+01
1.770092827396059576e+01
1.920290027800822585e+01
1.518283169762204032e+01
2.299528481113821599e+01
1.988398390687653006e+01
1.625013744399335280e+01
1.960126291204248972e+01
1.726098971620087141e+01
1.694111973329036402e+01
1.395972072039004352e+01
2.005480171670190614e+01
1.696995992011459009e+01
1.413429380041004535e+01
1.305728705619426577e+01
1.584595192422652588e+01
1.102974565171142096e+01
1.303476042795709233e+01
1.564983473205505682e+01
1.281498718599627118e+01
1.580579579930001621e+01
1.489363820673016114e+01
1.705818618160718003e+01
1.573788483040263841e+01
1.717153286186498917e+01
1.429846002411778194e+01
1.669277130026167910e+01
1.457459156365955799e+01
1.579773210968161123e+01
1.447878244323029584e+01
1.738808851473240935e+01
1.572985578712420995e+01
1.551991962886948961e+01
1.584898213835710834e+01
1.144283233416514101e+01
1.512015707343087811e+01
1.428447279629109268e+01
1.949351997617448262e+01
1.288771481749783199e+01
1.785022763436879600e+01
1.350937698740721515e+01
1.429971584718379241e+01
1.047855401504943806e+01
1.316140204964892568e+01
1.742802660289470040e+01
1.803992094156577863e+01
2.628076596745898641e+01
1.610715953006215173e+01
1.450121360572819995e+01
1.445494792094403635e+01
1.676228488541178052e+01
1.150614462711068420e+01
1.877214141521717750e+01
2.085107389745301276e+01
2.091781154449449076e+01
1.734940411701967733e+01
1.346032820960820153e+01
1.275691704971841745e+01
1.094646116748840825e+01
1.607541811812831511e+01
1.419001491112764590e+01
1.589508643589540959e+01
1.627476833388784883e+01
1.896648299958546247e+01
1.291419324732893692e+01
1.463008019437129192e+01
1.306070633502832123e+01
1.542317935166936493e+01
1.738085872777105934e+01
1.723756991394255422e+01
1.784689729946076753e+01
1.617204394795555800e+01
1.753593510162976088e+01
1.963934319251243465e+01
1.893083792910367791e+01
1.828450272654954389e+01
2.017815843966300804e+01
1.860876327289285470e+01
1.661573209838564580e+01
1.877479531857908057e+01
1.669706147274760966e+01
1.707016279357126720e+01
1.524285490078290373e+01
1.272633677174298761e+01
1.658768672519070009e+01
1.382511321871712084e+01
9.556615437115667078e+00
1.070225901440168315e+01
1.281868909458865602e+01
9.834701914297756531e+00
1.179990006657915202e+01
9.770279318685380687e+00
1.036812257756952071e+01
1.080132876256397445e+01
1.161580574797501519e+01
1.407739950432003440e+01
1.132258260546892537e+01
1.026199698705784158e+01
1.704703245268133571e+01
1.585172875154251670e+01
1.307950395773849372e+01
1.626178487251533156e+01
1.794245338052952832e+01
1.775879877517634142e+01
1.840281611272323659e+01
1.803017816348778624e+01
1.490781185920816654e+01
1.533400579399422980e+01
1.675126826445352535e+01
1.975388115597727534e+01
1.213715217110230427e+01
1.467921772216145015e+01
1.427086555370649101e+01
1.306346072614740272e+01
1.107779951483776770e+01
1.189108958897626955e+01
1.120157840367128621e+01
1.088486371846448897e+01
1.371240951207922620e+01
1.178489949143773430e+01
1.160110630921064612e+01
1.048267171209733561e+01
1.398213143684202286e+01
1.109896805879495751e+01
1.291472554786689209e+01
1.311933004357325494e+01
1.451907936461200954e+01
1.358725860377245809e+01
2.614297928010677197e+01
2.659922209139839211e+01
2.391541150555845974e+01
2.129614530136317896e+01
2.712270468687164637e+01
2.845896382145246051e+01
2.200217943513435159e+01
2.447128526949721916e+01
2.748133391782895174e+01
2.157773300804494099e+01
2.056457444695174885e+01
2.238637279702481209e+01
1.181243593425002736e+01
1.171886601798441951e+01
1.220208027485231561e+01
1.253984164530218770e+01
1.300568922706052533e+01
1.041169456819610240e+01
1.257078282149192283e+01
1.207296758486757327e+01
1.174780186917437241e+01
1.132701024512540577e+01
1.414904885606484974e+01
1.247122743689909008e+01
1.780162078437134099e+01
1.767676198994466219e+01
1.842557847325495501e+01
2.100458818834697183e+01
1.665759181314343351e+01
1.952503000571417147e+01
2.231313496861044499e+01
2.140632798379445489e+01
1.877801644427530903e+01
2.367836280480803879e+01
2.020096779828653766e+01
2.215666242886654658e+01
1.758152985339545538e+01
1.768146062484159486e+01
1.590367591565358474e+01
1.889173763684045682e+01
1.694057133391809700e+01
1.530471110791426881e+01
1.433351234532803176e+01
1.593577708032558959e+01
1.341530143010374410e+01
1.496043728048421428e+01
1.655949943449727613e+01
1.441503424616401752e+01
1.884653264617202950e+01
1.904628489345008902e+01
1.797314461148085485e+01
1.511505772338593090e+01
1.805204757641258695e+01
1.989422992807506674e+01
1.457448098029859906e+01
1.544469389889727928e+01
1.836516370131162645e+01
1.537723121267785586e+01
1.395331764277123199e+01
1.472899629105725161e+01
1.331020023748831704e+01
1.297375225809619437e+01
9.917700062873208822e+00
1.261657046225242063e+01
1.122701743959718179e+01
1.818314100038228887e+01
1.083257798288806306e+01
1.417054177637453272e+01
1.113860162752935601e+01
1.251721154267003477e+01
7.728640078286202808e+00
1.055813960550921848e+01
1.530516568067017324e+01
1.575007292343068954e+01
1.602178208863167441e+01
1.516535078553836335e+01
1.578882342196614985e+01
1.282719019025812379e+01
1.372557278062313557e+01
1.349280442180400819e+01
1.425468886607884045e+01
1.369179648256992188e+01
1.685305618661319116e+01
1.412447022810195740e+01
1.787378781800117267e+01
1.741807113146918695e+01
2.026092939046618113e+01
1.343862030749012604e+01
1.961558264471874224e+01
1.613734766557744038e+01
1.509376627288787986e+01
1.297592472271492881e+01
1.956373764176927210e+01
1.340310133657308178e+01
1.629199837615829338e+01
1.470922921543838413e+01
1.298272122149556118e+01
1.302308551384913216e+01
1.273669343447379454e+01
1.496955216419752510e+01
1.445682710515054836e+01
1.452202113620437274e+01
1.829230190793966315e+01
1.870361512725581221e+01
1.591378904908227376e+01
1.647818664272471878e+01
1.640421075454630184e+01
1.834918051739773404e+01
1.786899357848959013e+01
1.775436965187045857e+01
1.593313861331130532e+01
1.574666762895033223e+01
1.717664542391537097e+01
1.646565504204537334e+01
1.243675503375668967e+01
1.385833334523333882e+01
1.402237196963879384e+01
1.285499149141076636e+01
1.341007267622090993e+01
1.235691477561523044e+01
1.926640112889008094e+01
1.882537819356340592e+01
1.917774509547418305e+01
1.728673122462858558e+01
1.838454941692295463e+01
1.979914405558724155e+01
1.687361100580159246e+01
1.656357966454839215e+01
1.837547786217651691e+01
1.727820137028541936e+01
1.604372118490233490e+01
1.648735250566527810e+01
1.185474659949766618e+01
1.194936002991967605e+01
1.345373974171994291e+01
1.081871355520555866e+01
1.360759223469668733e+01
1.586989299922990426e+01
1.886675040945423021e+01
1.675709487214904669e+01
2.083835591959019240e+01
1.656753081420458784e+01
1.420577969028576604e+01
1.901720983770512774e+01
1.605170940105833921e+01
1.601077814923558051e+01
1.594894262429556342e+01
2.126704676244304082e+01
1.573693279817080359e+01
1.122137876638222664e+01
1.448243298792609579e+01
1.453858271943574820e+01
1.090301822299221968e+01
1.473444675490362066e+01
2.066368164087029058e+01
1.444550188435730753e+01
1.339485248995742417e+01
1.394042646090246684e+01
1.589796367103177310e+01
1.372926818755529155e+01
1.392604920369502608e+01
1.258757277145659437e+01
1.592007108110086300e+01
1.395981175644636707e+01
1.616411946582344683e+01
1.593571356211280587e+01
1.763020839610947021e+01
1.656767264352893676e+01
1.501366516124123329e+01
1.506756466207155221e+01
1.521978842969639345e+01
1.657220767192119126e+01
1.536418846354594869e+01
1.688822188874564389e+01
1.933848094156011754e+01
1.914506324441778062e+01
1.758267443580244205e+01
1.896512353185808664e+01
1.725366554853691881e+01
1.940790133845026588e+01
1.388685374165610042e+01
1.407773681966451385e+01
1.306878515990618261e+01
1.652907968350769963e+01
1.196249391288625219e+01
1.316494274428193556e+01
1.270319637948458080e+01
1.368392342599216960e+01
1.081930454349274839e+01
1.494948697335474996e+01
1.358404289279594224e+01
1.287787358075836330e+01
1.774642748917650081e+01
1.752728390196435271e+01
1.744608740262590274e+01
1.580118281978678318e+01
1.853634354987302757e+01
1.959532025794851506e+01
1.791559601628163634e+01
1.799897767352731393e+01
1.987264888484481773e+01
1.694030741812701635e+01
1.602481378254032052e+01
1.769434204909013886e+01
