2.288420367043749737e-01
2.288420367043749737e-01
2.288420367043749737e-01
2.785404296632249532e-01
3.579249219226986467e-01
2.066793817098647734e-01
3.909438739317637745e-01
3.909438739317637745e-01
3.232609822342168981e-01
2.515646365198375145e-01
4.328655892402116789e-01
3.909438739317637745e-01
3.075956048800133069e-01
3.075956048800133069e-01
3.075956048800133069e-01
2.991504767923353070e-01
3.404817391477970578e-01
3.075956048800133069e-01
3.311975570023186211e-01
3.311975570023186211e-01
3.404817391477970578e-01
2.991504767923353070e-01
3.311975570023186211e-01
3.311975570023186211e-01
2.929819717515925181e-01
2.929819717515925181e-01
2.929819717515925181e-01
2.653298236884795713e-01
3.492572347458553494e-01
2.739276952245717767e-01
2.960178470221279667e-01
2.960178470221279667e-01
3.265430592280781363e-01
2.480739229202492402e-01
3.166087037059284737e-01
2.960178470221279667e-01
4.332599776512646161e-01
4.332599776512646161e-01
4.332599776512646161e-01
4.228960599556015887e-01
3.336935957399372321e-01
4.579447867121417270e-01
3.440746410938085309e-01
3.440746410938085309e-01
3.527056511352500978e-01
4.469903890676337199e-01
3.255278270137318408e-01
3.440746410938085309e-01
4.576553398219390112e-01
4.576553398219390112e-01
4.576553398219390112e-01
3.703241879149151705e-01
3.663714084489594347e-01
3.737977744697712490e-01
2.414593568478215491e-01
2.414593568478215491e-01
2.992400725857575772e-01
3.024685723732154496e-01
2.956282020890230733e-01
2.414593568478215491e-01
2.629732523684996104e-01
2.629732523684996104e-01
2.629732523684996104e-01
3.180814182086941777e-01
1.682080414381181555e-01
3.307792681928035106e-01
2.569060147567697738e-01
2.569060147567697738e-01
2.115794376421163692e-01
4.000967314857004631e-01
2.042431819343608623e-01
2.569060147567697738e-01
2.788432908739236771e-01
2.788432908739236771e-01
2.788432908739236771e-01
2.562594874979410298e-01
2.454202995873200621e-01
4.682772277727922372e-01
3.782866129127847588e-01
3.782866129127847588e-01
4.121481179257796557e-01
4.303509760622836189e-01
2.252569157373827125e-01
3.782866129127847588e-01
3.026476083566702613e-01
3.026476083566702613e-01
3.026476083566702613e-01
3.049865019058820015e-01
5.834495810166109298e-01
2.535317447552059567e-01
4.924014938395715468e-01
4.924014938395715468e-01
4.887631230758248679e-01
2.554910655823163235e-01
5.877928012749890074e-01
4.924014938395715468e-01
3.188469216159500186e-01
3.188469216159500186e-01
3.188469216159500186e-01
2.481807015605295985e-01
3.433427084964219556e-01
3.851479025637449261e-01
3.232351300809644945e-01
3.232351300809644945e-01
4.147373396856315897e-01
2.997873593334234310e-01
2.675920743652214218e-01
3.232351300809644945e-01
5.259729748191531717e-01
5.259729748191531717e-01
5.259729748191531717e-01
5.628683278557062852e-01
3.015424080690328745e-01
4.181544526711571397e-01
2.572320970574515919e-01
2.572320970574515919e-01
2.397296185162432203e-01
4.474866748455258447e-01
3.235577917298338435e-01
2.572320970574515919e-01
3.431573861352193999e-01
3.431573861352193999e-01
3.431573861352193999e-01
3.611864039830141593e-01
3.829751998882184871e-01
2.687716738226599289e-01
3.155559827562056663e-01
3.155559827562056663e-01
2.999582397622182484e-01
2.828925684911517413e-01
4.028898011529235546e-01
3.155559827562056663e-01
3.201884299157794489e-01
3.201884299157794489e-01
3.201884299157794489e-01
3.509021992624931641e-01
3.717750211530245208e-01
3.589552733290606867e-01
4.564591504025417024e-01
4.564591504025417024e-01
4.167877158147261230e-01
3.933877151062831201e-01
4.071619768463450306e-01
4.564591504025417024e-01
3.213742862376396947e-01
3.213742862376396947e-01
3.213742862376396947e-01
3.688553763396048568e-01
2.918659250691037488e-01
3.422010382904954184e-01
3.571263961178744450e-01
3.571263961178744450e-01
3.107803793810980375e-01
3.927591539452197633e-01
3.353912694781855941e-01
3.571263961178744450e-01
2.922663594905705042e-01
2.922663594905705042e-01
2.922663594905705042e-01
2.685246244817206529e-01
4.477990110073478136e-01
2.922663594905705042e-01
4.126561817322386694e-01
4.126561817322386694e-01
4.477990110073478136e-01
2.685246244817206529e-01
4.126561817322386694e-01
4.126561817322386694e-01
4.401772463920029521e-01
4.401772463920029521e-01
4.401772463920029521e-01
4.487024859876918570e-01
3.963299328050235437e-01
4.625348246007273123e-01
4.245688472376674683e-01
4.245688472376674683e-01
4.164604087480157646e-01
4.714930800157732249e-01
4.040464331355549388e-01
4.245688472376674683e-01
2.361063883969380939e-01
2.361063883969380939e-01
2.361063883969380939e-01
2.438457609171212348e-01
2.124252180792407241e-01
2.361063883969380939e-01
2.194469102004566186e-01
2.194469102004566186e-01
2.124252180792407241e-01
2.438457609171212348e-01
2.194469102004566186e-01
2.194469102004566186e-01
3.820134766401906412e-01
3.820134766401906412e-01
3.820134766401906412e-01
3.650586878928478440e-01
2.658123139429067194e-01
4.470765400352282315e-01
2.970121414275249117e-01
2.970121414275249117e-01
3.110844430451433773e-01
4.272340769973868579e-01
2.537879548368525140e-01
2.970121414275249117e-01
3.082068948763660443e-01
3.082068948763660443e-01
3.082068948763660443e-01
2.947466619005472688e-01
3.933481036440324985e-01
2.327749148796602885e-01
2.844032639187211720e-01
2.844032639187211720e-01
2.970782706874368628e-01
2.226090015360815688e-01
3.765656918418742727e-01
2.844032639187211720e-01
3.277052598602971933e-01
3.277052598602971933e-01
3.277052598602971933e-01
4.261746711047378344e-01
3.433808814763244510e-01
3.505002774857262637e-01
4.771237999642700678e-01
4.771237999642700678e-01
3.672662876758620021e-01
4.558191728240125751e-01
4.460937377123502245e-01
4.771237999642700678e-01
4.465707068898513432e-01
4.465707068898513432e-01
4.465707068898513432e-01
4.278169188018105529e-01
4.380457993344049061e-01
3.432316913782323953e-01
3.225207141778688169e-01
3.225207141778688169e-01
3.366794961850518297e-01
3.288176371066546255e-01
4.196241400049365855e-01
3.225207141778688169e-01
3.951422107552834406e-01
3.951422107552834406e-01
3.951422107552834406e-01
3.893738691896332926e-01
4.928885746344801033e-01
3.094878259179740798e-01
3.805386433901912779e-01
3.805386433901912779e-01
3.860458569887036395e-01
3.049698791086645766e-01
4.858571750956999225e-01
3.805386433901912779e-01
2.924238134961018032e-01
2.924238134961018032e-01
2.924238134961018032e-01
2.904530631638000404e-01
2.357215397960222836e-01
4.340638451653483498e-01
3.475063642594130031e-01
3.475063642594130031e-01
3.498969414593250393e-01
4.311385311942576015e-01
2.341110354680499273e-01
3.475063642594130031e-01
2.421304177188316475e-01
2.421304177188316475e-01
2.421304177188316475e-01
2.085473537595205207e-01
2.726262124700178369e-01
2.734574162291661392e-01
2.654512965623412324e-01
2.654512965623412324e-01
3.078987776949451693e-01
2.355293525604525984e-01
2.350414708328173174e-01
2.654512965623412324e-01
3.415488478931402172e-01
3.415488478931402172e-01
3.415488478931402172e-01
3.881127322210087272e-01
3.426993496097474057e-01
3.024213654620615532e-01
3.447997593254529813e-01
3.447997593254529813e-01
3.034400668930546940e-01
3.436509394059246714e-01
3.894101872449025614e-01
3.447997593254529813e-01
4.054024738364258029e-01
4.054024738364258029e-01
4.054024738364258029e-01
4.307688713128959845e-01
3.993489851611317643e-01
4.054024738364258029e-01
4.243709055553041010e-01
4.243709055553041010e-01
3.993489851611317643e-01
4.307688713128959845e-01
4.243709055553041010e-01
4.243709055553041010e-01
2.963247656883162273e-01
2.963247656883162273e-01
2.963247656883162273e-01
3.024380601489559117e-01
2.985538937082144462e-01
2.793815951888236615e-01
2.872881747447182943e-01
2.872881747447182943e-01
2.814832667809116784e-01
2.851453454926676234e-01
3.047108418459564816e-01
2.872881747447182943e-01
4.583471754618851923e-01
4.583471754618851923e-01
4.583471754618851923e-01
3.425134044091942553e-01
3.898584694900709136e-01
2.560848985638323194e-01
1.623632509295818704e-01
1.623632509295818704e-01
2.178193124306006812e-01
1.913669705425626866e-01
2.906018194736827431e-01
1.623632509295818704e-01
2.130824349396470974e-01
2.130824349396470974e-01
2.130824349396470974e-01
2.165777354824058032e-01
3.065009006800463176e-01
3.394316419335315915e-01
4.960509208447682616e-01
4.960509208447682616e-01
4.882434537666200391e-01
3.449995133660866964e-01
3.114021352445267010e-01
4.960509208447682616e-01
2.052912341388656303e-01
2.052912341388656303e-01
2.052912341388656303e-01
2.214209417194279994e-01
1.685110149453351858e-01
2.360489268684794473e-01
2.091021696732013879e-01
2.091021696732013879e-01
1.937581232351028027e-01
2.545952626682763120e-01
1.818556984893379969e-01
2.091021696732013879e-01
4.301473303506363477e-01
4.301473303506363477e-01
4.301473303506363477e-01
4.229694395191730960e-01
4.006375247384006411e-01
4.069609004013291509e-01
3.726784834300261307e-01
3.726784834300261307e-01
3.790417754521305804e-01
4.001699227300890005e-01
3.939116867700591107e-01
3.726784834300261307e-01
3.102201106569179578e-01
3.102201106569179578e-01
3.102201106569179578e-01
3.640167164756006879e-01
4.311168170528250632e-01
3.664598968511829091e-01
5.949963919690918202e-01
5.949963919690918202e-01
5.092739602646564334e-01
4.300092862750713452e-01
5.036836176158050460e-01
5.949963919690918202e-01
4.701127892628910176e-01
4.701127892628910176e-01
4.701127892628910176e-01
4.070186110210254338e-01
3.388501373028230401e-01
4.372958897999231209e-01
2.716197929177098791e-01
2.716197929177098791e-01
3.151962160676337055e-01
3.786060914246601738e-01
2.920035185466219874e-01
2.716197929177098791e-01
4.133646452469717514e-01
4.133646452469717514e-01
4.133646452469717514e-01
3.767947504704057815e-01
4.160618360485857092e-01
4.133646452469717514e-01
3.792692522266918331e-01
3.792692522266918331e-01
4.160618360485857092e-01
3.767947504704057815e-01
3.792692522266918331e-01
3.792692522266918331e-01
1.424977098257626529e-01
1.424977098257626529e-01
1.424977098257626529e-01
1.777179236662194128e-01
1.568796961227024445e-01
1.804138894869935505e-01
2.474152607461533593e-01
2.474152607461533593e-01
1.986226739618612569e-01
2.250055939802797222e-01
1.954179255960914185e-01
2.474152607461533593e-01
4.131542425960877951e-01
4.131542425960877951e-01
4.131542425960877951e-01
3.716300077631854437e-01
3.410706099254541823e-01
4.131542425960877951e-01
3.061780714948385551e-01
3.061780714948385551e-01
3.410706099254541823e-01
3.716300077631854437e-01
3.061780714948385551e-01
3.061780714948385551e-01
3.236250154116848132e-01
3.236250154116848132e-01
3.236250154116848132e-01
2.634375279979006002e-01
4.356245207294417443e-01
3.236250154116848132e-01
3.553844278807590795e-01
3.553844278807590795e-01
4.356245207294417443e-01
2.634375279979006002e-01
3.553844278807590795e-01
3.553844278807590795e-01
3.235523403710433010e-01
3.235523403710433010e-01
3.235523403710433010e-01
3.652093204384044833e-01
3.092059752874592449e-01
2.491566976102264908e-01
2.688580007167709063e-01
2.688580007167709063e-01
2.381090478147179501e-01
2.812353269105004050e-01
3.491362511774614985e-01
2.688580007167709063e-01
4.031652242088600846e-01
4.031652242088600846e-01
4.031652242088600846e-01
3.603810529108621985e-01
3.823699121158533609e-01
5.328765586562557166e-01
4.515883053854114482e-01
4.515883053854114482e-01
5.053907199010669871e-01
4.763273312000057547e-01
3.416639321683008768e-01
4.515883053854114482e-01
2.412362108301341623e-01
2.412362108301341623e-01
2.412362108301341623e-01
2.420355155746575226e-01
3.133903031618076596e-01
2.747373153220302733e-01
3.580743722827196551e-01
3.580743722827196551e-01
3.569116354561683857e-01
2.756476216101237386e-01
3.144112573991347248e-01
3.580743722827196551e-01
5.023737281498988905e-01
5.023737281498988905e-01
5.023737281498988905e-01
5.119680933315996496e-01
3.875340633728339701e-01
4.047189742727738127e-01
3.183282365218863541e-01
3.183282365218863541e-01
3.122026090050925018e-01
4.124483227986938672e-01
3.951377452570326021e-01
3.183282365218863541e-01
4.024493375273938689e-01
4.024493375273938689e-01
4.024493375273938689e-01
4.261146415705682200e-01
2.266893275922946260e-01
5.651809919726070719e-01
3.380062525729966016e-01
3.380062525729966016e-01
3.183518696424626482e-01
5.984154360808526807e-01
2.406846556416258887e-01
3.380062525729966016e-01
4.148831169680047837e-01
4.148831169680047837e-01
4.148831169680047837e-01
3.627064109363412614e-01
4.892242580927752549e-01
3.298367615900981709e-01
3.405577489176348505e-01
3.405577489176348505e-01
3.889388080187499153e-01
2.883556912739743128e-01
4.283684441279608235e-01
3.405577489176348505e-01
3.461900084581299719e-01
3.461900084581299719e-01
3.461900084581299719e-01
3.655555569003959837e-01
3.559968224845520002e-01
2.827565712565883738e-01
3.070032233026423474e-01
3.070032233026423474e-01
2.907664532327098317e-01
2.985737119719616417e-01
3.758761396755284090e-01
3.070032233026423474e-01
2.828609007334801362e-01
2.828609007334801362e-01
2.828609007334801362e-01
3.441508769931513334e-01
2.770440959993936136e-01
3.557948228661199641e-01
4.241773225227269961e-01
4.241773225227269961e-01
3.484781912473826071e-01
4.328880379065588313e-01
3.372257599280534257e-01
4.241773225227269961e-01
3.152409364488267807e-01
3.152409364488267807e-01
3.152409364488267807e-01
2.510240457285889959e-01
4.141415305603856623e-01
3.152409364488267807e-01
3.318239552956975258e-01
3.318239552956975258e-01
4.141415305603856623e-01
2.510240457285889959e-01
3.318239552956975258e-01
3.318239552956975258e-01
3.624846900861114496e-01
3.624846900861114496e-01
3.624846900861114496e-01
4.158226273424876496e-01
2.689437726338753665e-01
3.233366728694985759e-01
2.760299877174455796e-01
2.760299877174455796e-01
2.398980895213813913e-01
3.709141613590173359e-01
3.094503437060328044e-01
2.760299877174455796e-01
3.764110502463561825e-01
3.764110502463561825e-01
3.764110502463561825e-01
3.621915382871210842e-01
4.202020725887549712e-01
4.145803456073331450e-01
4.454807875923176286e-01
4.454807875923176286e-01
4.628119189506980646e-01
3.989189292419820232e-01
4.044665717969631036e-01
4.454807875923176286e-01
2.498955471215984214e-01
2.498955471215984214e-01
2.498955471215984214e-01
2.901882262717168648e-01
2.805646102480984228e-01
2.121891159873996735e-01
2.765283579898058508e-01
2.765283579898058508e-01
2.382305619752595194e-01
2.464020824372072926e-01
3.256680013625358749e-01
2.765283579898058508e-01
3.234165157266886137e-01
3.234165157266886137e-01
3.234165157266886137e-01
3.090629797634583675e-01
4.371387444701529401e-01
3.602040102733193305e-01
4.657942848626447363e-01
4.657942848626447363e-01
4.868617437492206990e-01
3.442178099274870728e-01
4.182228969115940886e-01
4.657942848626447363e-01
3.524164928381464668e-01
3.524164928381464668e-01
3.524164928381464668e-01
3.111980573808353912e-01
2.859442126258059380e-01
3.064958511162573229e-01
2.193043910605530222e-01
2.193043910605530222e-01
2.486850547620794993e-01
2.706482681741867458e-01
2.521616004917789922e-01
2.193043910605530222e-01
2.573700189399497074e-01
2.573700189399497074e-01
2.573700189399497074e-01
2.437102800765394428e-01
2.289440600752813693e-01
3.200323866070313161e-01
2.694631324803248296e-01
2.694631324803248296e-01
2.846855055113909905e-01
3.030468851609363634e-01
2.167022289379623157e-01
2.694631324803248296e-01
4.487981414642374101e-01
4.487981414642374101e-01
4.487981414642374101e-01
5.282034580191123929e-01
3.920957519113366097e-01
4.246063682409623175e-01
4.373496050807445523e-01
4.373496050807445523e-01
3.709604337455762457e-01
4.997314633926233096e-01
4.622674189826737057e-01
4.373496050807445523e-01
4.840150892319742826e-01
4.840150892319742826e-01
4.840150892319742826e-01
5.038999810025844850e-01
2.821466042253197304e-01
3.266486727008096613e-01
1.985061946160946167e-01
1.985061946160946167e-01
1.904131003921458176e-01
3.400684475139787999e-01
2.941386312878488951e-01
1.985061946160946167e-01
3.175414768667920162e-01
3.175414768667920162e-01
3.175414768667920162e-01
3.196051776491861118e-01
3.497778793499498051e-01
4.054248040402637643e-01
4.494488096372323271e-01
4.494488096372323271e-01
4.465830089105519707e-01
4.080596582128757643e-01
3.520224647479996971e-01
4.494488096372323271e-01
2.804103369852304906e-01
2.804103369852304906e-01
2.804103369852304906e-01
3.474965614936942337e-01
3.756869646626446735e-01
3.347333010665338171e-01
5.538123385979979441e-01
5.538123385979979441e-01
4.484675536616075098e-01
4.148159172326827404e-01
4.639356287469461049e-01
5.538123385979979441e-01
2.609565938368025861e-01
2.609565938368025861e-01
2.609565938368025861e-01
2.336830074891915743e-01
3.665653168089594294e-01
2.160344274664125763e-01
2.724074301205750004e-01
2.724074301205750004e-01
3.034632203828967478e-01
1.934558310610399734e-01
3.290517901881822582e-01
2.724074301205750004e-01
2.405915291794021860e-01
2.405915291794021860e-01
2.405915291794021860e-01
2.648716598267149003e-01
2.121323083494063844e-01
2.740031050417826575e-01
2.661331887321817802e-01
2.661331887321817802e-01
2.415916776690676671e-01
3.016550810314402309e-01
2.336812600452182476e-01
2.661331887321817802e-01
4.220087067947186910e-01
4.220087067947186910e-01
4.220087067947186910e-01
4.565565007421940047e-01
3.645743067366367107e-01
4.220087067947186910e-01
3.948746489450058461e-01
3.948746489450058461e-01
3.645743067366367107e-01
4.565565007421940047e-01
3.948746489450058461e-01
3.948746489450058461e-01
3.115275553868854241e-01
3.115275553868854241e-01
3.115275553868854241e-01
3.341977959239730289e-01
4.811170740374165478e-01
1.991745235559433391e-01
3.292665557005272081e-01
3.292665557005272081e-01
3.076012453441736016e-01
2.136686967993518815e-01
5.150036427185625820e-01
3.292665557005272081e-01
3.149475146715457474e-01
3.149475146715457474e-01
3.149475146715457474e-01
2.550273895245067646e-01
2.960898966921420850e-01
4.786448188610280541e-01
3.640291329026955069e-01
3.640291329026955069e-01
4.499857543457378983e-01
3.875805744676565356e-01
2.395305791642336757e-01
3.640291329026955069e-01
3.015951484305446906e-01
3.015951484305446906e-01
3.015951484305446906e-01
2.960554935291961343e-01
3.405414432128755498e-01
3.467815439582471737e-01
3.844383628549434828e-01
3.844383628549434828e-01
3.915629547546480849e-01
3.404119120537474341e-01
3.343452012590154565e-01
3.844383628549434828e-01
3.258679891226041736e-01
3.258679891226041736e-01
3.258679891226041736e-01
3.025317140376522218e-01
3.506716050492891812e-01
2.784444100794570276e-01
2.782357150144916247e-01
2.782357150144916247e-01
2.996383549745622599e-01
2.585042638657193970e-01
3.256237499183023965e-01
2.782357150144916247e-01
5.137236263180974261e-01
5.137236263180974261e-01
5.137236263180974261e-01
4.519612293555076432e-01
3.227285613910534923e-01
5.721578873489197026e-01
3.147004214588187687e-01
3.147004214588187687e-01
3.594378035444393826e-01
5.033702343126166268e-01
2.825601906228152327e-01
3.147004214588187687e-01
3.135204587934653508e-01
3.135204587934653508e-01
3.135204587934653508e-01
3.423129099088731420e-01
3.595995822767122929e-01
2.560731615047595056e-01
3.203852991136013073e-01
3.203852991136013073e-01
2.937090685046799265e-01
2.795898851436807164e-01
3.922603422339164814e-01
3.203852991136013073e-01
