3.661462318380585401e+01
3.661462318380585401e+01
3.661462318380585401e+01
3.930710369058987652e+01
2.543479426747665784e+01
3.468753775307922638e+01
2.587292752039747867e+01
2.587292752039747867e+01
2.409612088497788918e+01
3.723830875950619657e+01
2.731031238264178285e+01
2.587292752039747867e+01
1.961487526778974647e-03
1.961487526778974647e-03
1.961487526778974647e-03
1.988687642148468347e-03
2.162797678079401464e+01
1.610458715858549029e-03
1.773836455819656166e+01
1.773836455819656166e+01
1.769561736610419445e+01
1.632791084671055513e-03
2.168022334890690672e+01
1.773836455819656166e+01
7.962383030394470929e+00
7.962383030394470929e+00
7.962383030394470929e+00
8.571896013521213220e+00
9.115002013195095287e+00
2.919540444477972585e+01
3.599386283203128301e+01
3.599386283203128301e+01
3.342167404838201605e+01
3.143028538291111218e+01
9.816508045099441304e+00
3.599386283203128301e+01
2.839025039366838854e+01
2.839025039366838854e+01
2.839025039366838854e+01
2.678071959342187114e+01
1.034105820156755939e+01
3.028293375324627945e+01
8.406120843517392416e+00
8.406120843517392416e+00
1.101121342042331541e+01
2.856610089964999588e+01
7.894514580108980439e+00
8.406120843517392416e+00
2.131006313666912177e+01
2.131006313666912177e+01
2.131006313666912177e+01
2.208800691117477299e+01
4.770238055129745192e+01
8.820473238485828205e+00
2.027808065706249607e+01
2.027808065706249607e+01
1.964215669759306593e+01
9.095061669307259677e+00
4.924676731000891294e+01
2.027808065706249607e+01
1.912192685674909853e+01
1.912192685674909853e+01
1.912192685674909853e+01
1.976589075773108206e+01
5.779479184182285678e-01
5.463407673356884686e+01
1.817049130520002276e+00
1.817049130520002276e+00
1.614234156786254593e+00
5.647397359351737123e+01
6.505622237225042737e-01
1.817049130520002276e+00
1.648652818087189331e+01
1.648652818087189331e+01
1.648652818087189331e+01
1.166147961037012948e+01
2.327092929562439139e+01
1.902291713177526233e+01
2.387276252967030743e+01
2.387276252967030743e+01
2.685107226418199033e+01
1.340865701973675783e+01
2.068972752571426810e+01
2.387276252967030743e+01
4.430032985500893972e+01
4.430032985500893972e+01
4.430032985500893972e+01
4.545055922484414168e+01
4.684506051268096627e+01
2.416381628455032882e+01
2.621558812042011866e+01
2.621558812042011866e+01
2.555185118873507122e+01
2.479121412264225910e+01
4.806191155410355265e+01
2.621558812042011866e+01
3.576453729784393687e+01
3.576453729784393687e+01
3.576453729784393687e+01
3.568077385682585145e+01
2.796379656349996168e+01
5.202114516050026793e+01
4.058366396706652068e+01
4.058366396706652068e+01
4.067461318327266895e+01
5.189930742811032616e+01
2.790126897735823164e+01
4.058366396706652068e+01
2.538382229999475470e+01
2.538382229999475470e+01
2.538382229999475470e+01
2.460860865427572364e+01
2.904956334608353341e+00
1.642482619411425304e+01
1.698931731933602807e+00
1.698931731933602807e+00
1.899469021825834769e+00
1.592321736453135017e+01
2.598264272824865273e+00
1.698931731933602807e+00
2.618171252039500985e+01
2.618171252039500985e+01
2.618171252039500985e+01
2.265024299917326545e+01
2.251642604606125886e+01
1.496097858308286277e+01
1.113209206043340060e+01
1.113209206043340060e+01
1.286652916917786271e+01
1.294299599952758051e+01
1.948116110575845283e+01
1.113209206043340060e+01
1.929307261445179833e+00
1.929307261445179833e+00
1.929307261445179833e+00
2.549056608913324862e+00
1.322882627094186780e+01
5.668017242358208918e+00
4.312668836787906201e+01
4.312668836787906201e+01
3.968647881282560519e+01
7.488748474540692257e+00
1.437556278929302067e+01
4.312668836787906201e+01
3.106454537349400358e+00
3.106454537349400358e+00
3.106454537349400358e+00
2.668659559759874345e+00
1.018735802167477544e+01
4.790303628750185894e+00
1.357648190800736820e+01
1.357648190800736820e+01
1.570940038293472618e+01
4.115202530510667422e+00
8.804185933277706155e+00
1.357648190800736820e+01
3.976624865239185169e+01
3.976624865239185169e+01
3.976624865239185169e+01
3.861396225626359069e+01
3.330083528005692983e+01
3.479546757084287378e+01
2.830806388619148706e+01
2.830806388619148706e+01
2.913823087004981360e+01
3.378721697423064541e+01
3.235207301279027092e+01
2.830806388619148706e+01
2.642081886372941568e+01
2.642081886372941568e+01
2.642081886372941568e+01
3.038879371685468911e+01
5.060897081157103372e+01
3.198309651925139718e+01
7.042175906422706078e+01
7.042175906422706078e+01
6.126349098242809532e+01
3.678643449935041332e+01
5.817449661827453156e+01
7.042175906422706078e+01
3.361278199377962750e+01
3.361278199377962750e+01
3.361278199377962750e+01
3.214116447155716116e+01
1.562502579244845791e+01
7.756795844718375577e+00
3.137785708739198043e+00
3.137785708739198043e+00
3.669142338442504148e+00
7.417191801128575790e+00
1.336224602587584087e+01
3.137785708739198043e+00
1.354686767195373065e+01
1.354686767195373065e+01
1.354686767195373065e+01
1.656836268780416432e+01
4.009471359093666365e+00
1.790533456790081956e+01
6.700128362257342651e+00
6.700128362257342651e+00
5.299448393787581146e+00
2.189894257117766685e+01
5.069201693182629143e+00
6.700128362257342651e+00
8.296593021491922570e+00
8.296593021491922570e+00
8.296593021491922570e+00
7.864216858387159448e+00
1.071326938726291900e+01
1.244488953223788386e+01
1.522528537172178531e+01
1.522528537172178531e+01
1.606990408089437850e+01
1.179632528758073917e+01
1.015019024781452295e+01
1.522528537172178531e+01
1.252911030529887704e+01
1.252911030529887704e+01
1.252911030529887704e+01
1.258373631477727983e+01
2.142148212389270157e+01
1.624956029747734831e+01
2.795921198607432601e+01
2.795921198607432601e+01
2.784792676106051346e+01
1.634771958953875526e+01
2.150708614313409583e+01
2.795921198607432601e+01
5.370551118572809912e+01
5.370551118572809912e+01
5.370551118572809912e+01
5.438560091884597369e+01
2.782475969814979422e+01
4.475459265477341830e+01
2.347924760702645841e+01
2.347924760702645841e+01
2.318729974845816244e+01
4.532133409903831023e+01
2.817509712843174796e+01
2.347924760702645841e+01
5.842127620907584884e+01
5.842127620907584884e+01
5.842127620907584884e+01
4.885473522442100602e+01
4.517903922824996954e+01
2.503768980388964849e+01
1.616777493826531753e+01
1.616777493826531753e+01
1.936244538353570022e+01
2.093774366760900207e+01
3.772480818928573854e+01
1.616777493826531753e+01
1.976970832203229733e+01
1.976970832203229733e+01
1.976970832203229733e+01
2.060351383263452263e+01
1.537140035313762887e+01
2.800708678954575603e+01
2.268997839216242696e+01
2.268997839216242696e+01
2.177615050027830890e+01
2.918831126289890676e+01
1.601645533564406776e+01
2.268997839216242696e+01
1.845566106468363898e+01
1.845566106468363898e+01
1.845566106468363898e+01
1.857437416095460492e+01
6.963422888022265056e+00
3.921827976245273106e+01
1.494206837093654272e+01
1.494206837093654272e+01
1.456672491158418836e+01
3.947054509202853723e+01
7.142850676463928572e+00
1.494206837093654272e+01
9.224438476372153195e-01
9.224438476372153195e-01
9.224438476372153195e-01
1.164739733525234966e+00
4.348832137252002639e+01
5.492841907878702745e-01
2.745922847426744084e+01
2.745922847426744084e+01
2.558136551324707497e+01
6.935632164999840921e-01
4.668068840625464588e+01
2.745922847426744084e+01
8.246976619326741087e+00
8.246976619326741087e+00
8.246976619326741087e+00
7.244183192023245788e+00
9.560671326783573676e+00
2.474092985798021971e+01
2.519015900303611133e+01
2.519015900303611133e+01
2.868201398035072103e+01
2.173254957606973647e+01
8.396719667678704369e+00
2.519015900303611133e+01
3.103706026303018461e+01
3.103706026303018461e+01
3.103706026303018461e+01
3.660883036019597370e+01
1.671956890043083988e+01
2.882012738709945765e+01
1.871977562258605587e+01
1.871977562258605587e+01
1.555221067500348475e+01
3.399391390589626383e+01
2.015975836278498434e+01
1.871977562258605587e+01
4.901641902185120969e+00
4.901641902185120969e+00
4.901641902185120969e+00
4.537589657170341795e+00
1.632333331362279694e+01
1.392792803047057326e+00
4.367640468165446599e+00
4.367640468165446599e+00
4.638246043803603058e+00
1.289348007015819642e+00
1.537099379434104840e+01
4.367640468165446599e+00
2.697698137172683985e+01
2.697698137172683985e+01
2.697698137172683985e+01
2.692359747813020476e+01
3.767719547691514492e+01
4.720971740052196708e+01
6.581293556633480080e+01
6.581293556633480080e+01
6.593509208460150717e+01
4.711629558672785834e+01
3.760739175219131170e+01
6.581293556633480080e+01
2.585444429978751302e+01
2.585444429978751302e+01
2.585444429978751302e+01
2.867094626563968163e+01
3.581996522407271955e-01
2.216095225696072646e+01
5.312743347367707702e-01
5.312743347367707702e-01
3.081017308917862740e-01
2.457509679911972711e+01
6.176605415241056551e-01
5.312743347367707702e-01
1.403859839275015986e+01
1.403859839275015986e+01
1.403859839275015986e+01
1.307775823611204657e+01
5.436370435645827115e+01
1.130968206212795479e+01
4.265046995897080251e+01
4.265046995897080251e+01
4.349096348516661692e+01
1.053561641966936158e+01
5.331308744871350314e+01
4.265046995897080251e+01
4.844688286389366993e+01
4.844688286389366993e+01
4.844688286389366993e+01
4.655720169647685225e+01
3.587586172385662309e+01
5.753067340087373083e+01
4.087582813013855088e+01
4.087582813013855088e+01
4.260258579707974036e+01
5.528667701456626560e+01
3.442175000432720111e+01
4.087582813013855088e+01
1.333374744331823081e+01
1.333374744331823081e+01
1.333374744331823081e+01
1.322753163848187086e+01
1.657994921756755247e+01
1.037069245591418110e+01
1.279166679436329446e+01
1.279166679436329446e+01
1.289551605810809498e+01
1.028808016326367891e+01
1.644642873560994900e+01
1.279166679436329446e+01
2.598675496763760862e+00
2.598675496763760862e+00
2.598675496763760862e+00
2.723456724974587129e+00
5.707417698424600161e+01
2.025704190541067984e+00
4.459809842276474967e+01
4.459809842276474967e+01
4.410277312419009377e+01
2.122972917322198505e+00
5.771518619416614371e+01
4.459809842276474967e+01
2.657408178660185882e+01
2.657408178660185882e+01
2.657408178660185882e+01
2.592138866082009940e+01
3.921186195896757098e+00
2.044160137430912272e+01
2.815833551117502331e+00
2.815833551117502331e+00
3.032121539906984076e+00
1.993952973909238224e+01
3.641479243250786535e+00
2.815833551117502331e+00
1.216554343659013604e+01
1.216554343659013604e+01
1.216554343659013604e+01
1.138268221897545018e+01
1.134192883978167998e+01
1.737934776655733771e+01
1.516235142757377474e+01
1.516235142757377474e+01
1.620275548540239896e+01
1.626097459853635741e+01
1.061364599930164232e+01
1.516235142757377474e+01
4.285665383800635198e+01
4.285665383800635198e+01
4.285665383800635198e+01
4.503841535847237765e+01
3.740571740315493798e+01
4.553519470288174631e+01
4.175489269178314800e+01
4.175489269178314800e+01
3.974357474085212516e+01
4.785331631837689770e+01
3.929872253344296240e+01
4.175489269178314800e+01
4.005218573229144852e+01
4.005218573229144852e+01
4.005218573229144852e+01
4.316111486014249010e+01
1.839971478700822516e+01
1.335072857743048225e+01
6.706246026511555769e+00
6.706246026511555769e+00
6.211052897183800603e+00
1.438703828671416218e+01
2.011873807953466553e+01
6.706246026511555769e+00
1.406283649561603788e+00
1.406283649561603788e+00
1.406283649561603788e+00
1.440899079897093760e+00
2.177132777331492797e+00
2.812567299123207576e+01
4.466536189198059503e+01
4.466536189198059503e+01
4.354265554662985949e+01
2.881798159794187342e+01
2.233268094599029752e+00
4.466536189198059503e+01
2.154927680997406370e+01
2.154927680997406370e+01
2.154927680997406370e+01
2.285697302591928093e+01
3.057220064748259603e+01
2.938537746814645146e+01
4.420268632673077747e+01
4.420268632673077747e+01
4.168936451929445042e+01
3.116859958079902171e+01
3.241530330626923728e+01
4.420268632673077747e+01
1.814877983828128194e+01
1.814877983828128194e+01
1.814877983828128194e+01
1.208364852101219356e+01
2.178340882666400802e+01
1.254842164033265206e+01
1.011498110604736667e+01
1.011498110604736667e+01
1.506147527031825106e+01
8.354871123369292718e+00
1.462929525510923590e+01
1.011498110604736667e+01
1.761719919382295529e+01
1.761719919382295529e+01
1.761719919382295529e+01
1.783268145256946724e+01
1.783165328139679318e+01
2.168270670008979195e+01
2.221515889584050640e+01
2.221515889584050640e+01
2.194665019248835947e+01
2.194791563393165035e+01
1.804981660287041123e+01
2.221515889584050640e+01
6.242448158155952598e+01
6.242448158155952598e+01
6.242448158155952598e+01
6.166500951857403123e+01
3.657720524391351091e+01
3.942598836730075362e+01
2.287824409425016370e+01
2.287824409425016370e+01
2.310139278562958509e+01
3.894632180120465392e+01
3.622388648256276156e+01
2.287824409425016370e+01
7.842724047636118634e+00
7.842724047636118634e+00
7.842724047636118634e+00
1.258388201805899698e+01
4.491749344403945798e+01
3.485478912289140307e+00
2.261916350922111363e+01
2.261916350922111363e+01
1.965140338176726331e+01
5.592553702294202012e+00
5.170094516393397299e+01
2.261916350922111363e+01
1.928365119160689289e+01
1.928365119160689289e+01
1.928365119160689289e+01
1.765649502413111094e+01
6.335967207335803764e+00
3.663893726405309792e+01
8.784786076528510179e+00
8.784786076528510179e+00
1.185064830260013125e+01
3.354734054584911007e+01
4.696799287523578670e+00
8.784786076528510179e+00
1.686088954693962449e+01
1.686088954693962449e+01
1.686088954693962449e+01
1.638676150289341393e+01
1.919775848794935769e+01
3.131308058717359089e+01
3.464812450205769778e+01
3.464812450205769778e+01
3.565298004904880713e+01
3.043255707680205191e+01
1.865668242418491118e+01
3.464812450205769778e+01
1.933296269721731075e+00
1.933296269721731075e+00
1.933296269721731075e+00
1.402123180911949207e+00
7.778284252908850872e-03
1.807563066713702371e+00
5.136898784336850661e-03
5.136898784336850661e-03
7.272418386232396004e-03
1.310935171443933234e+00
5.494218951791357032e-03
5.136898784336850661e-03
4.335138537822128768e+01
4.335138537822128768e+01
4.335138537822128768e+01
4.162710485436864616e+01
3.012622670961537352e+01
5.355171134956746926e+01
3.573223055690900196e+01
3.573223055690900196e+01
3.721475064128957655e+01
5.142171776127892002e+01
2.892609140321204819e+01
3.573223055690900196e+01
1.707957713010667078e+01
1.707957713010667078e+01
1.707957713010667078e+01
1.871938068420991286e+01
2.288521322400777080e+01
6.210755320038789939e+00
9.124377325591094490e+00
9.124377325591094490e+00
8.321895717821007565e+00
6.807047521530876999e+00
2.509203764537550896e+01
9.124377325591094490e+00
3.746317773854863731e+01
3.746317773854863731e+01
3.746317773854863731e+01
3.410028111662474259e+01
3.412480200346891479e+01
4.187061041367200431e+01
3.472752152718820184e+01
3.472752152718820184e+01
3.813948459211231778e+01
3.811207889505118374e+01
3.107199294537891632e+01
3.472752152718820184e+01
8.012978591349114055e+00
8.012978591349114055e+00
8.012978591349114055e+00
9.938067891485752980e+00
1.134309452663564599e+01
6.030702614064974654e+00
9.058947982258004572e+00
9.058947982258004572e+00
8.507320894976734493e+00
7.464296892154143492e+00
1.207859730967733825e+01
9.058947982258004572e+00
3.469951134657272718e+01
3.469951134657272718e+01
3.469951134657272718e+01
3.434259953872740567e+01
6.239569764863897028e+00
3.469951134657272718e+01
5.996833491849508313e+00
5.996833491849508313e+00
6.239569764863897028e+00
3.434259953872740567e+01
5.996833491849508313e+00
5.996833491849508313e+00
1.555649367897102486e+01
1.555649367897102486e+01
1.555649367897102486e+01
1.631887572057381064e+01
5.202209092676901747e+01
1.122893757953656291e+01
3.776432251721663391e+01
3.776432251721663391e+01
3.715863637626357985e+01
1.177923770073222620e+01
5.287005152410328179e+01
3.776432251721663391e+01
3.137683702536304864e+01
3.137683702536304864e+01
3.137683702536304864e+01
3.245500427919940734e+01
1.290590185712131133e+00
1.568841851268152432e+01
7.566789456801682467e-01
7.566789456801682467e-01
6.555117240095826858e-01
1.622750213959970367e+01
1.489771098305408659e+00
7.566789456801682467e-01
2.865018026515398830e+01
2.865018026515398830e+01
2.865018026515398830e+01
2.580889695822072483e+01
2.804472784353468384e+01
5.157032447727718250e+01
4.546507310332982854e+01
4.546507310332982854e+01
5.048051011836243163e+01
4.645601452479730398e+01
2.525837394629434840e+01
4.546507310332982854e+01
6.355142163124082033e-02
6.355142163124082033e-02
6.355142163124082033e-02
7.252537683386482692e-02
8.144518612763583576e+00
2.640402401404951527e-01
3.587043507211776472e+01
3.587043507211776472e+01
3.461420410424523197e+01
3.013247764402479101e-01
8.440102369910063018e+00
3.587043507211776472e+01
3.258517563909838088e+01
3.258517563909838088e+01
3.258517563909838088e+01
3.390943263418172648e+01
2.546151128161988098e+01
2.389579546867214432e+01
1.941720460699788475e+01
1.941720460699788475e+01
1.867177493985457915e+01
2.486691726506660061e+01
2.647800628226984188e+01
1.941720460699788475e+01
2.100000875268752409e+01
2.100000875268752409e+01
2.100000875268752409e+01
2.288940002260140005e+01
1.529928185136733898e+00
3.266668028195837081e+01
3.244966822016387198e+00
3.244966822016387198e+00
2.359223497035639383e+00
3.560573336849107307e+01
2.104322124238934943e+00
3.244966822016387198e+00
2.530708944993430976e+01
2.530708944993430976e+01
2.530708944993430976e+01
2.403182643481830993e+01
4.041268743196209812e+01
2.214370326869251926e+01
3.358076417477134612e+01
3.358076417477134612e+01
3.536110150296683230e+01
2.102784813046602252e+01
3.837801619973868128e+01
3.358076417477134612e+01
4.829414240307463047e+01
4.829414240307463047e+01
4.829414240307463047e+01
4.823337891833275393e+01
4.800430314299569545e+01
4.829414240307462691e+00
4.794389823425413866e+00
4.794389823425413866e+00
4.800430314299569901e+00
4.823337891833275215e+00
4.794389823425413510e+01
4.794389823425413866e+00
5.466234426383877576e+00
5.466234426383877576e+00
5.466234426383877576e+00
5.852682841313761486e+00
2.430172935786793786e+01
8.470510530751004907e+00
3.856890009800079611e+01
3.856890009800079611e+01
3.818843184807818858e+01
9.069353374456321504e+00
2.454384551690959881e+01
3.856890009800079611e+01
6.972002711874021763e+00
6.972002711874021763e+00
6.972002711874021763e+00
5.824127646765032473e+00
2.463603553123185463e+01
6.402159418852537698e+00
2.151758023909258810e+01
2.151758023909258810e+01
2.258303257029586675e+01
5.348103724462515807e+00
2.347372389719191332e+01
2.151758023909258810e+01
3.003965272988552471e+01
3.003965272988552471e+01
3.003965272988552471e+01
3.437300111840504968e+01
1.899136935387332414e+01
2.670191353767602038e+01
2.169721517890944540e+01
2.169721517890944540e+01
1.694031871707023740e+01
3.055377877191559932e+01
2.440936707627312785e+01
2.169721517890944540e+01
2.165122549076740555e+01
2.165122549076740555e+01
2.165122549076740555e+01
2.083448097002569455e+01
1.788849771253171639e+01
2.783728991670094999e+01
2.101474796711204363e+01
2.101474796711204363e+01
2.299949705896935370e+01
2.678718981860446036e+01
1.645941254447139457e+01
2.101474796711204363e+01
1.863966700148521127e+01
1.863966700148521127e+01
1.863966700148521127e+01
1.772926679139302664e+01
1.729093358852712115e+01
2.485288933531361621e+01
2.187425074225453514e+01
2.187425074225453514e+01
2.305457811803616153e+01
2.363902238852403670e+01
1.640568805669090224e+01
2.187425074225453514e+01
