-1.376803972297780092e+02
-1.367346010577714424e+02
-1.561108890762226054e+02
-1.376803972297780092e+02
-1.376803972297780092e+02
-1.376803972297780092e+02
-1.561108890762226054e+02
-1.367346010577714424e+02
-1.550384845490158909e+02
-1.550384845490158909e+02
-1.550384845490158909e+02
-1.550384845490158909e+02
-1.946130405290415126e+02
-1.952226285382486139e+02
-1.960043883011578600e+02
-1.946130405290415126e+02
-1.946130405290415126e+02
-1.946130405290415126e+02
-1.960043883011578600e+02
-1.952226285382486139e+02
-1.966183344403042668e+02
-1.966183344403042668e+02
-1.966183344403042668e+02
-1.966183344403042668e+02
-1.754883579943581253e+02
-1.766708287021609749e+02
-1.690297781459536282e+02
-1.754883579943581253e+02
-1.754883579943581253e+02
-1.754883579943581253e+02
-1.690297781459536282e+02
-1.766708287021609749e+02
-1.701687298330531917e+02
-1.701687298330531917e+02
-1.701687298330531917e+02
-1.701687298330531917e+02
-1.922015790157320509e+02
-1.981567638292059428e+02
-1.805893315732218980e+02
-1.922015790157320509e+02
-1.922015790157320509e+02
-1.922015790157320509e+02
-1.805893315732218980e+02
-1.981567638292059428e+02
-1.861847218419575256e+02
-1.861847218419575256e+02
-1.861847218419575256e+02
-1.861847218419575256e+02
-1.640988615321767270e+02
-1.621832618797838279e+02
-1.734462815547377375e+02
-1.640988615321767270e+02
-1.640988615321767270e+02
-1.640988615321767270e+02
-1.734462815547377375e+02
-1.621832618797838279e+02
-1.714215652736320692e+02
-1.714215652736320692e+02
-1.714215652736320692e+02
-1.714215652736320692e+02
-2.207894473037644332e+02
-2.243338325003393550e+02
-1.832956650049854090e+02
-2.207894473037644332e+02
-2.207894473037644332e+02
-2.207894473037644332e+02
-1.832956650049854090e+02
-2.243338325003393550e+02
-1.862381536500437278e+02
-1.862381536500437278e+02
-1.862381536500437278e+02
-1.862381536500437278e+02
-1.642107330690427034e+02
-1.597967130573794350e+02
-1.444242162431820304e+02
-1.642107330690427034e+02
-1.642107330690427034e+02
-1.642107330690427034e+02
-1.444242162431820304e+02
-1.597967130573794350e+02
-1.405420620821738567e+02
-1.405420620821738567e+02
-1.405420620821738567e+02
-1.405420620821738567e+02
-1.832368606444964314e+02
-1.829540703196364859e+02
-2.032762124751803583e+02
-1.832368606444964314e+02
-1.832368606444964314e+02
-1.832368606444964314e+02
-2.032762124751803583e+02
-1.829540703196364859e+02
-2.029624953226382331e+02
-2.029624953226382331e+02
-2.029624953226382331e+02
-2.029624953226382331e+02
-1.780090509540581536e+02
-1.766286123394478693e+02
-1.776228183195034092e+02
-1.780090509540581536e+02
-1.780090509540581536e+02
-1.780090509540581536e+02
-1.776228183195034092e+02
-1.766286123394478693e+02
-1.762453748921608678e+02
-1.762453748921608678e+02
-1.762453748921608678e+02
-1.762453748921608678e+02
-2.003941478971198649e+02
-1.973880504298656717e+02
-1.902906239892107862e+02
-2.003941478971198649e+02
-2.003941478971198649e+02
-2.003941478971198649e+02
-1.902906239892107862e+02
-1.973880504298656717e+02
-1.874360887204969686e+02
-1.874360887204969686e+02
-1.874360887204969686e+02
-1.874360887204969686e+02
-1.529882804239071277e+02
-1.536719856665872612e+02
-1.500154663642617550e+02
-1.529882804239071277e+02
-1.529882804239071277e+02
-1.529882804239071277e+02
-1.500154663642617550e+02
-1.536719856665872612e+02
-1.506858860889109621e+02
-1.506858860889109621e+02
-1.506858860889109621e+02
-1.506858860889109621e+02
-1.851212892124422069e+02
-1.859602944343272668e+02
-2.103170875596120197e+02
-1.851212892124422069e+02
-1.851212892124422069e+02
-1.851212892124422069e+02
-2.103170875596120197e+02
-1.859602944343272668e+02
-2.112702849766398856e+02
-2.112702849766398856e+02
-2.112702849766398856e+02
-2.112702849766398856e+02
-1.601884984723352545e+02
-1.638455576019840407e+02
-1.584646558295960119e+02
-1.601884984723352545e+02
-1.601884984723352545e+02
-1.601884984723352545e+02
-1.584646558295960119e+02
-1.638455576019840407e+02
-1.620823601083358483e+02
-1.620823601083358483e+02
-1.620823601083358483e+02
-1.620823601083358483e+02
-1.812697111647502197e+02
-1.807065549946810563e+02
-2.004679974359688401e+02
-1.812697111647502197e+02
-1.812697111647502197e+02
-1.812697111647502197e+02
-2.004679974359688401e+02
-1.807065549946810563e+02
-1.998451973612510244e+02
-1.998451973612510244e+02
-1.998451973612510244e+02
-1.998451973612510244e+02
-1.736924604887605312e+02
-1.795697560475751686e+02
-1.752960974948506703e+02
-1.736924604887605312e+02
-1.736924604887605312e+02
-1.736924604887605312e+02
-1.752960974948506703e+02
-1.795697560475751686e+02
-1.812276559078348157e+02
-1.812276559078348157e+02
-1.812276559078348157e+02
-1.812276559078348157e+02
-2.053553496717944427e+02
-1.990315447632043231e+02
-1.915111941361845709e+02
-2.053553496717944427e+02
-2.053553496717944427e+02
-2.053553496717944427e+02
-1.915111941361845709e+02
-1.990315447632043231e+02
-1.856137123736497472e+02
-1.856137123736497472e+02
-1.856137123736497472e+02
-1.856137123736497472e+02
-1.699943565425096494e+02
-1.719335182434100773e+02
-1.952360965426053951e+02
-1.699943565425096494e+02
-1.699943565425096494e+02
-1.699943565425096494e+02
-1.952360965426053951e+02
-1.719335182434100773e+02
-1.974631961284321733e+02
-1.974631961284321733e+02
-1.974631961284321733e+02
-1.974631961284321733e+02
-2.086776766677141097e+02
-2.047257087182619273e+02
-1.617575646405417729e+02
-2.086776766677141097e+02
-2.086776766677141097e+02
-2.086776766677141097e+02
-1.617575646405417729e+02
-2.047257087182619273e+02
-1.586941765424521691e+02
-1.586941765424521691e+02
-1.586941765424521691e+02
-1.586941765424521691e+02
-1.629731544508929630e+02
-1.576665158231171802e+02
-1.876538862355390336e+02
-1.629731544508929630e+02
-1.629731544508929630e+02
-1.629731544508929630e+02
-1.876538862355390336e+02
-1.576665158231171802e+02
-1.815436077378014090e+02
-1.815436077378014090e+02
-1.815436077378014090e+02
-1.815436077378014090e+02
-1.764965130110109897e+02
-1.872662180559259184e+02
-1.613457839215813010e+02
-1.764965130110109897e+02
-1.764965130110109897e+02
-1.764965130110109897e+02
-1.613457839215813010e+02
-1.872662180559259184e+02
-1.711910011070766586e+02
-1.711910011070766586e+02
-1.711910011070766586e+02
-1.711910011070766586e+02
-1.510031264645615749e+02
-1.555669068210402770e+02
-1.773485358384841390e+02
-1.510031264645615749e+02
-1.510031264645615749e+02
-1.510031264645615749e+02
-1.773485358384841390e+02
-1.555669068210402770e+02
-1.827085557470777815e+02
-1.827085557470777815e+02
-1.827085557470777815e+02
-1.827085557470777815e+02
-1.888142655133732717e+02
-1.857301242227848377e+02
-1.746083315368699971e+02
-1.888142655133732717e+02
-1.888142655133732717e+02
-1.888142655133732717e+02
-1.746083315368699971e+02
-1.857301242227848377e+02
-1.717562336643420338e+02
-1.717562336643420338e+02
-1.717562336643420338e+02
-1.717562336643420338e+02
-1.815283956279517952e+02
-1.748530302151328613e+02
-2.154951807667822834e+02
-1.815283956279517952e+02
-1.815283956279517952e+02
-1.815283956279517952e+02
-2.154951807667822834e+02
-1.748530302151328613e+02
-2.075707506998300289e+02
-2.075707506998300289e+02
-2.075707506998300289e+02
-2.075707506998300289e+02
-1.951930065268611827e+02
-1.992319192296468771e+02
-1.432228346623999187e+02
-1.951930065268611827e+02
-1.951930065268611827e+02
-1.951930065268611827e+02
-1.432228346623999187e+02
-1.992319192296468771e+02
-1.461863861570961944e+02
-1.461863861570961944e+02
-1.461863861570961944e+02
-1.461863861570961944e+02
-1.572256774557539813e+02
-1.610276522881853509e+02
-1.826807156110928645e+02
-1.572256774557539813e+02
-1.572256774557539813e+02
-1.572256774557539813e+02
-1.826807156110928645e+02
-1.610276522881853509e+02
-1.870982350288062435e+02
-1.870982350288062435e+02
-1.870982350288062435e+02
-1.870982350288062435e+02
-1.915095134633945406e+02
-1.800057908860142959e+02
-1.838685463531560060e+02
-1.915095134633945406e+02
-1.915095134633945406e+02
-1.915095134633945406e+02
-1.838685463531560060e+02
-1.800057908860142959e+02
-1.728238065399707750e+02
-1.728238065399707750e+02
-1.728238065399707750e+02
-1.728238065399707750e+02
-1.697180731982904547e+02
-1.669516144353213747e+02
-2.218242736560542028e+02
-1.697180731982904547e+02
-1.697180731982904547e+02
-1.697180731982904547e+02
-2.218242736560542028e+02
-1.669516144353213747e+02
-2.182084671946052765e+02
-2.182084671946052765e+02
-2.182084671946052765e+02
-2.182084671946052765e+02
-2.117129325705958252e+02
-2.157275356363882963e+02
-1.523088401466335995e+02
-2.117129325705958252e+02
-2.117129325705958252e+02
-2.117129325705958252e+02
-1.523088401466335995e+02
-2.157275356363882963e+02
-1.551969940689079692e+02
-1.551969940689079692e+02
-1.551969940689079692e+02
-1.551969940689079692e+02
-1.690183346978804479e+02
-1.775012663599794678e+02
-1.955038993653490991e+02
-1.690183346978804479e+02
-1.690183346978804479e+02
-1.690183346978804479e+02
-1.955038993653490991e+02
-1.775012663599794678e+02
-2.053161260740940577e+02
-2.053161260740940577e+02
-2.053161260740940577e+02
-2.053161260740940577e+02
-2.016276522083089446e+02
-1.970641924194352157e+02
-1.657781171768009187e+02
-2.016276522083089446e+02
-2.016276522083089446e+02
-2.016276522083089446e+02
-1.657781171768009187e+02
-1.970641924194352157e+02
-1.620260436723693829e+02
-1.620260436723693829e+02
-1.620260436723693829e+02
-1.620260436723693829e+02
-1.470245461125252575e+02
-1.437749870194267885e+02
-1.931430988642257489e+02
-1.470245461125252575e+02
-1.470245461125252575e+02
-1.470245461125252575e+02
-1.931430988642257489e+02
-1.437749870194267885e+02
-1.888742204369249009e+02
-1.888742204369249009e+02
-1.888742204369249009e+02
-1.888742204369249009e+02
-1.893458685749564268e+02
-1.921938851111543443e+02
-1.692179043447236211e+02
-1.893458685749564268e+02
-1.893458685749564268e+02
-1.893458685749564268e+02
-1.692179043447236211e+02
-1.921938851111543443e+02
-1.717631692265066192e+02
-1.717631692265066192e+02
-1.717631692265066192e+02
-1.717631692265066192e+02
-1.735506468649775513e+02
-1.763274462347778524e+02
-1.840796817228735165e+02
-1.735506468649775513e+02
-1.735506468649775513e+02
-1.735506468649775513e+02
-1.840796817228735165e+02
-1.763274462347778524e+02
-1.870249449842590650e+02
-1.870249449842590650e+02
-1.870249449842590650e+02
-1.870249449842590650e+02
-2.007786424728389818e+02
-1.968513753951164915e+02
-1.694417669477368236e+02
-2.007786424728389818e+02
-2.007786424728389818e+02
-2.007786424728389818e+02
-1.694417669477368236e+02
-1.968513753951164915e+02
-1.661274549037404427e+02
-1.661274549037404427e+02
-1.661274549037404427e+02
-1.661274549037404427e+02
-1.292376267760817825e+02
-1.262498664474355223e+02
-1.958716079847207538e+02
-1.292376267760817825e+02
-1.292376267760817825e+02
-1.292376267760817825e+02
-1.958716079847207538e+02
-1.262498664474355223e+02
-1.913433801423846035e+02
-1.913433801423846035e+02
-1.913433801423846035e+02
-1.913433801423846035e+02
-1.866869199666024599e+02
-1.970667307670281900e+02
-1.556146782951276748e+02
-1.866869199666024599e+02
-1.866869199666024599e+02
-1.866869199666024599e+02
-1.556146782951276748e+02
-1.970667307670281900e+02
-1.642668694543234835e+02
-1.642668694543234835e+02
-1.642668694543234835e+02
-1.642668694543234835e+02
-1.585141812174327356e+02
-1.617851409779875667e+02
-2.050943807383202113e+02
-1.585141812174327356e+02
-1.585141812174327356e+02
-1.585141812174327356e+02
-2.050943807383202113e+02
-1.617851409779875667e+02
-2.093265286846969957e+02
-2.093265286846969957e+02
-2.093265286846969957e+02
-2.093265286846969957e+02
-1.854067659471374157e+02
-1.819907552040557732e+02
-1.496420852401375896e+02
-1.854067659471374157e+02
-1.854067659471374157e+02
-1.854067659471374157e+02
-1.496420852401375896e+02
-1.819907552040557732e+02
-1.468850177286790597e+02
-1.468850177286790597e+02
-1.468850177286790597e+02
-1.468850177286790597e+02
-1.732706653402561585e+02
-1.633319135947004099e+02
-1.871319230869140426e+02
-1.732706653402561585e+02
-1.732706653402561585e+02
-1.732706653402561585e+02
-1.871319230869140426e+02
-1.633319135947004099e+02
-1.763980938863565200e+02
-1.763980938863565200e+02
-1.763980938863565200e+02
-1.763980938863565200e+02
-2.369873942669322275e+02
-2.419897276860326372e+02
-1.743211746356097365e+02
-2.369873942669322275e+02
-2.369873942669322275e+02
-2.369873942669322275e+02
-1.743211746356097365e+02
-2.419897276860326372e+02
-1.780007485649908574e+02
-1.780007485649908574e+02
-1.780007485649908574e+02
-1.780007485649908574e+02
-1.482482571202447161e+02
-1.534164370472294365e+02
-2.243369815078205249e+02
-1.482482571202447161e+02
-1.482482571202447161e+02
-1.482482571202447161e+02
-2.243369815078205249e+02
-1.534164370472294365e+02
-2.321577404646604066e+02
-2.321577404646604066e+02
-2.321577404646604066e+02
-2.321577404646604066e+02
-1.930650901551618972e+02
-1.830327246798563863e+02
-1.567056865796834586e+02
-1.930650901551618972e+02
-1.930650901551618972e+02
-1.930650901551618972e+02
-1.567056865796834586e+02
-1.830327246798563863e+02
-1.485626881817722733e+02
-1.485626881817722733e+02
-1.485626881817722733e+02
-1.485626881817722733e+02
-1.796762209926006619e+02
-1.782038000275007334e+02
-1.845361803655817710e+02
-1.796762209926006619e+02
-1.796762209926006619e+02
-1.796762209926006619e+02
-1.845361803655817710e+02
-1.782038000275007334e+02
-1.830239327276434267e+02
-1.830239327276434267e+02
-1.830239327276434267e+02
-1.830239327276434267e+02
-1.894679007443938588e+02
-1.936770656002925932e+02
-1.728353178042119396e+02
-1.894679007443938588e+02
-1.894679007443938588e+02
-1.894679007443938588e+02
-1.728353178042119396e+02
-1.936770656002925932e+02
-1.766749779403160119e+02
-1.766749779403160119e+02
-1.766749779403160119e+02
-1.766749779403160119e+02
-1.659538905284358634e+02
-1.728424101710169509e+02
-1.861040674859958983e+02
-1.659538905284358634e+02
-1.659538905284358634e+02
-1.659538905284358634e+02
-1.861040674859958983e+02
-1.728424101710169509e+02
-1.938289934901973481e+02
-1.938289934901973481e+02
-1.938289934901973481e+02
-1.938289934901973481e+02
-2.113171774110611523e+02
-2.070603421580927659e+02
-1.708861198250227460e+02
-2.113171774110611523e+02
-2.113171774110611523e+02
-2.113171774110611523e+02
-1.708861198250227460e+02
-2.070603421580927659e+02
-1.674437396644212299e+02
-1.674437396644212299e+02
-1.674437396644212299e+02
-1.674437396644212299e+02
-1.680731959009714274e+02
-1.633512420994856029e+02
-2.061070437013731009e+02
-1.680731959009714274e+02
-1.680731959009714274e+02
-1.680731959009714274e+02
-2.061070437013731009e+02
-1.633512420994856029e+02
-2.003165431203516391e+02
-2.003165431203516391e+02
-2.003165431203516391e+02
-2.003165431203516391e+02
-1.785786591645796761e+02
-1.816764414336247739e+02
-1.632312651882882335e+02
-1.785786591645796761e+02
-1.785786591645796761e+02
-1.785786591645796761e+02
-1.632312651882882335e+02
-1.816764414336247739e+02
-1.660628180816721056e+02
-1.660628180816721056e+02
-1.660628180816721056e+02
-1.660628180816721056e+02
-1.613642987844657171e+02
-1.600947774738274063e+02
-1.667379682400708703e+02
-1.613642987844657171e+02
-1.613642987844657171e+02
-1.613642987844657171e+02
-1.667379682400708703e+02
-1.600947774738274063e+02
-1.654261699949333888e+02
-1.654261699949333888e+02
-1.654261699949333888e+02
-1.654261699949333888e+02
-1.862315475948084043e+02
-1.849326250293843259e+02
-1.928156194946342623e+02
-1.862315475948084043e+02
-1.862315475948084043e+02
-1.862315475948084043e+02
-1.928156194946342623e+02
-1.849326250293843259e+02
-1.914707745295227141e+02
-1.914707745295227141e+02
-1.914707745295227141e+02
-1.914707745295227141e+02
-1.734394953096637835e+02
-1.744192925420427116e+02
-1.567374263123599292e+02
-1.734394953096637835e+02
-1.734394953096637835e+02
-1.734394953096637835e+02
-1.567374263123599292e+02
-1.744192925420427116e+02
-1.576228699435055489e+02
-1.576228699435055489e+02
-1.576228699435055489e+02
-1.576228699435055489e+02
-1.995258009292177519e+02
-2.016287052965975306e+02
-1.902098384991857927e+02
-1.995258009292177519e+02
-1.995258009292177519e+02
-1.995258009292177519e+02
-1.902098384991857927e+02
-2.016287052965975306e+02
-1.922145571783526918e+02
-1.922145571783526918e+02
-1.922145571783526918e+02
-1.922145571783526918e+02
-1.734741201951125333e+02
-1.691180861606423775e+02
-1.288734896615425782e+02
-1.734741201951125333e+02
-1.734741201951125333e+02
-1.734741201951125333e+02
-1.288734896615425782e+02
-1.691180861606423775e+02
-1.256374028811328145e+02
-1.256374028811328145e+02
-1.256374028811328145e+02
-1.256374028811328145e+02
-1.983850158322876212e+02
-2.041220072744093841e+02
-2.077477611893392293e+02
-1.983850158322876212e+02
-1.983850158322876212e+02
-1.983850158322876212e+02
-2.077477611893392293e+02
-2.041220072744093841e+02
-2.137555089169739233e+02
-2.137555089169739233e+02
-2.137555089169739233e+02
-2.137555089169739233e+02
-1.582946334000891682e+02
-1.542853252309104732e+02
-1.796532334943977673e+02
-1.582946334000891682e+02
-1.582946334000891682e+02
-1.582946334000891682e+02
-1.796532334943977673e+02
-1.542853252309104732e+02
-1.751029517748151250e+02
-1.751029517748151250e+02
-1.751029517748151250e+02
-1.751029517748151250e+02
-1.853451706140176896e+02
-1.859180572565644525e+02
-1.818034480299796769e+02
-1.853451706140176896e+02
-1.853451706140176896e+02
-1.853451706140176896e+02
-1.818034480299796769e+02
-1.859180572565644525e+02
-1.823653874999980928e+02
-1.823653874999980928e+02
-1.823653874999980928e+02
-1.823653874999980928e+02
-1.687041955444911991e+02
-1.676289805267281849e+02
-1.502589433955138816e+02
-1.687041955444911991e+02
-1.687041955444911991e+02
-1.687041955444911991e+02
-1.502589433955138816e+02
-1.676289805267281849e+02
-1.493012868774253832e+02
-1.493012868774253832e+02
-1.493012868774253832e+02
-1.493012868774253832e+02
-2.195967240990506468e+02
-2.145936183667294301e+02
-2.185786630252962652e+02
-2.195967240990506468e+02
-2.195967240990506468e+02
-2.195967240990506468e+02
-2.185786630252962652e+02
-2.145936183667294301e+02
-2.135987519340374945e+02
-2.135987519340374945e+02
-2.135987519340374945e+02
-2.135987519340374945e+02
-1.589787943784351683e+02
-1.602393029334855044e+02
-1.806363640544769567e+02
-1.589787943784351683e+02
-1.589787943784351683e+02
-1.589787943784351683e+02
-1.806363640544769567e+02
-1.602393029334855044e+02
-1.820685908060640088e+02
-1.820685908060640088e+02
-1.820685908060640088e+02
-1.820685908060640088e+02
-1.830844744772065269e+02
-1.826204554172058181e+02
-1.819025902599080666e+02
-1.830844744772065269e+02
-1.830844744772065269e+02
-1.830844744772065269e+02
-1.819025902599080666e+02
-1.826204554172058181e+02
-1.814415666303233081e+02
-1.814415666303233081e+02
-1.814415666303233081e+02
-1.814415666303233081e+02
-1.391647491908177301e+02
-1.447871500388483526e+02
-1.654410733103404425e+02
-1.391647491908177301e+02
-1.391647491908177301e+02
-1.391647491908177301e+02
-1.654410733103404425e+02
-1.447871500388483526e+02
-1.721250650272638723e+02
-1.721250650272638723e+02
-1.721250650272638723e+02
-1.721250650272638723e+02
-1.896068812467021871e+02
-1.902837239622199093e+02
-1.922314228477984273e+02
-1.896068812467021871e+02
-1.896068812467021871e+02
-1.896068812467021871e+02
-1.922314228477984273e+02
-1.902837239622199093e+02
-1.929176344314321057e+02
-1.929176344314321057e+02
-1.929176344314321057e+02
-1.929176344314321057e+02
-1.755492283638490107e+02
-1.779480841866275398e+02
-1.651137912336518241e+02
-1.755492283638490107e+02
-1.755492283638490107e+02
-1.755492283638490107e+02
-1.651137912336518241e+02
-1.779480841866275398e+02
-1.673700482574705006e+02
-1.673700482574705006e+02
-1.673700482574705006e+02
-1.673700482574705006e+02
-1.995399916747290092e+02
-1.970897869734706092e+02
-1.961371386090897033e+02
-1.995399916747290092e+02
-1.995399916747290092e+02
-1.995399916747290092e+02
-1.961371386090897033e+02
-1.970897869734706092e+02
-1.937287184469061287e+02
-1.937287184469061287e+02
-1.937287184469061287e+02
-1.937287184469061287e+02
