5.049897486117833623e+00
5.049897486117833623e+00
5.049897486117833623e+00
6.146600667409676255e+00
7.898392224901058079e+00
5.049897486117833623e+00
9.552121115557566711e+00
9.552121115557566711e+00
7.898392224901058079e+00
6.146600667409676255e+00
9.552121115557566711e+00
9.552121115557566711e+00
9.595671881970130102e+00
9.595671881970130102e+00
9.595671881970130102e+00
9.332219879259692874e+00
1.062157910851571785e+01
9.595671881970130102e+00
1.033195219529890529e+01
1.033195219529890529e+01
1.062157910851571785e+01
9.332219879259692874e+00
1.033195219529890529e+01
1.033195219529890529e+01
8.545376595301609868e+00
8.545376595301609868e+00
8.545376595301609868e+00
7.738849089681953508e+00
1.018675170248173956e+01
8.545376595301609868e+00
9.234495181878770609e+00
9.234495181878770609e+00
1.018675170248173956e+01
7.738849089681953508e+00
9.234495181878770609e+00
9.234495181878770609e+00
1.118918688485719137e+01
1.118918688485719137e+01
1.118918688485719137e+01
1.092153277892130347e+01
8.617828088472746728e+00
1.118918688485719137e+01
8.406942437710936744e+00
8.406942437710936744e+00
8.617828088472746728e+00
1.092153277892130347e+01
8.406942437710936744e+00
8.406942437710936744e+00
1.253599024657214223e+01
1.253599024657214223e+01
1.253599024657214223e+01
1.014383533594811304e+01
1.003556170616515963e+01
1.253599024657214223e+01
8.097780000647540888e+00
8.097780000647540888e+00
1.003556170616515963e+01
1.014383533594811304e+01
8.097780000647540888e+00
8.097780000647540888e+00
7.670115203830473405e+00
7.670115203830473405e+00
7.670115203830473405e+00
9.277449702145856847e+00
4.906107539154429098e+00
7.670115203830473405e+00
5.957140967470905935e+00
5.957140967470905935e+00
4.906107539154429098e+00
9.277449702145856847e+00
5.957140967470905935e+00
5.957140967470905935e+00
1.209352741021015909e+01
1.209352741021015909e+01
1.209352741021015909e+01
1.111406025395094588e+01
1.064396102477213724e+01
1.209352741021015909e+01
9.769468278299500597e+00
9.769468278299500597e+00
1.064396102477213724e+01
1.111406025395094588e+01
9.769468278299500597e+00
9.769468278299500597e+00
7.394735672111681701e+00
7.394735672111681701e+00
7.394735672111681701e+00
7.451882991581808113e+00
1.425570634127582714e+01
7.394735672111681701e+00
1.436182634648868195e+01
1.436182634648868195e+01
1.425570634127582714e+01
7.451882991581808113e+00
1.436182634648868195e+01
1.436182634648868195e+01
9.946665010367665261e+00
9.946665010367665261e+00
9.946665010367665261e+00
7.742180128161950670e+00
1.071082915857572182e+01
9.946665010367665261e+00
8.347732227272986805e+00
8.347732227272986805e+00
1.071082915857572182e+01
7.742180128161950670e+00
8.347732227272986805e+00
8.347732227272986805e+00
1.219627013810564797e+01
1.219627013810564797e+01
1.219627013810564797e+01
1.305180020146926267e+01
6.992170402232787296e+00
1.219627013810564797e+01
7.502663486812820359e+00
7.502663486812820359e+00
6.992170402232787296e+00
1.305180020146926267e+01
7.502663486812820359e+00
7.502663486812820359e+00
8.384530702823850490e+00
8.384530702823850490e+00
8.384530702823850490e+00
8.825042432409727411e+00
9.357418641187470243e+00
8.384530702823850490e+00
9.844001744115695729e+00
9.844001744115695729e+00
9.357418641187470243e+00
8.825042432409727411e+00
9.844001744115695729e+00
9.844001744115695729e+00
8.770528135979246187e+00
8.770528135979246187e+00
8.770528135979246187e+00
9.611832671212404478e+00
1.018357622770612814e+01
8.770528135979246187e+00
1.115288761299432885e+01
1.115288761299432885e+01
1.018357622770612814e+01
9.611832671212404478e+00
1.115288761299432885e+01
1.115288761299432885e+01
9.373492462789934976e+00
9.373492462789934976e+00
9.373492462789934976e+00
1.075836878692346765e+01
8.512824970562427040e+00
9.373492462789934976e+00
9.782324445878822772e+00
9.782324445878822772e+00
8.512824970562427040e+00
1.075836878692346765e+01
9.782324445878822772e+00
9.782324445878822772e+00
8.005693178190471215e+00
8.005693178190471215e+00
8.005693178190471215e+00
7.355365010658459823e+00
1.226600794518613213e+01
8.005693178190471215e+00
1.130338361483062215e+01
1.130338361483062215e+01
1.226600794518613213e+01
7.355365010658459823e+00
1.130338361483062215e+01
1.130338361483062215e+01
1.020683735222372057e+01
1.020683735222372057e+01
1.020683735222372057e+01
1.040452075057103443e+01
9.190105111330726828e+00
1.020683735222372057e+01
9.369035450069711501e+00
9.369035450069711501e+00
9.190105111330726828e+00
1.040452075057103443e+01
9.369035450069711501e+00
9.369035450069711501e+00
8.563159299043435979e+00
8.563159299043435979e+00
8.563159299043435979e+00
8.843852592498713250e+00
7.704285317720652948e+00
8.563159299043435979e+00
7.958949617958576361e+00
7.958949617958576361e+00
7.704285317720652948e+00
8.843852592498713250e+00
7.958949617958576361e+00
7.958949617958576361e+00
9.865716667006903862e+00
9.865716667006903862e+00
9.865716667006903862e+00
9.427849544094405232e+00
6.864755136458732032e+00
9.865716667006903862e+00
6.554219180800788358e+00
6.554219180800788358e+00
6.864755136458732032e+00
9.427849544094405232e+00
6.554219180800788358e+00
6.554219180800788358e+00
8.442332672442237396e+00
8.442332672442237396e+00
8.442332672442237396e+00
8.073633053713644259e+00
1.077450116217972997e+01
8.442332672442237396e+00
1.031480118195516127e+01
1.031480118195516127e+01
1.077450116217972997e+01
8.073633053713644259e+00
1.031480118195516127e+01
1.031480118195516127e+01
1.022300740884055692e+01
1.022300740884055692e+01
1.022300740884055692e+01
1.329483335733227989e+01
1.071201999285322870e+01
1.022300740884055692e+01
1.391622333927404220e+01
1.391622333927404220e+01
1.071201999285322870e+01
1.329483335733227989e+01
1.391622333927404220e+01
1.391622333927404220e+01
9.401723876107427103e+00
9.401723876107427103e+00
9.401723876107427103e+00
9.006897402909572747e+00
9.222247646097072149e+00
9.401723876107427103e+00
8.834413532297711313e+00
8.834413532297711313e+00
9.222247646097072149e+00
9.006897402909572747e+00
8.834413532297711313e+00
8.834413532297711313e+00
9.654701113598830986e+00
9.654701113598830986e+00
9.654701113598830986e+00
9.513760428899388444e+00
1.204298538824234299e+01
9.654701113598830986e+00
1.187118379603213469e+01
1.187118379603213469e+01
1.204298538824234299e+01
9.513760428899388444e+00
1.187118379603213469e+01
1.187118379603213469e+01
1.060569226780549634e+01
1.060569226780549634e+01
1.060569226780549634e+01
1.053421665399969065e+01
8.549201523914895517e+00
1.060569226780549634e+01
8.490791392762320200e+00
8.490791392762320200e+00
8.549201523914895517e+00
1.053421665399969065e+01
8.490791392762320200e+00
8.490791392762320200e+00
7.062194278422727400e+00
7.062194278422727400e+00
7.062194278422727400e+00
6.082680327305855172e+00
7.951662149650172040e+00
7.062194278422727400e+00
6.855431655989274731e+00
6.855431655989274731e+00
7.951662149650172040e+00
6.082680327305855172e+00
6.855431655989274731e+00
6.855431655989274731e+00
8.820694471022884287e+00
8.820694471022884287e+00
8.820694471022884287e+00
1.002323343308866122e+01
8.850406836305856118e+00
8.820694471022884287e+00
1.005674095163617388e+01
1.005674095163617388e+01
8.850406836305856118e+00
1.002323343308866122e+01
1.005674095163617388e+01
1.005674095163617388e+01
1.110469170954492846e+01
1.110469170954492846e+01
1.110469170954492846e+01
1.179952225927570275e+01
1.093887593424828886e+01
1.110469170954492846e+01
1.162427064664013265e+01
1.162427064664013265e+01
1.093887593424828886e+01
1.179952225927570275e+01
1.162427064664013265e+01
1.162427064664013265e+01
7.652756665576148087e+00
7.652756665576148087e+00
7.652756665576148087e+00
7.810635993763985319e+00
7.710325172457687337e+00
7.652756665576148087e+00
7.869331881840431642e+00
7.869331881840431642e+00
7.710325172457687337e+00
7.810635993763985319e+00
7.869331881840431642e+00
7.869331881840431642e+00
1.011442776190749093e+01
1.011442776190749093e+01
1.011442776190749093e+01
7.558303556448742633e+00
8.603075437415983018e+00
1.011442776190749093e+01
6.412761478421868055e+00
6.412761478421868055e+00
8.603075437415983018e+00
7.558303556448742633e+00
6.412761478421868055e+00
6.412761478421868055e+00
7.146108159440839991e+00
7.146108159440839991e+00
7.146108159440839991e+00
7.263329439249194941e+00
1.027906682146755735e+01
7.146108159440839991e+00
1.044343866339102256e+01
1.044343866339102256e+01
1.027906682146755735e+01
7.263329439249194941e+00
1.044343866339102256e+01
1.044343866339102256e+01
6.884816027923400306e+00
6.884816027923400306e+00
6.884816027923400306e+00
7.425755195356412486e+00
5.651324283006203153e+00
6.884816027923400306e+00
6.098862588948524177e+00
6.098862588948524177e+00
5.651324283006203153e+00
7.425755195356412486e+00
6.098862588948524177e+00
6.098862588948524177e+00
1.050999816347088078e+01
1.050999816347088078e+01
1.050999816347088078e+01
1.033461727851972078e+01
9.788970783070398696e+00
1.050999816347088078e+01
9.624635124779901574e+00
9.624635124779901574e+00
9.788970783070398696e+00
1.033461727851972078e+01
9.624635124779901574e+00
9.624635124779901574e+00
8.497478217994187233e+00
8.497478217994187233e+00
8.497478217994187233e+00
9.971062522951889662e+00
1.180905310929000329e+01
8.497478217994187233e+00
1.379678628953957720e+01
1.379678628953957720e+01
1.180905310929000329e+01
9.971062522951889662e+00
1.379678628953957720e+01
1.379678628953957720e+01
1.466551537706183872e+01
1.466551537706183872e+01
1.466551537706183872e+01
1.269724592695819609e+01
1.057068008493410716e+01
1.466551537706183872e+01
9.109265242743488145e+00
9.109265242743488145e+00
1.057068008493410716e+01
1.269724592695819609e+01
9.109265242743488145e+00
9.109265242743488145e+00
1.009993868577089593e+01
1.009993868577089593e+01
1.009993868577089593e+01
9.206408725636707757e+00
1.016584045563283034e+01
1.009993868577089593e+01
9.266869426143372834e+00
9.266869426143372834e+00
1.016584045563283034e+01
9.206408725636707757e+00
9.266869426143372834e+00
9.266869426143372834e+00
5.628144417546255163e+00
5.628144417546255163e+00
5.628144417546255163e+00
7.019215545309140936e+00
6.196180886267903531e+00
5.628144417546255163e+00
7.718301637106502966e+00
7.718301637106502966e+00
6.196180886267903531e+00
7.019215545309140936e+00
7.718301637106502966e+00
7.718301637106502966e+00
1.205042949852077783e+01
1.205042949852077783e+01
1.205042949852077783e+01
1.083929619104291397e+01
9.947973214793474739e+00
1.205042949852077783e+01
8.930265949486205557e+00
8.930265949486205557e+00
9.947973214793474739e+00
1.083929619104291397e+01
8.930265949486205557e+00
8.930265949486205557e+00
8.357801239076808386e+00
8.357801239076808386e+00
8.357801239076808386e+00
6.803424930298785256e+00
1.125025256311911193e+01
8.357801239076808386e+00
9.178006242539579418e+00
9.178006242539579418e+00
1.125025256311911193e+01
6.803424930298785256e+00
9.178006242539579418e+00
9.178006242539579418e+00
8.355924364559085049e+00
8.355924364559085049e+00
8.355924364559085049e+00
9.431739715792959444e+00
7.985421275608139524e+00
8.355924364559085049e+00
9.016643503239713198e+00
9.016643503239713198e+00
7.985421275608139524e+00
9.431739715792959444e+00
9.016643503239713198e+00
9.016643503239713198e+00
1.175908077345783731e+01
1.175908077345783731e+01
1.175908077345783731e+01
1.051119902198519362e+01
1.115254593382531390e+01
1.175908077345783731e+01
9.965278586783368198e+00
9.965278586783368198e+00
1.115254593382531390e+01
1.051119902198519362e+01
9.965278586783368198e+00
9.965278586783368198e+00
7.525541615195384004e+00
7.525541615195384004e+00
7.525541615195384004e+00
7.550476516541389849e+00
9.776441771022364335e+00
7.525541615195384004e+00
9.808291191860867286e+00
9.808291191860867286e+00
9.776441771022364335e+00
7.550476516541389849e+00
9.808291191860867286e+00
9.808291191860867286e+00
1.108596944604678747e+01
1.108596944604678747e+01
1.108596944604678747e+01
1.129768999053117717e+01
8.551782358674007156e+00
1.108596944604678747e+01
8.719574144594256282e+00
8.719574144594256282e+00
8.551782358674007156e+00
1.129768999053117717e+01
8.719574144594256282e+00
8.719574144594256282e+00
1.459612258033364185e+01
1.459612258033364185e+01
1.459612258033364185e+01
1.545442112006356616e+01
8.221619231676134731e+00
1.459612258033364185e+01
8.729204919392953954e+00
8.729204919392953954e+00
8.221619231676134731e+00
1.545442112006356616e+01
8.729204919392953954e+00
8.729204919392953954e+00
9.620316656042783521e+00
9.620316656042783521e+00
9.620316656042783521e+00
8.410442323815928489e+00
1.134414027995517849e+01
9.620316656042783521e+00
9.933014647798170671e+00
9.933014647798170671e+00
1.134414027995517849e+01
8.410442323815928489e+00
9.933014647798170671e+00
9.933014647798170671e+00
9.482757419984118030e+00
9.482757419984118030e+00
9.482757419984118030e+00
1.001321408741035413e+01
9.751383423633511072e+00
9.482757419984118030e+00
1.029591312695032279e+01
1.029591312695032279e+01
9.751383423633511072e+00
1.001321408741035413e+01
1.029591312695032279e+01
1.029591312695032279e+01
8.250176304032857288e+00
8.250176304032857288e+00
8.250176304032857288e+00
1.003781506393596956e+01
8.080518127671593831e+00
8.250176304032857288e+00
9.835830849910726315e+00
9.835830849910726315e+00
8.080518127671593831e+00
1.003781506393596956e+01
9.835830849910726315e+00
9.835830849910726315e+00
8.635007528111261266e+00
8.635007528111261266e+00
8.635007528111261266e+00
6.875993165802495533e+00
1.134406994972546556e+01
8.635007528111261266e+00
9.089245782173753341e+00
9.089245782173753341e+00
1.134406994972546556e+01
6.875993165802495533e+00
9.089245782173753341e+00
9.089245782173753341e+00
8.856764085890848293e+00
8.856764085890848293e+00
8.856764085890848293e+00
1.015999575340085848e+01
6.571233521674648692e+00
8.856764085890848293e+00
7.560950201375639779e+00
7.560950201375639779e+00
6.571233521674648692e+00
1.015999575340085848e+01
7.560950201375639779e+00
7.560950201375639779e+00
8.728225729375337139e+00
8.728225729375337139e+00
8.728225729375337139e+00
8.398503448213487488e+00
9.743652687947404800e+00
8.728225729375337139e+00
9.378777632378143991e+00
9.378777632378143991e+00
9.743652687947404800e+00
8.398503448213487488e+00
9.378777632378143991e+00
9.378777632378143991e+00
8.380703030727930880e+00
8.380703030727930880e+00
8.380703030727930880e+00
9.731991527698351518e+00
9.409246009001870803e+00
8.380703030727930880e+00
1.092187050736854559e+01
1.092187050736854559e+01
9.409246009001870803e+00
9.731991527698351518e+00
1.092187050736854559e+01
1.092187050736854559e+01
8.352416615383885912e+00
8.352416615383885912e+00
8.352416615383885912e+00
7.981728334362060195e+00
1.128935825783883651e+01
8.352416615383885912e+00
1.080084566877955865e+01
1.080084566877955865e+01
1.128935825783883651e+01
7.981728334362060195e+00
1.080084566877955865e+01
1.080084566877955865e+01
1.027889747513450835e+01
1.027889747513450835e+01
1.027889747513450835e+01
9.076683388219647597e+00
8.340106961278333841e+00
1.027889747513450835e+01
7.354772808011625251e+00
7.354772808011625251e+00
8.340106961278333841e+00
9.076683388219647597e+00
7.354772808011625251e+00
7.354772808011625251e+00
9.334353407140575598e+00
9.334353407140575598e+00
9.334353407140575598e+00
8.838938943072507826e+00
8.303394373634951364e+00
9.334353407140575598e+00
7.859404904088635568e+00
7.859404904088635568e+00
8.303394373634951364e+00
8.838938943072507826e+00
7.859404904088635568e+00
7.859404904088635568e+00
1.096570246922910208e+01
1.096570246922910208e+01
1.096570246922910208e+01
1.290585104688335427e+01
9.580265508410088060e+00
1.096570246922910208e+01
1.129480385378646012e+01
1.129480385378646012e+01
9.580265508410088060e+00
1.290585104688335427e+01
1.129480385378646012e+01
1.129480385378646012e+01
1.019004639270022494e+01
1.019004639270022494e+01
1.019004639270022494e+01
1.060868617101347233e+01
5.940077180570898285e+00
1.019004639270022494e+01
6.192547227121703912e+00
6.192547227121703912e+00
5.940077180570898285e+00
1.060868617101347233e+01
6.192547227121703912e+00
6.192547227121703912e+00
9.905940698075077933e+00
9.905940698075077933e+00
9.905940698075077933e+00
9.970319366873493294e+00
1.091157906213483919e+01
9.905940698075077933e+00
1.098160056000100404e+01
1.098160056000100404e+01
1.091157906213483919e+01
9.970319366873493294e+00
1.098160056000100404e+01
1.098160056000100404e+01
8.178700950193194430e+00
8.178700950193194430e+00
8.178700950193194430e+00
1.013539831745589304e+01
1.095762505725103786e+01
8.178700950193194430e+00
1.353156523563173863e+01
1.353156523563173863e+01
1.095762505725103786e+01
1.013539831745589304e+01
1.353156523563173863e+01
1.353156523563173863e+01
6.739353385707846478e+00
6.739353385707846478e+00
6.739353385707846478e+00
6.034997409146026115e+00
9.466759098122198068e+00
6.739353385707846478e+00
8.497950803514846996e+00
8.497950803514846996e+00
9.466759098122198068e+00
6.034997409146026115e+00
8.497950803514846996e+00
8.497950803514846996e+00
7.505430295363086479e+00
7.505430295363086479e+00
7.505430295363086479e+00
8.262866888235933516e+00
6.617623900314971053e+00
7.505430295363086479e+00
7.289859350343893318e+00
7.289859350343893318e+00
6.617623900314971053e+00
8.262866888235933516e+00
7.289859350343893318e+00
7.289859350343893318e+00
1.155956583923051006e+01
1.155956583923051006e+01
1.155956583923051006e+01
1.250589109817895483e+01
9.986335907671163525e+00
1.155956583923051006e+01
1.081631594142254649e+01
1.081631594142254649e+01
9.986335907671163525e+00
1.250589109817895483e+01
1.081631594142254649e+01
1.081631594142254649e+01
7.223706165261645218e+00
7.223706165261645218e+00
7.223706165261645218e+00
7.749384082042865884e+00
1.115615076046989351e+01
7.223706165261645218e+00
1.194191308187211398e+01
1.194191308187211398e+01
1.115615076046989351e+01
7.749384082042865884e+00
1.194191308187211398e+01
1.194191308187211398e+01
1.056233942993665664e+01
1.056233942993665664e+01
1.056233942993665664e+01
8.552808727186556936e+00
9.929914811040202238e+00
1.056233942993665664e+01
8.033094922563376983e+00
8.033094922563376983e+00
9.929914811040202238e+00
8.552808727186556936e+00
8.033094922563376983e+00
8.033094922563376983e+00
1.011454347073576798e+01
1.011454347073576798e+01
1.011454347073576798e+01
9.928761038212760681e+00
1.142067851186589245e+01
1.011454347073576798e+01
1.121287623479462248e+01
1.121287623479462248e+01
1.142067851186589245e+01
9.928761038212760681e+00
1.121287623479462248e+01
1.121287623479462248e+01
7.190986248747417875e+00
7.190986248747417875e+00
7.190986248747417875e+00
6.676020560694703398e+00
7.738332005316645557e+00
7.190986248747417875e+00
7.185596579254972305e+00
7.185596579254972305e+00
7.738332005316645557e+00
6.676020560694703398e+00
7.185596579254972305e+00
7.185596579254972305e+00
1.326720666238522561e+01
1.326720666238522561e+01
1.326720666238522561e+01
1.167215741316192634e+01
8.334649800938207065e+00
1.326720666238522561e+01
7.297278636810463404e+00
7.297278636810463404e+00
8.334649800938207065e+00
1.167215741316192634e+01
7.297278636810463404e+00
7.297278636810463404e+00
8.587880598235502205e+00
8.587880598235502205e+00
8.587880598235502205e+00
9.376556824537351176e+00
9.850069394680710744e+00
8.587880598235502205e+00
1.074470545077577555e+01
1.074470545077577555e+01
9.850069394680710744e+00
9.376556824537351176e+00
1.074470545077577555e+01
1.074470545077577555e+01
