3.268606164421817423e-02
3.268606164421817423e-02
3.268606164421817423e-02
3.345369254737007303e-02
1.495743451130687393e-04
3.268606164421817423e-02
1.824160312987350031e-04
1.824160312987350031e-04
1.495743451130687393e-04
3.345369254737007303e-02
1.824160312987350031e-04
1.824160312987350031e-04
2.228726820094069361e-02
2.228726820094069361e-02
2.228726820094069361e-02
2.130698144386589804e-02
3.370872834760964276e-02
2.228726820094069361e-02
3.329584180015518480e-02
3.329584180015518480e-02
3.370872834760964276e-02
2.130698144386589804e-02
3.329584180015518480e-02
3.329584180015518480e-02
3.828119460909584770e-02
3.828119460909584770e-02
3.828119460909584770e-02
3.514048417991270934e-02
3.947275275981437792e-02
3.828119460909584770e-02
3.624715602731303637e-02
3.624715602731303637e-02
3.947275275981437792e-02
3.514048417991270934e-02
3.624715602731303637e-02
3.624715602731303637e-02
3.695727717987053185e-02
3.695727717987053185e-02
3.695727717987053185e-02
4.079081775792477854e-02
3.646097463352750145e-02
3.695727717987053185e-02
4.025375863927113662e-02
4.025375863927113662e-02
3.646097463352750145e-02
4.079081775792477854e-02
4.025375863927113662e-02
4.025375863927113662e-02
3.878911146349653394e-02
3.878911146349653394e-02
3.878911146349653394e-02
3.008343055869301674e-02
3.776116187044854106e-02
3.878911146349653394e-02
3.490030485706492602e-02
3.490030485706492602e-02
3.776116187044854106e-02
3.008343055869301674e-02
3.490030485706492602e-02
3.490030485706492602e-02
3.955621486006987569e-02
3.955621486006987569e-02
3.955621486006987569e-02
3.939954553263072534e-02
4.186523176212583741e-02
3.955621486006987569e-02
4.170639406461325305e-02
4.170639406461325305e-02
4.186523176212583741e-02
3.939954553263072534e-02
4.170639406461325305e-02
4.170639406461325305e-02
2.384403824154990564e-03
2.384403824154990564e-03
2.384403824154990564e-03
3.513727061604152678e-03
2.794895952783787649e-02
2.384403824154990564e-03
3.745244060472162351e-02
3.745244060472162351e-02
2.794895952783787649e-02
3.513727061604152678e-03
3.745244060472162351e-02
3.745244060472162351e-02
3.656942787590208854e-02
3.656942787590208854e-02
3.656942787590208854e-02
3.538117934618260907e-02
3.664323819386491182e-02
3.656942787590208854e-02
3.545419694998477173e-02
3.545419694998477173e-02
3.664323819386491182e-02
3.538117934618260907e-02
3.545419694998477173e-02
3.545419694998477173e-02
3.775849846157402351e-02
3.775849846157402351e-02
3.775849846157402351e-02
3.478007070652869986e-02
3.603730244580531650e-02
3.775849846157402351e-02
3.320458616905838656e-02
3.320458616905838656e-02
3.603730244580531650e-02
3.478007070652869986e-02
3.320458616905838656e-02
3.320458616905838656e-02
4.172189144525612070e-02
4.172189144525612070e-02
4.172189144525612070e-02
4.152569449460291606e-02
4.168487452986285868e-02
4.172189144525612070e-02
4.148864647285869373e-02
4.148864647285869373e-02
4.168487452986285868e-02
4.152569449460291606e-02
