8.687996061989106122e-01
8.687996061989106122e-01
8.687996061989106122e-01
8.892033316040620639e-01
1.114689456046552714e-04
8.943687808325099242e-01
1.399448115678184556e-04
1.399448115678184556e-04
1.147495282799380326e-04
9.153729973225307459e-01
1.359439190917718964e-04
1.399448115678184556e-04
3.298244961671890074e-01
3.298244961671890074e-01
3.298244961671890074e-01
3.153174429547224711e-01
1.734085367122946364e+00
2.728317691572577086e-01
1.416870425107256137e+00
1.416870425107256137e+00
1.434440388994162152e+00
2.608314931340679488e-01
1.712845155601485647e+00
1.416870425107256137e+00
1.241070260505619860e+00
1.241070260505619860e+00
1.241070260505619860e+00
1.139248926288612740e+00
1.088288469752001442e+00
1.799261765199716034e+00
1.448833679898503313e+00
1.448833679898503313e+00
1.577763882872138979e+00
1.651644632335985685e+00
9.993567513737301455e-01
1.448833679898503313e+00
5.954202455295867225e-01
5.954202455295867225e-01
5.954202455295867225e-01
6.571825788617603470e-01
6.625421634703996254e-01
5.091085728476126837e-01
6.254296971358153101e-01
6.254296971358153101e-01
5.665005478538501782e-01
5.619178846144879946e-01
7.314618603791764873e-01
6.254296971358153101e-01
4.768774062220701992e-01
4.768774062220701992e-01
4.768774062220701992e-01
3.698488517477914739e-01
8.505484121627433503e-01
6.297713108003237803e-01
1.038147436634901943e+00
1.038147436634901943e+00
1.123246732677927184e+00
4.884278288804816959e-01
7.861092564369137614e-01
1.038147436634901943e+00
1.098680675850462141e+00
1.098680675850462141e+00
1.098680675850462141e+00
1.094329158316117656e+00
6.952113253472524956e-01
3.943687263050907332e-01
2.485976178611548904e-01
2.485976178611548904e-01
2.495443953065270559e-01
3.928067597890370077e-01
6.925736768366637097e-01
2.485976178611548904e-01
1.552550147632187662e-02
1.552550147632187662e-02
1.552550147632187662e-02
2.287883207101474789e-02
5.357745978391451613e-01
9.979567689727183305e-03
4.614904194919662861e-01
4.614904194919662861e-01
3.443881586515303850e-01
1.470618219081732021e-02
7.179539647299886251e-01
4.614904194919662861e-01
5.214848192328552789e-01
5.214848192328552789e-01
5.214848192328552789e-01
5.045402399567655571e-01
5.191272599606620020e-01
1.645463248102893239e+00
1.584871874222232746e+00
1.584871874222232746e+00
1.638024340977418447e+00
1.591997295835313020e+00
5.022820313907955248e-01
1.584871874222232746e+00
1.048960547370418439e+00
1.048960547370418439e+00
1.048960547370418439e+00
9.662175004927712196e-01
1.308707987712810494e+00
7.111862386207882247e-01
8.175470217733825651e-01
8.175470217733825651e-01
8.872927714656791975e-01
6.550871637523818514e-01
1.205836846792152972e+00
8.175470217733825651e-01
4.717251818097254468e-01
4.717251818097254468e-01
4.717251818097254468e-01
4.695068968995403380e-01
4.762191293526971680e-01
9.800247588166636215e-01
9.847037498687122303e-01
9.847037498687122303e-01
9.893610843442502967e-01
9.754161981166590278e-01
