3.304853225322793797e+00
2.906890620957764515e+00
3.304853225322793797e+00
3.304853225322793797e+00
3.304853225322793797e+00
3.304853225322793797e+00
3.304853225322793797e+00
2.906890620957764515e+00
2.906890620957764515e+00
2.906890620957764515e+00
2.906890620957764515e+00
2.906890620957764515e+00
1.708894076916687377e+00
4.821880637018597149e+00
1.708894076916687377e+00
1.708894076916687377e+00
1.708894076916687377e+00
1.708894076916687377e+00
1.708894076916687377e+00
4.821880637018597149e+00
4.821880637018597149e+00
4.821880637018597149e+00
4.821880637018597149e+00
4.821880637018597149e+00
2.938526107407162247e+00
3.288726078850353840e+00
2.938526107407162247e+00
2.938526107407162247e+00
2.938526107407162247e+00
2.938526107407162247e+00
2.938526107407162247e+00
3.288726078850353840e+00
3.288726078850353840e+00
3.288726078850353840e+00
3.288726078850353840e+00
3.288726078850353840e+00
6.026439568623729315e+00
2.243891595745763468e+00
6.026439568623729315e+00
6.026439568623729315e+00
6.026439568623729315e+00
6.026439568623729315e+00
6.026439568623729315e+00
2.243891595745763468e+00
2.243891595745763468e+00
2.243891595745763468e+00
2.243891595745763468e+00
2.243891595745763468e+00
4.674337541225468406e+00
2.339973118950223974e+00
4.674337541225468406e+00
4.674337541225468406e+00
4.674337541225468406e+00
4.674337541225468406e+00
4.674337541225468406e+00
2.339973118950223974e+00
2.339973118950223974e+00
2.339973118950223974e+00
2.339973118950223974e+00
2.339973118950223974e+00
2.482721576759407078e+00
6.419983997102531426e+00
2.482721576759407078e+00
2.482721576759407078e+00
2.482721576759407078e+00
2.482721576759407078e+00
2.482721576759407078e+00
6.419983997102531426e+00
6.419983997102531426e+00
6.419983997102531426e+00
6.419983997102531426e+00
6.419983997102531426e+00
2.161783778433300274e+00
3.984619635113147762e+00
2.161783778433300274e+00
2.161783778433300274e+00
2.161783778433300274e+00
2.161783778433300274e+00
2.161783778433300274e+00
3.984619635113147762e+00
3.984619635113147762e+00
3.984619635113147762e+00
3.984619635113147762e+00
3.984619635113147762e+00
3.857044769029446041e+00
1.482810045948325994e+00
3.857044769029446041e+00
3.857044769029446041e+00
3.857044769029446041e+00
3.857044769029446041e+00
3.857044769029446041e+00
1.482810045948325994e+00
1.482810045948325994e+00
1.482810045948325994e+00
1.482810045948325994e+00
1.482810045948325994e+00
4.240016435233341596e+00
2.007340539213477104e+00
4.240016435233341596e+00
4.240016435233341596e+00
4.240016435233341596e+00
4.240016435233341596e+00
4.240016435233341596e+00
2.007340539213477104e+00
2.007340539213477104e+00
2.007340539213477104e+00
2.007340539213477104e+00
2.007340539213477104e+00
1.741395723653342387e+00
3.531161742482913812e+00
1.741395723653342387e+00
1.741395723653342387e+00
1.741395723653342387e+00
1.741395723653342387e+00
1.741395723653342387e+00
3.531161742482913812e+00
3.531161742482913812e+00
3.531161742482913812e+00
