5.180929116828900760e+02
5.180929116828900760e+02
5.180929116828900760e+02
5.261284406094781616e+02
2.942856202790435777e-02
5.333406259322180176e+02
3.694638489103046347e-02
3.694638489103046347e-02
3.029465823275798164e-02
5.416126441952784489e+02
3.589012198516338542e-02
3.694638489103046347e-02
8.707591689440958760e+01
8.707591689440958760e+01
8.707591689440958760e+01
8.324595588608231367e+01
9.915369644150345039e+02
7.202944818643663893e+01
8.069214195206086515e+02
8.069214195206086515e+02
8.202022206653862213e+02
6.886129345612344821e+01
9.754818929700805938e+02
8.069214195206086515e+02
6.461868117210201490e+02
6.461868117210201490e+02
6.461868117210201490e+02
5.717341549798713913e+02
5.227422403615310031e+02
9.368198243927497515e+02
6.610066755040920725e+02
6.610066755040920725e+02
7.578540523194520802e+02
8.288808761680841144e+02
4.559401765939035158e+02
6.610066755040920725e+02
1.944250960016827605e+02
1.944250960016827605e+02
1.944250960016827605e+02
2.445235937801529076e+02
2.502231098498164670e+02
1.662413797554659141e+02
2.606176319061791560e+02
2.606176319061791560e+02
2.139509553220279372e+02
2.090776368315428044e+02
3.048014169373739719e+02
2.606176319061791560e+02
1.258988882741010116e+02
1.258988882741010116e+02
1.258988882741010116e+02
9.764261979485820575e+01
4.155946568850381482e+02
1.662639220524568771e+02
4.826695094563491466e+02
4.826695094563491466e+02
5.488404114205823134e+02
1.289482786474264344e+02
3.654885190618060733e+02
4.826695094563491466e+02
5.228778441811939501e+02
5.228778441811939501e+02
5.228778441811939501e+02
5.199905217901630294e+02
1.977877964009688299e+02
1.876857161097055098e+02
6.989879552416408615e+01
6.989879552416408615e+01
7.099544304350466462e+01
1.866493188390412570e+02
1.947326214914180582e+02
6.989879552416408615e+01
4.098838297356047988e+00
4.098838297356047988e+00
4.098838297356047988e+00
6.040167735288475725e+00
1.414481486297140691e+02
2.634673945965283259e+00
1.218366188146283946e+02
1.218366188146283946e+02
9.092082313667337701e+01
3.882532416975294609e+00
1.895447442301270655e+02
1.218366188146283946e+02
2.911261217168262192e+02
2.911261217168262192e+02
2.911261217168262192e+02
2.827156197548455907e+02
2.892049453510330750e+02
9.186026441814128702e+02
8.860333445554211949e+02
8.860333445554211949e+02
9.125406746159583236e+02
8.920646293320169207e+02
2.808041680982432808e+02
8.860333445554211949e+02
4.470937607556984972e+02
4.470937607556984972e+02
4.470937607556984972e+02
3.829183998027846769e+02
6.621209771860283126e+02
3.031257284363663302e+02
3.934550931821917743e+02
3.934550931821917743e+02
4.489123336976819019e+02
2.596153850944284045e+02
5.803246006425288215e+02
3.934550931821917743e+02
1.586978372411127509e+02
1.586978372411127509e+02
1.586978372411127509e+02
1.563636007137359059e+02
1.622807531865486226e+02
3.297000365133807804e+02
3.322292945554652306e+02
3.322292945554652306e+02
3.371436635883976010e+02
3.248505824711196510e+02
1.599152704732961752e+02
3.322292945554652306e+02
6.054833518036481337e+02
6.054833518036481337e+02
6.054833518036481337e+02
6.245325074255335949e+02
6.635474556337229046e+01
6.720523736194609228e+02
8.401057282845521001e+01
8.401057282845521001e+01
7.365002542834751864e+01
6.931958620622062881e+02
7.568904630031134673e+01
8.401057282845521001e+01
3.589179906793845021e+01
3.589179906793845021e+01
3.589179906793845021e+01
3.146339044290636977e+01
6.844125308783600303e+02
2.276238884806763707e+01
4.195874728914441221e+02
4.195874728914441221e+02
4.340508017125189895e+02
1.995391555559451646e+01
6.616067131162400301e+02
4.195874728914441221e+02
1.569550998728809077e+02
1.569550998728809077e+02
1.569550998728809077e+02
1.593081318127275381e+02
2.601413742189562228e+01
1.722112647651601378e+02
2.923196701034781242e+01
2.923196701034781242e+01
2.854273299069387093e+01
1.747930133462639333e+02
2.664231232403163219e+01
2.923196701034781242e+01
5.124250615766210331e+02
5.124250615766210331e+02
5.124250615766210331e+02
5.948748889191994067e+02
5.606795863042750625e+02
5.971232497769860856e+02
7.554889445103532353e+02
7.554889445103532353e+02
6.533537130825209260e+02
6.932011205487109464e+02
6.483275756818378568e+02
7.554889445103532353e+02
7.498578787854519589e+01
7.498578787854519589e+01
7.498578787854519589e+01
6.739704993077468487e+01
9.362382799572603176e+01
4.596006965848246750e+01
5.237894290835065902e+01
5.237894290835065902e+01
5.738364266235184630e+01
4.130880260419186101e+01
8.545844972415336827e+01
5.237894290835065902e+01
7.952522725340180614e+02
7.952522725340180614e+02
7.952522725340180614e+02
8.546021361625483905e+02
4.259291655761800257e+02
5.663322797026479520e+02
3.365882592379396669e+02
3.365882592379396669e+02
3.033219063480086675e+02
6.085977905721553043e+02
4.726422767351031098e+02
3.365882592379396669e+02
1.134623718644201418e+01
1.134623718644201418e+01
1.134623718644201418e+01
7.697483002054593015e+00
2.363691562514239308e+02
5.647652278430447481e+00
9.764930167876892142e+01
9.764930167876892142e+01
1.176540541078401390e+02
3.831464713841889136e+00
1.961792410926644834e+02
9.764930167876892142e+01
7.273403691902708488e+02
7.273403691902708488e+02
7.273403691902708488e+02
7.881007945434785142e+02
6.005396980325234608e+02
7.842266411912876265e+02
7.047814742637848440e+02
7.047814742637848440e+02
6.475087183932643029e+02
8.497392214226691749e+02
6.536579998236096571e+02
7.047814742637848440e+02
2.851124935669138267e+02
2.851124935669138267e+02
2.851124935669138267e+02
2.974549035644467949e+02
9.573692284538885815e+02
2.641608480054806023e+02
8.953397055646208855e+02
8.953397055646208855e+02
8.870164336848959010e+02
2.755962693389706146e+02
9.663526520693910697e+02
8.953397055646208855e+02
2.680222836543014751e+02
2.680222836543014751e+02
2.680222836543014751e+02
2.610323228319648479e+02
5.040700239639734548e+01
4.897879932542312531e+02
8.604074087563188300e+01
8.604074087563188300e+01
9.211452202062616834e+01
4.770144326479282881e+02
4.708330170279372595e+01
8.604074087563188300e+01
2.247543948871760335e+02
2.247543948871760335e+02
2.247543948871760335e+02
3.123805015861495349e+02
3.358389249992520718e+02
4.975949009021271081e+02
1.002739318285151285e+03
1.002739318285151285e+03
7.435304510417596475e+02
6.915946840930306507e+02
4.529187664547373515e+02
1.002739318285151285e+03
4.554369998403565205e+02
4.554369998403565205e+02
4.554369998403565205e+02
4.283719929218672746e+02
6.913443426439135919e+01
1.608620637756778251e+02
2.077239906058787255e+01
2.077239906058787255e+01
2.441854258137172451e+01
1.513026013900191344e+02
5.881137469946595786e+01
2.077239906058787255e+01
1.014925113029063141e+03
1.014925113029063141e+03
1.014925113029063141e+03
8.514482799800410930e+02
3.475248891797849637e+02
6.428935509352874078e+02
1.693056250969029293e+02
1.693056250969029293e+02
2.201359560178568131e+02
5.393408844918751583e+02
2.672799103956586464e+02
1.693056250969029293e+02
6.960088124808866894e+01
6.960088124808866894e+01
6.960088124808866894e+01
7.304327391674223691e+01
3.493557598181807862e+02
1.296009679794167084e+02
6.605419475803187197e+02
6.605419475803187197e+02
6.505211403895004878e+02
1.360109072506238874e+02
3.547373323648373002e+02
6.605419475803187197e+02
3.651313648305003312e+02
3.651313648305003312e+02
3.651313648305003312e+02
3.902627858665065332e+02
8.128881156687784824e+02
3.214043212527374749e+02
7.455765315833043587e+02
7.455765315833043587e+02
7.155390586405090971e+02
3.435260782372244535e+02
8.470121854663265140e+02
7.455765315833043587e+02
5.505298932029434127e+02
5.505298932029434127e+02
5.505298932029434127e+02
5.480894111036412824e+02
1.009148960395310013e+01
7.595552035281882581e+02
1.369486335426711499e+01
1.369486335426711499e+01
1.392302858513007990e+01
7.561881186513654711e+02
9.926114158434277357e+00
1.369486335426711499e+01
6.055900208802442819e+01
6.055900208802442819e+01
6.055900208802442819e+01
6.198886144701167211e+01
1.916889711134865024e+02
1.145822418059635055e+02
3.683158438425546706e+02
3.683158438425546706e+02
3.626901250409688373e+02
1.172876445565216130e+02
1.946622758008640233e+02
3.683158438425546706e+02
1.059425916184801054e+03
1.059425916184801054e+03
1.059425916184801054e+03
1.051811283302130278e+03
6.389861091272346130e+02
2.644222322046333602e+02
1.577716768692667131e+02
1.577716768692667131e+02
1.594846140177903067e+02
2.625216951368733476e+02
6.321231082637632426e+02
1.577716768692667131e+02
1.026746391303047176e+03
1.026746391303047176e+03
1.026746391303047176e+03
9.039642739823001421e+02
2.970701297337055848e+02
9.473854203881492140e+02
2.058983481739485057e+02
2.058983481739485057e+02
2.741084966321160437e+02
8.340935804368650679e+02
2.231461255507247188e+02
2.058983481739485057e+02
1.192490780957745855e+01
1.192490780957745855e+01
1.192490780957745855e+01
1.280730576379990815e+01
1.652267444823425535e+02
3.089801547608207244e+01
4.374843710498531664e+02
4.374843710498531664e+02
4.281105220769812263e+02
3.318435144454390695e+01
1.688445265016741530e+02
4.374843710498531664e+02
3.308292741051135408e+02
3.308292741051135408e+02
3.308292741051135408e+02
3.317522651439464880e+02
5.718602217148305726e+02
2.951992316135344367e+02
5.118907862914549582e+02
5.118907862914549582e+02
5.102713431185868558e+02
2.960228172716858808e+02
5.736751289095616357e+02
5.118907862914549582e+02
2.556695464635051280e+02
2.556695464635051280e+02
2.556695464635051280e+02
2.854988948484316325e+02
1.356923293058069930e+02
2.098271465141026795e+02
1.291104280847182508e+02
1.291104280847182508e+02
1.113622433955136017e+02
2.343079935315146827e+02
1.573180836727925964e+02
1.291104280847182508e+02
3.413531964960488807e+01
3.413531964960488807e+01
3.413531964960488807e+01
3.457429764738735400e+01
2.216399105480729474e+02
5.037601492430541583e+01
3.284619924378633868e+02
3.284619924378633868e+02
3.270904024395351826e+02
5.102384721047494764e+01
2.225693144140095114e+02
3.284619924378633868e+02
1.361368754204859215e+03
1.361368754204859215e+03
1.361368754204859215e+03
1.369443356316809513e+03
3.700229824597057018e+02
1.015641853830087371e+03
2.806674672208382617e+02
2.806674672208382617e+02
2.760536604827652809e+02
1.021665867406563621e+03
3.762073399745775646e+02
2.806674672208382617e+02
2.976181276333506958e+02
2.976181276333506958e+02
2.976181276333506958e+02
3.398922584044188966e+02
7.101164284938681703e+01
4.090363717391905993e+02
1.241383544226506501e+02
1.241383544226506501e+02
9.759602001843092012e+01
4.671365190875005169e+02
9.032405713375511880e+01
1.241383544226506501e+02
5.219493651066441089e+02
5.219493651066441089e+02
5.219493651066441089e+02
4.335383778376592545e+02
5.736358331830757606e+02
4.451866129405630090e+02
4.092706675931238465e+02
4.092706675931238465e+02
4.892715859208549887e+02
3.697781718153038355e+02
4.798404958675698708e+02
4.092706675931238465e+02
4.216679048383196005e+02
4.216679048383196005e+02
4.216679048383196005e+02
4.210209873797993509e+02
4.482561108710438447e+01
5.533326528476713975e+02
5.850880935954599238e+01
5.850880935954599238e+01
5.882229596738189059e+01
5.524837370317193290e+02
4.458671818887987826e+01
5.850880935954599238e+01
1.840371892769764202e+02
1.840371892769764202e+02
1.840371892769764202e+02
1.627049887758210502e+02
9.704905365144554708e+02
8.183832953559694090e+01
4.087532902172173408e+02
4.087532902172173408e+02
4.315612765576199763e+02
7.235224869948090998e+01
9.192001726595866558e+02
4.087532902172173408e+02
9.958894088315144018e+02
9.958894088315144018e+02
9.958894088315144018e+02
9.392437293614603959e+02
5.461240835043514608e+02
7.505366572149201829e+02
3.778977879486263873e+02
3.778977879486263873e+02
4.115779728382096891e+02
7.078465165847424032e+02
5.014337421378291992e+02
3.778977879486263873e+02
5.793803017570281710e+00
5.793803017570281710e+00
5.793803017570281710e+00
1.140644179947412518e+01
1.251673606230185385e+02
1.330494427583067818e+01
4.058394961476623735e+02
4.058394961476623735e+02
2.874355157038894504e+02
2.619386128028094518e+01
1.767278425736002703e+02
4.058394961476623735e+02
3.963050983857389156e+02
3.963050983857389156e+02
3.963050983857389156e+02
3.778963700452920875e+02
2.761561505351818724e+01
2.049071190137194094e+02
1.277836968679179286e+01
1.277836968679179286e+01
1.427848428762969135e+01
1.953889989988320508e+02
2.471428557635569589e+01
1.277836968679179286e+01
4.802700240794393949e+01
4.802700240794393949e+01
4.802700240794393949e+01
5.142974179960819470e+01
9.856747376156226892e+01
4.890849174590818507e+02
1.058698143612585454e+03
1.058698143612585454e+03
1.003765847373602242e+03
5.237368513934724206e+02
1.039616976060631544e+02
1.058698143612585454e+03
3.778320177168659910e+01
3.778320177168659910e+01
3.778320177168659910e+01
3.396355994440892090e+01
3.525657286216336388e+02
5.152510419346828030e+01
4.623289549945344561e+02
4.623289549945344561e+02
4.807953018922997330e+02
4.631624327370121819e+01
3.390244127573431570e+02
4.623289549945344561e+02
7.768198175283041564e+02
7.768198175283041564e+02
7.768198175283041564e+02
8.183690137996813974e+02
4.025655668420462234e+02
4.197025501091825959e+02
2.362430690405130065e+02
2.362430690405130065e+02
2.174993366252519991e+02
4.421508749801541853e+02
4.372580003067334928e+02
2.362430690405130065e+02
7.850964537191011914e+02
7.850964537191011914e+02
7.850964537191011914e+02
8.452301816384801896e+02
5.174366979156690149e+02
1.025091361666855846e+03
7.345287903302615860e+02
7.345287903302615860e+02
6.756111134244820278e+02
1.103607274893786780e+03
5.625605385115745776e+02
7.345287903302615860e+02
1.601115304922275584e+02
1.601115304922275584e+02
1.601115304922275584e+02
1.571610248599348552e+02
2.007874661720770177e+02
1.575521869194581370e+02
1.950023569525934306e+02
1.950023569525934306e+02
1.975779277368353632e+02
1.546488443965506008e+02
1.981700567395639609e+02
1.950023569525934306e+02
3.569431606430144939e+02
3.569431606430144939e+02
3.569431606430144939e+02
3.711667731904140055e+02
8.296443803786227988e+01
1.442136948023536718e+02
3.758804885614087965e+01
3.758804885614087965e+01
3.351964532696867849e+01
1.499603792750365869e+02
9.303413923000053387e+01
3.758804885614087965e+01
4.528372448596060735e+02
4.528372448596060735e+02
4.528372448596060735e+02
2.888415065443362550e+02
9.366843542119594304e+02
4.471451016886387038e+02
6.611115001454629692e+02
6.611115001454629692e+02
9.249102753111999391e+02
2.852107821999242674e+02
6.695274288822186008e+02
6.611115001454629692e+02
4.730419278951371211e+02
4.730419278951371211e+02
4.730419278951371211e+02
5.611644604217036658e+02
5.474340799972925424e+02
2.235049544342361401e+02
3.045970789384550130e+02
3.045970789384550130e+02
2.586540893953612112e+02
2.651414806183292399e+02
6.446711206783116950e+02
3.045970789384550130e+02
7.343411382686623190e-01
7.343411382686623190e-01
7.343411382686623190e-01
3.599718880893584272e-01
4.392886299572269060e+00
7.323288973853750994e-01
2.217059845918353034e+00
2.217059845918353034e+00
4.380848916744346511e+00
3.589854934666149022e-01
2.223151724142167662e+00
2.217059845918353034e+00
6.246046317831227270e+02
6.246046317831227270e+02
6.246046317831227270e+02
6.280844168037423287e+02
4.360049735903206738e+02
5.566119758583643033e+02
3.911496934329862825e+02
3.911496934329862825e+02
3.885427316498805226e+02
5.597129615336705228e+02
4.389303874786913298e+02
3.911496934329862825e+02
7.736457103571733285e+01
7.736457103571733285e+01
7.736457103571733285e+01
8.247622000586923718e+01
2.040418179852687786e+02
1.628965774832242062e+02
4.408988488694272974e+02
4.408988488694272974e+02
4.296244827352591642e+02
1.736595160142084353e+02
2.093963595793632635e+02
4.408988488694272974e+02
1.549967455191669217e+02
1.549967455191669217e+02
1.549967455191669217e+02
1.380240990152185816e+02
1.032794647415203002e+02
3.298593363265542848e+02
1.843643757576051314e+02
1.843643757576051314e+02
2.197962001181942355e+02
2.937386688070849914e+02
8.663049695768511071e+01
1.843643757576051314e+02
7.071115882362337288e+02
7.071115882362337288e+02
7.071115882362337288e+02
8.082769428838445265e+02
6.249511176200119280e+02
3.038864813143493393e+02
3.094496722458421800e+02
3.094496722458421800e+02
2.685774060084679036e+02
3.473630473418742213e+02
7.200565430700751222e+02
3.094496722458421800e+02
7.107646529507856314e+01
7.107646529507856314e+01
7.107646529507856314e+01
6.678141212997959997e+01
7.559389815619099409e+02
5.227615317571710563e+01
5.482835953133046587e+02
5.482835953133046587e+02
5.559868773378948390e+02
4.911717704734020629e+01
7.454653329818661405e+02
5.482835953133046587e+02
7.553318478525440014e+02
7.553318478525440014e+02
7.553318478525440014e+02
7.213614518994236278e+02
9.677825034439854335e+01
1.307948381313139180e+03
1.474812594634080369e+02
1.474812594634080369e+02
1.675832367510405732e+02
1.249124535177468260e+03
8.516948667521349137e+01
1.474812594634080369e+02
6.450671852572140779e+02
6.450671852572140779e+02
6.450671852572140779e+02
5.994255825621962686e+02
2.920346223925465097e+02
4.688385263195178254e+02
1.867075132223840512e+02
1.867075132223840512e+02
2.122524368406741360e+02
4.356659479657441807e+02
2.568877838734977104e+02
1.867075132223840512e+02
2.397487841025818796e+02
2.397487841025818796e+02
2.397487841025818796e+02
2.521142652545098031e+02
4.162861712077765901e+02
4.407841998031819912e+02
7.882217621876668545e+02
7.882217621876668545e+02
7.653526484056702657e+02
4.635184494684554011e+02
4.287250068674613317e+02
7.882217621876668545e+02
2.057823922473741334e+02
2.057823922473741334e+02
2.057823922473741334e+02
2.035325437543688736e+02
1.683090350104203310e+02
9.245837511369029471e+02
7.468258054123970169e+02
7.468258054123970169e+02
7.562153264944981856e+02
9.144751439988735910e+02
1.662192317795546899e+02
7.468258054123970169e+02
1.312608342402949688e+02
1.312608342402949688e+02
1.312608342402949688e+02
1.280076346832782690e+02
7.466251976549042979e+01
1.944912650227332307e+01
1.078012392500361649e+01
1.078012392500361649e+01
1.106286426032577985e+01
1.896709475161624425e+01
7.275432443942116834e+01
1.078012392500361649e+01
2.561562558491684882e+01
2.561562558491684882e+01
2.561562558491684882e+01
3.180584997144141113e+01
1.079734750130068733e+03
2.986680831240433776e+01
1.329394155745184662e+03
1.329394155745184662e+03
1.258928098533934190e+03
3.708436560180989972e+01
1.140170807411055193e+03
1.329394155745184662e+03
3.869796150410103905e+02
3.869796150410103905e+02
3.869796150410103905e+02
3.363653838172837141e+02
1.791413149653259751e+01
5.273715321289724898e+02
1.678756940296931077e+01
1.678756940296931077e+01
2.441317993735945535e+01
4.583950185594970321e+02
1.231853968076258354e+01
1.678756940296931077e+01
1.470304516126853969e+02
1.470304516126853969e+02
1.470304516126853969e+02
2.177301984422313978e+02
1.827729745860508501e+02
1.037857746193610922e+02
1.825686283276061772e+02
1.825686283276061772e+02
1.290156871507662117e+02
1.536912731716357143e+02
2.586399530356146670e+02
1.825686283276061772e+02
4.172338027333539117e+02
4.172338027333539117e+02
4.172338027333539117e+02
4.154185472327826574e+02
4.048121647818691713e+02
4.299233012377240470e+02
4.152544048507660364e+02
4.152544048507660364e+02
4.171238790435090777e+02
4.280528376456499018e+02
4.029978694777897772e+02
4.152544048507660364e+02
