4.921511455735843583e+02
4.921511455735843583e+02
4.921511455735843583e+02
4.997855490609625235e+02
2.795643188058917136e-02
5.066353816362055795e+02
3.509818425585082419e-02
3.509818425585082419e-02
2.877920261366366528e-02
5.144944691526727638e+02
3.409475969341838747e-02
3.509818425585082419e-02
8.272004377210669190e+01
8.272004377210669190e+01
8.272004377210669190e+01
7.908167218150407507e+01
9.418997063302276729e+02
6.842625744714104030e+01
7.665269174240471557e+02
7.665269174240471557e+02
7.791421384193173481e+02
6.541658603264298222e+01
9.266492502647382707e+02
7.665269174240471557e+02
6.138479187878109542e+02
6.138479187878109542e+02
6.138479187878109542e+02
5.431235025366091804e+02
4.965851683767112945e+02
8.899359891778880183e+02
6.279333494835475449e+02
6.279333494835475449e+02
7.199324124175434463e+02
7.874021181503017033e+02
4.331273084865505325e+02
6.279333494835475449e+02
1.846989520178424868e+02
1.846989520178424868e+02
1.846989520178424868e+02
2.322907434661422883e+02
2.377050333706912966e+02
1.579251303163505895e+02
2.475787790530081054e+02
2.475787790530081054e+02
2.032474898303292434e+02
1.986180513337652656e+02
2.895520234262122585e+02
2.475787790530081054e+02
1.196009404244564820e+02
1.196009404244564820e+02
1.196009404244564820e+02
9.275815944893480491e+01
3.947984630726611499e+02
1.579467595681942100e+02
4.585186561438843569e+02
4.585186561438843569e+02
5.213766522531389001e+02
1.224977885330512208e+02
3.472009342065006194e+02
4.585186561438843569e+02
4.967143345613997099e+02
4.967143345613997099e+02
4.967143345613997099e+02
4.939715389684754996e+02
1.878936445534274924e+02
1.782943886828875861e+02
6.640217518338079117e+01
6.640217518338079117e+01
6.744396157327342678e+01
1.773098689509287169e+02
1.849913084943212596e+02
6.640217518338079117e+01
3.893798600860296055e+00
3.893798600860296055e+00
3.893798600860296055e+00
5.738015254663452858e+00
1.343723668201143653e+02
2.502877396051506942e+00
1.157418813472015700e+02
1.157418813472015700e+02
8.637261297841642715e+01
3.688313174678023110e+00
1.800629852511550553e+02
1.157418813472015700e+02
2.765534798893220341e+02
2.765534798893220341e+02
2.765534798893220341e+02
2.685637955443464193e+02
2.747285736199723374e+02
8.726209671113117565e+02
8.416817450800198230e+02
8.416817450800198230e+02
8.668627626790813565e+02
8.474107760017410556e+02
2.667481350256214796e+02
8.416817450800198230e+02
4.247249820653403276e+02
4.247249820653403276e+02
4.247249820653403276e+02
3.637614043842147566e+02
6.289866285342935726e+02
2.879598886731679386e+02
3.737672513451961436e+02
3.737672513451961436e+02
4.264475299966752004e+02
2.466271067943891353e+02
5.512861178536496709e+02
3.737672513451961436e+02
1.507588909437158406e+02
1.507588909437158406e+02
1.507588909437158406e+02
1.485414484021086992e+02
1.541625401786287739e+02
3.132066114634051246e+02
3.156093284374565542e+02
3.156093284374565542e+02
3.202778059833693192e+02
3.085998008121455882e+02
1.519154148898968799e+02
3.156093284374565542e+02
5.751785046528216299e+02
5.751785046528216299e+02
5.751785046528216299e+02
5.932740015030213954e+02
6.303542533057785135e+01
6.384157023563801658e+02
7.980804003610478503e+01
7.980804003610478503e+01
6.996576716656791461e+01
6.585006833451623152e+02
7.190278835218020959e+01
7.980804003610478503e+01
3.409635288204630399e+01
3.409635288204630399e+01
3.409635288204630399e+01
2.988947033210272863e+01
6.501567392394481431e+02
2.162372638755129728e+01
3.985869026872188101e+02
3.985869026872188101e+02
4.123259601099194356e+02
1.895574375846359061e+01
6.284929546652601857e+02
3.985869026872188101e+02
1.491036005682719008e+02
1.491036005682719008e+02
1.491036005682719008e+02
1.513389247773446300e+02
2.471280995917896206e+01
1.635965932658295969e+02
2.776967130386879035e+01
2.776967130386879035e+01
2.711491542752085948e+01
1.660491928278468379e+02
2.530956113050731204e+01
2.776967130386879035e+01
4.867764488945434778e+02
4.867764488945434778e+02
4.867764488945434778e+02
5.650938930728509604e+02
5.326128224344050750e+02
5.672352054454476047e+02
7.176621134535421334e+02
7.176621134535421334e+02
6.206478239499031133e+02
6.584976558769163830e+02
6.158662433844034467e+02
7.176621134535421334e+02
7.123426300224372198e+01
7.123426300224372198e+01
7.123426300224372198e+01
6.402529693602274108e+01
8.893942121804586520e+01
4.366069601024375402e+01
4.975830090533855099e+01
4.975830090533855099e+01
5.451248976922544642e+01
3.924219762617929774e+01
8.118276200645199481e+01
4.975830090533855099e+01
7.554584825115874764e+02
7.554584825115874764e+02
7.554584825115874764e+02
8.118367775676508700e+02
4.046214015018464352e+02
5.379934637070635972e+02
3.197495003533506974e+02
3.197495003533506974e+02
2.881477597025273099e+02
5.781427967773228147e+02
4.489970392136738155e+02
3.197495003533506974e+02
1.077865465200108730e+01
1.077865465200108730e+01
1.077865465200108730e+01
7.312425221282770060e+00
2.245443918707749731e+02
5.365134934472312267e+00
9.276439365608754883e+01
9.276439365608754883e+01
1.117682122733264691e+02
3.639800074969194110e+00
1.863653711292148785e+02
9.276439365608754883e+01
6.909335147368054777e+02
6.909335147368054777e+02
6.909335147368054777e+02
7.486497428018014944e+02
5.704855878700749372e+02
7.449723575109162539e+02
6.695083458937543810e+02
6.695083458937543810e+02
6.151040357095176887e+02
8.072026496752735056e+02
6.209435154340185363e+02
6.695083458937543810e+02
2.708497711873673097e+02
2.708497711873673097e+02
2.708497711873673097e+02
2.825746666823123405e+02
9.094478994018986668e+02
2.509462294824115247e+02
8.505240132707042449e+02
8.505240132707042449e+02
8.426166293776457223e+02
2.618095147000177008e+02
9.179824493034568604e+02
8.505240132707042449e+02
2.546104894103893344e+02
2.546104894103893344e+02
2.546104894103893344e+02
2.479704990773289808e+02
4.788544977030696970e+01
4.652790766854242293e+02
8.173665124936171367e+01
8.173665124936171367e+01
8.750659844136630738e+01
4.531450574683808554e+02
4.472801340137769444e+01
8.173665124936171367e+01
2.135081608351202362e+02
2.135081608351202362e+02
2.135081608351202362e+02
2.967459754481920982e+02
3.190292365666801970e+02
4.726963056089668385e+02
9.525284156596492267e+02
9.525284156596492267e+02
7.063146481917189021e+02
6.569806313259027775e+02
4.302394322897892494e+02
9.525284156596492267e+02
4.326516731859312586e+02
4.326516731859312586e+02
4.326516731859312586e+02
4.069411442243639385e+02
6.567606328446760244e+01
1.528142005789709970e+02
1.973328356251640159e+01
1.973328356251640159e+01
2.319703292509115755e+01
1.437331449094233449e+02
5.586940296404647910e+01
1.973328356251640159e+01
9.641043155596042880e+02
9.641043155596042880e+02
9.641043155596042880e+02
8.088263186902800044e+02
3.301387457787409403e+02
6.107016556643227432e+02
1.608359936092838325e+02
1.608359936092838325e+02
2.091228878370842779e+02
5.123424550613324300e+02
2.539090472373943896e+02
1.608359936092838325e+02
6.611917679145021509e+01
6.611917679145021509e+01
6.611917679145021509e+01
6.938936770516869501e+01
3.318754601204990422e+02
1.231178278279264049e+02
6.274909709472124177e+02
6.274909709472124177e+02
6.179717858301130491e+02
1.292071172204661877e+02
3.369876416361419729e+02
6.274909709472124177e+02
3.468632976959310099e+02
3.468632976959310099e+02
3.468632976959310099e+02
3.707368602661795194e+02
7.721911672221126537e+02
3.053239833702023134e+02
7.082491746438136033e+02
7.082491746438136033e+02
6.797158553979437556e+02
3.263385192683643368e+02
8.046064432793255037e+02
7.082491746438136033e+02
5.229790014327520566e+02
5.229790014327520566e+02
5.229790014327520566e+02
5.206607211955672483e+02
9.586674381815820212e+00
7.215437831416542167e+02
1.300979348275718017e+01
1.300979348275718017e+01
1.322654500898163477e+01
7.183452977566994377e+02
9.429571653759142080e+00
1.300979348275718017e+01
5.752960729188825439e+01
5.752960729188825439e+01
5.752960729188825439e+01
5.888793957229142961e+01
1.820990427646447074e+02
1.088503962489303802e+02
3.498894384851063251e+02
3.498894384851063251e+02
3.445452506031161306e+02
1.114204643220431876e+02
1.849235527410885709e+02
3.498894384851063251e+02
1.006385838821383800e+03
1.006385838821383800e+03
1.006385838821383800e+03
9.991518997747106141e+02
6.070112590531140313e+02
2.511839533986477591e+02
1.498768136853827855e+02
1.498768136853827855e+02
1.515040076329143233e+02
2.493784337477388533e+02
6.004917942399594040e+02
1.498768136853827855e+02
9.753545281631344324e+02
9.753545281631344324e+02
9.753545281631344324e+02
8.587225241285042330e+02
2.822093372738254402e+02
8.999658216656766854e+02
1.955985188672410402e+02
1.955985188672410402e+02
2.603963489867397243e+02
7.923487303284188101e+02
2.119834959132889480e+02
1.955985188672410402e+02
1.132837793924986514e+01
1.132837793924986514e+01
1.132837793924986514e+01
1.216663494533124457e+01
1.569583179827549486e+02
2.935237760116920214e+01
4.155911067737238795e+02
4.155911067737238795e+02
4.066866273159739649e+02
3.152434222852125956e+01
1.603949495912848136e+02
4.155911067737238795e+02
3.142757470409153484e+02
3.142757470409153484e+02
3.142757470409153484e+02
3.151524995982973110e+02
5.432338670704911010e+02
2.804285058878159020e+02
4.862659742783058050e+02
4.862659742783058050e+02
4.847280234780742489e+02
2.812108329111860598e+02
5.449574459025528768e+02
4.862659742783058050e+02
2.428797038696687594e+02
2.428797038696687594e+02
2.428797038696687594e+02
2.712166196339479711e+02
1.289044757728655100e+02
1.993305652319346848e+02
1.226518266302516906e+02
1.226518266302516906e+02
1.057914745750819918e+02
2.225865777608962901e+02
1.494484265188693826e+02
1.226518266302516906e+02
3.242773933709165846e+01
3.242773933709165846e+01
3.242773933709165846e+01
3.284475796275356885e+01
2.105470935753727986e+02
4.785601241105483439e+01
3.120228127157016047e+02
3.120228127157016047e+02
3.107199123106753973e+02
4.847143762826971169e+01
2.114299526475720086e+02
3.120228127157016047e+02
1.293192978208987824e+03
1.293192978208987824e+03
1.293192978208987824e+03
1.300864428393057779e+03
3.515119565750725883e+02
9.647796819865779980e+02
2.666265483805670442e+02
2.666265483805670442e+02
2.622436089535992778e+02
9.705029262306142073e+02
3.573868589975605232e+02
2.666265483805670442e+02
2.827292143927591042e+02
2.827292143927591042e+02
2.827292143927591042e+02
3.228879304468919145e+02
6.745936665764367035e+01
3.885735487938965775e+02
1.179284752647631649e+02
1.179284752647631649e+02
9.271389077301024884e+01
4.437663411117197825e+02
8.580569951205622203e+01
1.179284752647631649e+02
4.958266669647649678e+02
4.958266669647649678e+02
4.958266669647649678e+02
4.118431942618565245e+02
5.449237238461560082e+02
4.229057629499207565e+02
3.887882253419303993e+02
3.887882253419303993e+02
4.647821477481105603e+02
3.512736847157515285e+02
4.558263017788734714e+02
3.887882253419303993e+02
4.005679956821693963e+02
4.005679956821693963e+02
4.005679956821693963e+02
3.999534651545378097e+02
4.258326117579778725e+01
5.256443498626621249e+02
5.558197310910217936e+01
5.558197310910217936e+01
5.587977790802953137e+01
5.248379337157165310e+02
4.235631862149840998e+01
5.558197310910217936e+01
1.748309151131717556e+02
1.748309151131717556e+02
1.748309151131717556e+02
1.545658578570779014e+02
9.218934232891718921e+02
7.774444991391573012e+01
3.882869786046686613e+02
3.882869786046686613e+02
4.099509347444553669e+02
6.873291023382444109e+01
8.731757427205344584e+02
3.882869786046686613e+02
9.460354767686699233e+02
9.460354767686699233e+02
9.460354767686699233e+02
8.922267077663404962e+02
5.187987535503320942e+02
7.129650120225396677e+02
3.589903413907143772e+02
3.589903413907143772e+02
3.909846603487760603e+02
6.724128651097184957e+02
4.763453928959078212e+02
3.589903413907143772e+02
5.503974650092337662e+00
5.503974650092337662e+00
5.503974650092337662e+00
1.083584759814414156e+01
1.189058118977763741e+02
1.263937966012751346e+01
3.855356355101291683e+02
3.855356355101291683e+02
2.730564357425753883e+02
2.488354333716398159e+01
1.678862746127512366e+02
3.855356355101291683e+02
3.764793984531720525e+02
3.764793984531720525e+02
3.764793984531720525e+02
3.589917739290759187e+02
2.623417550447100055e+01
1.946563625330176421e+02
1.213914636247075940e+01
1.213914636247075940e+01
1.356421944662744394e+01
1.856144935936016509e+02
2.347798171509968768e+01
1.213914636247075940e+01
4.562413659632024121e+01
4.562413659632024121e+01
4.562413659632024121e+01
4.885656197962768488e+01
9.363327479978939039e+01
4.646152364833471324e+02
1.005696640197754846e+03
1.005696640197754846e+03
9.535182330951361109e+02
4.975327708395217883e+02
9.875707313031102785e+01
1.005696640197754846e+03
3.589314032942342436e+01
3.589314032942342436e+01
3.589314032942342436e+01
3.226457171464418394e+01
3.349239015582597290e+02
4.894761980415840696e+01
4.391952256039203348e+02
4.391952256039203348e+02
4.567370713829769215e+02
4.399932619263732647e+01
3.220605195449161897e+02
4.391952256039203348e+02
7.379375240740223489e+02
7.379375240740223489e+02
7.379375240740223489e+02
7.774063941941989242e+02
3.824249030285167805e+02
3.986951075225873637e+02
2.244232909895149248e+02
2.244232909895149248e+02
2.066176781341926869e+02
4.200194675164833029e+02
4.153809880598154791e+02
2.244232909895149248e+02
7.457926823274414119e+02
7.457926823274414119e+02
7.457926823274414119e+02
8.029122230734662935e+02
4.915436635482183760e+02
9.737728818244603417e+02
6.977701716990845853e+02
6.977701716990845853e+02
6.418028778482286043e+02
1.048353205711743158e+03
5.344078662619288025e+02
6.977701716990845853e+02
1.521021014341801560e+02
1.521021014341801560e+02
1.521021014341801560e+02
1.492991991364947353e+02
1.907430507321802793e+02
1.496707866218519598e+02
1.852473612458838659e+02
1.852473612458838659e+02
1.876940698159337160e+02
1.469126880304244764e+02
1.882565968055242820e+02
1.852473612458838659e+02
3.390808347792846007e+02
3.390808347792846007e+02
3.390808347792846007e+02
3.525922656661221595e+02
7.881423694156711690e+01
1.369968818903717249e+02
3.570774971521062469e+01
3.570774971521062469e+01
3.184286341807507981e+01
1.424558276977302853e+02
8.838021285194177779e+01
3.570774971521062469e+01
4.301809507958977292e+02
4.301809507958977292e+02
4.301809507958977292e+02
2.743919707324763522e+02
8.897946093552575348e+02
4.247735961907962974e+02
6.280276396527492579e+02
6.280276396527492579e+02
8.786099323731884851e+02
2.709428763832309528e+02
6.360224118793209982e+02
6.280276396527492579e+02
4.493669220075180988e+02
4.493669220075180988e+02
4.493669220075180988e+02
5.330749552275846099e+02
5.200316714633601123e+02
2.123188823334231756e+02
2.893475311091299318e+02
2.893475311091299318e+02
2.457068775107467218e+02
2.518696262471379441e+02
6.123958830981281380e+02
2.893475311091299318e+02
6.976065629593423134e-01
6.976065629593423134e-01
6.976065629593423134e-01
3.419647062182281649e-01
4.173137188175108925e+00
6.956949821241109611e-01
2.106153963582559463e+00
2.106153963582559463e+00
4.161701961651628423e+00
3.410276548579896927e-01
2.111941102567720385e+00
2.106153963582559463e+00
5.933511899073979521e+02
5.933511899073979521e+02
5.933511899073979521e+02
5.966567685994674548e+02
4.141919953793279774e+02
5.287606933836259486e+02
3.715807468324074421e+02
3.715807468324074421e+02
3.691042512359344414e+02
5.317064363280792350e+02
4.169710060496643109e+02
3.715807468324074421e+02
7.349448328522460372e+01
7.349448328522460372e+01
7.349448328522460372e+01
7.835040804059691766e+01
1.938321529077925902e+02
1.547478339346564269e+02
4.188373144722909274e+02
4.188373144722909274e+02
4.081273106304329872e+02
1.649723270401764808e+02
1.989186615737072259e+02
4.188373144722909274e+02
1.472425034091959617e+02
1.472425034091959617e+02
1.472425034091959617e+02
1.311191787968212452e+02
9.811294500649339057e+01
3.133569952771149474e+02
1.751417376884104158e+02
1.751417376884104158e+02
2.088009707331793834e+02
2.790438286477044585e+02
8.229689554519939065e+01
1.751417376884104158e+02
6.717258542696613404e+02
6.717258542696613404e+02
6.717258542696613404e+02
7.678253358546556910e+02
5.936796276239019790e+02
2.886791981037184200e+02
2.939641293858295512e+02
2.939641293858295512e+02
2.551382498434866477e+02
3.299786673824494869e+02
6.840233284332030053e+02
2.939641293858295512e+02
6.752094643465065360e+01
6.752094643465065360e+01
6.752094643465065360e+01
6.344074839032408875e+01
7.180997609259603678e+02
4.966109842031763577e+01
5.208388225727203462e+02
5.208388225727203462e+02
5.281564430893362214e+02
4.666014645869488930e+01
7.081504710663274409e+02
5.208388225727203462e+02
7.175134002572701775e+02
7.175134002572701775e+02
7.175134002572701775e+02
6.852459238419046414e+02
9.193702909134124468e+01
1.242461168697061794e+03
1.401036781866120577e+02
1.401036781866120577e+02
1.592000770583604492e+02
1.186586133549893020e+03
8.090898054354947533e+01
1.401036781866120577e+02
6.127863826120533304e+02
6.127863826120533304e+02
6.127863826120533304e+02
5.694300805692685117e+02
2.774253041460706299e+02
4.453766539960420232e+02
1.773674751610678300e+02
1.773674751610678300e+02
2.016343006313746002e+02
4.138650452505163457e+02
2.440369797603935353e+02
1.773674751610678300e+02
2.277541151647809272e+02
2.277541151647809272e+02
2.277541151647809272e+02
2.395007253493078565e+02
3.954526983059387248e+02
4.187316977667564402e+02
7.487743255975475449e+02
7.487743255975475449e+02
7.270497818592077692e+02
4.403281375150027657e+02
4.072689860693751598e+02
7.487743255975475449e+02
1.954807203130676214e+02
1.954807203130676214e+02
1.954807203130676214e+02
1.933432842113924153e+02
1.598851832125027670e+02
8.782981657863700775e+02
7.094470070129516444e+02
7.094470070129516444e+02
7.183668186154692421e+02
8.686946294141865792e+02
1.578999220961301830e+02
7.094470070129516444e+02
1.246946611780959131e+02
1.246946611780959131e+02
1.246946611780959131e+02
1.216041992070534832e+02
7.092761263285260043e+01
1.847620620002428282e+01
1.024086055879687507e+01
1.024086055879687507e+01
1.050945713231732093e+01
1.801828753621909840e+01
6.911487259487417134e+01
1.024086055879687507e+01
2.433423322092237484e+01
2.433423322092237484e+01
2.433423322092237484e+01
3.021479871451810695e+01
1.025671088086537111e+03
2.837275539608842223e+01
1.262827100689997906e+03
1.262827100689997906e+03
1.195892002633486754e+03
3.522926263943215019e+01
1.083078775991145903e+03
1.262827100689997906e+03
3.676113207846937030e+02
3.676113207846937030e+02
3.676113207846937030e+02
3.195321341941316291e+02
1.701799756331465474e+01
5.009766352928793935e+02
1.594779044962379899e+01
1.594779044962379899e+01
2.319193854121039777e+01
4.354548524643645351e+02
1.170231882641864019e+01
1.594779044962379899e+01
1.396754214828692398e+02
1.396754214828692398e+02
1.396754214828692398e+02
2.068381770545933023e+02
1.736298690555469193e+02
9.859400998149848760e+01
1.734352810054534757e+02
1.734352810054534757e+02
1.225617568288379431e+02
1.460028190827880223e+02
2.457009911553695360e+02
1.734352810054534757e+02
3.963576535889408774e+02
3.963576535889408774e+02
3.963576535889408774e+02
3.946332496809559984e+02
3.845578065481746535e+02
4.084122374205072674e+02
3.944776092105738599e+02
3.944776092105738599e+02
3.962535169126476831e+02
4.066353885268384261e+02
3.828343160518315926e+02
3.944776092105738599e+02
