1.214930185242127862e+02
1.068308391751426711e+02
1.364279077858713265e+02
1.016782094004488215e+02
1.558782782196642402e-02
1.209674271240652530e+02
1.738023371382376586e-02
1.360971507106984064e-02
1.532548755249235617e-02
9.996698387509594852e+01
1.534963923052257671e-02
1.528323509905125249e-02
8.264531387201799362e+00
2.344933868260067555e+01
9.191969496328725953e+00
8.382227011835151842e+00
4.345160262872141743e+01
8.837276007630329389e+00
5.415269227272239050e+01
1.381471970925160235e+02
1.465433215612059143e+02
2.826959914206805990e+01
1.436116170050069343e+02
1.535641209301579977e+02
6.941374172764155048e+01
7.770496696628995892e+01
6.131819849574899450e+01
1.011540821520018625e+02
6.086857220618542641e+01
5.949853610198655218e+01
6.718774928781998312e+01
8.514310542426271411e+01
5.159588660067142740e+01
8.574432359330624820e+01
8.774986895876017456e+01
7.521549215244664310e+01
8.923648736714062579e+01
3.315739775557656088e+01
8.254649478635614912e+01
6.063556644056809120e+01
9.929614561247986160e+01
9.234522170201425695e+01
6.460426859676897493e+01
2.595033788067322433e+01
3.531223618589655189e+01
2.156355042995599547e+01
2.319284102884318699e+01
2.400081076585212614e+01
7.964274930804523933e+01
3.982162747309843098e+01
6.926133944999538983e+01
8.785847289897560586e+01
1.420491159371229060e+02
7.382542045043223311e+01
1.505381635258943618e+02
8.655152666720391608e+01
5.724504803200230896e+01
3.540650336286844890e+01
8.118615794832184918e+01
7.525609421276729449e+01
3.205828324695701070e+01
8.295836890297438515e+01
3.411007492808257524e+01
3.308542246567854050e+01
2.028549520744284251e+01
3.878752266326297615e+01
2.695559276699285434e+01
6.555810895981059616e+01
6.757419284837918383e+01
1.102127749558493548e+02
5.764984799262621351e+01
6.975092110585509886e+01
6.476839865101903237e-01
1.196183902300133717e+00
6.681308011768412047e-01
6.161297360291320135e-01
2.235113808907136246e+01
7.541885604063714998e-01
2.322469567593427087e+01
4.158019216362846038e+01
4.958190990800372333e+01
1.366771076340649094e+00
3.683339463203851949e+01
4.289024501299731895e+01
9.896032439575223805e+01
3.776163437579320714e+01
8.951673795022534819e+01
1.259659579818829229e+02
9.851293873512710775e+01
7.880703487519755868e+01
9.033416638766809115e+01
3.810645741659985930e+01
2.705743474292720308e+01
3.459764505745875596e+01
4.325083479419064503e+01
3.444279378447041040e+01
1.055303457698483953e+02
4.984005533853173375e+01
1.010247568089568375e+02
1.372925107140016507e+02
1.316621552653355707e+02
1.182480933470788784e+02
1.837924794373532791e+02
9.067309474732137176e+01
6.669332343680709130e+01
6.954537394627449487e+01
7.745779185986887683e+01
8.679243998953440098e+01
1.084158622300193642e+01
2.219449933074245607e+01
1.802404193879704053e+01
1.146172286601142432e+01
1.094486991793180941e+01
8.763168082594308572e+00
1.554866857920952583e+01
1.914636658897135035e+01
2.999499440137650552e+01
3.141145721913766664e+01
