2.608570817612228865e+01
2.608570817612228865e+01
2.608570817612228865e+01
2.669833003141196315e+01
3.346855091779774027e-03
2.685342264449610639e+01
4.201842967323748783e-03
4.201842967323748783e-03
3.445354586605138894e-03
2.748407424460898341e+01
4.081716170730451468e-03
4.201842967323748783e-03
9.902980497419850536e+00
9.902980497419850536e+00
9.902980497419850536e+00
9.467406224715540830e+00
5.206591314786646763e+01
8.191773868946661707e+00
4.254153451384536311e+01
4.254153451384536311e+01
4.306907267954971275e+01
7.831465581350389726e+00
5.142817579693460317e+01
4.254153451384536311e+01
3.726313457168123477e+01
3.726313457168123477e+01
3.726313457168123477e+01
3.420594901181559777e+01
3.267586130430384372e+01
5.402283450012146204e+01
4.350123123895256327e+01
4.350123123895256327e+01
4.737236058323597376e+01
4.959063008588796606e+01
3.000568645999624451e+01
4.350123123895256327e+01
1.787749287202584014e+01
1.787749287202584014e+01
1.787749287202584014e+01
1.973190693032435306e+01
1.989282845819874979e+01
1.528598489974956820e+01
1.877852665650285502e+01
1.877852665650285502e+01
1.700917894931184904e+01
1.687158448554999879e+01
2.196214235788477254e+01
1.877852665650285502e+01
1.431824412181765815e+01
1.431824412181765815e+01
1.431824412181765815e+01
1.110471177372743767e+01
2.553771607518636699e+01
1.890888360677972102e+01
3.117037678496292941e+01
3.117037678496292941e+01
3.372548314865476016e+01
1.466504556213646104e+01
2.360293042451833401e+01
3.117037678496292941e+01
3.298788729241012163e+01
3.298788729241012163e+01
3.298788729241012163e+01
3.285723297844143076e+01
2.087372004355125554e+01
1.184092100731034769e+01
7.464143476281174472e+00
7.464143476281174472e+00
7.492570469078474460e+00
1.179402296266583683e+01
2.079452464702082537e+01
7.464143476281174472e+00
4.661531818265643445e-01
4.661531818265643445e-01
4.661531818265643445e-01
6.869369329322176920e-01
1.608663230012033196e+01
2.996365198840586497e-01
1.385624984524628722e+01
1.385624984524628722e+01
1.034025446351219912e+01
4.415531202792900012e-01
2.155656779101790832e+01
1.385624984524628722e+01
1.565758169746647788e+01
1.565758169746647788e+01
1.565758169746647788e+01
1.514882070470188502e+01
1.558679598031887714e+01
4.940503402428936397e+01
4.758577802352253627e+01
4.758577802352253627e+01
4.918168083784699007e+01
4.779971880745527102e+01
1.508101799250863451e+01
4.758577802352253627e+01
3.149504043479681314e+01
3.149504043479681314e+01
3.149504043479681314e+01
2.901068045229545334e+01
3.929395733107713085e+01
2.135336681458916530e+01
2.454684932874580738e+01
2.454684932874580738e+01
2.664096546325701453e+01
1.966899209166526319e+01
3.620525132493438747e+01
2.454684932874580738e+01
1.416354858383700410e+01
1.416354858383700410e+01
1.416354858383700410e+01
1.409694457940869761e+01
1.429847935881473120e+01
2.942524338347032398e+01
2.956573008980808481e+01
2.956573008980808481e+01
2.970556655743611429e+01
2.928687134845268503e+01
