2.423035872054341411e+01 7.477165060981388933e+01 5.371048631481819484e+02 4.873470663812308885e+02 1.102225221246536790e+01
3.181186588128875670e+01 7.477165060981388933e+01 5.371048631481819484e+02 4.873470663812308885e+02 1.102225221246536790e+01
2.423035872054341411e+01 6.408669860732064194e+01 5.371048631481819484e+02 4.873470663812308885e+02 1.102225221246536790e+01
2.423035872054341411e+01 7.477165060981388933e+01 8.932639893979229555e+02 4.873470663812308885e+02 1.102225221246536790e+01
2.423035872054341411e+01 7.477165060981388933e+01 5.371048631481819484e+02 3.757692554360351096e+02 1.102225221246536790e+01
2.423035872054341411e+01 7.477165060981388933e+01 5.371048631481819484e+02 4.873470663812308885e+02 2.319281487220022697e+01
2.423035872054341411e+01 6.408669860732064194e+01 8.932639893979229555e+02 3.757692554360351096e+02 2.319281487220022697e+01
3.181186588128875670e+01 7.477165060981388933e+01 8.932639893979229555e+02 3.757692554360351096e+02 2.319281487220022697e+01
3.181186588128875670e+01 6.408669860732064194e+01 5.371048631481819484e+02 3.757692554360351096e+02 2.319281487220022697e+01
3.181186588128875670e+01 6.408669860732064194e+01 8.932639893979229555e+02 4.873470663812308885e+02 2.319281487220022697e+01
3.181186588128875670e+01 6.408669860732064194e+01 8.932639893979229555e+02 3.757692554360351096e+02 1.102225221246536790e+01
3.181186588128875670e+01 6.408669860732064194e+01 8.932639893979229555e+02 3.757692554360351096e+02 2.319281487220022697e+01
2.283424223557021193e+01 6.366510234763294562e+01 8.853448556235281330e+02 3.281522903428750055e+02 1.649540474065512541e+01
2.163885889931166773e+01 6.366510234763294562e+01 8.853448556235281330e+02 3.281522903428750055e+02 1.649540474065512541e+01
2.283424223557021193e+01 5.032088371903838464e+01 8.853448556235281330e+02 3.281522903428750055e+02 1.649540474065512541e+01
2.283424223557021193e+01 6.366510234763294562e+01 6.748080219467453844e+02 3.281522903428750055e+02 1.649540474065512541e+01
2.283424223557021193e+01 6.366510234763294562e+01 8.853448556235281330e+02 5.192090327353763541e+02 1.649540474065512541e+01
2.283424223557021193e+01 6.366510234763294562e+01 8.853448556235281330e+02 3.281522903428750055e+02 2.530350243724001746e+00
2.283424223557021193e+01 5.032088371903838464e+01 6.748080219467453844e+02 5.192090327353763541e+02 2.530350243724001746e+00
2.163885889931166773e+01 6.366510234763294562e+01 6.748080219467453844e+02 5.192090327353763541e+02 2.530350243724001746e+00
2.163885889931166773e+01 5.032088371903838464e+01 8.853448556235281330e+02 5.192090327353763541e+02 2.530350243724001746e+00
2.163885889931166773e+01 5.032088371903838464e+01 6.748080219467453844e+02 3.281522903428750055e+02 2.530350243724001746e+00
2.163885889931166773e+01 5.032088371903838464e+01 6.748080219467453844e+02 5.192090327353763541e+02 1.649540474065512541e+01
2.163885889931166773e+01 5.032088371903838464e+01 6.748080219467453844e+02 5.192090327353763541e+02 2.530350243724001746e+00
1.148695890077735271e+01 6.564301955948715772e+01 7.398862294812798837e+02 6.524288186311813433e+02 1.812639154557657051e+01
1.517723423674289585e+01 6.564301955948715772e+01 7.398862294812798837e+02 6.524288186311813433e+02 1.812639154557657051e+01
1.148695890077735271e+01 7.687248119852266370e+01 7.398862294812798837e+02 6.524288186311813433e+02 1.812639154557657051e+01
1.148695890077735271e+01 6.564301955948715772e+01 5.238026415912365792e+02 6.524288186311813433e+02 1.812639154557657051e+01
1.148695890077735271e+01 6.564301955948715772e+01 7.398862294812798837e+02 7.654321960041228294e+02 1.812639154557657051e+01
1.148695890077735271e+01 6.564301955948715772e+01 7.398862294812798837e+02 6.524288186311813433e+02 1.215158897478967859e+01
1.148695890077735271e+01 7.687248119852266370e+01 5.238026415912365792e+02 7.654321960041228294e+02 1.215158897478967859e+01
1.517723423674289585e+01 6.564301955948715772e+01 5.238026415912365792e+02 7.654321960041228294e+02 1.215158897478967859e+01
1.517723423674289585e+01 7.687248119852266370e+01 7.398862294812798837e+02 7.654321960041228294e+02 1.215158897478967859e+01
1.517723423674289585e+01 7.687248119852266370e+01 5.238026415912365792e+02 6.524288186311813433e+02 1.215158897478967859e+01
1.517723423674289585e+01 7.687248119852266370e+01 5.238026415912365792e+02 7.654321960041228294e+02 1.812639154557657051e+01
1.517723423674289585e+01 7.687248119852266370e+01 5.238026415912365792e+02 7.654321960041228294e+02 1.215158897478967859e+01
3.218427834301546397e+01 5.326689506689984910e+01 1.067575036356124201e+03 8.627886364021401278e+01 9.007291309773790999e+00
2.645135659104524706e+01 5.326689506689984910e+01 1.067575036356124201e+03 8.627886364021401278e+01 9.007291309773790999e+00
3.218427834301546397e+01 6.158185402041766565e+01 1.067575036356124201e+03 8.627886364021401278e+01 9.007291309773790999e+00
3.218427834301546397e+01 5.326689506689984910e+01 1.268456115723176481e+03 8.627886364021401278e+01 9.007291309773790999e+00
3.218427834301546397e+01 5.326689506689984910e+01 1.067575036356124201e+03 2.209046905948985113e+02 9.007291309773790999e+00
3.218427834301546397e+01 5.326689506689984910e+01 1.067575036356124201e+03 8.627886364021401278e+01 1.515347198996975386e+01
3.218427834301546397e+01 6.158185402041766565e+01 1.268456115723176481e+03 2.209046905948985113e+02 1.515347198996975386e+01
2.645135659104524706e+01 5.326689506689984910e+01 1.268456115723176481e+03 2.209046905948985113e+02 1.515347198996975386e+01
2.645135659104524706e+01 6.158185402041766565e+01 1.067575036356124201e+03 2.209046905948985113e+02 1.515347198996975386e+01
2.645135659104524706e+01 6.158185402041766565e+01 1.268456115723176481e+03 8.627886364021401278e+01 1.515347198996975386e+01
2.645135659104524706e+01 6.158185402041766565e+01 1.268456115723176481e+03 2.209046905948985113e+02 9.007291309773790999e+00
2.645135659104524706e+01 6.158185402041766565e+01 1.268456115723176481e+03 2.209046905948985113e+02 1.515347198996975386e+01
2.846823283898831392e+01 7.389523939391068552e+01 8.251604593675014030e+02 2.305326854144865649e+02 1.547390762375896456e+00
2.978833337502889833e+01 7.389523939391068552e+01 8.251604593675014030e+02 2.305326854144865649e+02 1.547390762375896456e+00
2.846823283898831392e+01 8.931451229620516585e+01 8.251604593675014030e+02 2.305326854144865649e+02 1.547390762375896456e+00
2.846823283898831392e+01 7.389523939391068552e+01 6.289343950175982627e+02 2.305326854144865649e+02 1.547390762375896456e+00
2.846823283898831392e+01 7.389523939391068552e+01 8.251604593675014030e+02 7.877641970815715240e+02 1.547390762375896456e+00
2.846823283898831392e+01 7.389523939391068552e+01 8.251604593675014030e+02 2.305326854144865649e+02 7.228267575112446330e+00
2.846823283898831392e+01 8.931451229620516585e+01 6.289343950175982627e+02 7.877641970815715240e+02 7.228267575112446330e+00
2.978833337502889833e+01 7.389523939391068552e+01 6.289343950175982627e+02 7.877641970815715240e+02 7.228267575112446330e+00
2.978833337502889833e+01 8.931451229620516585e+01 8.251604593675014030e+02 7.877641970815715240e+02 7.228267575112446330e+00
2.978833337502889833e+01 8.931451229620516585e+01 6.289343950175982627e+02 2.305326854144865649e+02 7.228267575112446330e+00
2.978833337502889833e+01 8.931451229620516585e+01 6.289343950175982627e+02 7.877641970815715240e+02 1.547390762375896456e+00
2.978833337502889833e+01 8.931451229620516585e+01 6.289343950175982627e+02 7.877641970815715240e+02 7.228267575112446330e+00
1.696181342463856367e+01 3.983935700063105401e+01 6.396359669596545245e+02 8.204958136624264853e+02 1.954675666689298197e+01
2.042708990522854151e+01 3.983935700063105401e+01 6.396359669596545245e+02 8.204958136624264853e+02 1.954675666689298197e+01
1.696181342463856367e+01 5.770608735812388801e+01 6.396359669596545245e+02 8.204958136624264853e+02 1.954675666689298197e+01
1.696181342463856367e+01 3.983935700063105401e+01 1.025619255246301691e+03 8.204958136624264853e+02 1.954675666689298197e+01
1.696181342463856367e+01 3.983935700063105401e+01 6.396359669596545245e+02 1.798447177430125237e+02 1.954675666689298197e+01
1.696181342463856367e+01 3.983935700063105401e+01 6.396359669596545245e+02 8.204958136624264853e+02 1.864006164978319546e+01
1.696181342463856367e+01 5.770608735812388801e+01 1.025619255246301691e+03 1.798447177430125237e+02 1.864006164978319546e+01
2.042708990522854151e+01 3.983935700063105401e+01 1.025619255246301691e+03 1.798447177430125237e+02 1.864006164978319546e+01
2.042708990522854151e+01 5.770608735812388801e+01 6.396359669596545245e+02 1.798447177430125237e+02 1.864006164978319546e+01
2.042708990522854151e+01 5.770608735812388801e+01 1.025619255246301691e+03 8.204958136624264853e+02 1.864006164978319546e+01
2.042708990522854151e+01 5.770608735812388801e+01 1.025619255246301691e+03 1.798447177430125237e+02 1.954675666689298197e+01
2.042708990522854151e+01 5.770608735812388801e+01 1.025619255246301691e+03 1.798447177430125237e+02 1.864006164978319546e+01
2.057124453598493119e+01 9.015486071176394489e+01 9.945353095662283067e+02 4.322842559657201491e+02 1.403933099968607223e+01
1.269980817875714507e+01 9.015486071176394489e+01 9.945353095662283067e+02 4.322842559657201491e+02 1.403933099968607223e+01
2.057124453598493119e+01 7.422503181853095100e+01 9.945353095662283067e+02 4.322842559657201491e+02 1.403933099968607223e+01
2.057124453598493119e+01 9.015486071176394489e+01 8.385199365878391973e+02 4.322842559657201491e+02 1.403933099968607223e+01
2.057124453598493119e+01 9.015486071176394489e+01 9.945353095662283067e+02 3.483686083646441602e+02 1.403933099968607223e+01
2.057124453598493119e+01 9.015486071176394489e+01 9.945353095662283067e+02 4.322842559657201491e+02 1.704603370076178237e+01
2.057124453598493119e+01 7.422503181853095100e+01 8.385199365878391973e+02 3.483686083646441602e+02 1.704603370076178237e+01
1.269980817875714507e+01 9.015486071176394489e+01 8.385199365878391973e+02 3.483686083646441602e+02 1.704603370076178237e+01
1.269980817875714507e+01 7.422503181853095100e+01 9.945353095662283067e+02 3.483686083646441602e+02 1.704603370076178237e+01
1.269980817875714507e+01 7.422503181853095100e+01 8.385199365878391973e+02 4.322842559657201491e+02 1.704603370076178237e+01
1.269980817875714507e+01 7.422503181853095100e+01 8.385199365878391973e+02 3.483686083646441602e+02 1.403933099968607223e+01
1.269980817875714507e+01 7.422503181853095100e+01 8.385199365878391973e+02 3.483686083646441602e+02 1.704603370076178237e+01
2.624156353571017419e+01 5.654648273442619910e+01 7.836859723444372321e+02 6.244116487717241171e+02 1.245638250208220654e+01
2.529117060970397901e+01 5.654648273442619910e+01 7.836859723444372321e+02 6.244116487717241171e+02 1.245638250208220654e+01
2.624156353571017419e+01 4.819564665997646102e+01 7.836859723444372321e+02 6.244116487717241171e+02 1.245638250208220654e+01
2.624156353571017419e+01 5.654648273442619910e+01 7.561469216249452074e+02 6.244116487717241171e+02 1.245638250208220654e+01
2.624156353571017419e+01 5.654648273442619910e+01 7.836859723444372321e+02 5.287649132401189718e+02 1.245638250208220654e+01
2.624156353571017419e+01 5.654648273442619910e+01 7.836859723444372321e+02 6.244116487717241171e+02 1.016457128443687452e+01
2.624156353571017419e+01 4.819564665997646102e+01 7.561469216249452074e+02 5.287649132401189718e+02 1.016457128443687452e+01
2.529117060970397901e+01 5.654648273442619910e+01 7.561469216249452074e+02 5.287649132401189718e+02 1.016457128443687452e+01
2.529117060970397901e+01 4.819564665997646102e+01 7.836859723444372321e+02 5.287649132401189718e+02 1.016457128443687452e+01
2.529117060970397901e+01 4.819564665997646102e+01 7.561469216249452074e+02 6.244116487717241171e+02 1.016457128443687452e+01
2.529117060970397901e+01 4.819564665997646102e+01 7.561469216249452074e+02 5.287649132401189718e+02 1.245638250208220654e+01
2.529117060970397901e+01 4.819564665997646102e+01 7.561469216249452074e+02 5.287649132401189718e+02 1.016457128443687452e+01
2.683676399113740274e+01 6.778784824361619599e+01 1.020165025454929946e+03 9.659668761443829226e+02 1.583494806037282032e+01
2.682996856650360229e+01 6.778784824361619599e+01 1.020165025454929946e+03 9.659668761443829226e+02 1.583494806037282032e+01
2.683676399113740274e+01 8.301537661562790049e+01 1.020165025454929946e+03 9.659668761443829226e+02 1.583494806037282032e+01
2.683676399113740274e+01 6.778784824361619599e+01 6.212576146209157741e+02 9.659668761443829226e+02 1.583494806037282032e+01
2.683676399113740274e+01 6.778784824361619599e+01 1.020165025454929946e+03 9.535095892796850876e+02 1.583494806037282032e+01
2.683676399113740274e+01 6.778784824361619599e+01 1.020165025454929946e+03 9.659668761443829226e+02 1.466400324542656364e+01
2.683676399113740274e+01 8.301537661562790049e+01 6.212576146209157741e+02 9.535095892796850876e+02 1.466400324542656364e+01
2.682996856650360229e+01 6.778784824361619599e+01 6.212576146209157741e+02 9.535095892796850876e+02 1.466400324542656364e+01
2.682996856650360229e+01 8.301537661562790049e+01 1.020165025454929946e+03 9.535095892796850876e+02 1.466400324542656364e+01
2.682996856650360229e+01 8.301537661562790049e+01 6.212576146209157741e+02 9.659668761443829226e+02 1.466400324542656364e+01
2.682996856650360229e+01 8.301537661562790049e+01 6.212576146209157741e+02 9.535095892796850876e+02 1.583494806037282032e+01
2.682996856650360229e+01 8.301537661562790049e+01 6.212576146209157741e+02 9.535095892796850876e+02 1.466400324542656364e+01
1.837969069090690510e+01 5.063463648988474830e+01 7.675524432026790009e+02 2.751404238791141097e+02 1.004361305824686923e+01
1.743198034166106680e+01 5.063463648988474830e+01 7.675524432026790009e+02 2.751404238791141097e+02 1.004361305824686923e+01
1.837969069090690510e+01 5.613571763034717321e+01 7.675524432026790009e+02 2.751404238791141097e+02 1.004361305824686923e+01
1.837969069090690510e+01 5.063463648988474830e+01 9.679367152675729358e+02 2.751404238791141097e+02 1.004361305824686923e+01
1.837969069090690510e+01 5.063463648988474830e+01 7.675524432026790009e+02 6.675962261623399741e+01 1.004361305824686923e+01
1.837969069090690510e+01 5.063463648988474830e+01 7.675524432026790009e+02 2.751404238791141097e+02 1.320512676885870462e+01
1.837969069090690510e+01 5.613571763034717321e+01 9.679367152675729358e+02 6.675962261623399741e+01 1.320512676885870462e+01
1.743198034166106680e+01 5.063463648988474830e+01 9.679367152675729358e+02 6.675962261623399741e+01 1.320512676885870462e+01
1.743198034166106680e+01 5.613571763034717321e+01 7.675524432026790009e+02 6.675962261623399741e+01 1.320512676885870462e+01
1.743198034166106680e+01 5.613571763034717321e+01 9.679367152675729358e+02 2.751404238791141097e+02 1.320512676885870462e+01
1.743198034166106680e+01 5.613571763034717321e+01 9.679367152675729358e+02 6.675962261623399741e+01 1.004361305824686923e+01
1.743198034166106680e+01 5.613571763034717321e+01 9.679367152675729358e+02 6.675962261623399741e+01 1.320512676885870462e+01
1.600978256565630886e+01 7.868683241358471037e+01 8.412281325048355711e+02 5.680776083530168989e+02 7.534172115120365554e+00
2.252279414110212841e+01 7.868683241358471037e+01 8.412281325048355711e+02 5.680776083530168989e+02 7.534172115120365554e+00
1.600978256565630886e+01 7.041310895454901697e+01 8.412281325048355711e+02 5.680776083530168989e+02 7.534172115120365554e+00
1.600978256565630886e+01 7.868683241358471037e+01 8.436871271560460173e+02 5.680776083530168989e+02 7.534172115120365554e+00
1.600978256565630886e+01 7.868683241358471037e+01 8.412281325048355711e+02 2.911661999663493248e+02 7.534172115120365554e+00
1.600978256565630886e+01 7.868683241358471037e+01 8.412281325048355711e+02 5.680776083530168989e+02 5.202878154477463823e+00
1.600978256565630886e+01 7.041310895454901697e+01 8.436871271560460173e+02 2.911661999663493248e+02 5.202878154477463823e+00
2.252279414110212841e+01 7.868683241358471037e+01 8.436871271560460173e+02 2.911661999663493248e+02 5.202878154477463823e+00
2.252279414110212841e+01 7.041310895454901697e+01 8.412281325048355711e+02 2.911661999663493248e+02 5.202878154477463823e+00
2.252279414110212841e+01 7.041310895454901697e+01 8.436871271560460173e+02 5.680776083530168989e+02 5.202878154477463823e+00
2.252279414110212841e+01 7.041310895454901697e+01 8.436871271560460173e+02 2.911661999663493248e+02 7.534172115120365554e+00
2.252279414110212841e+01 7.041310895454901697e+01 8.436871271560460173e+02 2.911661999663493248e+02 5.202878154477463823e+00
3.094763376153589718e+01 6.123868851327053164e+01 6.154741949434289836e+02 3.911081804383468352e+02 1.716760260977024188e+01
3.789528311322425935e+01 6.123868851327053164e+01 6.154741949434289836e+02 3.911081804383468352e+02 1.716760260977024188e+01
3.094763376153589718e+01 4.380660049734289885e+01 6.154741949434289836e+02 3.911081804383468352e+02 1.716760260977024188e+01
3.094763376153589718e+01 6.123868851327053164e+01 7.931716797474108489e+02 3.911081804383468352e+02 1.716760260977024188e+01
3.094763376153589718e+01 6.123868851327053164e+01 6.154741949434289836e+02 6.145413236946747020e+02 1.716760260977024188e+01
3.094763376153589718e+01 6.123868851327053164e+01 6.154741949434289836e+02 3.911081804383468352e+02 1.988596060894394668e+01
3.094763376153589718e+01 4.380660049734289885e+01 7.931716797474108489e+02 6.145413236946747020e+02 1.988596060894394668e+01
3.789528311322425935e+01 6.123868851327053164e+01 7.931716797474108489e+02 6.145413236946747020e+02 1.988596060894394668e+01
3.789528311322425935e+01 4.380660049734289885e+01 6.154741949434289836e+02 6.145413236946747020e+02 1.988596060894394668e+01
3.789528311322425935e+01 4.380660049734289885e+01 7.931716797474108489e+02 3.911081804383468352e+02 1.988596060894394668e+01
3.789528311322425935e+01 4.380660049734289885e+01 7.931716797474108489e+02 6.145413236946747020e+02 1.716760260977024188e+01
3.789528311322425935e+01 4.380660049734289885e+01 7.931716797474108489e+02 6.145413236946747020e+02 1.988596060894394668e+01
3.775080035413973434e+01 8.325900880683285266e+01 6.837238966583704496e+02 2.899095323820088197e+02 2.130406738326231064e+01
2.335681839006574734e+01 8.325900880683285266e+01 6.837238966583704496e+02 2.899095323820088197e+02 2.130406738326231064e+01
3.775080035413973434e+01 6.724395732457440999e+01 6.837238966583704496e+02 2.899095323820088197e+02 2.130406738326231064e+01
3.775080035413973434e+01 8.325900880683285266e+01 9.233888005615402790e+02 2.899095323820088197e+02 2.130406738326231064e+01
3.775080035413973434e+01 8.325900880683285266e+01 6.837238966583704496e+02 4.290326693979406514e+02 2.130406738326231064e+01
3.775080035413973434e+01 8.325900880683285266e+01 6.837238966583704496e+02 2.899095323820088197e+02 1.113687898043497171e+01
3.775080035413973434e+01 6.724395732457440999e+01 9.233888005615402790e+02 4.290326693979406514e+02 1.113687898043497171e+01
2.335681839006574734e+01 8.325900880683285266e+01 9.233888005615402790e+02 4.290326693979406514e+02 1.113687898043497171e+01
2.335681839006574734e+01 6.724395732457440999e+01 6.837238966583704496e+02 4.290326693979406514e+02 1.113687898043497171e+01
2.335681839006574734e+01 6.724395732457440999e+01 9.233888005615402790e+02 2.899095323820088197e+02 1.113687898043497171e+01
2.335681839006574734e+01 6.724395732457440999e+01 9.233888005615402790e+02 4.290326693979406514e+02 2.130406738326231064e+01
2.335681839006574734e+01 6.724395732457440999e+01 9.233888005615402790e+02 4.290326693979406514e+02 1.113687898043497171e+01
9.983786363983384149e+00 5.905888501702717264e+01 1.206765667728275275e+03 4.400544192303690352e+02 5.246284594027246229e+00
1.020957263079909261e+01 5.905888501702717264e+01 1.206765667728275275e+03 4.400544192303690352e+02 5.246284594027246229e+00
9.983786363983384149e+00 5.310497916384995420e+01 1.206765667728275275e+03 4.400544192303690352e+02 5.246284594027246229e+00
9.983786363983384149e+00 5.905888501702717264e+01 7.419591270649602848e+02 4.400544192303690352e+02 5.246284594027246229e+00
9.983786363983384149e+00 5.905888501702717264e+01 1.206765667728275275e+03 4.570365981466226231e+02 5.246284594027246229e+00
9.983786363983384149e+00 5.905888501702717264e+01 1.206765667728275275e+03 4.400544192303690352e+02 1.595896136207154825e+01
9.983786363983384149e+00 5.310497916384995420e+01 7.419591270649602848e+02 4.570365981466226231e+02 1.595896136207154825e+01
1.020957263079909261e+01 5.905888501702717264e+01 7.419591270649602848e+02 4.570365981466226231e+02 1.595896136207154825e+01
1.020957263079909261e+01 5.310497916384995420e+01 1.206765667728275275e+03 4.570365981466226231e+02 1.595896136207154825e+01
1.020957263079909261e+01 5.310497916384995420e+01 7.419591270649602848e+02 4.400544192303690352e+02 1.595896136207154825e+01
1.020957263079909261e+01 5.310497916384995420e+01 7.419591270649602848e+02 4.570365981466226231e+02 5.246284594027246229e+00
1.020957263079909261e+01 5.310497916384995420e+01 7.419591270649602848e+02 4.570365981466226231e+02 1.595896136207154825e+01
2.110092118970194974e+01 7.130971748699326440e+01 3.324906186923566338e+02 1.694421363266709193e+02 1.323023963930854663e+01
1.860390952940529630e+01 7.130971748699326440e+01 3.324906186923566338e+02 1.694421363266709193e+02 1.323023963930854663e+01
2.110092118970194974e+01 8.089168295428348188e+01 3.324906186923566338e+02 1.694421363266709193e+02 1.323023963930854663e+01
2.110092118970194974e+01 7.130971748699326440e+01 4.537119270776467488e+02 1.694421363266709193e+02 1.323023963930854663e+01
2.110092118970194974e+01 7.130971748699326440e+01 3.324906186923566338e+02 6.498551315269043016e+02 1.323023963930854663e+01
2.110092118970194974e+01 7.130971748699326440e+01 3.324906186923566338e+02 1.694421363266709193e+02 1.799969393037779497e+01
2.110092118970194974e+01 8.089168295428348188e+01 4.537119270776467488e+02 6.498551315269043016e+02 1.799969393037779497e+01
1.860390952940529630e+01 7.130971748699326440e+01 4.537119270776467488e+02 6.498551315269043016e+02 1.799969393037779497e+01
1.860390952940529630e+01 8.089168295428348188e+01 3.324906186923566338e+02 6.498551315269043016e+02 1.799969393037779497e+01
1.860390952940529630e+01 8.089168295428348188e+01 4.537119270776467488e+02 1.694421363266709193e+02 1.799969393037779497e+01
1.860390952940529630e+01 8.089168295428348188e+01 4.537119270776467488e+02 6.498551315269043016e+02 1.323023963930854663e+01
1.860390952940529630e+01 8.089168295428348188e+01 4.537119270776467488e+02 6.498551315269043016e+02 1.799969393037779497e+01
2.491134064115000157e+01 4.558137995679602739e+01 9.441766352145373276e+02 7.210677084219404378e+02 1.473027814865199936e+01
2.943297626637356146e+01 4.558137995679602739e+01 9.441766352145373276e+02 7.210677084219404378e+02 1.473027814865199936e+01
2.491134064115000157e+01 6.310270810668302488e+01 9.441766352145373276e+02 7.210677084219404378e+02 1.473027814865199936e+01
2.491134064115000157e+01 4.558137995679602739e+01 1.065458531989613221e+03 7.210677084219404378e+02 1.473027814865199936e+01
2.491134064115000157e+01 4.558137995679602739e+01 9.441766352145373276e+02 2.866087685717369027e+02 1.473027814865199936e+01
2.491134064115000157e+01 4.558137995679602739e+01 9.441766352145373276e+02 7.210677084219404378e+02 8.883280986293121018e+00
2.491134064115000157e+01 6.310270810668302488e+01 1.065458531989613221e+03 2.866087685717369027e+02 8.883280986293121018e+00
2.943297626637356146e+01 4.558137995679602739e+01 1.065458531989613221e+03 2.866087685717369027e+02 8.883280986293121018e+00
2.943297626637356146e+01 6.310270810668302488e+01 9.441766352145373276e+02 2.866087685717369027e+02 8.883280986293121018e+00
2.943297626637356146e+01 6.310270810668302488e+01 1.065458531989613221e+03 7.210677084219404378e+02 8.883280986293121018e+00
2.943297626637356146e+01 6.310270810668302488e+01 1.065458531989613221e+03 2.866087685717369027e+02 1.473027814865199936e+01
2.943297626637356146e+01 6.310270810668302488e+01 1.065458531989613221e+03 2.866087685717369027e+02 8.883280986293121018e+00
2.543618450802153319e+01 6.889709003457132042e+01 7.527319799313568183e+02 4.112848413294040597e+02 9.594433160430945406e+00
7.751448123943280422e+00 6.889709003457132042e+01 7.527319799313568183e+02 4.112848413294040597e+02 9.594433160430945406e+00
2.543618450802153319e+01 5.156692262128258619e+01 7.527319799313568183e+02 4.112848413294040597e+02 9.594433160430945406e+00
2.543618450802153319e+01 6.889709003457132042e+01 4.371286955661871616e+02 4.112848413294040597e+02 9.594433160430945406e+00
2.543618450802153319e+01 6.889709003457132042e+01 7.527319799313568183e+02 1.413320964574419634e+02 9.594433160430945406e+00
2.543618450802153319e+01 6.889709003457132042e+01 7.527319799313568183e+02 4.112848413294040597e+02 1.831997034635516997e+01
2.543618450802153319e+01 5.156692262128258619e+01 4.371286955661871616e+02 1.413320964574419634e+02 1.831997034635516997e+01
7.751448123943280422e+00 6.889709003457132042e+01 4.371286955661871616e+02 1.413320964574419634e+02 1.831997034635516997e+01
7.751448123943280422e+00 5.156692262128258619e+01 7.527319799313568183e+02 1.413320964574419634e+02 1.831997034635516997e+01
7.751448123943280422e+00 5.156692262128258619e+01 4.371286955661871616e+02 4.112848413294040597e+02 1.831997034635516997e+01
7.751448123943280422e+00 5.156692262128258619e+01 4.371286955661871616e+02 1.413320964574419634e+02 9.594433160430945406e+00
7.751448123943280422e+00 5.156692262128258619e+01 4.371286955661871616e+02 1.413320964574419634e+02 1.831997034635516997e+01
2.168454229571456082e+01 4.916106749515684271e+01 1.029760022515610672e+03 5.973058531350184239e+02 1.861127568388531373e+01
2.387342855859443702e+01 4.916106749515684271e+01 1.029760022515610672e+03 5.973058531350184239e+02 1.861127568388531373e+01
2.168454229571456082e+01 6.608871327894277670e+01 1.029760022515610672e+03 5.973058531350184239e+02 1.861127568388531373e+01
2.168454229571456082e+01 4.916106749515684271e+01 1.105933900955029912e+03 5.973058531350184239e+02 1.861127568388531373e+01
2.168454229571456082e+01 4.916106749515684271e+01 1.029760022515610672e+03 9.126527360487286842e+02 1.861127568388531373e+01
2.168454229571456082e+01 4.916106749515684271e+01 1.029760022515610672e+03 5.973058531350184239e+02 8.451624950326097618e+00
2.168454229571456082e+01 6.608871327894277670e+01 1.105933900955029912e+03 9.126527360487286842e+02 8.451624950326097618e+00
2.387342855859443702e+01 4.916106749515684271e+01 1.105933900955029912e+03 9.126527360487286842e+02 8.451624950326097618e+00
2.387342855859443702e+01 6.608871327894277670e+01 1.029760022515610672e+03 9.126527360487286842e+02 8.451624950326097618e+00
2.387342855859443702e+01 6.608871327894277670e+01 1.105933900955029912e+03 5.973058531350184239e+02 8.451624950326097618e+00
2.387342855859443702e+01 6.608871327894277670e+01 1.105933900955029912e+03 9.126527360487286842e+02 1.861127568388531373e+01
2.387342855859443702e+01 6.608871327894277670e+01 1.105933900955029912e+03 9.126527360487286842e+02 8.451624950326097618e+00
6.917792023398381396e+00 8.516389910974237409e+01 5.764386958286322624e+02 2.076839610100179527e+02 1.705161652002224670e+01
2.858424274309952651e+01 8.516389910974237409e+01 5.764386958286322624e+02 2.076839610100179527e+02 1.705161652002224670e+01
6.917792023398381396e+00 5.986685554003055643e+01 5.764386958286322624e+02 2.076839610100179527e+02 1.705161652002224670e+01
6.917792023398381396e+00 8.516389910974237409e+01 9.405292154626777119e+02 2.076839610100179527e+02 1.705161652002224670e+01
6.917792023398381396e+00 8.516389910974237409e+01 5.764386958286322624e+02 6.007174639248505628e+02 1.705161652002224670e+01
6.917792023398381396e+00 8.516389910974237409e+01 5.764386958286322624e+02 2.076839610100179527e+02 1.051191785915253263e+01
6.917792023398381396e+00 5.986685554003055643e+01 9.405292154626777119e+02 6.007174639248505628e+02 1.051191785915253263e+01
2.858424274309952651e+01 8.516389910974237409e+01 9.405292154626777119e+02 6.007174639248505628e+02 1.051191785915253263e+01
2.858424274309952651e+01 5.986685554003055643e+01 5.764386958286322624e+02 6.007174639248505628e+02 1.051191785915253263e+01
2.858424274309952651e+01 5.986685554003055643e+01 9.405292154626777119e+02 2.076839610100179527e+02 1.051191785915253263e+01
2.858424274309952651e+01 5.986685554003055643e+01 9.405292154626777119e+02 6.007174639248505628e+02 1.705161652002224670e+01
2.858424274309952651e+01 5.986685554003055643e+01 9.405292154626777119e+02 6.007174639248505628e+02 1.051191785915253263e+01
3.515980222621072926e+01 5.823039686968292727e+01 8.717405094873496409e+02 7.737679232898540249e+02 1.172895413486775951e+01
1.938430863323587516e+01 5.823039686968292727e+01 8.717405094873496409e+02 7.737679232898540249e+02 1.172895413486775951e+01
3.515980222621072926e+01 7.543218663463238727e+01 8.717405094873496409e+02 7.737679232898540249e+02 1.172895413486775951e+01
3.515980222621072926e+01 5.823039686968292727e+01 7.113129606808140579e+02 7.737679232898540249e+02 1.172895413486775951e+01
3.515980222621072926e+01 5.823039686968292727e+01 8.717405094873496409e+02 3.173643093514954785e+02 1.172895413486775951e+01
3.515980222621072926e+01 5.823039686968292727e+01 8.717405094873496409e+02 7.737679232898540249e+02 1.639135979420044009e+01
3.515980222621072926e+01 7.543218663463238727e+01 7.113129606808140579e+02 3.173643093514954785e+02 1.639135979420044009e+01
1.938430863323587516e+01 5.823039686968292727e+01 7.113129606808140579e+02 3.173643093514954785e+02 1.639135979420044009e+01
1.938430863323587516e+01 7.543218663463238727e+01 8.717405094873496409e+02 3.173643093514954785e+02 1.639135979420044009e+01
1.938430863323587516e+01 7.543218663463238727e+01 7.113129606808140579e+02 7.737679232898540249e+02 1.639135979420044009e+01
1.938430863323587516e+01 7.543218663463238727e+01 7.113129606808140579e+02 3.173643093514954785e+02 1.172895413486775951e+01
1.938430863323587516e+01 7.543218663463238727e+01 7.113129606808140579e+02 3.173643093514954785e+02 1.639135979420044009e+01
3.001504196324263418e+01 8.126637407298079552e+01 1.153608371676241404e+03 6.852668730331482720e+02 1.274101342533903214e+01
1.661175724538848897e+01 8.126637407298079552e+01 1.153608371676241404e+03 6.852668730331482720e+02 1.274101342533903214e+01
3.001504196324263418e+01 5.955571465228821637e+01 1.153608371676241404e+03 6.852668730331482720e+02 1.274101342533903214e+01
3.001504196324263418e+01 8.126637407298079552e+01 8.667965487179332058e+02 6.852668730331482720e+02 1.274101342533903214e+01
3.001504196324263418e+01 8.126637407298079552e+01 1.153608371676241404e+03 4.677641357969380351e+02 1.274101342533903214e+01
3.001504196324263418e+01 8.126637407298079552e+01 1.153608371676241404e+03 6.852668730331482720e+02 3.686174298485843437e+00
3.001504196324263418e+01 5.955571465228821637e+01 8.667965487179332058e+02 4.677641357969380351e+02 3.686174298485843437e+00
1.661175724538848897e+01 8.126637407298079552e+01 8.667965487179332058e+02 4.677641357969380351e+02 3.686174298485843437e+00
1.661175724538848897e+01 5.955571465228821637e+01 1.153608371676241404e+03 4.677641357969380351e+02 3.686174298485843437e+00
1.661175724538848897e+01 5.955571465228821637e+01 8.667965487179332058e+02 6.852668730331482720e+02 3.686174298485843437e+00
1.661175724538848897e+01 5.955571465228821637e+01 8.667965487179332058e+02 4.677641357969380351e+02 1.274101342533903214e+01
1.661175724538848897e+01 5.955571465228821637e+01 8.667965487179332058e+02 4.677641357969380351e+02 3.686174298485843437e+00
1.497435032053471993e+01 5.995989429613872090e+01 6.920509276573507123e+02 1.321023819163329449e+02 1.429246879534184522e+01
2.746573232138610976e+01 5.995989429613872090e+01 6.920509276573507123e+02 1.321023819163329449e+02 1.429246879534184522e+01
1.497435032053471993e+01 9.289183038011913141e+01 6.920509276573507123e+02 1.321023819163329449e+02 1.429246879534184522e+01
1.497435032053471993e+01 5.995989429613872090e+01 7.896150527461427373e+02 1.321023819163329449e+02 1.429246879534184522e+01
1.497435032053471993e+01 5.995989429613872090e+01 6.920509276573507123e+02 3.989219458198130610e+02 1.429246879534184522e+01
1.497435032053471993e+01 5.995989429613872090e+01 6.920509276573507123e+02 1.321023819163329449e+02 2.080875808609402355e+01
1.497435032053471993e+01 9.289183038011913141e+01 7.896150527461427373e+02 3.989219458198130610e+02 2.080875808609402355e+01
2.746573232138610976e+01 5.995989429613872090e+01 7.896150527461427373e+02 3.989219458198130610e+02 2.080875808609402355e+01
2.746573232138610976e+01 9.289183038011913141e+01 6.920509276573507123e+02 3.989219458198130610e+02 2.080875808609402355e+01
2.746573232138610976e+01 9.289183038011913141e+01 7.896150527461427373e+02 1.321023819163329449e+02 2.080875808609402355e+01
2.746573232138610976e+01 9.289183038011913141e+01 7.896150527461427373e+02 3.989219458198130610e+02 1.429246879534184522e+01
2.746573232138610976e+01 9.289183038011913141e+01 7.896150527461427373e+02 3.989219458198130610e+02 2.080875808609402355e+01
1.905640945608067938e+01 6.748151198147414220e+01 9.179280545559021220e+02 5.093293024999728686e+02 2.040593158797080520e+01
3.517999112186113564e+01 6.748151198147414220e+01 9.179280545559021220e+02 5.093293024999728686e+02 2.040593158797080520e+01
1.905640945608067938e+01 4.645174248209153944e+01 9.179280545559021220e+02 5.093293024999728686e+02 2.040593158797080520e+01
1.905640945608067938e+01 6.748151198147414220e+01 5.735003990533481328e+02 5.093293024999728686e+02 2.040593158797080520e+01
1.905640945608067938e+01 6.748151198147414220e+01 9.179280545559021220e+02 2.581509177121484981e+02 2.040593158797080520e+01
1.905640945608067938e+01 6.748151198147414220e+01 9.179280545559021220e+02 5.093293024999728686e+02 1.491853115264934715e+01
1.905640945608067938e+01 4.645174248209153944e+01 5.735003990533481328e+02 2.581509177121484981e+02 1.491853115264934715e+01
3.517999112186113564e+01 6.748151198147414220e+01 5.735003990533481328e+02 2.581509177121484981e+02 1.491853115264934715e+01
3.517999112186113564e+01 4.645174248209153944e+01 9.179280545559021220e+02 2.581509177121484981e+02 1.491853115264934715e+01
3.517999112186113564e+01 4.645174248209153944e+01 5.735003990533481328e+02 5.093293024999728686e+02 1.491853115264934715e+01
3.517999112186113564e+01 4.645174248209153944e+01 5.735003990533481328e+02 2.581509177121484981e+02 2.040593158797080520e+01
3.517999112186113564e+01 4.645174248209153944e+01 5.735003990533481328e+02 2.581509177121484981e+02 1.491853115264934715e+01
2.746632405585170389e+01 5.107559350691229838e+01 4.980090479198534581e+02 3.468760500812612690e+02 4.027717808547258471e+00
2.313953308810779319e+01 5.107559350691229838e+01 4.980090479198534581e+02 3.468760500812612690e+02 4.027717808547258471e+00
2.746632405585170389e+01 7.173166721400633605e+01 4.980090479198534581e+02 3.468760500812612690e+02 4.027717808547258471e+00
2.746632405585170389e+01 5.107559350691229838e+01 9.835633119016604269e+02 3.468760500812612690e+02 4.027717808547258471e+00
2.746632405585170389e+01 5.107559350691229838e+01 4.980090479198534581e+02 6.652847907562500041e+02 4.027717808547258471e+00
2.746632405585170389e+01 5.107559350691229838e+01 4.980090479198534581e+02 3.468760500812612690e+02 1.291690848603014530e+01
2.746632405585170389e+01 7.173166721400633605e+01 9.835633119016604269e+02 6.652847907562500041e+02 1.291690848603014530e+01
2.313953308810779319e+01 5.107559350691229838e+01 9.835633119016604269e+02 6.652847907562500041e+02 1.291690848603014530e+01
2.313953308810779319e+01 7.173166721400633605e+01 4.980090479198534581e+02 6.652847907562500041e+02 1.291690848603014530e+01
2.313953308810779319e+01 7.173166721400633605e+01 9.835633119016604269e+02 3.468760500812612690e+02 1.291690848603014530e+01
2.313953308810779319e+01 7.173166721400633605e+01 9.835633119016604269e+02 6.652847907562500041e+02 4.027717808547258471e+00
2.313953308810779319e+01 7.173166721400633605e+01 9.835633119016604269e+02 6.652847907562500041e+02 1.291690848603014530e+01
2.562805195745423603e+01 9.113015642350346468e+01 8.984818058423222737e+02 1.967839774746189505e+02 1.766787507541135938e+01
1.968593492886118668e+01 9.113015642350346468e+01 8.984818058423222737e+02 1.967839774746189505e+02 1.766787507541135938e+01
2.562805195745423603e+01 5.662253869647537385e+01 8.984818058423222737e+02 1.967839774746189505e+02 1.766787507541135938e+01
2.562805195745423603e+01 9.113015642350346468e+01 8.104383092282397456e+02 1.967839774746189505e+02 1.766787507541135938e+01
2.562805195745423603e+01 9.113015642350346468e+01 8.984818058423222737e+02 4.846150653079029667e+02 1.766787507541135938e+01
2.562805195745423603e+01 9.113015642350346468e+01 8.984818058423222737e+02 1.967839774746189505e+02 1.570847419481093254e+01
2.562805195745423603e+01 5.662253869647537385e+01 8.104383092282397456e+02 4.846150653079029667e+02 1.570847419481093254e+01
1.968593492886118668e+01 9.113015642350346468e+01 8.104383092282397456e+02 4.846150653079029667e+02 1.570847419481093254e+01
1.968593492886118668e+01 5.662253869647537385e+01 8.984818058423222737e+02 4.846150653079029667e+02 1.570847419481093254e+01
1.968593492886118668e+01 5.662253869647537385e+01 8.104383092282397456e+02 1.967839774746189505e+02 1.570847419481093254e+01
1.968593492886118668e+01 5.662253869647537385e+01 8.104383092282397456e+02 4.846150653079029667e+02 1.766787507541135938e+01
1.968593492886118668e+01 5.662253869647537385e+01 8.104383092282397456e+02 4.846150653079029667e+02 1.570847419481093254e+01
1.992056364808597380e+01 5.624273692620508314e+01 5.358719378804199778e+02 7.604462175936092763e+02 8.362759821490346468e+00
3.073995774856955876e+01 5.624273692620508314e+01 5.358719378804199778e+02 7.604462175936092763e+02 8.362759821490346468e+00
1.992056364808597380e+01 8.588080437608236650e+01 5.358719378804199778e+02 7.604462175936092763e+02 8.362759821490346468e+00
1.992056364808597380e+01 5.624273692620508314e+01 7.666511059482343171e+02 7.604462175936092763e+02 8.362759821490346468e+00
1.992056364808597380e+01 5.624273692620508314e+01 5.358719378804199778e+02 3.852478374754140873e+02 8.362759821490346468e+00
1.992056364808597380e+01 5.624273692620508314e+01 5.358719378804199778e+02 7.604462175936092763e+02 1.199367562372298401e+01
1.992056364808597380e+01 8.588080437608236650e+01 7.666511059482343171e+02 3.852478374754140873e+02 1.199367562372298401e+01
3.073995774856955876e+01 5.624273692620508314e+01 7.666511059482343171e+02 3.852478374754140873e+02 1.199367562372298401e+01
3.073995774856955876e+01 8.588080437608236650e+01 5.358719378804199778e+02 3.852478374754140873e+02 1.199367562372298401e+01
3.073995774856955876e+01 8.588080437608236650e+01 7.666511059482343171e+02 7.604462175936092763e+02 1.199367562372298401e+01
3.073995774856955876e+01 8.588080437608236650e+01 7.666511059482343171e+02 3.852478374754140873e+02 8.362759821490346468e+00
3.073995774856955876e+01 8.588080437608236650e+01 7.666511059482343171e+02 3.852478374754140873e+02 1.199367562372298401e+01
1.788782811996127009e+01 7.200323286570194625e+01 1.108510322974297651e+03 3.079244934225121142e+02 1.042603554830299473e+01
2.473679260912969724e+01 7.200323286570194625e+01 1.108510322974297651e+03 3.079244934225121142e+02 1.042603554830299473e+01
1.788782811996127009e+01 4.000013056417635227e+01 1.108510322974297651e+03 3.079244934225121142e+02 1.042603554830299473e+01
1.788782811996127009e+01 7.200323286570194625e+01 6.589598438718917350e+02 3.079244934225121142e+02 1.042603554830299473e+01
1.788782811996127009e+01 7.200323286570194625e+01 1.108510322974297651e+03 2.321718643432891724e+02 1.042603554830299473e+01
1.788782811996127009e+01 7.200323286570194625e+01 1.108510322974297651e+03 3.079244934225121142e+02 9.312934537216520425e+00
1.788782811996127009e+01 4.000013056417635227e+01 6.589598438718917350e+02 2.321718643432891724e+02 9.312934537216520425e+00
2.473679260912969724e+01 7.200323286570194625e+01 6.589598438718917350e+02 2.321718643432891724e+02 9.312934537216520425e+00
2.473679260912969724e+01 4.000013056417635227e+01 1.108510322974297651e+03 2.321718643432891724e+02 9.312934537216520425e+00
2.473679260912969724e+01 4.000013056417635227e+01 6.589598438718917350e+02 3.079244934225121142e+02 9.312934537216520425e+00
2.473679260912969724e+01 4.000013056417635227e+01 6.589598438718917350e+02 2.321718643432891724e+02 1.042603554830299473e+01
2.473679260912969724e+01 4.000013056417635227e+01 6.589598438718917350e+02 2.321718643432891724e+02 9.312934537216520425e+00
2.931565965574859334e+01 4.426326311627111210e+01 7.110999658202682667e+02 4.604537773962435381e+02 1.608083991808028657e+01
1.387033959385348503e+01 4.426326311627111210e+01 7.110999658202682667e+02 4.604537773962435381e+02 1.608083991808028657e+01
2.931565965574859334e+01 6.977210155506094225e+01 7.110999658202682667e+02 4.604537773962435381e+02 1.608083991808028657e+01
2.931565965574859334e+01 4.426326311627111210e+01 1.020167134355241501e+03 4.604537773962435381e+02 1.608083991808028657e+01
2.931565965574859334e+01 4.426326311627111210e+01 7.110999658202682667e+02 7.084099792718217259e+02 1.608083991808028657e+01
2.931565965574859334e+01 4.426326311627111210e+01 7.110999658202682667e+02 4.604537773962435381e+02 1.721989947943689714e+01
2.931565965574859334e+01 6.977210155506094225e+01 1.020167134355241501e+03 7.084099792718217259e+02 1.721989947943689714e+01
1.387033959385348503e+01 4.426326311627111210e+01 1.020167134355241501e+03 7.084099792718217259e+02 1.721989947943689714e+01
1.387033959385348503e+01 6.977210155506094225e+01 7.110999658202682667e+02 7.084099792718217259e+02 1.721989947943689714e+01
1.387033959385348503e+01 6.977210155506094225e+01 1.020167134355241501e+03 4.604537773962435381e+02 1.721989947943689714e+01
1.387033959385348503e+01 6.977210155506094225e+01 1.020167134355241501e+03 7.084099792718217259e+02 1.608083991808028657e+01
1.387033959385348503e+01 6.977210155506094225e+01 1.020167134355241501e+03 7.084099792718217259e+02 1.721989947943689714e+01
3.354685490184565566e+01 6.479217080858336431e+01 6.515517851406459613e+02 5.437794197374257692e+02 1.529389200382146186e+01
2.095887129571255514e+01 6.479217080858336431e+01 6.515517851406459613e+02 5.437794197374257692e+02 1.529389200382146186e+01
3.354685490184565566e+01 5.457915635636383200e+01 6.515517851406459613e+02 5.437794197374257692e+02 1.529389200382146186e+01
3.354685490184565566e+01 6.479217080858336431e+01 5.532794146355770408e+02 5.437794197374257692e+02 1.529389200382146186e+01
3.354685490184565566e+01 6.479217080858336431e+01 6.515517851406459613e+02 1.649671815813882461e+02 1.529389200382146186e+01
3.354685490184565566e+01 6.479217080858336431e+01 6.515517851406459613e+02 5.437794197374257692e+02 1.349778291179619316e+01
3.354685490184565566e+01 5.457915635636383200e+01 5.532794146355770408e+02 1.649671815813882461e+02 1.349778291179619316e+01
2.095887129571255514e+01 6.479217080858336431e+01 5.532794146355770408e+02 1.649671815813882461e+02 1.349778291179619316e+01
2.095887129571255514e+01 5.457915635636383200e+01 6.515517851406459613e+02 1.649671815813882461e+02 1.349778291179619316e+01
2.095887129571255514e+01 5.457915635636383200e+01 5.532794146355770408e+02 5.437794197374257692e+02 1.349778291179619316e+01
2.095887129571255514e+01 5.457915635636383200e+01 5.532794146355770408e+02 1.649671815813882461e+02 1.529389200382146186e+01
2.095887129571255514e+01 5.457915635636383200e+01 5.532794146355770408e+02 1.649671815813882461e+02 1.349778291179619316e+01
1.303260455785155614e+01 5.429395210872816335e+01 8.214900849032462702e+02 3.712460298420452318e+02 1.385500318517718554e+01
3.302426227305394235e+01 5.429395210872816335e+01 8.214900849032462702e+02 3.712460298420452318e+02 1.385500318517718554e+01
1.303260455785155614e+01 6.775267630896738069e+01 8.214900849032462702e+02 3.712460298420452318e+02 1.385500318517718554e+01
1.303260455785155614e+01 5.429395210872816335e+01 1.134620768881171898e+03 3.712460298420452318e+02 1.385500318517718554e+01
1.303260455785155614e+01 5.429395210872816335e+01 8.214900849032462702e+02 8.629811048772484128e+02 1.385500318517718554e+01
1.303260455785155614e+01 5.429395210872816335e+01 8.214900849032462702e+02 3.712460298420452318e+02 1.396774684777446751e+01
1.303260455785155614e+01 6.775267630896738069e+01 1.134620768881171898e+03 8.629811048772484128e+02 1.396774684777446751e+01
3.302426227305394235e+01 5.429395210872816335e+01 1.134620768881171898e+03 8.629811048772484128e+02 1.396774684777446751e+01
3.302426227305394235e+01 6.775267630896738069e+01 8.214900849032462702e+02 8.629811048772484128e+02 1.396774684777446751e+01
3.302426227305394235e+01 6.775267630896738069e+01 1.134620768881171898e+03 3.712460298420452318e+02 1.396774684777446751e+01
3.302426227305394235e+01 6.775267630896738069e+01 1.134620768881171898e+03 8.629811048772484128e+02 1.385500318517718554e+01
3.302426227305394235e+01 6.775267630896738069e+01 1.134620768881171898e+03 8.629811048772484128e+02 1.396774684777446751e+01
2.225256628305371009e+01 7.777822123202804505e+01 8.004959407486127247e+02 8.848883405789946437e+02 6.132031279221243025e+00
2.585658528610053253e+01 7.777822123202804505e+01 8.004959407486127247e+02 8.848883405789946437e+02 6.132031279221243025e+00
2.225256628305371009e+01 6.258991250824028896e+01 8.004959407486127247e+02 8.848883405789946437e+02 6.132031279221243025e+00
2.225256628305371009e+01 7.777822123202804505e+01 8.876818589546189742e+02 8.848883405789946437e+02 6.132031279221243025e+00
2.225256628305371009e+01 7.777822123202804505e+01 8.004959407486127247e+02 5.661745117370692242e+02 6.132031279221243025e+00
2.225256628305371009e+01 7.777822123202804505e+01 8.004959407486127247e+02 8.848883405789946437e+02 1.942914831779929585e+01
2.225256628305371009e+01 6.258991250824028896e+01 8.876818589546189742e+02 5.661745117370692242e+02 1.942914831779929585e+01
2.585658528610053253e+01 7.777822123202804505e+01 8.876818589546189742e+02 5.661745117370692242e+02 1.942914831779929585e+01
2.585658528610053253e+01 6.258991250824028896e+01 8.004959407486127247e+02 5.661745117370692242e+02 1.942914831779929585e+01
2.585658528610053253e+01 6.258991250824028896e+01 8.876818589546189742e+02 8.848883405789946437e+02 1.942914831779929585e+01
2.585658528610053253e+01 6.258991250824028896e+01 8.876818589546189742e+02 5.661745117370692242e+02 6.132031279221243025e+00
2.585658528610053253e+01 6.258991250824028896e+01 8.876818589546189742e+02 5.661745117370692242e+02 1.942914831779929585e+01
2.370634384273351714e+01 6.178556261679790396e+01 9.556236188667515989e+02 2.563071070793799322e+02 2.250698342281457087e+01
1.608241519513530093e+01 6.178556261679790396e+01 9.556236188667515989e+02 2.563071070793799322e+02 2.250698342281457087e+01
2.370634384273351714e+01 7.881088271777539944e+01 9.556236188667515989e+02 2.563071070793799322e+02 2.250698342281457087e+01
2.370634384273351714e+01 6.178556261679790396e+01 6.982948102911424257e+02 2.563071070793799322e+02 2.250698342281457087e+01
2.370634384273351714e+01 6.178556261679790396e+01 9.556236188667515989e+02 3.393405499058025612e+02 2.250698342281457087e+01
2.370634384273351714e+01 6.178556261679790396e+01 9.556236188667515989e+02 2.563071070793799322e+02 6.847249207589809927e+00
2.370634384273351714e+01 7.881088271777539944e+01 6.982948102911424257e+02 3.393405499058025612e+02 6.847249207589809927e+00
1.608241519513530093e+01 6.178556261679790396e+01 6.982948102911424257e+02 3.393405499058025612e+02 6.847249207589809927e+00
1.608241519513530093e+01 7.881088271777539944e+01 9.556236188667515989e+02 3.393405499058025612e+02 6.847249207589809927e+00
1.608241519513530093e+01 7.881088271777539944e+01 6.982948102911424257e+02 2.563071070793799322e+02 6.847249207589809927e+00
1.608241519513530093e+01 7.881088271777539944e+01 6.982948102911424257e+02 3.393405499058025612e+02 2.250698342281457087e+01
1.608241519513530093e+01 7.881088271777539944e+01 6.982948102911424257e+02 3.393405499058025612e+02 6.847249207589809927e+00
2.329891501803066589e+01 6.568796619558217742e+01 8.505645400689444386e+02 3.523865155324278362e+02 1.216790963477314413e+01
1.311331579979290218e+01 6.568796619558217742e+01 8.505645400689444386e+02 3.523865155324278362e+02 1.216790963477314413e+01
2.329891501803066589e+01 6.053466519263903933e+01 8.505645400689444386e+02 3.523865155324278362e+02 1.216790963477314413e+01
2.329891501803066589e+01 6.568796619558217742e+01 7.732587299413009987e+02 3.523865155324278362e+02 1.216790963477314413e+01
2.329891501803066589e+01 6.568796619558217742e+01 8.505645400689444386e+02 8.760678273385797183e+02 1.216790963477314413e+01
2.329891501803066589e+01 6.568796619558217742e+01 8.505645400689444386e+02 3.523865155324278362e+02 2.149463598508934936e+01
2.329891501803066589e+01 6.053466519263903933e+01 7.732587299413009987e+02 8.760678273385797183e+02 2.149463598508934936e+01
1.311331579979290218e+01 6.568796619558217742e+01 7.732587299413009987e+02 8.760678273385797183e+02 2.149463598508934936e+01
1.311331579979290218e+01 6.053466519263903933e+01 8.505645400689444386e+02 8.760678273385797183e+02 2.149463598508934936e+01
1.311331579979290218e+01 6.053466519263903933e+01 7.732587299413009987e+02 3.523865155324278362e+02 2.149463598508934936e+01
1.311331579979290218e+01 6.053466519263903933e+01 7.732587299413009987e+02 8.760678273385797183e+02 1.216790963477314413e+01
1.311331579979290218e+01 6.053466519263903933e+01 7.732587299413009987e+02 8.760678273385797183e+02 2.149463598508934936e+01
2.241700346117066545e+01 5.303855703725739090e+01 5.978711810503876904e+02 5.169240563676485181e+02 1.421092485160214380e+01
2.453129853258015913e+01 5.303855703725739090e+01 5.978711810503876904e+02 5.169240563676485181e+02 1.421092485160214380e+01
2.241700346117066545e+01 7.518418133103870105e+01 5.978711810503876904e+02 5.169240563676485181e+02 1.421092485160214380e+01
2.241700346117066545e+01 5.303855703725739090e+01 8.157569362939782422e+02 5.169240563676485181e+02 1.421092485160214380e+01
2.241700346117066545e+01 5.303855703725739090e+01 5.978711810503876904e+02 1.236686416046056678e+02 1.421092485160214380e+01
2.241700346117066545e+01 5.303855703725739090e+01 5.978711810503876904e+02 5.169240563676485181e+02 4.376130982767605815e+00
2.241700346117066545e+01 7.518418133103870105e+01 8.157569362939782422e+02 1.236686416046056678e+02 4.376130982767605815e+00
2.453129853258015913e+01 5.303855703725739090e+01 8.157569362939782422e+02 1.236686416046056678e+02 4.376130982767605815e+00
2.453129853258015913e+01 7.518418133103870105e+01 5.978711810503876904e+02 1.236686416046056678e+02 4.376130982767605815e+00
2.453129853258015913e+01 7.518418133103870105e+01 8.157569362939782422e+02 5.169240563676485181e+02 4.376130982767605815e+00
2.453129853258015913e+01 7.518418133103870105e+01 8.157569362939782422e+02 1.236686416046056678e+02 1.421092485160214380e+01
2.453129853258015913e+01 7.518418133103870105e+01 8.157569362939782422e+02 1.236686416046056678e+02 4.376130982767605815e+00
1.390366160422646580e+01 7.584009531156117134e+01 1.008465471839647762e+03 1.139250837083860830e+02 1.912333692876830327e+01
3.160996107379895292e+01 7.584009531156117134e+01 1.008465471839647762e+03 1.139250837083860830e+02 1.912333692876830327e+01
1.390366160422646580e+01 5.189134385278885020e+01 1.008465471839647762e+03 1.139250837083860830e+02 1.912333692876830327e+01
1.390366160422646580e+01 7.584009531156117134e+01 1.011058248040432545e+03 1.139250837083860830e+02 1.912333692876830327e+01
1.390366160422646580e+01 7.584009531156117134e+01 1.008465471839647762e+03 3.077855562172458690e+02 1.912333692876830327e+01
1.390366160422646580e+01 7.584009531156117134e+01 1.008465471839647762e+03 1.139250837083860830e+02 1.266526736932872410e+01
1.390366160422646580e+01 5.189134385278885020e+01 1.011058248040432545e+03 3.077855562172458690e+02 1.266526736932872410e+01
3.160996107379895292e+01 7.584009531156117134e+01 1.011058248040432545e+03 3.077855562172458690e+02 1.266526736932872410e+01
3.160996107379895292e+01 5.189134385278885020e+01 1.008465471839647762e+03 3.077855562172458690e+02 1.266526736932872410e+01
3.160996107379895292e+01 5.189134385278885020e+01 1.011058248040432545e+03 1.139250837083860830e+02 1.266526736932872410e+01
3.160996107379895292e+01 5.189134385278885020e+01 1.011058248040432545e+03 3.077855562172458690e+02 1.912333692876830327e+01
3.160996107379895292e+01 5.189134385278885020e+01 1.011058248040432545e+03 3.077855562172458690e+02 1.266526736932872410e+01
3.316498681984821673e+01 6.308366647937551619e+01 7.726635533661176396e+02 6.708801352696275444e+02 2.557262657713407439e+00
1.978134359933001463e+01 6.308366647937551619e+01 7.726635533661176396e+02 6.708801352696275444e+02 2.557262657713407439e+00
3.316498681984821673e+01 6.524073524078585251e+01 7.726635533661176396e+02 6.708801352696275444e+02 2.557262657713407439e+00
3.316498681984821673e+01 6.308366647937551619e+01 6.499983789134935250e+02 6.708801352696275444e+02 2.557262657713407439e+00
3.316498681984821673e+01 6.308366647937551619e+01 7.726635533661176396e+02 5.883590090982194170e+02 2.557262657713407439e+00
3.316498681984821673e+01 6.308366647937551619e+01 7.726635533661176396e+02 6.708801352696275444e+02 1.477758122270955354e+01
3.316498681984821673e+01 6.524073524078585251e+01 6.499983789134935250e+02 5.883590090982194170e+02 1.477758122270955354e+01
1.978134359933001463e+01 6.308366647937551619e+01 6.499983789134935250e+02 5.883590090982194170e+02 1.477758122270955354e+01
1.978134359933001463e+01 6.524073524078585251e+01 7.726635533661176396e+02 5.883590090982194170e+02 1.477758122270955354e+01
1.978134359933001463e+01 6.524073524078585251e+01 6.499983789134935250e+02 6.708801352696275444e+02 1.477758122270955354e+01
1.978134359933001463e+01 6.524073524078585251e+01 6.499983789134935250e+02 5.883590090982194170e+02 2.557262657713407439e+00
1.978134359933001463e+01 6.524073524078585251e+01 6.499983789134935250e+02 5.883590090982194170e+02 1.477758122270955354e+01
2.949073070511470362e+01 8.792801539948806067e+01 4.292882270887835716e+02 8.043446673448814863e+02 8.816809307231117998e+00
1.523863793445254267e+01 8.792801539948806067e+01 4.292882270887835716e+02 8.043446673448814863e+02 8.816809307231117998e+00
2.949073070511470362e+01 4.609742451807545649e+01 4.292882270887835716e+02 8.043446673448814863e+02 8.816809307231117998e+00
2.949073070511470362e+01 8.792801539948806067e+01 1.154526658096472602e+03 8.043446673448814863e+02 8.816809307231117998e+00
2.949073070511470362e+01 8.792801539948806067e+01 4.292882270887835716e+02 4.103190245175268274e+02 8.816809307231117998e+00
2.949073070511470362e+01 8.792801539948806067e+01 4.292882270887835716e+02 8.043446673448814863e+02 7.968237617835832509e+00
2.949073070511470362e+01 4.609742451807545649e+01 1.154526658096472602e+03 4.103190245175268274e+02 7.968237617835832509e+00
1.523863793445254267e+01 8.792801539948806067e+01 1.154526658096472602e+03 4.103190245175268274e+02 7.968237617835832509e+00
1.523863793445254267e+01 4.609742451807545649e+01 4.292882270887835716e+02 4.103190245175268274e+02 7.968237617835832509e+00
1.523863793445254267e+01 4.609742451807545649e+01 1.154526658096472602e+03 8.043446673448814863e+02 7.968237617835832509e+00
1.523863793445254267e+01 4.609742451807545649e+01 1.154526658096472602e+03 4.103190245175268274e+02 8.816809307231117998e+00
1.523863793445254267e+01 4.609742451807545649e+01 1.154526658096472602e+03 4.103190245175268274e+02 7.968237617835832509e+00
1.723585989764879400e+01 5.738500817047119540e+01 9.322936496671053419e+02 2.240153637972222498e+02 1.850693041192618082e+01
2.578038218459517594e+01 5.738500817047119540e+01 9.322936496671053419e+02 2.240153637972222498e+02 1.850693041192618082e+01
1.723585989764879400e+01 7.269994588208143682e+01 9.322936496671053419e+02 2.240153637972222498e+02 1.850693041192618082e+01
1.723585989764879400e+01 5.738500817047119540e+01 5.639305927702789631e+02 2.240153637972222498e+02 1.850693041192618082e+01
1.723585989764879400e+01 5.738500817047119540e+01 9.322936496671053419e+02 4.769791944301638296e+02 1.850693041192618082e+01
1.723585989764879400e+01 5.738500817047119540e+01 9.322936496671053419e+02 2.240153637972222498e+02 1.807499195343591225e+01
1.723585989764879400e+01 7.269994588208143682e+01 5.639305927702789631e+02 4.769791944301638296e+02 1.807499195343591225e+01
2.578038218459517594e+01 5.738500817047119540e+01 5.639305927702789631e+02 4.769791944301638296e+02 1.807499195343591225e+01
2.578038218459517594e+01 7.269994588208143682e+01 9.322936496671053419e+02 4.769791944301638296e+02 1.807499195343591225e+01
2.578038218459517594e+01 7.269994588208143682e+01 5.639305927702789631e+02 2.240153637972222498e+02 1.807499195343591225e+01
2.578038218459517594e+01 7.269994588208143682e+01 5.639305927702789631e+02 4.769791944301638296e+02 1.850693041192618082e+01
2.578038218459517594e+01 7.269994588208143682e+01 5.639305927702789631e+02 4.769791944301638296e+02 1.807499195343591225e+01
1.976118350540254909e+01 7.356756162456832726e+01 6.774664393043969994e+02 5.818391464732908389e+02 1.631119677650967503e+01
3.387681935767726316e+01 7.356756162456832726e+01 6.774664393043969994e+02 5.818391464732908389e+02 1.631119677650967503e+01
1.976118350540254909e+01 5.879401599531151135e+01 6.774664393043969994e+02 5.818391464732908389e+02 1.631119677650967503e+01
1.976118350540254909e+01 7.356756162456832726e+01 6.916257643538529010e+02 5.818391464732908389e+02 1.631119677650967503e+01
1.976118350540254909e+01 7.356756162456832726e+01 6.774664393043969994e+02 6.839653140999593006e+02 1.631119677650967503e+01
1.976118350540254909e+01 7.356756162456832726e+01 6.774664393043969994e+02 5.818391464732908389e+02 1.660172988936126615e+01
1.976118350540254909e+01 5.879401599531151135e+01 6.916257643538529010e+02 6.839653140999593006e+02 1.660172988936126615e+01
3.387681935767726316e+01 7.356756162456832726e+01 6.916257643538529010e+02 6.839653140999593006e+02 1.660172988936126615e+01
3.387681935767726316e+01 5.879401599531151135e+01 6.774664393043969994e+02 6.839653140999593006e+02 1.660172988936126615e+01
3.387681935767726316e+01 5.879401599531151135e+01 6.916257643538529010e+02 5.818391464732908389e+02 1.660172988936126615e+01
3.387681935767726316e+01 5.879401599531151135e+01 6.916257643538529010e+02 6.839653140999593006e+02 1.631119677650967503e+01
3.387681935767726316e+01 5.879401599531151135e+01 6.916257643538529010e+02 6.839653140999593006e+02 1.660172988936126615e+01
2.610636591406415619e+01 4.027674974345291048e+01 1.253887373425493934e+03 4.003762925609097465e+02 1.130678912173444317e+01
2.120461683807234721e+01 4.027674974345291048e+01 1.253887373425493934e+03 4.003762925609097465e+02 1.130678912173444317e+01
2.610636591406415619e+01 9.428841905116172484e+01 1.253887373425493934e+03 4.003762925609097465e+02 1.130678912173444317e+01
2.610636591406415619e+01 4.027674974345291048e+01 8.802477274420087952e+02 4.003762925609097465e+02 1.130678912173444317e+01
2.610636591406415619e+01 4.027674974345291048e+01 1.253887373425493934e+03 2.664305335568139981e+02 1.130678912173444317e+01
2.610636591406415619e+01 4.027674974345291048e+01 1.253887373425493934e+03 4.003762925609097465e+02 1.070342979338898814e+01
2.610636591406415619e+01 9.428841905116172484e+01 8.802477274420087952e+02 2.664305335568139981e+02 1.070342979338898814e+01
2.120461683807234721e+01 4.027674974345291048e+01 8.802477274420087952e+02 2.664305335568139981e+02 1.070342979338898814e+01
2.120461683807234721e+01 9.428841905116172484e+01 1.253887373425493934e+03 2.664305335568139981e+02 1.070342979338898814e+01
2.120461683807234721e+01 9.428841905116172484e+01 8.802477274420087952e+02 4.003762925609097465e+02 1.070342979338898814e+01
2.120461683807234721e+01 9.428841905116172484e+01 8.802477274420087952e+02 2.664305335568139981e+02 1.130678912173444317e+01
2.120461683807234721e+01 9.428841905116172484e+01 8.802477274420087952e+02 2.664305335568139981e+02 1.070342979338898814e+01
2.802920970221936159e+01 7.900015398765101793e+01 7.344814414904051318e+02 2.624406669348916807e+02 1.496952679568395084e+01
1.874548398832499885e+01 7.900015398765101793e+01 7.344814414904051318e+02 2.624406669348916807e+02 1.496952679568395084e+01
2.802920970221936159e+01 4.019301279878472144e+01 7.344814414904051318e+02 2.624406669348916807e+02 1.496952679568395084e+01
2.802920970221936159e+01 7.900015398765101793e+01 1.092878219910589451e+03 2.624406669348916807e+02 1.496952679568395084e+01
2.802920970221936159e+01 7.900015398765101793e+01 7.344814414904051318e+02 3.958522553443006586e+02 1.496952679568395084e+01
2.802920970221936159e+01 7.900015398765101793e+01 7.344814414904051318e+02 2.624406669348916807e+02 1.427512679134872187e+01
2.802920970221936159e+01 4.019301279878472144e+01 1.092878219910589451e+03 3.958522553443006586e+02 1.427512679134872187e+01
1.874548398832499885e+01 7.900015398765101793e+01 1.092878219910589451e+03 3.958522553443006586e+02 1.427512679134872187e+01
1.874548398832499885e+01 4.019301279878472144e+01 7.344814414904051318e+02 3.958522553443006586e+02 1.427512679134872187e+01
1.874548398832499885e+01 4.019301279878472144e+01 1.092878219910589451e+03 2.624406669348916807e+02 1.427512679134872187e+01
1.874548398832499885e+01 4.019301279878472144e+01 1.092878219910589451e+03 3.958522553443006586e+02 1.496952679568395084e+01
1.874548398832499885e+01 4.019301279878472144e+01 1.092878219910589451e+03 3.958522553443006586e+02 1.427512679134872187e+01
1.889879744412827378e+01 6.119894044664106048e+01 1.082192294059717824e+03 9.061610149614297143e+02 1.304566878826233634e+01
2.849071208538152788e+01 6.119894044664106048e+01 1.082192294059717824e+03 9.061610149614297143e+02 1.304566878826233634e+01
1.889879744412827378e+01 6.906552743464781940e+01 1.082192294059717824e+03 9.061610149614297143e+02 1.304566878826233634e+01
1.889879744412827378e+01 6.119894044664106048e+01 4.056168639148349939e+02 9.061610149614297143e+02 1.304566878826233634e+01
1.889879744412827378e+01 6.119894044664106048e+01 1.082192294059717824e+03 4.948416793430323537e+02 1.304566878826233634e+01
1.889879744412827378e+01 6.119894044664106048e+01 1.082192294059717824e+03 9.061610149614297143e+02 1.367919365600549142e+01
1.889879744412827378e+01 6.906552743464781940e+01 4.056168639148349939e+02 4.948416793430323537e+02 1.367919365600549142e+01
2.849071208538152788e+01 6.119894044664106048e+01 4.056168639148349939e+02 4.948416793430323537e+02 1.367919365600549142e+01
2.849071208538152788e+01 6.906552743464781940e+01 1.082192294059717824e+03 4.948416793430323537e+02 1.367919365600549142e+01
2.849071208538152788e+01 6.906552743464781940e+01 4.056168639148349939e+02 9.061610149614297143e+02 1.367919365600549142e+01
2.849071208538152788e+01 6.906552743464781940e+01 4.056168639148349939e+02 4.948416793430323537e+02 1.304566878826233634e+01
2.849071208538152788e+01 6.906552743464781940e+01 4.056168639148349939e+02 4.948416793430323537e+02 1.367919365600549142e+01
1.413414425399660246e+01 6.845613652534373728e+01 5.596309365019361621e+02 3.632551452091673809e+02 5.951914544951968367e+00
2.422495588988198989e+01 6.845613652534373728e+01 5.596309365019361621e+02 3.632551452091673809e+02 5.951914544951968367e+00
1.413414425399660246e+01 5.730898544751325119e+01 5.596309365019361621e+02 3.632551452091673809e+02 5.951914544951968367e+00
1.413414425399660246e+01 6.845613652534373728e+01 7.187932916469750353e+02 3.632551452091673809e+02 5.951914544951968367e+00
1.413414425399660246e+01 6.845613652534373728e+01 5.596309365019361621e+02 7.281698901920858589e+02 5.951914544951968367e+00
1.413414425399660246e+01 6.845613652534373728e+01 5.596309365019361621e+02 3.632551452091673809e+02 6.309900834081879850e+00
1.413414425399660246e+01 5.730898544751325119e+01 7.187932916469750353e+02 7.281698901920858589e+02 6.309900834081879850e+00
2.422495588988198989e+01 6.845613652534373728e+01 7.187932916469750353e+02 7.281698901920858589e+02 6.309900834081879850e+00
2.422495588988198989e+01 5.730898544751325119e+01 5.596309365019361621e+02 7.281698901920858589e+02 6.309900834081879850e+00
2.422495588988198989e+01 5.730898544751325119e+01 7.187932916469750353e+02 3.632551452091673809e+02 6.309900834081879850e+00
2.422495588988198989e+01 5.730898544751325119e+01 7.187932916469750353e+02 7.281698901920858589e+02 5.951914544951968367e+00
2.422495588988198989e+01 5.730898544751325119e+01 7.187932916469750353e+02 7.281698901920858589e+02 6.309900834081879850e+00
3.021657092570665526e+01 4.954145260653804428e+01 8.751213306218062371e+02 5.327818157406435375e+02 2.094369921318020644e+01
8.936332764901939285e+00 4.954145260653804428e+01 8.751213306218062371e+02 5.327818157406435375e+02 2.094369921318020644e+01
3.021657092570665526e+01 8.559397627593037328e+01 8.751213306218062371e+02 5.327818157406435375e+02 2.094369921318020644e+01
3.021657092570665526e+01 4.954145260653804428e+01 9.478930080998165977e+02 5.327818157406435375e+02 2.094369921318020644e+01
3.021657092570665526e+01 4.954145260653804428e+01 8.751213306218062371e+02 2.420514174874307116e+02 2.094369921318020644e+01
3.021657092570665526e+01 4.954145260653804428e+01 8.751213306218062371e+02 5.327818157406435375e+02 1.925109686872953674e+01
3.021657092570665526e+01 8.559397627593037328e+01 9.478930080998165977e+02 2.420514174874307116e+02 1.925109686872953674e+01
8.936332764901939285e+00 4.954145260653804428e+01 9.478930080998165977e+02 2.420514174874307116e+02 1.925109686872953674e+01
8.936332764901939285e+00 8.559397627593037328e+01 8.751213306218062371e+02 2.420514174874307116e+02 1.925109686872953674e+01
8.936332764901939285e+00 8.559397627593037328e+01 9.478930080998165977e+02 5.327818157406435375e+02 1.925109686872953674e+01
8.936332764901939285e+00 8.559397627593037328e+01 9.478930080998165977e+02 2.420514174874307116e+02 2.094369921318020644e+01
8.936332764901939285e+00 8.559397627593037328e+01 9.478930080998165977e+02 2.420514174874307116e+02 1.925109686872953674e+01
3.468695098538754706e+01 7.030017274128809390e+01 9.837593526132502575e+02 4.756689694119057776e+02 1.729300898148109411e+01
2.278103641075464125e+01 7.030017274128809390e+01 9.837593526132502575e+02 4.756689694119057776e+02 1.729300898148109411e+01
3.468695098538754706e+01 6.202167882385117537e+01 9.837593526132502575e+02 4.756689694119057776e+02 1.729300898148109411e+01
3.468695098538754706e+01 7.030017274128809390e+01 7.842249269371682203e+02 4.756689694119057776e+02 1.729300898148109411e+01
3.468695098538754706e+01 7.030017274128809390e+01 9.837593526132502575e+02 8.316186298030285116e+02 1.729300898148109411e+01
3.468695098538754706e+01 7.030017274128809390e+01 9.837593526132502575e+02 4.756689694119057776e+02 1.163090348800465001e+01
3.468695098538754706e+01 6.202167882385117537e+01 7.842249269371682203e+02 8.316186298030285116e+02 1.163090348800465001e+01
2.278103641075464125e+01 7.030017274128809390e+01 7.842249269371682203e+02 8.316186298030285116e+02 1.163090348800465001e+01
2.278103641075464125e+01 6.202167882385117537e+01 9.837593526132502575e+02 8.316186298030285116e+02 1.163090348800465001e+01
2.278103641075464125e+01 6.202167882385117537e+01 7.842249269371682203e+02 4.756689694119057776e+02 1.163090348800465001e+01
2.278103641075464125e+01 6.202167882385117537e+01 7.842249269371682203e+02 8.316186298030285116e+02 1.729300898148109411e+01
2.278103641075464125e+01 6.202167882385117537e+01 7.842249269371682203e+02 8.316186298030285116e+02 1.163090348800465001e+01
9.330708309701766012e+00 4.693612816356261419e+01 7.886325893596231253e+02 3.197448955069916678e+02 6.936278613303687557e+00
3.456265379096291923e+01 4.693612816356261419e+01 7.886325893596231253e+02 3.197448955069916678e+02 6.936278613303687557e+00
9.330708309701766012e+00 7.886504101569582303e+01 7.886325893596231253e+02 3.197448955069916678e+02 6.936278613303687557e+00
9.330708309701766012e+00 4.693612816356261419e+01 8.597805679529769805e+02 3.197448955069916678e+02 6.936278613303687557e+00
9.330708309701766012e+00 4.693612816356261419e+01 7.886325893596231253e+02 1.512494049844735287e+02 6.936278613303687557e+00
9.330708309701766012e+00 4.693612816356261419e+01 7.886325893596231253e+02 3.197448955069916678e+02 1.555434567772100962e+01
9.330708309701766012e+00 7.886504101569582303e+01 8.597805679529769805e+02 1.512494049844735287e+02 1.555434567772100962e+01
3.456265379096291923e+01 4.693612816356261419e+01 8.597805679529769805e+02 1.512494049844735287e+02 1.555434567772100962e+01
3.456265379096291923e+01 7.886504101569582303e+01 7.886325893596231253e+02 1.512494049844735287e+02 1.555434567772100962e+01
3.456265379096291923e+01 7.886504101569582303e+01 8.597805679529769805e+02 3.197448955069916678e+02 1.555434567772100962e+01
3.456265379096291923e+01 7.886504101569582303e+01 8.597805679529769805e+02 1.512494049844735287e+02 6.936278613303687557e+00
3.456265379096291923e+01 7.886504101569582303e+01 8.597805679529769805e+02 1.512494049844735287e+02 1.555434567772100962e+01
2.186415490653394755e+01 8.304934349150964579e+01 8.341587182597176025e+02 7.382387623896576088e+02 1.031862073119640044e+01
2.809331028773360117e+01 8.304934349150964579e+01 8.341587182597176025e+02 7.382387623896576088e+02 1.031862073119640044e+01
2.186415490653394755e+01 5.446184259828869756e+01 8.341587182597176025e+02 7.382387623896576088e+02 1.031862073119640044e+01
2.186415490653394755e+01 8.304934349150964579e+01 9.933961633707983765e+02 7.382387623896576088e+02 1.031862073119640044e+01
2.186415490653394755e+01 8.304934349150964579e+01 8.341587182597176025e+02 3.289648262364900688e+02 1.031862073119640044e+01
2.186415490653394755e+01 8.304934349150964579e+01 8.341587182597176025e+02 7.382387623896576088e+02 1.749008568973232869e+01
2.186415490653394755e+01 5.446184259828869756e+01 9.933961633707983765e+02 3.289648262364900688e+02 1.749008568973232869e+01
2.809331028773360117e+01 8.304934349150964579e+01 9.933961633707983765e+02 3.289648262364900688e+02 1.749008568973232869e+01
2.809331028773360117e+01 5.446184259828869756e+01 8.341587182597176025e+02 3.289648262364900688e+02 1.749008568973232869e+01
2.809331028773360117e+01 5.446184259828869756e+01 9.933961633707983765e+02 7.382387623896576088e+02 1.749008568973232869e+01
2.809331028773360117e+01 5.446184259828869756e+01 9.933961633707983765e+02 3.289648262364900688e+02 1.031862073119640044e+01
2.809331028773360117e+01 5.446184259828869756e+01 9.933961633707983765e+02 3.289648262364900688e+02 1.749008568973232869e+01
2.501575780309515196e+01 5.928128044321310597e+01 6.235092929949016707e+02 1.815599147741223760e+02 1.563297622574344103e+01
1.673132416318303228e+01 5.928128044321310597e+01 6.235092929949016707e+02 1.815599147741223760e+02 1.563297622574344103e+01
2.501575780309515196e+01 6.850371990899148500e+01 6.235092929949016707e+02 1.815599147741223760e+02 1.563297622574344103e+01
2.501575780309515196e+01 5.928128044321310597e+01 5.834099501186784664e+02 1.815599147741223760e+02 1.563297622574344103e+01
2.501575780309515196e+01 5.928128044321310597e+01 6.235092929949016707e+02 5.554343927426608616e+02 1.563297622574344103e+01
2.501575780309515196e+01 5.928128044321310597e+01 6.235092929949016707e+02 1.815599147741223760e+02 9.495291280723817451e+00
2.501575780309515196e+01 6.850371990899148500e+01 5.834099501186784664e+02 5.554343927426608616e+02 9.495291280723817451e+00
1.673132416318303228e+01 5.928128044321310597e+01 5.834099501186784664e+02 5.554343927426608616e+02 9.495291280723817451e+00
1.673132416318303228e+01 6.850371990899148500e+01 6.235092929949016707e+02 5.554343927426608616e+02 9.495291280723817451e+00
1.673132416318303228e+01 6.850371990899148500e+01 5.834099501186784664e+02 1.815599147741223760e+02 9.495291280723817451e+00
1.673132416318303228e+01 6.850371990899148500e+01 5.834099501186784664e+02 5.554343927426608616e+02 1.563297622574344103e+01
1.673132416318303228e+01 6.850371990899148500e+01 5.834099501186784664e+02 5.554343927426608616e+02 9.495291280723817451e+00
2.446980301869149343e+01 8.629493320513944354e+01 1.092053383387028589e+03 6.083069200590059609e+02 4.755804162919229583e+00
3.665751064749716193e+01 8.629493320513944354e+01 1.092053383387028589e+03 6.083069200590059609e+02 4.755804162919229583e+00
2.446980301869149343e+01 7.715224719913828721e+01 1.092053383387028589e+03 6.083069200590059609e+02 4.755804162919229583e+00
2.446980301869149343e+01 8.629493320513944354e+01 9.532402635087491944e+02 6.083069200590059609e+02 4.755804162919229583e+00
2.446980301869149343e+01 8.629493320513944354e+01 1.092053383387028589e+03 5.063868225890059307e+02 4.755804162919229583e+00
2.446980301869149343e+01 8.629493320513944354e+01 1.092053383387028589e+03 6.083069200590059609e+02 1.883878395160585484e+01
2.446980301869149343e+01 7.715224719913828721e+01 9.532402635087491944e+02 5.063868225890059307e+02 1.883878395160585484e+01
3.665751064749716193e+01 8.629493320513944354e+01 9.532402635087491944e+02 5.063868225890059307e+02 1.883878395160585484e+01
3.665751064749716193e+01 7.715224719913828721e+01 1.092053383387028589e+03 5.063868225890059307e+02 1.883878395160585484e+01
3.665751064749716193e+01 7.715224719913828721e+01 9.532402635087491944e+02 6.083069200590059609e+02 1.883878395160585484e+01
3.665751064749716193e+01 7.715224719913828721e+01 9.532402635087491944e+02 5.063868225890059307e+02 4.755804162919229583e+00
3.665751064749716193e+01 7.715224719913828721e+01 9.532402635087491944e+02 5.063868225890059307e+02 1.883878395160585484e+01
2.124715271717112230e+01 5.793056345271695307e+01 7.168408927519731151e+02 4.208775878394225174e+02 2.003228099749722446e+01
2.214667767607913973e+01 5.793056345271695307e+01 7.168408927519731151e+02 4.208775878394225174e+02 2.003228099749722446e+01
2.124715271717112230e+01 6.088888038872513420e+01 7.168408927519731151e+02 4.208775878394225174e+02 2.003228099749722446e+01
2.124715271717112230e+01 5.793056345271695307e+01 6.064038675450522078e+02 4.208775878394225174e+02 2.003228099749722446e+01
2.124715271717112230e+01 5.793056345271695307e+01 7.168408927519731151e+02 3.672128684320115326e+02 2.003228099749722446e+01
2.124715271717112230e+01 5.793056345271695307e+01 7.168408927519731151e+02 4.208775878394225174e+02 7.660136121041221102e+00
2.124715271717112230e+01 6.088888038872513420e+01 6.064038675450522078e+02 3.672128684320115326e+02 7.660136121041221102e+00
2.214667767607913973e+01 5.793056345271695307e+01 6.064038675450522078e+02 3.672128684320115326e+02 7.660136121041221102e+00
2.214667767607913973e+01 6.088888038872513420e+01 7.168408927519731151e+02 3.672128684320115326e+02 7.660136121041221102e+00
2.214667767607913973e+01 6.088888038872513420e+01 6.064038675450522078e+02 4.208775878394225174e+02 7.660136121041221102e+00
2.214667767607913973e+01 6.088888038872513420e+01 6.064038675450522078e+02 3.672128684320115326e+02 2.003228099749722446e+01
2.214667767607913973e+01 6.088888038872513420e+01 6.064038675450522078e+02 3.672128684320115326e+02 7.660136121041221102e+00
1.142005582675966124e+01 6.994701314882013321e+01 9.093064358887384060e+02 8.573153522868867640e+02 1.459014154649156936e+01
1.752430167318504672e+01 6.994701314882013321e+01 9.093064358887384060e+02 8.573153522868867640e+02 1.459014154649156936e+01
1.142005582675966124e+01 6.491554215625016866e+01 9.093064358887384060e+02 8.573153522868867640e+02 1.459014154649156936e+01
1.142005582675966124e+01 6.994701314882013321e+01 8.021941366127688298e+02 8.573153522868867640e+02 1.459014154649156936e+01
1.142005582675966124e+01 6.994701314882013321e+01 9.093064358887384060e+02 2.077169448169430837e+02 1.459014154649156936e+01
1.142005582675966124e+01 6.994701314882013321e+01 9.093064358887384060e+02 8.573153522868867640e+02 9.886767618005466218e+00
1.142005582675966124e+01 6.491554215625016866e+01 8.021941366127688298e+02 2.077169448169430837e+02 9.886767618005466218e+00
1.752430167318504672e+01 6.994701314882013321e+01 8.021941366127688298e+02 2.077169448169430837e+02 9.886767618005466218e+00
1.752430167318504672e+01 6.491554215625016866e+01 9.093064358887384060e+02 2.077169448169430837e+02 9.886767618005466218e+00
1.752430167318504672e+01 6.491554215625016866e+01 8.021941366127688298e+02 8.573153522868867640e+02 9.886767618005466218e+00
1.752430167318504672e+01 6.491554215625016866e+01 8.021941366127688298e+02 2.077169448169430837e+02 1.459014154649156936e+01
1.752430167318504672e+01 6.491554215625016866e+01 8.021941366127688298e+02 2.077169448169430837e+02 9.886767618005466218e+00
3.703880139317278974e+01 4.741255567510657443e+01 5.103834037053907196e+02 2.451810725995592009e+02 1.260872811130420246e+01
2.742034024626116917e+01 4.741255567510657443e+01 5.103834037053907196e+02 2.451810725995592009e+02 1.260872811130420246e+01
3.703880139317278974e+01 4.994960094593855615e+01 5.103834037053907196e+02 2.451810725995592009e+02 1.260872811130420246e+01
3.703880139317278974e+01 4.741255567510657443e+01 8.547503312744688628e+02 2.451810725995592009e+02 1.260872811130420246e+01
3.703880139317278974e+01 4.741255567510657443e+01 5.103834037053907196e+02 7.472333624492921444e+02 1.260872811130420246e+01
3.703880139317278974e+01 4.741255567510657443e+01 5.103834037053907196e+02 2.451810725995592009e+02 1.677041934383855804e+01
3.703880139317278974e+01 4.994960094593855615e+01 8.547503312744688628e+02 7.472333624492921444e+02 1.677041934383855804e+01
2.742034024626116917e+01 4.741255567510657443e+01 8.547503312744688628e+02 7.472333624492921444e+02 1.677041934383855804e+01
2.742034024626116917e+01 4.994960094593855615e+01 5.103834037053907196e+02 7.472333624492921444e+02 1.677041934383855804e+01
2.742034024626116917e+01 4.994960094593855615e+01 8.547503312744688628e+02 2.451810725995592009e+02 1.677041934383855804e+01
2.742034024626116917e+01 4.994960094593855615e+01 8.547503312744688628e+02 7.472333624492921444e+02 1.260872811130420246e+01
2.742034024626116917e+01 4.994960094593855615e+01 8.547503312744688628e+02 7.472333624492921444e+02 1.677041934383855804e+01
3.123235550978692032e+01 6.630337378192059816e+01 7.956671096464349375e+02 5.526086870929270134e+01 1.190259498461188770e+01
2.932559589318264059e+01 6.630337378192059816e+01 7.956671096464349375e+02 5.526086870929270134e+01 1.190259498461188770e+01
3.123235550978692032e+01 7.321306749166724614e+01 7.956671096464349375e+02 5.526086870929270134e+01 1.190259498461188770e+01
3.123235550978692032e+01 6.630337378192059816e+01 7.304173820340186012e+02 5.526086870929270134e+01 1.190259498461188770e+01
3.123235550978692032e+01 6.630337378192059816e+01 7.956671096464349375e+02 1.956882286096955568e+02 1.190259498461188770e+01
3.123235550978692032e+01 6.630337378192059816e+01 7.956671096464349375e+02 5.526086870929270134e+01 1.527326299508741325e+00
3.123235550978692032e+01 7.321306749166724614e+01 7.304173820340186012e+02 1.956882286096955568e+02 1.527326299508741325e+00
2.932559589318264059e+01 6.630337378192059816e+01 7.304173820340186012e+02 1.956882286096955568e+02 1.527326299508741325e+00
2.932559589318264059e+01 7.321306749166724614e+01 7.956671096464349375e+02 1.956882286096955568e+02 1.527326299508741325e+00
2.932559589318264059e+01 7.321306749166724614e+01 7.304173820340186012e+02 5.526086870929270134e+01 1.527326299508741325e+00
2.932559589318264059e+01 7.321306749166724614e+01 7.304173820340186012e+02 1.956882286096955568e+02 1.190259498461188770e+01
2.932559589318264059e+01 7.321306749166724614e+01 7.304173820340186012e+02 1.956882286096955568e+02 1.527326299508741325e+00
1.531812515184652668e+01 5.234414198016270348e+01 9.654805304995550159e+02 6.388365080108070515e+02 1.677478337391714547e+01
1.790772197527539333e+01 5.234414198016270348e+01 9.654805304995550159e+02 6.388365080108070515e+02 1.677478337391714547e+01
1.531812515184652668e+01 4.848073915780587129e+01 9.654805304995550159e+02 6.388365080108070515e+02 1.677478337391714547e+01
1.531812515184652668e+01 5.234414198016270348e+01 9.116649876000844870e+02 6.388365080108070515e+02 1.677478337391714547e+01
1.531812515184652668e+01 5.234414198016270348e+01 9.654805304995550159e+02 8.068519508096591153e+02 1.677478337391714547e+01
1.531812515184652668e+01 5.234414198016270348e+01 9.654805304995550159e+02 6.388365080108070515e+02 2.204783853074515676e+01
1.531812515184652668e+01 4.848073915780587129e+01 9.116649876000844870e+02 8.068519508096591153e+02 2.204783853074515676e+01
1.790772197527539333e+01 5.234414198016270348e+01 9.116649876000844870e+02 8.068519508096591153e+02 2.204783853074515676e+01
1.790772197527539333e+01 4.848073915780587129e+01 9.654805304995550159e+02 8.068519508096591153e+02 2.204783853074515676e+01
1.790772197527539333e+01 4.848073915780587129e+01 9.116649876000844870e+02 6.388365080108070515e+02 2.204783853074515676e+01
1.790772197527539333e+01 4.848073915780587129e+01 9.116649876000844870e+02 8.068519508096591153e+02 1.677478337391714547e+01
1.790772197527539333e+01 4.848073915780587129e+01 9.116649876000844870e+02 8.068519508096591153e+02 2.204783853074515676e+01
1.816493589195912506e+01 8.051732490427099265e+01 6.663471880210774998e+02 3.336705023110458797e+02 1.884365636593039284e+01
1.090775265923882031e+01 8.051732490427099265e+01 6.663471880210774998e+02 3.336705023110458797e+02 1.884365636593039284e+01
1.816493589195912506e+01 8.853402203605617160e+01 6.663471880210774998e+02 3.336705023110458797e+02 1.884365636593039284e+01
1.816493589195912506e+01 8.051732490427099265e+01 1.085430797584511311e+03 3.336705023110458797e+02 1.884365636593039284e+01
1.816493589195912506e+01 8.051732490427099265e+01 6.663471880210774998e+02 5.428354937405409828e+02 1.884365636593039284e+01
1.816493589195912506e+01 8.051732490427099265e+01 6.663471880210774998e+02 3.336705023110458797e+02 1.533978496265561731e+01
1.816493589195912506e+01 8.853402203605617160e+01 1.085430797584511311e+03 5.428354937405409828e+02 1.533978496265561731e+01
1.090775265923882031e+01 8.051732490427099265e+01 1.085430797584511311e+03 5.428354937405409828e+02 1.533978496265561731e+01
1.090775265923882031e+01 8.853402203605617160e+01 6.663471880210774998e+02 5.428354937405409828e+02 1.533978496265561731e+01
1.090775265923882031e+01 8.853402203605617160e+01 1.085430797584511311e+03 3.336705023110458797e+02 1.533978496265561731e+01
1.090775265923882031e+01 8.853402203605617160e+01 1.085430797584511311e+03 5.428354937405409828e+02 1.884365636593039284e+01
1.090775265923882031e+01 8.853402203605617160e+01 1.085430797584511311e+03 5.428354937405409828e+02 1.533978496265561731e+01
2.732818262889360028e+01 6.044747363740003010e+01 8.127335244106888013e+02 4.944912779500624538e+02 9.214552698271674558e+00
2.370207851125793397e+01 6.044747363740003010e+01 8.127335244106888013e+02 4.944912779500624538e+02 9.214552698271674558e+00
2.732818262889360028e+01 5.849489286075403527e+01 8.127335244106888013e+02 4.944912779500624538e+02 9.214552698271674558e+00
2.732818262889360028e+01 6.044747363740003010e+01 4.871065065538327872e+02 4.944912779500624538e+02 9.214552698271674558e+00
2.732818262889360028e+01 6.044747363740003010e+01 8.127335244106888013e+02 3.561210865467445501e+02 9.214552698271674558e+00
2.732818262889360028e+01 6.044747363740003010e+01 8.127335244106888013e+02 4.944912779500624538e+02 1.247362472229322172e+01
2.732818262889360028e+01 5.849489286075403527e+01 4.871065065538327872e+02 3.561210865467445501e+02 1.247362472229322172e+01
2.370207851125793397e+01 6.044747363740003010e+01 4.871065065538327872e+02 3.561210865467445501e+02 1.247362472229322172e+01
2.370207851125793397e+01 5.849489286075403527e+01 8.127335244106888013e+02 3.561210865467445501e+02 1.247362472229322172e+01
2.370207851125793397e+01 5.849489286075403527e+01 4.871065065538327872e+02 4.944912779500624538e+02 1.247362472229322172e+01
2.370207851125793397e+01 5.849489286075403527e+01 4.871065065538327872e+02 3.561210865467445501e+02 9.214552698271674558e+00
2.370207851125793397e+01 5.849489286075403527e+01 4.871065065538327872e+02 3.561210865467445501e+02 1.247362472229322172e+01
2.670067186829783168e+01 7.240164132001538633e+01 5.954801886108700728e+02 7.007728346132164461e+02 2.167040826939605225e+01
2.636681228892702222e+01 7.240164132001538633e+01 5.954801886108700728e+02 7.007728346132164461e+02 2.167040826939605225e+01
2.670067186829783168e+01 7.114201449879189454e+01 5.954801886108700728e+02 7.007728346132164461e+02 2.167040826939605225e+01
2.670067186829783168e+01 7.240164132001538633e+01 6.869025763371502080e+02 7.007728346132164461e+02 2.167040826939605225e+01
2.670067186829783168e+01 7.240164132001538633e+01 5.954801886108700728e+02 1.005179140858871421e+02 2.167040826939605225e+01
2.670067186829783168e+01 7.240164132001538633e+01 5.954801886108700728e+02 7.007728346132164461e+02 1.606282469348127506e+01
2.670067186829783168e+01 7.114201449879189454e+01 6.869025763371502080e+02 1.005179140858871421e+02 1.606282469348127506e+01
2.636681228892702222e+01 7.240164132001538633e+01 6.869025763371502080e+02 1.005179140858871421e+02 1.606282469348127506e+01
2.636681228892702222e+01 7.114201449879189454e+01 5.954801886108700728e+02 1.005179140858871421e+02 1.606282469348127506e+01
2.636681228892702222e+01 7.114201449879189454e+01 6.869025763371502080e+02 7.007728346132164461e+02 1.606282469348127506e+01
2.636681228892702222e+01 7.114201449879189454e+01 6.869025763371502080e+02 1.005179140858871421e+02 2.167040826939605225e+01
2.636681228892702222e+01 7.114201449879189454e+01 6.869025763371502080e+02 1.005179140858871421e+02 1.606282469348127506e+01
2.037655539621407286e+01 4.310118062265452465e+01 8.619612177119593071e+02 1.517564648016486046e+02 6.576743736830014342e+00
1.422490183116465445e+01 4.310118062265452465e+01 8.619612177119593071e+02 1.517564648016486046e+02 6.576743736830014342e+00
2.037655539621407286e+01 4.371633233144113007e+01 8.619612177119593071e+02 1.517564648016486046e+02 6.576743736830014342e+00
2.037655539621407286e+01 4.310118062265452465e+01 9.056437022742594536e+02 1.517564648016486046e+02 6.576743736830014342e+00
2.037655539621407286e+01 4.310118062265452465e+01 8.619612177119593071e+02 1.005170582095700297e+03 6.576743736830014342e+00
2.037655539621407286e+01 4.310118062265452465e+01 8.619612177119593071e+02 1.517564648016486046e+02 1.144958916876236010e+01
2.037655539621407286e+01 4.371633233144113007e+01 9.056437022742594536e+02 1.005170582095700297e+03 1.144958916876236010e+01
1.422490183116465445e+01 4.310118062265452465e+01 9.056437022742594536e+02 1.005170582095700297e+03 1.144958916876236010e+01
1.422490183116465445e+01 4.371633233144113007e+01 8.619612177119593071e+02 1.005170582095700297e+03 1.144958916876236010e+01
1.422490183116465445e+01 4.371633233144113007e+01 9.056437022742594536e+02 1.517564648016486046e+02 1.144958916876236010e+01
1.422490183116465445e+01 4.371633233144113007e+01 9.056437022742594536e+02 1.005170582095700297e+03 6.576743736830014342e+00
1.422490183116465445e+01 4.371633233144113007e+01 9.056437022742594536e+02 1.005170582095700297e+03 1.144958916876236010e+01
1.631408907824591026e+01 9.791587234087369040e+01 7.473682448013978501e+02 4.546192902037508929e+02 1.354109857504474768e+01
2.186989344769864374e+01 9.791587234087369040e+01 7.473682448013978501e+02 4.546192902037508929e+02 1.354109857504474768e+01
1.631408907824591026e+01 8.323961363844836114e+01 7.473682448013978501e+02 4.546192902037508929e+02 1.354109857504474768e+01
1.631408907824591026e+01 9.791587234087369040e+01 1.195545705916460747e+03 4.546192902037508929e+02 1.354109857504474768e+01
1.631408907824591026e+01 9.791587234087369040e+01 7.473682448013978501e+02 6.303225876512118475e+02 1.354109857504474768e+01
1.631408907824591026e+01 9.791587234087369040e+01 7.473682448013978501e+02 4.546192902037508929e+02 8.600902921822063618e+00
1.631408907824591026e+01 8.323961363844836114e+01 1.195545705916460747e+03 6.303225876512118475e+02 8.600902921822063618e+00
2.186989344769864374e+01 9.791587234087369040e+01 1.195545705916460747e+03 6.303225876512118475e+02 8.600902921822063618e+00
2.186989344769864374e+01 8.323961363844836114e+01 7.473682448013978501e+02 6.303225876512118475e+02 8.600902921822063618e+00
2.186989344769864374e+01 8.323961363844836114e+01 1.195545705916460747e+03 4.546192902037508929e+02 8.600902921822063618e+00
2.186989344769864374e+01 8.323961363844836114e+01 1.195545705916460747e+03 6.303225876512118475e+02 1.354109857504474768e+01
2.186989344769864374e+01 8.323961363844836114e+01 1.195545705916460747e+03 6.303225876512118475e+02 8.600902921822063618e+00
2.867827607399993184e+01 5.527644185536411925e+01 1.042410149947748323e+03 3.018296396208428405e+02 1.540320515789818678e+01
3.249745920531557886e+01 5.527644185536411925e+01 1.042410149947748323e+03 3.018296396208428405e+02 1.540320515789818678e+01
2.867827607399993184e+01 5.541926102959757827e+01 1.042410149947748323e+03 3.018296396208428405e+02 1.540320515789818678e+01
2.867827607399993184e+01 5.527644185536411925e+01 5.005112902716444978e+02 3.018296396208428405e+02 1.540320515789818678e+01
2.867827607399993184e+01 5.527644185536411925e+01 1.042410149947748323e+03 2.991129761401023757e+02 1.540320515789818678e+01
2.867827607399993184e+01 5.527644185536411925e+01 1.042410149947748323e+03 3.018296396208428405e+02 1.764809983605527322e+01
2.867827607399993184e+01 5.541926102959757827e+01 5.005112902716444978e+02 2.991129761401023757e+02 1.764809983605527322e+01
3.249745920531557886e+01 5.527644185536411925e+01 5.005112902716444978e+02 2.991129761401023757e+02 1.764809983605527322e+01
3.249745920531557886e+01 5.541926102959757827e+01 1.042410149947748323e+03 2.991129761401023757e+02 1.764809983605527322e+01
3.249745920531557886e+01 5.541926102959757827e+01 5.005112902716444978e+02 3.018296396208428405e+02 1.764809983605527322e+01
3.249745920531557886e+01 5.541926102959757827e+01 5.005112902716444978e+02 2.991129761401023757e+02 1.540320515789818678e+01
3.249745920531557886e+01 5.541926102959757827e+01 5.005112902716444978e+02 2.991129761401023757e+02 1.764809983605527322e+01
3.193348528304025891e+01 7.630111922573185268e+01 9.293399480918150175e+02 3.827485073709495964e+02 1.595206085496181814e+01
2.506430313139696864e+01 7.630111922573185268e+01 9.293399480918150175e+02 3.827485073709495964e+02 1.595206085496181814e+01
3.193348528304025891e+01 8.081576339275397913e+01 9.293399480918150175e+02 3.827485073709495964e+02 1.595206085496181814e+01
3.193348528304025891e+01 7.630111922573185268e+01 1.042595196690162993e+03 3.827485073709495964e+02 1.595206085496181814e+01
3.193348528304025891e+01 7.630111922573185268e+01 9.293399480918150175e+02 4.448147343198039039e+02 1.595206085496181814e+01
3.193348528304025891e+01 7.630111922573185268e+01 9.293399480918150175e+02 3.827485073709495964e+02 1.307432109617486304e+01
3.193348528304025891e+01 8.081576339275397913e+01 1.042595196690162993e+03 4.448147343198039039e+02 1.307432109617486304e+01
2.506430313139696864e+01 7.630111922573185268e+01 1.042595196690162993e+03 4.448147343198039039e+02 1.307432109617486304e+01
2.506430313139696864e+01 8.081576339275397913e+01 9.293399480918150175e+02 4.448147343198039039e+02 1.307432109617486304e+01
2.506430313139696864e+01 8.081576339275397913e+01 1.042595196690162993e+03 3.827485073709495964e+02 1.307432109617486304e+01
2.506430313139696864e+01 8.081576339275397913e+01 1.042595196690162993e+03 4.448147343198039039e+02 1.595206085496181814e+01
2.506430313139696864e+01 8.081576339275397913e+01 1.042595196690162993e+03 4.448147343198039039e+02 1.307432109617486304e+01
1.262462994168453889e+01 6.282017885408573932e+01 4.655284158794899554e+02 5.567888147848047993e+02 1.079592405246854270e+01
1.180203354714033814e+01 6.282017885408573932e+01 4.655284158794899554e+02 5.567888147848047993e+02 1.079592405246854270e+01
1.262462994168453889e+01 6.369632249158681248e+01 4.655284158794899554e+02 5.567888147848047993e+02 1.079592405246854270e+01
1.262462994168453889e+01 6.282017885408573932e+01 6.441365107846245337e+02 5.567888147848047993e+02 1.079592405246854270e+01
1.262462994168453889e+01 6.282017885408573932e+01 4.655284158794899554e+02 4.204762230044531748e+02 1.079592405246854270e+01
1.262462994168453889e+01 6.282017885408573932e+01 4.655284158794899554e+02 5.567888147848047993e+02 1.441691020222227237e+01
1.262462994168453889e+01 6.369632249158681248e+01 6.441365107846245337e+02 4.204762230044531748e+02 1.441691020222227237e+01
1.180203354714033814e+01 6.282017885408573932e+01 6.441365107846245337e+02 4.204762230044531748e+02 1.441691020222227237e+01
1.180203354714033814e+01 6.369632249158681248e+01 4.655284158794899554e+02 4.204762230044531748e+02 1.441691020222227237e+01
1.180203354714033814e+01 6.369632249158681248e+01 6.441365107846245337e+02 5.567888147848047993e+02 1.441691020222227237e+01
1.180203354714033814e+01 6.369632249158681248e+01 6.441365107846245337e+02 4.204762230044531748e+02 1.079592405246854270e+01
1.180203354714033814e+01 6.369632249158681248e+01 6.441365107846245337e+02 4.204762230044531748e+02 1.441691020222227237e+01
2.295732974545336802e+01 6.424516675589779879e+01 1.132700546255160589e+03 2.807217926343543581e+02 8.064366373829262358e+00
2.050224092511667351e+01 6.424516675589779879e+01 1.132700546255160589e+03 2.807217926343543581e+02 8.064366373829262358e+00
2.295732974545336802e+01 6.651197958420345913e+01 1.132700546255160589e+03 2.807217926343543581e+02 8.064366373829262358e+00
2.295732974545336802e+01 6.424516675589779879e+01 7.450654039057380942e+02 2.807217926343543581e+02 8.064366373829262358e+00
2.295732974545336802e+01 6.424516675589779879e+01 1.132700546255160589e+03 2.760263310739211420e+02 8.064366373829262358e+00
2.295732974545336802e+01 6.424516675589779879e+01 1.132700546255160589e+03 2.807217926343543581e+02 2.018973448650738334e+01
2.295732974545336802e+01 6.651197958420345913e+01 7.450654039057380942e+02 2.760263310739211420e+02 2.018973448650738334e+01
2.050224092511667351e+01 6.424516675589779879e+01 7.450654039057380942e+02 2.760263310739211420e+02 2.018973448650738334e+01
2.050224092511667351e+01 6.651197958420345913e+01 1.132700546255160589e+03 2.760263310739211420e+02 2.018973448650738334e+01
2.050224092511667351e+01 6.651197958420345913e+01 7.450654039057380942e+02 2.807217926343543581e+02 2.018973448650738334e+01
2.050224092511667351e+01 6.651197958420345913e+01 7.450654039057380942e+02 2.760263310739211420e+02 8.064366373829262358e+00
2.050224092511667351e+01 6.651197958420345913e+01 7.450654039057380942e+02 2.760263310739211420e+02 2.018973448650738334e+01
2.379658235584106762e+01 5.475240693185246244e+01 6.980703065863410757e+02 1.004883068000361618e+03 1.795658120936097291e+01
3.056288053270764138e+01 5.475240693185246244e+01 6.980703065863410757e+02 1.004883068000361618e+03 1.795658120936097291e+01
2.379658235584106762e+01 5.324156325789201105e+01 6.980703065863410757e+02 1.004883068000361618e+03 1.795658120936097291e+01
2.379658235584106762e+01 5.475240693185246244e+01 8.288381730423891440e+02 1.004883068000361618e+03 1.795658120936097291e+01
2.379658235584106762e+01 5.475240693185246244e+01 6.980703065863410757e+02 6.371562609941245228e+02 1.795658120936097291e+01
2.379658235584106762e+01 5.475240693185246244e+01 6.980703065863410757e+02 1.004883068000361618e+03 5.969303649983872972e+00
2.379658235584106762e+01 5.324156325789201105e+01 8.288381730423891440e+02 6.371562609941245228e+02 5.969303649983872972e+00
3.056288053270764138e+01 5.475240693185246244e+01 8.288381730423891440e+02 6.371562609941245228e+02 5.969303649983872972e+00
3.056288053270764138e+01 5.324156325789201105e+01 6.980703065863410757e+02 6.371562609941245228e+02 5.969303649983872972e+00
3.056288053270764138e+01 5.324156325789201105e+01 8.288381730423891440e+02 1.004883068000361618e+03 5.969303649983872972e+00
3.056288053270764138e+01 5.324156325789201105e+01 8.288381730423891440e+02 6.371562609941245228e+02 1.795658120936097291e+01
3.056288053270764138e+01 5.324156325789201105e+01 8.288381730423891440e+02 6.371562609941245228e+02 5.969303649983872972e+00
