1.515558811412782807e-02
1.515558811412782807e-02
1.515558811412782807e-02
1.844697803734991759e-02
2.060950479708444777e-02
1.515558811412782807e-02
2.492462774041097687e-02
2.492462774041097687e-02
2.060950479708444777e-02
1.844697803734991759e-02
2.492462774041097687e-02
2.492462774041097687e-02
2.407012669112511966e-02
2.407012669112511966e-02
2.407012669112511966e-02
2.340927426095960537e-02
2.579387652307713399e-02
2.407012669112511966e-02
2.509053469782207557e-02
2.509053469782207557e-02
2.579387652307713399e-02
2.340927426095960537e-02
2.509053469782207557e-02
2.509053469782207557e-02
2.223316175322759963e-02
2.223316175322759963e-02
2.223316175322759963e-02
2.013475727790838346e-02
2.506352457470351416e-02
2.223316175322759963e-02
2.272058882809650446e-02
2.272058882809650446e-02
2.506352457470351416e-02
2.013475727790838346e-02
2.272058882809650446e-02
2.272058882809650446e-02
2.724640455902224007e-02
2.724640455902224007e-02
2.724640455902224007e-02
2.659464924138767866e-02
2.281052365090414924e-02
2.724640455902224007e-02
2.225233055689556858e-02
2.225233055689556858e-02
2.281052365090414924e-02
2.659464924138767866e-02
2.225233055689556858e-02
2.225233055689556858e-02
2.935481900405412237e-02
2.935481900405412237e-02
2.935481900405412237e-02
2.375324521133127809e-02
2.524059389225236788e-02
2.935481900405412237e-02
2.036684965023759578e-02
2.036684965023759578e-02
2.524059389225236788e-02
2.375324521133127809e-02
2.036684965023759578e-02
2.036684965023759578e-02
1.945011390975548426e-02
1.945011390975548426e-02
1.945011390975548426e-02
2.352604213932122518e-02
1.430503154598699971e-02
1.945011390975548426e-02
1.736959265231475744e-02
1.736959265231475744e-02
1.430503154598699971e-02
2.352604213932122518e-02
1.736959265231475744e-02
1.736959265231475744e-02
2.952915246388896492e-02
2.952915246388896492e-02
2.952915246388896492e-02
2.713755619842456168e-02
2.708563294307849562e-02
2.952915246388896492e-02
2.486031574328636737e-02
2.486031574328636737e-02
2.708563294307849562e-02
2.713755619842456168e-02
2.486031574328636737e-02
2.486031574328636737e-02
1.976153899199160208e-02
1.976153899199160208e-02
1.976153899199160208e-02
1.991425830909387615e-02
3.089785240096631566e-02
1.976153899199160208e-02
3.112785715691186034e-02
3.112785715691186034e-02
3.089785240096631566e-02
1.991425830909387615e-02
3.112785715691186034e-02
3.112785715691186034e-02
2.553633296844105838e-02
2.553633296844105838e-02
2.553633296844105838e-02
1.987670133138254303e-02
2.685246130978677370e-02
2.553633296844105838e-02
2.092808627031778751e-02
2.092808627031778751e-02
2.685246130978677370e-02
1.987670133138254303e-02
2.092808627031778751e-02
2.092808627031778751e-02
2.795409872707998664e-02
2.795409872707998664e-02
2.795409872707998664e-02
2.991499099860571442e-02
1.912381533530376626e-02
2.795409872707998664e-02
2.052003066156937380e-02
2.052003066156937380e-02
1.912381533530376626e-02
2.991499099860571442e-02
2.052003066156937380e-02
2.052003066156937380e-02
2.222241167483193433e-02
2.222241167483193433e-02
2.222241167483193433e-02
2.338994666866917038e-02
2.395082347053489880e-02
2.222241167483193433e-02
2.519625946617184628e-02
2.519625946617184628e-02
2.395082347053489880e-02
2.338994666866917038e-02
2.519625946617184628e-02
2.519625946617184628e-02
2.172565820488917693e-02
2.172565820488917693e-02
2.172565820488917693e-02
2.380967121930703534e-02
2.405668073582859640e-02
2.172565820488917693e-02
2.634648679296208024e-02
2.634648679296208024e-02
2.405668073582859640e-02
2.380967121930703534e-02
2.634648679296208024e-02
2.634648679296208024e-02
2.357517311071902211e-02
2.357517311071902211e-02
2.357517311071902211e-02
2.705826110678773849e-02
2.207486664177393115e-02
2.357517311071902211e-02
2.536684453587127394e-02
2.536684453587127394e-02
2.207486664177393115e-02
2.705826110678773849e-02
2.536684453587127394e-02
2.536684453587127394e-02
2.181658285453437485e-02
2.181658285453437485e-02
2.181658285453437485e-02
2.004435176425837378e-02
2.916140581901264725e-02
2.181658285453437485e-02
2.687284715557487075e-02
2.687284715557487075e-02
2.916140581901264725e-02
2.004435176425837378e-02
2.687284715557487075e-02
2.687284715557487075e-02
2.438069129833775328e-02
2.438069129833775328e-02
2.438069129833775328e-02
2.485289025121537737e-02
2.269700829362606212e-02
2.438069129833775328e-02
2.313891655616954687e-02
2.313891655616954687e-02
2.269700829362606212e-02
2.485289025121537737e-02
2.313891655616954687e-02
2.313891655616954687e-02
2.237057235951703596e-02
2.237057235951703596e-02
2.237057235951703596e-02
2.310386125591463655e-02
2.081110496985612637e-02
2.237057235951703596e-02
2.149901374604542767e-02
2.149901374604542767e-02
2.081110496985612637e-02
2.310386125591463655e-02
2.149901374604542767e-02
2.149901374604542767e-02
2.424638469585863737e-02
2.424638469585863737e-02
2.424638469585863737e-02
2.317026472747257815e-02
1.892038657327542797e-02
2.424638469585863737e-02
1.806449875074477712e-02
1.806449875074477712e-02
1.892038657327542797e-02
2.317026472747257815e-02
1.806449875074477712e-02
1.806449875074477712e-02
2.276669247284347081e-02
2.276669247284347081e-02
2.276669247284347081e-02
2.177240912010984866e-02
2.687593592780035748e-02
2.276669247284347081e-02
2.572925943405286742e-02
2.572925943405286742e-02
2.687593592780035748e-02
2.177240912010984866e-02
2.572925943405286742e-02
2.572925943405286742e-02
2.422335875550825357e-02
2.422335875550825357e-02
2.422335875550825357e-02
3.150203312294018454e-02
2.500635527130139202e-02
2.422335875550825357e-02
3.248631211375960920e-02
3.248631211375960920e-02
2.500635527130139202e-02
3.150203312294018454e-02
3.248631211375960920e-02
3.248631211375960920e-02
2.398608707812346572e-02
2.398608707812346572e-02
2.398608707812346572e-02
2.297878859843306004e-02
2.367299351477790414e-02
2.398608707812346572e-02
2.267744505272076966e-02
2.267744505272076966e-02
2.367299351477790414e-02
2.297878859843306004e-02
2.267744505272076966e-02
2.267744505272076966e-02
2.489034301178312883e-02
2.489034301178312883e-02
2.489034301178312883e-02
2.452699028390391278e-02
2.891877672603916302e-02
2.489034301178312883e-02
2.850623019159300581e-02
2.850623019159300581e-02
2.891877672603916302e-02
2.452699028390391278e-02
2.850623019159300581e-02
2.850623019159300581e-02
2.556957543839877625e-02
2.556957543839877625e-02
2.556957543839877625e-02
2.539725277873031845e-02
2.207427439696620433e-02
2.556957543839877625e-02
2.192345782549832284e-02
2.192345782549832284e-02
2.207427439696620433e-02
2.539725277873031845e-02
2.192345782549832284e-02
2.192345782549832284e-02
1.966217905307455008e-02
1.966217905307455008e-02
1.966217905307455008e-02
1.693506932873744403e-02
2.132551361538002552e-02
1.966217905307455008e-02
1.838553982396476730e-02
1.838553982396476730e-02
2.132551361538002552e-02
1.693506932873744403e-02
1.838553982396476730e-02
1.838553982396476730e-02
2.194922602153183064e-02
2.194922602153183064e-02
2.194922602153183064e-02
2.494159805808636443e-02
2.199971455122876757e-02
2.194922602153183064e-02
2.499833446571773227e-02
2.499833446571773227e-02
2.199971455122876757e-02
2.494159805808636443e-02
2.499833446571773227e-02
2.499833446571773227e-02
2.665957794630517338e-02
2.665957794630517338e-02
2.665957794630517338e-02
2.832769172060288845e-02
2.638839601210909297e-02
2.665957794630517338e-02
2.804180786209406126e-02
2.804180786209406126e-02
2.638839601210909297e-02
2.832769172060288845e-02
2.804180786209406126e-02
2.804180786209406126e-02
2.008324973424512050e-02
2.008324973424512050e-02
2.008324973424512050e-02
2.049757493945305806e-02
2.018661678201442294e-02
2.008324973424512050e-02
2.060291667031802221e-02
2.060291667031802221e-02
2.018661678201442294e-02
2.049757493945305806e-02
2.060291667031802221e-02
2.060291667031802221e-02
2.552777229736221537e-02
2.552777229736221537e-02
2.552777229736221537e-02
1.907637848480499970e-02
2.286343628284954327e-02
2.552777229736221537e-02
1.704248260120435135e-02
1.704248260120435135e-02
2.286343628284954327e-02
1.907637848480499970e-02
1.704248260120435135e-02
1.704248260120435135e-02
1.961678073601069369e-02
1.961678073601069369e-02
1.961678073601069369e-02
1.993856485854138966e-02
2.514733466756391769e-02
1.961678073601069369e-02
2.554946394549999222e-02
2.554946394549999222e-02
2.514733466756391769e-02
1.993856485854138966e-02
2.554946394549999222e-02
2.554946394549999222e-02
1.823006116503108134e-02
1.823006116503108134e-02
1.823006116503108134e-02
1.966239487865089827e-02
1.591624638882357945e-02
1.823006116503108134e-02
1.717668192377142661e-02
1.717668192377142661e-02
1.591624638882357945e-02
1.966239487865089827e-02
1.717668192377142661e-02
1.717668192377142661e-02
2.599846459308964922e-02
2.599846459308964922e-02
2.599846459308964922e-02
2.556462686478679774e-02
2.477133433437644916e-02
2.599846459308964922e-02
2.435547717995382999e-02
2.435547717995382999e-02
2.477133433437644916e-02
2.556462686478679774e-02
2.435547717995382999e-02
2.435547717995382999e-02
2.178157016321560779e-02
2.178157016321560779e-02
2.178157016321560779e-02
2.555880608032349427e-02
2.725660923242797379e-02
2.178157016321560779e-02
3.184451869908726945e-02
3.184451869908726945e-02
2.725660923242797379e-02
2.555880608032349427e-02
3.184451869908726945e-02
3.184451869908726945e-02
3.342767775217546367e-02
3.342767775217546367e-02
3.342767775217546367e-02
2.894132488861195576e-02
2.679437436749264323e-02
3.342767775217546367e-02
2.309000567283548896e-02
2.309000567283548896e-02
2.679437436749264323e-02
2.894132488861195576e-02
2.309000567283548896e-02
2.309000567283548896e-02
2.521789413705094809e-02
2.521789413705094809e-02
2.521789413705094809e-02
2.298689604448901636e-02
2.532974718247305024e-02
2.521789413705094809e-02
2.308982329219417401e-02
2.308982329219417401e-02
2.532974718247305024e-02
2.298689604448901636e-02
2.308982329219417401e-02
2.308982329219417401e-02
1.593385384209883987e-02
1.593385384209883987e-02
1.593385384209883987e-02
1.987211881707631744e-02
1.702379881023032351e-02
1.593385384209883987e-02
2.120577443405052831e-02
2.120577443405052831e-02
1.702379881023032351e-02
1.987211881707631744e-02
2.120577443405052831e-02
2.120577443405052831e-02
2.918363441665879077e-02
2.918363441665879077e-02
2.918363441665879077e-02
2.625052139528378375e-02
2.562696634830950726e-02
2.918363441665879077e-02
2.300525142434134765e-02
2.300525142434134765e-02
2.562696634830950726e-02
2.625052139528378375e-02
2.300525142434134765e-02
2.300525142434134765e-02
2.162639074129477437e-02
2.162639074129477437e-02
2.162639074129477437e-02
1.760433416791326242e-02
2.648368011312566411e-02
2.162639074129477437e-02
2.160550441334258692e-02
2.160550441334258692e-02
2.648368011312566411e-02
1.760433416791326242e-02
2.160550441334258692e-02
2.160550441334258692e-02
2.129341444411234768e-02
2.129341444411234768e-02
2.129341444411234768e-02
2.403491629833238649e-02
2.064277069993503133e-02
2.129341444411234768e-02
2.330853913605971522e-02
2.330853913605971522e-02
2.064277069993503133e-02
2.403491629833238649e-02
2.330853913605971522e-02
2.330853913605971522e-02
2.780503313333087395e-02
2.780503313333087395e-02
2.780503313333087395e-02
2.485434386478758279e-02
2.682309830264863193e-02
2.780503313333087395e-02
2.396758988778144653e-02
2.396758988778144653e-02
2.682309830264863193e-02
2.485434386478758279e-02
2.396758988778144653e-02
2.396758988778144653e-02
2.025138481551106914e-02
2.025138481551106914e-02
2.025138481551106914e-02
2.031848513975552731e-02
2.421614921239317181e-02
2.025138481551106914e-02
2.429503991162892257e-02
2.429503991162892257e-02
2.421614921239317181e-02
2.031848513975552731e-02
2.429503991162892257e-02
2.429503991162892257e-02
2.721308124003021453e-02
2.721308124003021453e-02
2.721308124003021453e-02
2.773279838387384191e-02
2.280793318713135107e-02
2.721308124003021453e-02
2.325544034787390898e-02
2.325544034787390898e-02
2.280793318713135107e-02
2.773279838387384191e-02
2.325544034787390898e-02
2.325544034787390898e-02
3.192902834851672755e-02
3.192902834851672755e-02
3.192902834851672755e-02
3.380655700420584497e-02
2.161471055621764364e-02
3.192902834851672755e-02
2.294915787289800169e-02
2.294915787289800169e-02
2.161471055621764364e-02
3.380655700420584497e-02
2.294915787289800169e-02
2.294915787289800169e-02
2.457454601465381555e-02
2.457454601465381555e-02
2.457454601465381555e-02
2.148399156491210410e-02
2.748783418606207812e-02
2.457454601465381555e-02
2.406855459014833887e-02
2.406855459014833887e-02
2.748783418606207812e-02
2.148399156491210410e-02
2.406855459014833887e-02
2.406855459014833887e-02
2.337472540278385039e-02
2.337472540278385039e-02
2.337472540278385039e-02
2.468228589284063995e-02
2.382431430883785034e-02
2.337472540278385039e-02
2.515469444452981401e-02
2.515469444452981401e-02
2.382431430883785034e-02
2.468228589284063995e-02
2.515469444452981401e-02
2.515469444452981401e-02
2.174518237708691903e-02
2.174518237708691903e-02
2.174518237708691903e-02
2.645690360896421275e-02
2.143844371456694875e-02
2.174518237708691903e-02
2.609546847493716959e-02
2.609546847493716959e-02
2.143844371456694875e-02
2.645690360896421275e-02
2.609546847493716959e-02
2.609546847493716959e-02
2.378408856180550326e-02
2.378408856180550326e-02
2.378408856180550326e-02
1.893909529012153051e-02
2.861194053657549474e-02
2.378408856180550326e-02
2.292483746965688282e-02
2.292483746965688282e-02
2.861194053657549474e-02
1.893909529012153051e-02
2.292483746965688282e-02
2.292483746965688282e-02
2.237796081771126211e-02
2.237796081771126211e-02
2.237796081771126211e-02
2.567077373551251984e-02
1.824017186833607959e-02
2.237796081771126211e-02
2.098738854830341227e-02
2.098738854830341227e-02
1.824017186833607959e-02
2.567077373551251984e-02
2.098738854830341227e-02
2.098738854830341227e-02
2.293964057998153575e-02
2.293964057998153575e-02
2.293964057998153575e-02
2.207306003365029634e-02
2.472647746786066705e-02
2.293964057998153575e-02
2.380053366330799752e-02
2.380053366330799752e-02
2.472647746786066705e-02
2.207306003365029634e-02
2.380053366330799752e-02
2.380053366330799752e-02
2.015244596185257128e-02
2.015244596185257128e-02
2.015244596185257128e-02
2.340178773117953040e-02
2.180842089781010601e-02
2.015244596185257128e-02
2.531432898961252440e-02
2.531432898961252440e-02
2.180842089781010601e-02
2.340178773117953040e-02
2.531432898961252440e-02
2.531432898961252440e-02
2.236261136046134579e-02
2.236261136046134579e-02
2.236261136046134579e-02
2.137013716453816520e-02
2.745274124497658341e-02
2.236261136046134579e-02
2.626480749391096881e-02
2.626480749391096881e-02
2.745274124497658341e-02
2.137013716453816520e-02
2.626480749391096881e-02
2.626480749391096881e-02
2.512959664942221449e-02
2.512959664942221449e-02
2.512959664942221449e-02
2.219045311155668637e-02
2.179003529355091895e-02
2.512959664942221449e-02
1.921567191004681582e-02
1.921567191004681582e-02
2.179003529355091895e-02
2.219045311155668637e-02
1.921567191004681582e-02
1.921567191004681582e-02
2.369732852804985399e-02
2.369732852804985399e-02
2.369732852804985399e-02
2.243960891957778522e-02
2.187758724822153403e-02
2.369732852804985399e-02
2.070777428737587134e-02
2.070777428737587134e-02
2.187758724822153403e-02
2.243960891957778522e-02
2.070777428737587134e-02
2.070777428737587134e-02
2.574490021574506876e-02
2.574490021574506876e-02
2.574490021574506876e-02
3.029991451378846734e-02
2.348211939149836766e-02
2.574490021574506876e-02
2.768461191032122251e-02
2.768461191032122251e-02
2.348211939149836766e-02
3.029991451378846734e-02
2.768461191032122251e-02
2.768461191032122251e-02
2.471021850255845573e-02
2.471021850255845573e-02
2.471021850255845573e-02
2.572539350739390732e-02
1.707704426345967377e-02
2.471021850255845573e-02
1.780286684607659820e-02
1.780286684607659820e-02
1.707704426345967377e-02
2.572539350739390732e-02
1.780286684607659820e-02
1.780286684607659820e-02
2.567418976555803714e-02
2.567418976555803714e-02
2.567418976555803714e-02
2.584104622169506801e-02
2.741428317176109256e-02
2.567418976555803714e-02
2.759020538793925323e-02
2.759020538793925323e-02
2.741428317176109256e-02
2.584104622169506801e-02
2.759020538793925323e-02
2.759020538793925323e-02
2.044725262434279184e-02
2.044725262434279184e-02
2.044725262434279184e-02
2.533911572356294453e-02
2.496217682736655633e-02
2.044725262434279184e-02
3.082577861517232093e-02
3.082577861517232093e-02
2.496217682736655633e-02
2.533911572356294453e-02
3.082577861517232093e-02
3.082577861517232093e-02
1.916234569294735304e-02
1.916234569294735304e-02
1.916234569294735304e-02
1.715961457895139736e-02
2.417266376082495560e-02
1.916234569294735304e-02
2.169888398978514835e-02
2.169888398978514835e-02
2.417266376082495560e-02
1.715961457895139736e-02
2.169888398978514835e-02
2.169888398978514835e-02
1.958010498654060710e-02
1.958010498654060710e-02
1.958010498654060710e-02
2.155609935667825161e-02
1.795987226646131654e-02
1.958010498654060710e-02
1.978428280978819509e-02
1.978428280978819509e-02
1.795987226646131654e-02
2.155609935667825161e-02
1.978428280978819509e-02
1.978428280978819509e-02
2.756175575123733651e-02
2.756175575123733651e-02
2.756175575123733651e-02
2.981810222749043532e-02
2.495279133336862284e-02
2.756175575123733651e-02
2.702665694178979505e-02
2.702665694178979505e-02
2.495279133336862284e-02
2.981810222749043532e-02
2.702665694178979505e-02
2.702665694178979505e-02
1.963290718251586853e-02
1.963290718251586853e-02
1.963290718251586853e-02
2.106161780722193635e-02
2.641495677095123326e-02
1.963290718251586853e-02
2.827544415568854566e-02
2.827544415568854566e-02
2.641495677095123326e-02
2.106161780722193635e-02
2.827544415568854566e-02
2.827544415568854566e-02
2.653620411500415277e-02
2.653620411500415277e-02
2.653620411500415277e-02
2.148757665351534035e-02
2.544634437941190735e-02
2.653620411500415277e-02
2.058556429958334141e-02
2.058556429958334141e-02
2.544634437941190735e-02
2.148757665351534035e-02
2.058556429958334141e-02
2.058556429958334141e-02
2.514094413250358637e-02
2.514094413250358637e-02
2.514094413250358637e-02
2.467915900395325698e-02
2.730468773683227685e-02
2.514094413250358637e-02
2.680787169560157335e-02
2.680787169560157335e-02
2.730468773683227685e-02
2.467915900395325698e-02
2.680787169560157335e-02
2.680787169560157335e-02
1.915431019452544861e-02
1.915431019452544861e-02
1.915431019452544861e-02
1.778261899845104757e-02
2.014199653599297105e-02
1.915431019452544861e-02
1.870328919836443393e-02
1.870328919836443393e-02
2.014199653599297105e-02
1.778261899845104757e-02
1.870328919836443393e-02
1.870328919836443393e-02
3.080357522545442567e-02
3.080357522545442567e-02
3.080357522545442567e-02
2.710021695365968930e-02
2.246420843755698310e-02
3.080357522545442567e-02
1.966820349257974651e-02
1.966820349257974651e-02
2.246420843755698310e-02
2.710021695365968930e-02
1.966820349257974651e-02
1.966820349257974651e-02
2.212632107849637347e-02
2.212632107849637347e-02
2.212632107849637347e-02
2.415831293149408102e-02
2.429681638688797884e-02
2.212632107849637347e-02
2.650358337674998260e-02
2.650358337674998260e-02
2.429681638688797884e-02
2.415831293149408102e-02
2.650358337674998260e-02
2.650358337674998260e-02
