2.424894098260452560e-02
2.424894098260452560e-02
2.424894098260452560e-02
2.951516485975987092e-02
3.297520767533511366e-02
2.424894098260452560e-02
3.987940438465756299e-02
3.987940438465756299e-02
3.297520767533511366e-02
2.951516485975987092e-02
3.987940438465756299e-02
3.987940438465756299e-02
3.851220270580019145e-02
3.851220270580019145e-02
3.851220270580019145e-02
3.745483881753536998e-02
4.127020243692341300e-02
3.851220270580019145e-02
4.014485551651532369e-02
4.014485551651532369e-02
4.127020243692341300e-02
3.745483881753536998e-02
4.014485551651532369e-02
4.014485551651532369e-02
3.557305880516416219e-02
3.557305880516416219e-02
3.557305880516416219e-02
3.221561164465341215e-02
4.010163931952562266e-02
3.557305880516416219e-02
3.635294212495440713e-02
3.635294212495440713e-02
4.010163931952562266e-02
3.221561164465341215e-02
3.635294212495440713e-02
3.635294212495440713e-02
4.359424729443558272e-02
4.359424729443558272e-02
4.359424729443558272e-02
4.255143878622028725e-02
3.649683784144663878e-02
4.359424729443558272e-02
3.560372889103290833e-02
3.560372889103290833e-02
3.649683784144663878e-02
4.255143878622028725e-02
3.560372889103290833e-02
3.560372889103290833e-02
4.696771040648659717e-02
4.696771040648659717e-02
4.696771040648659717e-02
3.800519233813004494e-02
4.038495022760378583e-02
4.696771040648659717e-02
3.258695944038015463e-02
3.258695944038015463e-02
4.038495022760378583e-02
3.800519233813004494e-02
3.258695944038015463e-02
3.258695944038015463e-02
3.112018225560877691e-02
3.112018225560877691e-02
3.112018225560877691e-02
3.764166742291395751e-02
2.288805047357920022e-02
3.112018225560877691e-02
2.779134824370360982e-02
2.779134824370360982e-02
2.288805047357920022e-02
3.764166742291395751e-02
2.779134824370360982e-02
2.779134824370360982e-02
4.724664394222234665e-02
4.724664394222234665e-02
4.724664394222234665e-02
4.342008991747929592e-02
4.333701270892559299e-02
4.724664394222234665e-02
3.977650518925818918e-02
3.977650518925818918e-02
4.333701270892559299e-02
4.342008991747929592e-02
3.977650518925818918e-02
3.977650518925818918e-02
3.161846238718656055e-02
3.161846238718656055e-02
3.161846238718656055e-02
3.186281329455020045e-02
4.943656384154610645e-02
3.161846238718656055e-02
4.980457145105897376e-02
4.980457145105897376e-02
4.943656384154610645e-02
3.186281329455020045e-02
4.980457145105897376e-02
4.980457145105897376e-02
4.085813274950569202e-02
4.085813274950569202e-02
4.085813274950569202e-02
3.180272213021206884e-02
4.296393809565883515e-02
4.085813274950569202e-02
3.348493803250846002e-02
3.348493803250846002e-02
4.296393809565883515e-02
3.180272213021206884e-02
3.348493803250846002e-02
3.348493803250846002e-02
4.472655796332798001e-02
4.472655796332798001e-02
4.472655796332798001e-02
4.786398559776914446e-02
3.059810453648602671e-02
4.472655796332798001e-02
3.283204905851099670e-02
3.283204905851099670e-02
3.059810453648602671e-02
4.786398559776914446e-02
3.283204905851099670e-02
3.283204905851099670e-02
3.555585867973109354e-02
3.555585867973109354e-02
3.555585867973109354e-02
3.742391466987067539e-02
3.832131755285583807e-02
3.555585867973109354e-02
4.031401514587495266e-02
4.031401514587495266e-02
3.832131755285583807e-02
3.742391466987067539e-02
4.031401514587495266e-02
4.031401514587495266e-02
3.476105312782268308e-02
3.476105312782268308e-02
3.476105312782268308e-02
3.809547395089125932e-02
3.849068917732575285e-02
3.476105312782268308e-02
4.215437886873932977e-02
4.215437886873932977e-02
3.849068917732575285e-02
3.809547395089125932e-02
4.215437886873932977e-02
4.215437886873932977e-02
3.772027697715043398e-02
3.772027697715043398e-02
3.772027697715043398e-02
4.329321777086038436e-02
3.531978662683828846e-02
3.772027697715043398e-02
4.058695125739403969e-02
4.058695125739403969e-02
3.531978662683828846e-02
4.329321777086038436e-02
4.058695125739403969e-02
4.058695125739403969e-02
3.490653256725499698e-02
3.490653256725499698e-02
3.490653256725499698e-02
3.207096282281339528e-02
4.665824931042023699e-02
3.490653256725499698e-02
4.299655544891979597e-02
4.299655544891979597e-02
4.665824931042023699e-02
3.207096282281339528e-02
4.299655544891979597e-02
4.299655544891979597e-02
3.900910607734040664e-02
3.900910607734040664e-02
3.900910607734040664e-02
3.976462440194460102e-02
3.631521326980170078e-02
3.900910607734040664e-02
3.702226648987127361e-02
3.702226648987127361e-02
3.631521326980170078e-02
3.976462440194460102e-02
3.702226648987127361e-02
3.702226648987127361e-02
3.579291577522725892e-02
3.579291577522725892e-02
3.579291577522725892e-02
3.696617800946341847e-02
3.329776795176980081e-02
3.579291577522725892e-02
3.439842199367268427e-02
3.439842199367268427e-02
3.329776795176980081e-02
3.696617800946341847e-02
3.439842199367268427e-02
3.439842199367268427e-02
3.879421551337382257e-02
3.879421551337382257e-02
3.879421551337382257e-02
3.707242356395612504e-02
3.027261851724068545e-02
3.879421551337382257e-02
2.890319800119164201e-02
2.890319800119164201e-02
3.027261851724068545e-02
3.707242356395612504e-02
2.890319800119164201e-02
2.890319800119164201e-02
3.642670795654955052e-02
3.642670795654955052e-02
3.642670795654955052e-02
3.483585459217575925e-02
4.300149748448057335e-02
3.642670795654955052e-02
4.116681509448458925e-02
4.116681509448458925e-02
4.300149748448057335e-02
3.483585459217575925e-02
4.116681509448458925e-02
4.116681509448458925e-02
3.875737400881320432e-02
3.875737400881320432e-02
3.875737400881320432e-02
5.040325299670429804e-02
4.001016843408222723e-02
3.875737400881320432e-02
5.197809938201537056e-02
5.197809938201537056e-02
4.001016843408222723e-02
5.040325299670429804e-02
5.197809938201537056e-02
5.197809938201537056e-02
3.837773932499754376e-02
3.837773932499754376e-02
3.837773932499754376e-02
3.676606175749289745e-02
3.787678962364464386e-02
3.837773932499754376e-02
3.628391208435323423e-02
3.628391208435323423e-02
3.787678962364464386e-02
3.676606175749289745e-02
3.628391208435323423e-02
3.628391208435323423e-02
3.982454881885300751e-02
3.982454881885300751e-02
3.982454881885300751e-02
3.924318445424625906e-02
4.627004276166266084e-02
3.982454881885300751e-02
4.560996830654880790e-02
4.560996830654880790e-02
4.627004276166266084e-02
3.924318445424625906e-02
4.560996830654880790e-02
4.560996830654880790e-02
4.091132070143804061e-02
4.091132070143804061e-02
4.091132070143804061e-02
4.063560444596851090e-02
3.531883903514592554e-02
4.091132070143804061e-02
3.507753252079731654e-02
3.507753252079731654e-02
3.531883903514592554e-02
4.063560444596851090e-02
3.507753252079731654e-02
3.507753252079731654e-02
3.145948648491928012e-02
3.145948648491928012e-02
3.145948648491928012e-02
2.709611092597991044e-02
3.412082178460804083e-02
3.145948648491928012e-02
2.941686371834362559e-02
2.941686371834362559e-02
3.412082178460804083e-02
2.709611092597991044e-02
2.941686371834362559e-02
2.941686371834362559e-02
3.511876163445092763e-02
3.511876163445092763e-02
3.511876163445092763e-02
3.990655689293818448e-02
3.519954328196602672e-02
3.511876163445092763e-02
3.999733514514837440e-02
3.999733514514837440e-02
3.519954328196602672e-02
3.990655689293818448e-02
3.999733514514837440e-02
3.999733514514837440e-02
4.265532471408827603e-02
4.265532471408827603e-02
4.265532471408827603e-02
4.532430675296462291e-02
4.222143361937454736e-02
4.265532471408827603e-02
4.486689257935049663e-02
4.486689257935049663e-02
4.222143361937454736e-02
4.532430675296462291e-02
4.486689257935049663e-02
4.486689257935049663e-02
3.213319957479219419e-02
3.213319957479219419e-02
3.213319957479219419e-02
3.279611990312489289e-02
3.229858685122307532e-02
3.213319957479219419e-02
3.296466667250883692e-02
3.296466667250883692e-02
3.229858685122307532e-02
3.279611990312489289e-02
3.296466667250883692e-02
3.296466667250883692e-02
4.084443567577954182e-02
4.084443567577954182e-02
4.084443567577954182e-02
3.052220557568800091e-02
3.658149805255926645e-02
4.084443567577954182e-02
2.726797216192696285e-02
2.726797216192696285e-02
3.658149805255926645e-02
3.052220557568800091e-02
2.726797216192696285e-02
2.726797216192696285e-02
3.138684917761710991e-02
3.138684917761710991e-02
3.138684917761710991e-02
3.190170377366622484e-02
4.023573546810226692e-02
3.138684917761710991e-02
4.087914231279998756e-02
4.087914231279998756e-02
4.023573546810226692e-02
3.190170377366622484e-02
4.087914231279998756e-02
4.087914231279998756e-02
2.916809786404972807e-02
2.916809786404972807e-02
2.916809786404972807e-02
3.145983180584143585e-02
2.546599422211772920e-02
2.916809786404972807e-02
2.748269107803428396e-02
2.748269107803428396e-02
2.546599422211772920e-02
3.145983180584143585e-02
2.748269107803428396e-02
2.748269107803428396e-02
4.159754334894343736e-02
4.159754334894343736e-02
4.159754334894343736e-02
4.090340298365887500e-02
3.963413493500232004e-02
4.159754334894343736e-02
3.896876348792612660e-02
3.896876348792612660e-02
3.963413493500232004e-02
4.090340298365887500e-02
3.896876348792612660e-02
3.896876348792612660e-02
3.485051226114497386e-02
3.485051226114497386e-02
3.485051226114497386e-02
4.089408972851758806e-02
4.361057477188475667e-02
3.485051226114497386e-02
5.095122991853962696e-02
5.095122991853962696e-02
4.361057477188475667e-02
4.089408972851758806e-02
5.095122991853962696e-02
5.095122991853962696e-02
5.348428440348074187e-02
5.348428440348074187e-02
5.348428440348074187e-02
4.630611982177913061e-02
4.287099898798822639e-02
5.348428440348074187e-02
3.694400907653678373e-02
3.694400907653678373e-02
4.287099898798822639e-02
4.630611982177913061e-02
3.694400907653678373e-02
3.694400907653678373e-02
4.034863061928151834e-02
4.034863061928151834e-02
4.034863061928151834e-02
3.677903367118242478e-02
4.052759549195687760e-02
4.034863061928151834e-02
3.694371726751068119e-02
3.694371726751068119e-02
4.052759549195687760e-02
3.677903367118242478e-02
3.694371726751068119e-02
3.694371726751068119e-02
2.549416614735814518e-02
2.549416614735814518e-02
2.549416614735814518e-02
3.179539010732210930e-02
2.723807809636851623e-02
2.549416614735814518e-02
3.392923909448084668e-02
3.392923909448084668e-02
2.723807809636851623e-02
3.179539010732210930e-02
3.392923909448084668e-02
3.392923909448084668e-02
4.669381506665406384e-02
4.669381506665406384e-02
4.669381506665406384e-02
4.200083423245405678e-02
4.100314615729520884e-02
4.669381506665406384e-02
3.680840227894615485e-02
3.680840227894615485e-02
4.100314615729520884e-02
4.200083423245405678e-02
3.680840227894615485e-02
3.680840227894615485e-02
3.460222518607163761e-02
3.460222518607163761e-02
3.460222518607163761e-02
2.816693466866122125e-02
4.237388818100105981e-02
3.460222518607163761e-02
3.456880706134814185e-02
3.456880706134814185e-02
4.237388818100105981e-02
2.816693466866122125e-02
3.456880706134814185e-02
3.456880706134814185e-02
3.406946311057975491e-02
3.406946311057975491e-02
3.406946311057975491e-02
3.845586607733181977e-02
3.302843311989604735e-02
3.406946311057975491e-02
3.729366261769554575e-02
3.729366261769554575e-02
3.302843311989604735e-02
3.845586607733181977e-02
3.729366261769554575e-02
3.729366261769554575e-02
4.448805301332939971e-02
4.448805301332939971e-02
4.448805301332939971e-02
3.976695018366013107e-02
4.291695728423781248e-02
4.448805301332939971e-02
3.834814382045031306e-02
3.834814382045031306e-02
4.291695728423781248e-02
3.976695018366013107e-02
3.834814382045031306e-02
3.834814382045031306e-02
3.240221570481770924e-02
3.240221570481770924e-02
3.240221570481770924e-02
3.250957622360884508e-02
3.874583873982907767e-02
3.240221570481770924e-02
3.887206385860627472e-02
3.887206385860627472e-02
3.874583873982907767e-02
3.250957622360884508e-02
3.887206385860627472e-02
3.887206385860627472e-02
4.354092998404834186e-02
4.354092998404834186e-02
4.354092998404834186e-02
4.437247741419814845e-02
3.649269309941016032e-02
4.354092998404834186e-02
3.720870455659825576e-02
3.720870455659825576e-02
3.649269309941016032e-02
4.437247741419814845e-02
3.720870455659825576e-02
3.720870455659825576e-02
5.108644535762676964e-02
5.108644535762676964e-02
5.108644535762676964e-02
5.409049120672934641e-02
3.458353688994823122e-02
5.108644535762676964e-02
3.671865259663679992e-02
3.671865259663679992e-02
3.458353688994823122e-02
5.409049120672934641e-02
3.671865259663679992e-02
3.671865259663679992e-02
3.931927362344610211e-02
3.931927362344610211e-02
3.931927362344610211e-02
3.437438650385936378e-02
4.398053469769932361e-02
3.931927362344610211e-02
3.850968734423734080e-02
3.850968734423734080e-02
4.398053469769932361e-02
3.437438650385936378e-02
3.850968734423734080e-02
3.850968734423734080e-02
3.739956064445416201e-02
3.739956064445416201e-02
3.739956064445416201e-02
3.949165742854502531e-02
3.811890289414056332e-02
3.739956064445416201e-02
4.024751111124770520e-02
4.024751111124770520e-02
3.811890289414056332e-02
3.949165742854502531e-02
4.024751111124770520e-02
4.024751111124770520e-02
3.479229180333907184e-02
3.479229180333907184e-02
3.479229180333907184e-02
4.233104577434274041e-02
3.430150994330712078e-02
3.479229180333907184e-02
4.175274955989947273e-02
4.175274955989947273e-02
3.430150994330712078e-02
4.233104577434274041e-02
4.175274955989947273e-02
4.175274955989947273e-02
3.805454169888880522e-02
3.805454169888880522e-02
3.805454169888880522e-02
3.030255246419444673e-02
4.577910485852079020e-02
3.805454169888880522e-02
3.667973995145101113e-02
3.667973995145101113e-02
4.577910485852079020e-02
3.030255246419444673e-02
3.667973995145101113e-02
3.667973995145101113e-02
3.580473730833801799e-02
3.580473730833801799e-02
3.580473730833801799e-02
4.107323797682003313e-02
2.918427498933772596e-02
3.580473730833801799e-02
3.357982167728545964e-02
3.357982167728545964e-02
2.918427498933772596e-02
4.107323797682003313e-02
3.357982167728545964e-02
3.357982167728545964e-02
3.670342492797045580e-02
3.670342492797045580e-02
3.670342492797045580e-02
3.531689605384047415e-02
3.956236394857706729e-02
3.670342492797045580e-02
3.808085386129279881e-02
3.808085386129279881e-02
3.956236394857706729e-02
3.531689605384047415e-02
3.808085386129279881e-02
3.808085386129279881e-02
3.224391353896411544e-02
3.224391353896411544e-02
3.224391353896411544e-02
3.744286036988724725e-02
3.489347343649616684e-02
3.224391353896411544e-02
4.050292638338003764e-02
4.050292638338003764e-02
3.489347343649616684e-02
3.744286036988724725e-02
4.050292638338003764e-02
4.050292638338003764e-02
3.578017817673815465e-02
3.578017817673815465e-02
3.578017817673815465e-02
3.419221946326106432e-02
4.392438599196253624e-02
3.578017817673815465e-02
4.202369199025755148e-02
4.202369199025755148e-02
4.392438599196253624e-02
3.419221946326106432e-02
4.202369199025755148e-02
4.202369199025755148e-02
4.020735463907554319e-02
4.020735463907554319e-02
4.020735463907554319e-02
3.550472497849069958e-02
3.486405646968147171e-02
4.020735463907554319e-02
3.074507505607490532e-02
3.074507505607490532e-02
3.486405646968147171e-02
3.550472497849069958e-02
3.074507505607490532e-02
3.074507505607490532e-02
3.791572564487976499e-02
3.791572564487976499e-02
3.791572564487976499e-02
3.590337427132445774e-02
3.500413959715445444e-02
3.791572564487976499e-02
3.313243885980139691e-02
3.313243885980139691e-02
3.500413959715445444e-02
3.590337427132445774e-02
3.313243885980139691e-02
3.313243885980139691e-02
4.119184034519211141e-02
4.119184034519211141e-02
4.119184034519211141e-02
4.847986322206154775e-02
3.757139102639738687e-02
4.119184034519211141e-02
4.429537905651395602e-02
4.429537905651395602e-02
3.757139102639738687e-02
4.847986322206154775e-02
4.429537905651395602e-02
4.429537905651395602e-02
3.953634960409353055e-02
3.953634960409353055e-02
3.953634960409353055e-02
4.116062961183025032e-02
2.732327082153547873e-02
3.953634960409353055e-02
2.848458695372255503e-02
2.848458695372255503e-02
2.732327082153547873e-02
4.116062961183025032e-02
2.848458695372255503e-02
2.848458695372255503e-02
4.107870362489286081e-02
4.107870362489286081e-02
4.107870362489286081e-02
4.134567395471210743e-02
4.386285307481774948e-02
4.107870362489286081e-02
4.414432862070280517e-02
4.414432862070280517e-02
4.386285307481774948e-02
4.134567395471210743e-02
4.414432862070280517e-02
4.414432862070280517e-02
3.271560419894846417e-02
3.271560419894846417e-02
3.271560419894846417e-02
4.054258515770071264e-02
3.993948292378649012e-02
3.271560419894846417e-02
4.932124578427571349e-02
4.932124578427571349e-02
3.993948292378649012e-02
4.054258515770071264e-02
4.932124578427571349e-02
4.932124578427571349e-02
3.065975310871576695e-02
3.065975310871576695e-02
3.065975310871576695e-02
2.745538332632223646e-02
3.867626201731992619e-02
3.065975310871576695e-02
3.471821438365623597e-02
3.471821438365623597e-02
3.867626201731992619e-02
2.745538332632223646e-02
3.471821438365623597e-02
3.471821438365623597e-02
3.132816797846497275e-02
3.132816797846497275e-02
3.132816797846497275e-02
3.448975897068520119e-02
2.873579562633810439e-02
3.132816797846497275e-02
3.165485249566111353e-02
3.165485249566111353e-02
2.873579562633810439e-02
3.448975897068520119e-02
3.165485249566111353e-02
3.165485249566111353e-02
4.409880920197974119e-02
4.409880920197974119e-02
4.409880920197974119e-02
4.770896356398469929e-02
3.992446613338979794e-02
4.409880920197974119e-02
4.324265110686367070e-02
4.324265110686367070e-02
3.992446613338979794e-02
4.770896356398469929e-02
4.324265110686367070e-02
4.324265110686367070e-02
3.141265149202539242e-02
3.141265149202539242e-02
3.141265149202539242e-02
3.369858849155509678e-02
4.226393083352197183e-02
3.141265149202539242e-02
4.524071064910167167e-02
4.524071064910167167e-02
4.226393083352197183e-02
3.369858849155509678e-02
4.524071064910167167e-02
4.524071064910167167e-02
4.245792658400664166e-02
4.245792658400664166e-02
4.245792658400664166e-02
3.438012264562454595e-02
4.071415100705905177e-02
4.245792658400664166e-02
3.293690287933334626e-02
3.293690287933334626e-02
4.071415100705905177e-02
3.438012264562454595e-02
3.293690287933334626e-02
3.293690287933334626e-02
4.022551061200573680e-02
4.022551061200573680e-02
4.022551061200573680e-02
3.948665440632521256e-02
4.368750037893164018e-02
4.022551061200573680e-02
4.289259471296251458e-02
4.289259471296251458e-02
4.368750037893164018e-02
3.948665440632521256e-02
4.289259471296251458e-02
4.289259471296251458e-02
3.064689631124071709e-02
3.064689631124071709e-02
3.064689631124071709e-02
2.845219039752167403e-02
3.222719445758875229e-02
3.064689631124071709e-02
2.992526271738309498e-02
2.992526271738309498e-02
3.222719445758875229e-02
2.845219039752167403e-02
2.992526271738309498e-02
2.992526271738309498e-02
4.928572036072707829e-02
4.928572036072707829e-02
4.928572036072707829e-02
4.336034712585550011e-02
3.594273350009117435e-02
4.928572036072707829e-02
3.146912558812759581e-02
3.146912558812759581e-02
3.594273350009117435e-02
4.336034712585550011e-02
3.146912558812759581e-02
3.146912558812759581e-02
3.540211372559419478e-02
3.540211372559419478e-02
3.540211372559419478e-02
3.865330069039053101e-02
3.887490621902076754e-02
3.540211372559419478e-02
4.240573340279997494e-02
4.240573340279997494e-02
3.887490621902076754e-02
3.865330069039053101e-02
4.240573340279997494e-02
4.240573340279997494e-02
