5.769310702523466716e+01
5.769310702523466716e+01
5.769310702523466716e+01
7.022251265913534723e+01
9.023604720911068000e+01
5.113485861762303841e+01
9.672401550431203532e+01
9.672401550431203532e+01
7.997848883806518927e+01
6.223998743954844315e+01
1.091292540794772918e+02
9.672401550431203532e+01
7.748094556460000604e+01
7.748094556460000604e+01
7.748094556460000604e+01
7.535368334346816255e+01
8.576470755146657154e+01
7.720334907852887341e+01
8.312719753320314453e+01
8.312719753320314453e+01
8.545743224304433738e+01
7.508370835082658346e+01
8.342609412522385526e+01
8.312719753320314453e+01
7.405740059304821443e+01
7.405740059304821443e+01
7.405740059304821443e+01
6.706773432066567864e+01
8.828216558500071187e+01
7.041141628217368975e+01
7.608955288927717220e+01
7.608955288927717220e+01
8.393586949473316849e+01
6.376586435033345879e+01
8.002955765986718006e+01
7.608955288927717220e+01
1.100310997124472152e+02
1.100310997124472152e+02
1.100310997124472152e+02
1.073990697068948350e+02
8.474513040717488366e+01
1.121353820451643060e+02
8.425238686112560060e+01
8.425238686112560060e+01
8.636583292824083458e+01
1.094530159595914540e+02
8.267134432194107774e+01
8.425238686112560060e+01
1.175132272742608137e+02
1.175132272742608137e+02
1.175132272742608137e+02
9.508900404512517923e+01
9.407403965745163532e+01
9.216818515385071464e+01
5.953719425068289439e+01
5.953719425068289439e+01
7.378431948841426902e+01
7.458037817710410877e+01
7.590914183211525312e+01
5.953719425068289439e+01
6.617996882886271237e+01
6.617996882886271237e+01
6.617996882886271237e+01
8.004851502005223551e+01
4.233131255318559738e+01
8.346199127227991710e+01
6.482234415286200147e+01
6.482234415286200147e+01
5.338557423613167430e+01
1.009521246412074049e+02
5.139993247291508283e+01
6.482234415286200147e+01
7.112619924211325895e+01
7.112619924211325895e+01
7.112619924211325895e+01
6.536561560558199346e+01
6.260080015480568960e+01
1.150127883642687294e+02
9.291034364174572602e+01
9.291034364174572602e+01
1.012270113735467163e+02
1.056977849801042595e+02
5.745760717135217277e+01
9.291034364174572602e+01
7.719603983617773224e+01
7.719603983617773224e+01
7.719603983617773224e+01
7.779261920641597783e+01
1.488199339922747981e+02
6.489637564050872243e+01
1.260397286383771984e+02
1.260397286383771984e+02
1.251084169557650938e+02
6.539790187155010415e+01
1.499277550846124427e+02
1.260397286383771984e+02
7.717489702507243976e+01
7.717489702507243976e+01
7.717489702507243976e+01
6.007058179979610202e+01
8.310394856010842091e+01
9.684538304956933530e+01
8.127742557961184389e+01
8.127742557961184389e+01
1.042856426309284075e+02
7.538148709834680972e+01
6.476898280591215951e+01
8.127742557961184389e+01
1.326444568041831360e+02
1.326444568041831360e+02
1.326444568041831360e+02
1.419490490483281064e+02
7.604559708698872100e+01
1.037050003707247328e+02
6.379521860953113332e+01
6.379521860953113332e+01
5.945449108167664320e+01
1.109795805935001454e+02
8.159762874417926071e+01
6.379521860953113332e+01
8.428556731303540062e+01
8.428556731303540062e+01
8.428556731303540062e+01
8.871381527969705871e+01
9.406553171693101945e+01
6.522938228006709949e+01
7.658367244290839437e+01
7.658367244290839437e+01
7.279818744000452568e+01
6.865644445282926256e+01
9.895691256206644937e+01
7.658367244290839437e+01
7.852784209447170838e+01
7.852784209447170838e+01
7.852784209447170838e+01
8.606055035010474796e+01
9.117971615480546177e+01
9.226714250875801326e+01
1.173298865037407950e+02
1.173298865037407950e+02
1.071325995975101506e+02
1.011177800350414344e+02
9.985854714698118073e+01
1.173298865037407950e+02
7.849880087695335362e+01
7.849880087695335362e+01
7.849880087695335362e+01
9.009651978897225888e+01
7.129109613276833102e+01
8.397037673188603435e+01
8.763280840037003827e+01
8.763280840037003827e+01
7.626027573696609352e+01
9.637648759464019577e+01
8.192258561460839417e+01
8.763280840037003827e+01
7.321056504463636827e+01
7.321056504463636827e+01
7.321056504463636827e+01
6.726343572681967942e+01
1.121703458428132762e+02
7.390204159223254976e+01
1.043436348912119058e+02
1.043436348912119058e+02
1.132297989892104653e+02
6.789874141374454553e+01
1.033673265935830301e+02
1.043436348912119058e+02
1.095845634200059209e+02
1.095845634200059209e+02
1.095845634200059209e+02
1.117069690345671802e+02
9.866853185328079689e+01
1.167671277558597183e+02
1.071825994277379834e+02
1.071825994277379834e+02
1.051356204270994681e+02
1.190286434275093654e+02
1.005895973485621653e+02
1.071825994277379834e+02
6.028957146870806838e+01
6.028957146870806838e+01
6.028957146870806838e+01
6.226581385607661190e+01
5.424260416712368738e+01
5.875192979342251220e+01
5.460644055003434261e+01
5.460644055003434261e+01
5.285918599526494432e+01
6.067776955590493060e+01
5.603558745676515684e+01
5.460644055003434261e+01
9.507831080524493927e+01
9.507831080524493927e+01
9.507831080524493927e+01
9.085847885498243670e+01
6.615731471884443238e+01
1.113270259693232163e+02
7.395932333935685676e+01
7.395932333935685676e+01
7.746348280052943380e+01
1.063860322018241646e+02
6.316460419361839485e+01
7.395932333935685676e+01
7.468729304514310741e+01
7.468729304514310741e+01
7.468729304514310741e+01
7.142549591654821484e+01
9.531942852024090485e+01
5.916722650496167546e+01
7.229023085983621399e+01
7.229023085983621399e+01
7.551199123218660247e+01
5.658323287428935089e+01
9.125257301146049826e+01
7.229023085983621399e+01
8.009819565248096751e+01
8.009819565248096751e+01
8.009819565248096751e+01
1.041662321893500973e+02
8.392965385888902574e+01
8.980867789924755584e+01
1.222534201012185235e+02
1.222534201012185235e+02
9.410463229797900908e+01
1.167945359875508160e+02
1.090348793847948627e+02
1.222534201012185235e+02
1.140608486981666658e+02
1.140608486981666658e+02
1.140608486981666658e+02
1.092708502665070966e+02
1.118834595952860980e+02
8.838432093345581109e+01
8.305111394323871821e+01
8.305111394323871821e+01
8.669708942972337695e+01
8.467261123212904295e+01
1.071782918242483618e+02
8.305111394323871821e+01
9.844458598952346051e+01
9.844458598952346051e+01
9.844458598952346051e+01
9.700747807794105881e+01
1.227968319965394528e+02
7.593771988563383957e+01
9.337115869327378448e+01
9.337115869327378448e+01
9.472244041931178060e+01
7.482917037081553246e+01
1.210450494795589123e+02
9.337115869327378448e+01
7.164496939985828305e+01
7.164496939985828305e+01
7.164496939985828305e+01
7.116212791863804910e+01
5.775269224371367471e+01
1.106287780101410902e+02
8.856808706129677944e+01
8.856808706129677944e+01
8.917736755611531407e+01
1.098832104778014411e+02
5.735811243191096764e+01
8.856808706129677944e+01
5.955912575543808174e+01
5.955912575543808174e+01
5.955912575543808174e+01
5.129837954911800324e+01
6.706046694053057422e+01
7.019079414715294263e+01
6.813579082999790160e+01
6.813579082999790160e+01
7.903117063475296789e+01
6.045545419521038610e+01
5.781538994960457956e+01
6.813579082999790160e+01
8.426561947632234251e+01
8.426561947632234251e+01
8.426561947632234251e+01
9.575368211308831690e+01
8.454946683946381825e+01
7.320793518501542962e+01
8.346658442580594794e+01
8.346658442580594794e+01
7.345453491919452915e+01
8.318848656694740384e+01
9.607378523158951111e+01
8.346658442580594794e+01
1.012437071976270317e+02
1.012437071976270317e+02
1.012437071976270317e+02
1.075786170329394480e+02
9.973193143275362615e+01
1.024107259769286031e+02
1.072024354220907867e+02
1.072024354220907867e+02
1.008815242331323248e+02
1.088186572270788162e+02
1.059808128417310940e+02
1.072024354220907867e+02
7.532005645992465759e+01
7.532005645992465759e+01
7.532005645992465759e+01
7.687393833969925083e+01
7.588665793154021344e+01
6.933365073378809029e+01
7.129581300527487997e+01
7.129581300527487997e+01
6.985521896388023322e+01
7.076403074938428972e+01
7.745163573647785427e+01
7.129581300527487997e+01
1.138163862963671988e+02
1.138163862963671988e+02
1.138163862963671988e+02
8.505264139270879298e+01
9.680932825576508094e+01
6.180631258830493380e+01
3.918651156739633024e+01
3.918651156739633024e+01
5.257088015480785970e+01
4.618658447554795998e+01
7.216200014827904852e+01
3.918651156739633024e+01
5.336467473674607476e+01
5.336467473674607476e+01
5.336467473674607476e+01
5.424004288534228380e+01
7.676053108714994266e+01
8.644942479114233436e+01
1.263385950993461933e+02
1.263385950993461933e+02
1.243501209720169527e+02
8.786749907530024473e+01
7.798800339577113050e+01
1.263385950993461933e+02
5.099127249100409642e+01
5.099127249100409642e+01
5.099127249100409642e+01
5.499765063905653761e+01
4.185561608052364591e+01
5.905204274984568258e+01
5.231080872274976201e+01
5.231080872274976201e+01
4.847220925000964087e+01
6.369175464784900242e+01
4.517023590709735004e+01
5.231080872274976201e+01
1.098345458019585834e+02
1.098345458019585834e+02
1.098345458019585834e+02
1.080017310344064185e+02
1.022994621982037842e+02
1.017563475186068018e+02
9.318438512204852486e+01
9.318438512204852486e+01
9.477546021974242763e+01
1.000583340651660933e+02
1.005820753721872620e+02
9.318438512204852486e+01
7.910650869667726681e+01
7.910650869667726681e+01
7.910650869667726681e+01
9.282470916097220481e+01
1.099353171051826763e+02
9.118895040650481576e+01
1.480573916696600065e+02
1.480573916696600065e+02
1.267264393865097531e+02
1.070024191389154993e+02
1.284399402505660817e+02
1.480573916696600065e+02
1.197011149387417817e+02
1.197011149387417817e+02
1.197011149387417817e+02
1.036359415288952164e+02
8.627874024846353507e+01
1.087444630727961368e+02
6.754499465863862895e+01
6.754499465863862895e+01
7.838135248546278433e+01
9.414978985259119781e+01
7.435055487614086189e+01
6.754499465863862895e+01
1.039828882181046055e+02
1.039828882181046055e+02
1.039828882181046055e+02
9.478364168257286337e+01
1.046613731656006507e+02
1.042832371501993549e+02
9.568168402526104899e+01
9.568168402526104899e+01
1.049636818646620213e+02
9.505741909006033552e+01
9.540610865568727661e+01
9.568168402526104899e+01
3.664631487937008814e+01
3.664631487937008814e+01
3.664631487937008814e+01
4.570394147627684589e+01
4.034494834564040389e+01
4.461681587579769115e+01
6.118642619458307053e+01
6.118642619458307053e+01
4.911989480473916103e+01
5.564445834069982055e+01
5.025587318718406493e+01
6.118642619458307053e+01
1.033871010280385576e+02
1.033871010280385576e+02
1.033871010280385576e+02
9.299613847902672603e+01
8.534900037449490640e+01
1.006395758789958137e+02
7.458142282424472569e+01
7.458142282424472569e+01
8.308084000784543832e+01
9.052475446018583227e+01
7.661754363528015688e+01
7.458142282424472569e+01
7.872083384228442071e+01
7.872083384228442071e+01
7.872083384228442071e+01
6.408040442412632842e+01
1.059643843364309674e+02
8.234351962423983196e+01
9.042442091233948531e+01
9.042442091233948531e+01
1.108408020494131989e+02
6.702934638368851950e+01
8.644621758224703001e+01
9.042442091233948531e+01
8.118879180261289719e+01
8.118879180261289719e+01
8.118879180261289719e+01
9.164175245168772221e+01
7.758886714572540200e+01
5.993118215662927639e+01
6.467005691506892617e+01
6.467005691506892617e+01
5.727382347974942434e+01
6.764725077677617548e+01
8.760854696672916475e+01
6.467005691506892617e+01
1.031705077587209587e+02
1.031705077587209587e+02
1.031705077587209587e+02
9.222198241030493193e+01
9.784896021739550065e+01
1.314555973069365393e+02
1.114025555392473308e+02
1.114025555392473308e+02
1.246751013508810644e+02
1.175054387725611207e+02
8.743224675147993707e+01
1.114025555392473308e+02
6.034686191925219134e+01
6.034686191925219134e+01
6.034686191925219134e+01
6.054681338127841883e+01
7.839669379094628709e+01
7.041859070030676548e+01
9.177891482447699900e+01
9.177891482447699900e+01
9.148089091540184370e+01
7.065191352301116012e+01
7.865209236553771177e+01
9.177891482447699900e+01
1.280163586660642352e+02
1.280163586660642352e+02
1.280163586660642352e+02
1.304612231672335838e+02
9.875257576616562005e+01
9.819917713855389252e+01
7.723772017999773709e+01
7.723772017999773709e+01
7.575142568963607914e+01
1.000745912241580982e+02
1.006901684640460957e+02
7.723772017999773709e+01
1.033379082387716039e+02
1.033379082387716039e+02
1.033379082387716039e+02
1.094145066814009652e+02
5.820757732480262092e+01
1.406199514575146736e+02
8.409770233648430349e+01
8.409770233648430349e+01
7.920759029649363470e+01
1.488888528954552442e+02
6.180119219970563904e+01
8.409770233648430349e+01
1.030091456252208388e+02
1.030091456252208388e+02
1.030091456252208388e+02
9.005446588520516116e+01
1.214669163053836058e+02
8.326667497640289639e+01
8.597316822149944926e+01
8.597316822149944926e+01
9.818687631081520806e+01
7.279485618023603877e+01
1.063573465338897250e+02
8.597316822149944926e+01
8.735166060491404494e+01
8.735166060491404494e+01
8.735166060491404494e+01
9.223803159664481655e+01
8.982614418191515426e+01
7.152897765233211658e+01
7.766265732116723086e+01
7.766265732116723086e+01
7.355523885051267996e+01
7.553024241419343809e+01
9.484215078492961482e+01
7.766265732116723086e+01
6.838916027045077328e+01
6.838916027045077328e+01
6.838916027045077328e+01
8.320764525202901041e+01
6.698279272304560550e+01
8.791997357541897884e+01
1.048178798304863051e+02
1.048178798304863051e+02
8.611197071186261098e+01
1.069703728324928562e+02
8.153331366491845245e+01
1.048178798304863051e+02
7.742470466345582736e+01
7.742470466345582736e+01
7.742470466345582736e+01
6.165272449352974604e+01
1.017151707951309021e+02
7.858134654155293219e+01
8.271506079005943946e+01
8.271506079005943946e+01
1.032346861318807356e+02
6.257374993828879894e+01
8.149757461210829490e+01
8.271506079005943946e+01
8.888762276188508338e+01
8.888762276188508338e+01
8.888762276188508338e+01
1.019670232866785398e+02
6.594974425087880832e+01
8.107411703629891520e+01
6.921233935862466069e+01
6.921233935862466069e+01
6.015255125264118874e+01
9.300379651206088738e+01
7.588266806066530989e+01
6.921233935862466069e+01
9.621998049779493556e+01
9.621998049779493556e+01
9.621998049779493556e+01
9.258512131257630529e+01
1.074140496225095092e+02
1.023978917851913764e+02
1.100300435454437320e+02
1.100300435454437320e+02
1.143106886173913637e+02
9.852965240729049867e+01
1.033916661714436742e+02
1.100300435454437320e+02
6.403922858282631125e+01
6.403922858282631125e+01
6.403922858282631125e+01
7.436479108295900176e+01
7.189860489665626631e+01
5.333965057237612228e+01
6.951311296006842610e+01
6.951311296006842610e+01
5.988589411049585465e+01
6.194003361740249147e+01
8.345697961244339069e+01
6.951311296006842610e+01
7.914040434228591891e+01
7.914040434228591891e+01
7.914040434228591891e+01
7.562807709666206790e+01
1.069683683695448053e+02
9.159773697955354521e+01
1.184487156571451010e+02
1.184487156571451010e+02
1.238060451228995049e+02
8.753254133259535763e+01
1.023396380745017353e+02
1.184487156571451010e+02
8.755942568947739346e+01
8.755942568947739346e+01
8.755942568947739346e+01
7.731852434176867916e+01
7.104409568097059946e+01
7.409118877941833148e+01
5.301384334908848928e+01
5.301384334908848928e+01
6.011621779509263774e+01
6.542552487116736870e+01
6.265065730093352414e+01
5.301384334908848928e+01
6.267786374823821660e+01
6.267786374823821660e+01
6.267786374823821660e+01
5.935127872157627138e+01
5.575523000880328794e+01
8.121838709359938946e+01
6.838483202674726158e+01
6.838483202674726158e+01
7.224799287252253066e+01
7.690777638930910598e+01
5.277395104237928081e+01
6.838483202674726158e+01
1.120059448277945791e+02
1.120059448277945791e+02
1.120059448277945791e+02
1.318230222249111989e+02
9.785480619975635364e+01
1.047892962449731726e+02
1.079342203916736480e+02
1.079342203916736480e+02
9.154992881517232206e+01
1.233295406692200373e+02
1.153674541907303706e+02
1.079342203916736480e+02
1.197974467386858208e+02
1.197974467386858208e+02
1.197974467386858208e+02
1.247191099590911278e+02
6.983344846917415794e+01
8.138559038882887364e+01
4.945847081236456688e+01
4.945847081236456688e+01
4.744204978716178545e+01
8.472917138986133523e+01
7.280156714000280260e+01
4.945847081236456688e+01
7.862765058560844977e+01
7.862765058560844977e+01
7.862765058560844977e+01
7.913865137086770574e+01
8.660982858513339977e+01
1.012658893596836549e+02
1.122620840560248041e+02
1.122620840560248041e+02
1.115462722546183869e+02
1.019240159677836459e+02
8.716561889677653596e+01
1.122620840560248041e+02
7.221686543662522695e+01
7.221686543662522695e+01
7.221686543662522695e+01
8.949424864605427388e+01
9.675440379633866428e+01
8.272318085560125667e+01
1.368645369311479101e+02
1.368645369311479101e+02
1.108305102337106405e+02
1.025141270189925962e+02
1.194819607318506769e+02
1.368645369311479101e+02
6.507048606947098790e+01
6.507048606947098790e+01
6.507048606947098790e+01
5.826971704346737368e+01
9.140440940873709508e+01
5.516434098113037976e+01
6.955917414274706800e+01
6.955917414274706800e+01
7.748926298812581592e+01
4.939890162228122961e+01
8.205027362889708797e+01
6.955917414274706800e+01
6.165264533181287732e+01
6.165264533181287732e+01
6.165264533181287732e+01
6.787453638722334404e+01
5.435984390095647001e+01
6.980943135320232784e+01
6.780436508839939336e+01
6.780436508839939336e+01
6.155177560915583967e+01
7.685449282918830249e+01
5.988185824911580823e+01
6.780436508839939336e+01
1.071526032096644769e+02
1.071526032096644769e+02
1.071526032096644769e+02
1.159246640629582146e+02
9.256938399897066461e+01
1.030666530387938451e+02
9.643973638777961810e+01
9.643973638777961810e+01
8.903952211005419315e+01
1.115042170859551902e+02
1.002629706323616148e+02
9.643973638777961810e+01
7.665682405407234512e+01
7.665682405407234512e+01
7.665682405407234512e+01
8.223523472775036680e+01
1.183873023626882883e+02
4.866533325387399600e+01
8.045138693664652862e+01
8.045138693664652862e+01
7.515779049812202572e+01
5.220676896832539171e+01
1.267256874855094821e+02
8.045138693664652862e+01
7.609794751820915337e+01
7.609794751820915337e+01
7.609794751820915337e+01
6.161998428208315204e+01
7.154155016161573144e+01
1.232916203837219626e+02
9.376836412698283141e+01
9.376836412698283141e+01
1.159094815543916894e+02
9.983485702212405499e+01
5.787562877343419387e+01
9.376836412698283141e+01
7.632650983935427291e+01
7.632650983935427291e+01
7.632650983935427291e+01
7.492455584064205709e+01
8.618288441095833718e+01
8.516937936065309600e+01
9.441787585651707104e+01
9.441787585651707104e+01
9.616767217892123654e+01
8.360500084768538898e+01
8.461476395239188264e+01
9.441787585651707104e+01
8.016233190899231431e+01
8.016233190899231431e+01
8.016233190899231431e+01
7.442169370173459697e+01
8.626393058952429271e+01
7.037131962445938882e+01
7.031857607282360334e+01
7.031857607282360334e+01
7.572767017892387287e+01
6.533184189831307265e+01
8.010224995920295044e+01
7.031857607282360334e+01
1.321530229138427899e+02
1.321530229138427899e+02
1.321530229138427899e+02
1.162649324253648047e+02
8.302042729499621032e+01
1.404927026082364705e+02
7.727432182672677641e+01
7.727432182672677641e+01
8.825953387361269620e+01
1.236019745507651635e+02
7.268730000514916867e+01
7.727432182672677641e+01
7.750097118814863961e+01
7.750097118814863961e+01
7.750097118814863961e+01
8.461834698211997363e+01
8.889154147244008186e+01
6.584439435340726732e+01
8.238105022762495366e+01
8.238105022762495366e+01
7.552175955555814824e+01
7.189127726797013906e+01
9.696514734226879284e+01
8.238105022762495366e+01
