6.970019364428761577e+00
6.921751573646261591e+00
7.892796967108562711e+00
6.591154603097751696e+00
1.090159689513533969e+01
7.331231731367732429e+00
1.220017975189490222e+01
1.069920001089067085e+01
1.289480836142082865e+01
7.796259236604906384e+00
1.151882368380621635e+01
1.211577203497070521e+01
1.929565744370426472e+01
1.935642305040007827e+01
1.943248598273362404e+01
1.946897203596578763e+01
2.135862444131903004e+01
1.931530598101165808e+01
2.172957544496476601e+01
2.164452121010384644e+01
2.159979092191593608e+01
1.968880189812068693e+01
2.177582926227476889e+01
2.179800332889610814e+01
1.520046343703072189e+01
1.530351272121218820e+01
1.464597133907553328e+01
1.567917132702544158e+01
1.812013140308170733e+01
1.543360233625668521e+01
1.830339763273090270e+01
1.912514179012335802e+01
1.784711996355314056e+01
1.544293721594839575e+01
1.814914665870472987e+01
1.842751133432330235e+01
1.920313636661554924e+01
1.980165358603007064e+01
1.805166544077361479e+01
1.936799125222908557e+01
1.479011206712043425e+01
1.906762687015021740e+01
1.391581508917304788e+01
1.526486022395758013e+01
1.423558369986751515e+01
1.864182362636345758e+01
1.445168198598539355e+01
1.434970176194227420e+01
1.891711420984361069e+01
1.869476360077615595e+01
1.998479241526798944e+01
2.035250178184271519e+01
1.514390672147901817e+01
2.032788067538114873e+01
1.844435858866777167e+01
1.725376558425790918e+01
1.698974576744491216e+01
2.283319868277731501e+01
1.696263518444790108e+01
1.822764403410182865e+01
2.205953765284192869e+01
2.241534049796836925e+01
1.834014570284994505e+01
2.072003497162672048e+01
1.411014842838609340e+01
2.027523188195803527e+01
1.016659568827779125e+01
1.242562124370208565e+01
1.095627442090582804e+01
1.608873147664498049e+01
1.123987931101692972e+01
1.033073144788833453e+01
1.807876227658674395e+01
1.758971601119728234e+01
1.592192478673594458e+01
1.871284957597098142e+01
1.591178772916561535e+01
1.593496674801478896e+01
1.276872248043732050e+01
1.410622178317214015e+01
1.201733401727143047e+01
1.413282829038793231e+01
1.409434166450152581e+01
1.242302223586703391e+01
1.389926722740613485e+01
1.387768872372329909e+01
1.540655920936812606e+01
1.386660134975406145e+01
2.679526094490377730e+01
1.478690873812110240e+01
3.151468094840340584e+01
2.838732039295701171e+01
3.154880104770676397e+01
1.632656789910668138e+01
2.957692739544595639e+01
3.146578297941763225e+01
1.599382480382970506e+01
1.586902899490566732e+01
1.595942232199940491e+01
1.736669098630246566e+01
1.722256906083124406e+01
1.489273542958390095e+01
1.739839905531476560e+01
1.729985543982646945e+01
1.587752779317976426e+01
1.601039414251437520e+01
1.853894952102447036e+01
1.726264190995251013e+01
2.407927559512854288e+01
2.371619088300598577e+01
2.287504125390558229e+01
2.351451759318873869e+01
1.380474491110402901e+01
2.631039094561232972e+01
1.403083368536946196e+01
1.454676851667399440e+01
1.411336106515357258e+01
2.404020350992762900e+01
1.264734328388820650e+01
1.381920917462246656e+01
1.174714177208988808e+01
1.180000198599500116e+01
1.152121397589426977e+01
1.155019868024087160e+01
1.311020584155111912e+01
1.275723600757785192e+01
1.372254762944691109e+01
1.405460306693209738e+01
1.402652385057404416e+01
1.235748234812608537e+01
1.269288948231546321e+01
1.378430514295166986e+01
1.929973403665597331e+01
1.938773205333477989e+01
2.190518957999175598e+01
1.872939180750985244e+01
2.240917647028294013e+01
1.820155756869066010e+01
2.326257147271846648e+01
2.058911660808300681e+01
2.409645173480704372e+01
2.013960157395527162e+01
2.477848613703671177e+01
2.336856254245160969e+01
1.567826819101812497e+01
1.603867859361297832e+01
1.551111237326557202e+01
1.493862969028254106e+01
1.423870062108618662e+01
1.535269303181299705e+01
1.315944973414145025e+01
1.360703086120868299e+01
1.411149122557601743e+01
1.480516708697189543e+01
1.374746020102218758e+01
1.346198023033396929e+01
1.299129765296213890e+01
1.295069759312339563e+01
1.435537849083982032e+01
1.333661149271763335e+01
1.990475486415403594e+01
1.295025458747548974e+01
2.257551282567344941e+01
2.036648771061913621e+01
2.185677659034269027e+01
1.464450780016751530e+01
2.257632478328101655e+01
2.250499999331156076e+01
1.877375881054879514e+01
1.941267029850439840e+01
1.894549711751127319e+01
1.865402457743129006e+01
1.690365103800990454e+01
1.826066521008245047e+01
1.648790503968347210e+01
1.689447695476834355e+01
1.715670771994203037e+01
1.893328528588004289e+01
1.752804260967556615e+01
1.704899488234072180e+01
1.847341881566980248e+01
1.790138978704552386e+01
1.723729438142435910e+01
1.828421818762800655e+01
1.662055841534652245e+01
1.858608013296962369e+01
1.544731513872857498e+01
1.604244861999387695e+01
1.511965752916865391e+01
1.663308237166521764e+01
1.487806561350844170e+01
1.496880044107968111e+01
1.720063303012264200e+01
1.739810210296874260e+01
1.973180368980802868e+01
1.745653768339617784e+01
1.196853081527822127e+01
1.614542708799920590e+01
1.306754157938224381e+01
1.152202942046873879e+01
1.303532076199994982e+01
1.901248963711834605e+01
1.408128214611661200e+01
1.321743878830078778e+01
1.550486927330809728e+01
1.520973546417731903e+01
1.204529860327874502e+01
1.573629073205843198e+01
1.978804182285034230e+01
1.653620239237342204e+01
1.665755888328063250e+01
2.103368894688017932e+01
1.608278286944439373e+01
1.278971154800656862e+01
1.532092314549982603e+01
1.634002077064459968e+01
2.027032049201905650e+01
1.960578307056040614e+01
2.331080947799866365e+01
1.839348590824200969e+01
2.123994140748424186e+01
1.959825862230932358e+01
2.140701653344188671e+01
1.800457949513450018e+01
2.284249412523377387e+01
1.978127367401966907e+01
2.141587751790681082e+01
2.070583473926273754e+01
1.407670351985408885e+01
1.494089146643410082e+01
1.287845642870315110e+01
1.427211419547024107e+01
1.380798326046237534e+01
1.565535818865403428e+01
1.424346703374543388e+01
1.652450324579405816e+01
1.491230765831279470e+01
1.541355850472683642e+01
1.359387834493286107e+01
1.511838580408755739e+01
1.234740952817624482e+01
1.272328671054796878e+01
1.448035685835642461e+01
1.241213298164789691e+01
1.540178932323699890e+01
1.344236789586067360e+01
1.977386544398117252e+01
1.737447232002303110e+01
2.026209741099928507e+01
1.632900192791169403e+01
1.871550429615361466e+01
2.037518019721965956e+01
2.236285786384005192e+01
2.199547657346341367e+01
2.069428218081922211e+01
2.241286784047867187e+01
1.802660059343708454e+01
1.959787852068635061e+01
1.465035593799619562e+01
1.557152637677715212e+01
1.437875838612843182e+01
1.787742562709237859e+01
1.644254908472620613e+01
1.440956614288265492e+01
1.270089446511458853e+01
1.223108023275831258e+01
1.505640663299839055e+01
1.328155229917753921e+01
1.430054425060490431e+01
1.201926211993909632e+01
1.679264768874825009e+01
1.364151661202980748e+01
1.545001650021071704e+01
1.434911836743728664e+01
1.708919209889747037e+01
1.617204834028103022e+01
1.948774353943665005e+01
1.989319438333084378e+01
1.433993788620850118e+01
1.869590556123792524e+01
1.955338768531278859e+01
2.039486935924885458e+01
1.444578047669829601e+01
2.004002536986348559e+01
1.537189495626129343e+01
1.469778541829865226e+01
1.409100435137453822e+01
1.474691989379486934e+01
1.720722008616397858e+01
1.762611703062632529e+01
1.996578501587066867e+01
1.684141221263983823e+01
1.695028107210429980e+01
1.714114276927404390e+01
1.917717055062666276e+01
1.692991546152266125e+01
2.006864496412678278e+01
1.993974736774194412e+01
1.971931761164303865e+01
1.964359360787292985e+01
1.585927129784378309e+01
1.490131203994920028e+01
1.523194556833788127e+01
1.575843626096059324e+01
1.597857400257409743e+01
1.632492419066187139e+01
1.569656699434979963e+01
1.535584812126512411e+01
1.484270363602654896e+01
1.463821484639194459e+01
1.432754019592405470e+01
1.474821907920329878e+01
1.432672732237128344e+01
1.409171575659130049e+01
1.868448581500479122e+01
1.579684333422997788e+01
1.218595048845395112e+01
1.724650910446756669e+01
2.104163245479949751e+01
1.586946017907450468e+01
1.881807949211499320e+01
2.439417867893710223e+01
1.719304303816966950e+01
2.069697891354977770e+01
1.615654629526031627e+01
1.646449863832842908e+01
1.165559985891363048e+01
1.607856116184875006e+01
2.323981323368462881e+01
1.357868957305452540e+01
1.401684885536142389e+01
1.979995810479578466e+01
1.435966078035096949e+01
9.934790860781276933e+00
1.699640911536240750e+01
1.428454813401825696e+01
1.522844489952321823e+01
1.599770977220317825e+01
1.759406504150065231e+01
1.485833103625821749e+01
1.250009878318494927e+01
1.461528329363438594e+01
1.353133260465663312e+01
1.230359961326955798e+01
1.455995132042681206e+01
1.730678935767460658e+01
1.481061344496405319e+01
1.421427550080553814e+01
1.883009517559481694e+01
1.840157829459119654e+01
1.550791413014985842e+01
1.893864735879364503e+01
1.753827628219673684e+01
1.938603217985326665e+01
1.495464541931649194e+01
1.774507365993151353e+01
1.453165086956929208e+01
1.569195324167904815e+01
1.419483887695903412e+01
1.461392524522210756e+01
1.328281242821186225e+01
1.298709658845528025e+01
1.740445921465708068e+01
1.259706765053383215e+01
1.845929267265801599e+01
1.258781051963883080e+01
2.164395439859735504e+01
1.615058088641932699e+01
2.241220885065640189e+01
1.529463322870422992e+01
2.233137206530565777e+01
2.116291875089479646e+01
2.399675936162112677e+01
2.435977530104653965e+01
2.146636642840023868e+01
2.539706400971313016e+01
1.729649860676526529e+01
2.462976121688878806e+01
1.672903451565372279e+01
1.898390783386745184e+01
1.612117825003680238e+01
2.367129933268905617e+01
1.654582051900707640e+01
1.698227674743464988e+01
1.591103464315655636e+01
1.616720696896108933e+01
1.686788384289064879e+01
1.639728285321171697e+01
1.601485362423569470e+01
1.589296758032330636e+01
1.747766603998892876e+01
1.675165935660488614e+01
1.723161066939240271e+01
1.764309564059052349e+01
1.777915041136553498e+01
1.775896209333291864e+01
1.497768710114605284e+01
1.468315696113318936e+01
1.265849891464281463e+01
1.402081869902791311e+01
1.648935273361076170e+01
1.427001260651765691e+01
1.241433899232635341e+01
1.439994498733085670e+01
1.301627993613113077e+01
1.106768131342693628e+01
1.277350876636174171e+01
1.216997857509644909e+01
1.350836969058924808e+01
1.319341527329938479e+01
2.038988413462790206e+01
1.405059257745891976e+01
1.115154442204781837e+01
1.361874269652498626e+01
1.761585986682617389e+01
1.139846372273303921e+01
1.657542974531971325e+01
2.088451620094190275e+01
1.706686098083189407e+01
1.720630939625793232e+01
1.618984418677564818e+01
1.709527369020212362e+01
1.351636052083079065e+01
1.736843185470032580e+01
2.179279344514426597e+01
1.593056654778570014e+01
1.924806208600973534e+01
2.434463692050986694e+01
1.890507633028537171e+01
1.506697756655105636e+01
2.065657628588834172e+01
2.032576468157434491e+01
1.451461596200911330e+01
1.481618435300091186e+01
1.873917305398460798e+01
1.396523079359245578e+01
1.387103545382857561e+01
1.589407523823347645e+01
1.887451482266163794e+01
1.492319273536673307e+01
2.001707869596952349e+01
2.015301054728107744e+01
1.759394819897242357e+01
1.926606512662718629e+01
2.144039454800566702e+01
2.104307442034066966e+01
1.733978902404493994e+01
2.226713475181548318e+01
2.033449634734141043e+01
1.957929345818130784e+01
1.559110157843080025e+01
1.892091710891394740e+01
1.473920038119192633e+01
1.614004868455571895e+01
1.675628670639937567e+01
1.530178252827593610e+01
1.389878761897860748e+01
1.309668408587281618e+01
1.500007401801645912e+01
1.388492423141652488e+01
1.805593468121736933e+01
1.324531765099868430e+01
1.855087703082691775e+01
1.619691847498907933e+01
1.749920082829438428e+01
1.345679865933292696e+01
1.834320775389521430e+01
1.748077746772987950e+01
2.146198171847232317e+01
2.191703134061861746e+01
1.582391302507572028e+01
2.130848787137202294e+01
1.655589955713478290e+01
2.377683144593970610e+01
1.343341643938621210e+01
1.860605582494347487e+01
1.381043145375613079e+01
1.777489710632831077e+01
1.238307657009422691e+01
1.371869234870699295e+01
2.339403559740839711e+01
2.421539525371889567e+01
3.527726853869832269e+01
2.289238981687032748e+01
1.317725662521617558e+01
2.136189849357193182e+01
1.780481987254882270e+01
1.222177250378884850e+01
1.878022775210929396e+01
3.262623676374211357e+01
2.018153657467913575e+01
1.842845514864328393e+01
1.608869247087663723e+01
1.524792799204534433e+01
1.308394896659362239e+01
1.679797180979069537e+01
1.897155684538120823e+01
1.736955418808623364e+01
1.741827326607943505e+01
2.029911437174415667e+01
1.578512690290323839e+01
1.397661345824090517e+01
1.528960521525873695e+01
1.650684956416548133e+01
1.847173025357166765e+01
1.831944823121305177e+01
1.896701871537001693e+01
1.814847434530098980e+01
1.899499441174254244e+01
1.960185016136612290e+01
2.033351552930363226e+01
1.963929021674810116e+01
2.052700205745960460e+01
1.961220741373048781e+01
1.900327084409105893e+01
2.016591096493001700e+01
1.592262293969765352e+01
1.627841917722570741e+01
1.453586497874644934e+01
1.476569647925735751e+01
1.559518712847544819e+01
1.458571788519751777e+01
1.209943988718218932e+01
1.354991633323369626e+01
1.333315499773931201e+01
1.262397932039164417e+01
1.350376704851126242e+01
1.236995545915701022e+01
1.110063771713485892e+01
1.156445022325328331e+01
1.243647057952799884e+01
1.200170527574361756e+01
1.458324272906367547e+01
1.104660366552285922e+01
1.768745832621618774e+01
1.644724924819924894e+01
1.693748656625347593e+01
1.393919895983879087e+01
1.851609433009182126e+01
1.842596440943505698e+01
1.940364773126514919e+01
1.901074397925370008e+01
1.571856872275440153e+01
1.854697846604710065e+01
1.439644312278537441e+01
2.005087628187909843e+01
1.155408641712555351e+01
1.397403177505441896e+01
1.180700242420989632e+01
1.521099467713651343e+01
1.095444779016801817e+01
1.131984461988795054e+01
1.269897801335794973e+01
1.233992568349784946e+01
1.554545088458093005e+01
1.285557086297401597e+01
1.417635554928477148e+01
1.234594116675088671e+01
1.708542098375558638e+01
1.356234867526019805e+01
1.639506117330111579e+01
1.486756380957164403e+01
1.707767378483406162e+01
1.660290738284171042e+01
2.257250849517624047e+01
2.296644005987666759e+01
2.064917022619654929e+01
2.135241580926825833e+01
2.534277669697479851e+01
2.357164383792663642e+01
2.289154703195291773e+01
2.546045855732343810e+01
2.463230486567566047e+01
2.075381171216936238e+01
2.230401908332630967e+01
2.329127017933510757e+01
1.214339911229369484e+01
1.204720753551463197e+01
1.254396058548321946e+01
1.231906221607634144e+01
1.641335548254435395e+01
1.147283335745852639e+01
1.626909125869243766e+01
1.562481940787639267e+01
1.589165323377359762e+01
1.192749801290600864e+01
1.708361418883834659e+01
1.614024680562735625e+01
1.978794955026678082e+01
1.964915884379406563e+01
2.048152927644371601e+01
2.061750330266151465e+01
1.605557562888764878e+01
2.071506716047089114e+01
1.810194684129365683e+01
1.736628276461662068e+01
1.727494870779376868e+01
2.218334118120447229e+01
1.717052137647170085e+01
1.797500557550779376e+01
1.731107606618120087e+01
1.740946961897673972e+01
1.565903228009499593e+01
1.761388684949203309e+01
1.539910536272787844e+01
1.615605807795981264e+01
1.322199313724964220e+01
1.470000723594332648e+01
1.307406801156312426e+01
1.495445022251878520e+01
1.424782722564360071e+01
1.329719326876104013e+01
2.304896260963227306e+01
2.329325593218342405e+01
2.198082511541867134e+01
2.175604370871003823e+01
2.013689338310282295e+01
2.362637743482282460e+01
1.861274079714336693e+01
1.972407007975024484e+01
1.989348576071251173e+01
2.149306437167881967e+01
1.835036175030128902e+01
1.881006881398516839e+01
1.690943544517309860e+01
1.648200796198869966e+01
1.259956319104856526e+01
1.668673148425255803e+01
9.857006313157055999e+00
1.948711316572234864e+01
8.364187942493504835e+00
1.094153901793121797e+01
8.249837435847242162e+00
1.396598700530061343e+01
7.073933286025940070e+00
8.152285090683376367e+00
1.701246262938661147e+01
1.750699944126614582e+01
1.780901786533858910e+01
1.696660523934829712e+01
1.873954596338724343e+01
1.565053304625768149e+01
1.799642593480741226e+01
1.769122930684818584e+01
1.857100854574453308e+01
1.681401307736156525e+01
2.013103038001392164e+01
1.851944442619385711e+01
1.636270761140913166e+01
1.594551798315064417e+01
1.854803620403939490e+01
1.524578348420558704e+01
2.192235857737452775e+01
1.560263395142725251e+01
2.200100284412211238e+01
1.891399082032719647e+01
2.309218812423494782e+01
1.605933499700983802e+01
2.248495498207147492e+01
2.144049324422103808e+01
1.152528668963538649e+01
1.156111970441420667e+01
1.130687787297316049e+01
1.190018387473056194e+01
1.618955208061296958e+01
1.215672774569418557e+01
1.733990500895060904e+01
1.772980302111779594e+01
1.680502114859181262e+01
1.235258645150895518e+01
1.649035758393229045e+01
1.739382220810945512e+01
1.530100470604274854e+01
1.520285361359758269e+01
1.364335533691063240e+01
1.484443516754667236e+01
1.349107119202709271e+01
1.471278662825105776e+01
1.122866950954866994e+01
1.251215808821627107e+01
1.149279433169448161e+01
1.264570010212455209e+01
1.160262571897651540e+01
1.115658480016956311e+01
2.420127820042642242e+01
2.364729208339261390e+01
2.408991389764404545e+01
2.349220084288053911e+01
2.090754072131707986e+01
2.451560793957389706e+01
2.048753620609351955e+01
2.011110354287964697e+01
2.059904796625398404e+01
2.314557118150067438e+01
1.976188015550203758e+01
2.001855034386560916e+01
1.126729289477350981e+01
1.135721782259855672e+01
1.278704904636565232e+01
1.103087708297618796e+01
1.740098715545022756e+01
1.295480500682360159e+01
2.218088183741960862e+01
1.970064442636149948e+01
2.288682897345397294e+01
1.450847558071981958e+01
1.944541455254169549e+01
2.235777095329440911e+01
1.798123964569824196e+01
1.793538816473541075e+01
1.786611956755468356e+01
1.929097447285786515e+01
1.690460518364093545e+01
1.523728734011560171e+01
1.525551736967252303e+01
1.531466442079729440e+01
1.419694091606002750e+01
1.620107786187280041e+01
1.795684442769814382e+01
1.521661485291691385e+01
1.438103812150701266e+01
1.496677955316107322e+01
1.706843892300065235e+01
1.446933140837845144e+01
1.623812419490959513e+01
1.394656138782040244e+01
1.880835893712486495e+01
1.649246092384801443e+01
1.945059232113036174e+01
1.733187054154460682e+01
2.018322219581710186e+01
1.957345116393343076e+01
1.430334632554663976e+01
1.435469576080248899e+01
1.449971759550668260e+01
1.465752024299327338e+01
1.539205316563991488e+01
1.507199167513003601e+01
1.685235304860874450e+01
1.668380085839578442e+01
1.650090084111182520e+01
1.571345196793737742e+01
1.605032299428176046e+01
1.691284885697666596e+01
2.008659327569932174e+01
2.036269546720345502e+01
1.890330070425475384e+01
2.103404212844480625e+01
1.261868642790370565e+01
1.961055082328866916e+01
1.208223828654522514e+01
1.301502539901567346e+01
1.175330909050027728e+01
1.959154781844323878e+01
1.254570396874215454e+01
1.224837691071269141e+01
1.771722563145826967e+01
1.749844264639308733e+01
1.741737975640347003e+01
1.722391078572244894e+01
2.032118401680344633e+01
1.859297903582765343e+01
2.036213256249442694e+01
2.045690073858937907e+01
2.070582478635179413e+01
1.754992615440245629e+01
1.916342601654479694e+01
2.011066436652502176e+01
