6.561328712728556667e+00
6.561328712728556667e+00
6.561328712728556667e+00
7.986274484901604964e+00
1.026237618329863288e+01
5.815471437902863805e+00
1.100024063292790011e+01
1.100024063292790011e+01
9.095803333738080809e+00
7.078436883081227649e+00
1.241106511870014018e+01
1.100024063292790011e+01
8.811762427702261036e+00
8.811762427702261036e+00
8.811762427702261036e+00
8.569832890350248533e+00
9.753859121334368609e+00
8.780191900675271555e+00
9.453900060274062156e+00
9.453900060274062156e+00
9.718913277579041221e+00
8.539129141457628691e+00
9.487893008348510904e+00
9.453900060274062156e+00
8.422409087599865174e+00
8.422409087599865174e+00
8.422409087599865174e+00
7.627487469228463546e+00
1.004016489563236192e+01
8.007758139183524193e+00
8.653521951811736557e+00
8.653521951811736557e+00
9.545868803750556353e+00
7.251971998505747585e+00
9.101611294932958174e+00
8.653521951811736557e+00
1.251363032884675874e+01
1.251363032884675874e+01
1.251363032884675874e+01
1.221429449934046652e+01
9.637904527508164065e+00
1.275294640664622747e+01
9.581865729401991771e+00
9.581865729401991771e+00
9.822223981504814461e+00
1.244788594929175574e+01
9.402056730662172512e+00
9.581865729401991771e+00
1.336455864480922706e+01
1.336455864480922706e+01
1.336455864480922706e+01
1.081429385027134060e+01
1.069886385659243366e+01
1.048211460314539423e+01
6.771053289631944416e+00
6.771053289631944416e+00
8.391352086423715662e+00
8.481886346068167271e+00
8.633004141097670114e+00
6.771053289631944416e+00
7.526523567093870604e+00
7.526523567093870604e+00
7.526523567093870604e+00
9.103767279904358745e+00
4.814260677297498070e+00
9.491975523467361953e+00
7.372123462349016165e+00
7.372123462349016165e+00
6.071441098289640514e+00
1.148109554456105741e+01
5.845617789649192986e+00
7.372123462349016165e+00
8.089049062835274029e+00
8.089049062835274029e+00
8.089049062835274029e+00
7.433908704388040967e+00
7.119471435571172790e+00
1.308018842346928423e+01
1.056651889417951651e+01
1.056651889417951651e+01
1.151235789638511520e+01
1.202081058242236900e+01
6.534545756621739976e+00
1.056651889417951651e+01
8.779360634269634645e+00
8.779360634269634645e+00
8.779360634269634645e+00
8.847208485654268983e+00
1.692501160498746771e+01
7.380542924405894212e+00
1.433426163194468472e+01
1.433426163194468472e+01
1.422834530331032354e+01
7.437580560782093286e+00
1.705100201730035892e+01
1.433426163194468472e+01
8.776956102069418009e+00
8.776956102069418009e+00
8.776956102069418009e+00
6.831714453876012172e+00
9.451255998226217869e+00
1.101404353591840390e+01
9.243528969915038473e+00
9.243528969915038473e+00
1.186021028509300557e+01
8.572994959176376994e+00
7.366054776574497254e+00
9.243528969915038473e+00
1.508540496237954365e+01
1.508540496237954365e+01
1.508540496237954365e+01
1.614359876402445337e+01
8.648522940967685813e+00
1.179417493130226902e+01
7.255310403276187259e+00
7.255310403276187259e+00
6.761647613539702562e+00
1.262149927817556616e+01
9.279945074470889566e+00
7.255310403276187259e+00
9.585639279883887198e+00
9.585639279883887198e+00
9.585639279883887198e+00
1.008925560476010475e+01
1.069789626449517073e+01
7.418415144127187943e+00
8.709717240676024375e+00
8.709717240676024375e+00
8.279201140541349702e+00
7.808168488917842431e+00
1.125418382186385102e+01
8.709717240676024375e+00
8.930824003943916622e+00
8.930824003943916622e+00
8.930824003943916622e+00
9.787504767222523938e+00
1.036969788025610661e+01
1.049336883727435143e+01
1.334370764329702119e+01
1.334370764329702119e+01
1.218398935423838303e+01
1.149993522139638813e+01
1.135672502991150346e+01
1.334370764329702119e+01
8.927521200815766278e+00
8.927521200815766278e+00
8.927521200815766278e+00
1.024650799184264294e+01
8.107802476528549462e+00
9.549793247026402199e+00
9.966314722535075887e+00
9.966314722535075887e+00
8.672937940657167388e+00
1.096071693642794997e+01
9.316901809066797213e+00
9.966314722535075887e+00
8.326100071059572727e+00
8.326100071059572727e+00
8.326100071059572727e+00
7.649744222617703926e+00
1.275692277368986005e+01
8.404740400205598760e+00
1.186680563594397597e+01
1.186680563594397597e+01
1.287741239034728835e+01
7.721996345270005335e+00
1.175577192678864158e+01
1.186680563594397597e+01
1.246284659491492164e+01
1.246284659491492164e+01
1.246284659491492164e+01
1.270422379952250225e+01
1.122138682544060906e+01
1.327970614777700398e+01
1.218967574102912721e+01
1.218967574102912721e+01
1.195687666356971590e+01
1.353690407792471362e+01
1.143986599640479795e+01
1.218967574102912721e+01
6.856619737652715152e+00
6.856619737652715152e+00
6.856619737652715152e+00
7.081374072930253227e+00
6.168909502815436596e+00
6.681746637656102550e+00
6.210287931349070867e+00
6.210287931349070867e+00
6.011575952227547148e+00
6.900768777062863180e+00
6.372822125074131705e+00
6.210287931349070867e+00
1.081307772818196256e+01
1.081307772818196256e+01
1.081307772818196256e+01
1.033316416543977212e+01
7.523947157706534661e+00
1.266101358825589429e+01
8.411254945729337962e+00
8.411254945729337962e+00
8.809776420340066139e+00
1.209908364640124212e+01
7.183591810065755645e+00
8.411254945729337962e+00
8.494045573221159273e+00
8.494045573221159273e+00
8.494045573221159273e+00
8.123087511531325688e+00
1.084049959308271482e+01
6.728977552720733613e+00
8.221432192635321101e+00
8.221432192635321101e+00
8.587836949227600769e+00
6.435104809915909385e+00
1.037798375373629334e+01
8.221432192635321101e+00
9.109417364928875216e+00
9.109417364928875216e+00
9.109417364928875216e+00
1.184662995982841238e+01
9.545161911159134149e+00
1.021377227429928602e+01
1.390365187280583470e+01
1.390365187280583470e+01
1.070234310014578405e+01
1.328282323449381863e+01
1.240033206191219861e+01
1.390365187280583470e+01
1.297192611301253073e+01
1.297192611301253073e+01
1.297192611301253073e+01
1.242716858712948635e+01
1.272429573953890980e+01
1.005178283156158692e+01
9.445247216474497165e+00
9.445247216474497165e+00
9.859897161309550739e+00
9.629657057923221686e+00
1.218918584537405714e+01
9.445247216474497165e+00
1.119591788293201517e+01
1.119591788293201517e+01
1.119591788293201517e+01
1.103247829907616939e+01
1.396545308711810662e+01
8.636254269453964127e+00
1.061892652456638686e+01
1.061892652456638686e+01
1.077260525752421394e+01
8.510181015020341633e+00
1.376622615135794803e+01
1.061892652456638686e+01
8.148047818610903548e+00
8.148047818610903548e+00
8.148047818610903548e+00
8.093135163741390414e+00
6.568105227723482820e+00
1.258160315918709671e+01
1.007268220816306581e+01
1.007268220816306581e+01
1.014197453459315312e+01
1.249681116393057145e+01
6.523230406758965039e+00
1.007268220816306581e+01
6.773547518479779761e+00
6.773547518479779761e+00
6.773547518479779761e+00
5.834068366344950185e+00
7.626660963734038567e+00
7.982667198102086914e+00
7.748955530195137165e+00
7.748955530195137165e+00
8.988066613565177221e+00
6.875485268605472378e+00
6.575235720066427980e+00
7.748955530195137165e+00
9.583370649877098302e+00
9.583370649877098302e+00
9.583370649877098302e+00
1.088988643865698691e+01
9.615652077413978205e+00
8.325800982063835676e+00
9.492497894191805230e+00
9.492497894191805230e+00
8.353846306710897451e+00
9.460870346979296741e+00
1.092629116516160970e+01
9.492497894191805230e+00
1.151425668110255351e+01
1.151425668110255351e+01
1.151425668110255351e+01
1.223471407953667267e+01
1.134232526252021778e+01
1.164697953517896067e+01
1.219193165141432544e+01
1.219193165141432544e+01
1.147306629274019762e+01
1.237574152198634181e+01
1.205299880959103120e+01
1.219193165141432544e+01
8.566008568037062787e+00
8.566008568037062787e+00
8.566008568037062787e+00
8.742728635990662411e+00
8.630447089310660402e+00
7.885185887439152275e+00
8.108338917580304894e+00
8.108338917580304894e+00
7.944502862727964576e+00
8.047860320319658811e+00
8.808429075994595792e+00
8.108338917580304894e+00
1.294412386316303376e+01
1.294412386316303376e+01
1.294412386316303376e+01
9.672877174378795573e+00
1.100994309193094622e+01
7.029115856702675025e+00
4.456608367206954746e+00
4.456608367206954746e+00
5.978787470438712504e+00
5.252713512720423417e+00
8.206848754630748033e+00
4.456608367206954746e+00
6.069064237474351309e+00
6.069064237474351309e+00
6.069064237474351309e+00
6.168618213048597809e+00
8.729831042140185460e+00
9.831730727084769583e+00
1.436825115327120628e+01
1.436825115327120628e+01
1.414210572517948705e+01
9.993005652239306258e+00
8.869429162572716407e+00
1.436825115327120628e+01
5.799141657381210457e+00
5.799141657381210457e+00
5.799141657381210457e+00
6.254779520070194110e+00
4.760160610832794958e+00
6.715877920569671922e+00
5.949210034892087329e+00
5.949210034892087329e+00
5.512653325853380082e+00
7.243543641222260909e+00
5.137126098761268800e+00
5.949210034892087329e+00
1.249127662174056930e+01
1.249127662174056930e+01
1.249127662174056930e+01
1.228283404030370463e+01
1.163432571458104192e+01
1.157255830205487612e+01
1.059768511707687111e+01
1.059768511707687111e+01
1.077863509985453838e+01
1.137944642091131264e+01
1.143901053615815933e+01
1.059768511707687111e+01
8.996634669860869238e+00
8.996634669860869238e+00
8.996634669860869238e+00
1.055677984550506565e+01
1.250273715280494891e+01
1.037074807435969426e+01
1.683828909871207458e+01
1.683828909871207458e+01
1.441235995566801975e+01
1.216918417516491679e+01
1.460723319093511030e+01
1.683828909871207458e+01
1.361338299997706613e+01
1.361338299997706613e+01
1.361338299997706613e+01
1.178632099891541429e+01
9.812319094596206881e+00
1.236730356015844912e+01
7.681765391158005052e+00
7.681765391158005052e+00
8.914164015822873210e+00
1.070747878402469411e+01
8.455748973664132251e+00
7.681765391158005052e+00
1.182577859430371525e+01
1.182577859430371525e+01
1.182577859430371525e+01
1.077956556225722906e+01
1.190294141316893572e+01
1.185993671428724561e+01
1.088169823134278680e+01
1.088169823134278680e+01
1.193732241376908121e+01
1.081070175264923527e+01
1.085035756209933311e+01
1.088169823134278680e+01
4.167716568437398905e+00
4.167716568437398905e+00
4.167716568437398905e+00
5.197823430830225355e+00
4.588355206420329679e+00
5.074186677939692913e+00
6.958617341308488413e+00
6.958617341308488413e+00
5.586313387621374638e+00
6.328339745255322057e+00
5.715506075658001173e+00
6.958617341308488413e+00
1.175802083608233062e+01
1.175802083608233062e+01
1.175802083608233062e+01
1.057627617989840907e+01
9.706581524806964012e+00
1.144554996080995757e+01
8.482005151825593003e+00
8.482005151825593003e+00
9.448627905975847341e+00
1.029521031676320497e+01
8.713569347773425733e+00
8.482005151825593003e+00
8.952772592978815780e+00
8.952772592978815780e+00
8.952772592978815780e+00
7.287744050383250460e+00
1.205113042653643696e+01
9.364773843456465130e+00
1.028379957079581608e+01
1.028379957079581608e+01
1.260571625498650761e+01
7.623121681249658721e+00
9.831365977240334786e+00
1.028379957079581608e+01
9.233448816913634616e+00
9.233448816913634616e+00
9.233448816913634616e+00
1.042224440058357793e+01
8.824036146443939188e+00
6.815860794255040211e+00
7.354804120794456779e+00
7.354804120794456779e+00
6.513644382526618593e+00
7.693394787433972759e+00
9.963555515250741124e+00
7.354804120794456779e+00
1.173338809033099395e+01
1.173338809033099395e+01
1.173338809033099395e+01
1.048823286408919486e+01
1.112817848246958619e+01
1.495019820446872139e+01
1.266960342439674037e+01
1.266960342439674037e+01
1.417906513334556173e+01
1.336367287313794350e+01
9.943505222867129234e+00
1.266960342439674037e+01
6.863135273000044556e+00
6.863135273000044556e+00
6.863135273000044556e+00
6.885875377261910124e+00
8.915908753684115950e+00
8.008574072284041279e+00
1.043784361964617524e+01
1.043784361964617524e+01
1.040394992016419984e+01
8.035109438723496922e+00
8.944954753926806390e+00
1.043784361964617524e+01
1.455906005282764504e+01
1.455906005282764504e+01
1.455906005282764504e+01
1.483710990102245475e+01
1.123094498181620438e+01
1.116800799519585574e+01
8.784100861495446111e+00
8.784100861495446111e+00
8.615067380408790498e+00
1.138129531707207498e+01
1.145130376049345067e+01
8.784100861495446111e+00
1.175242623254442087e+01
1.175242623254442087e+01
1.175242623254442087e+01
1.244350636140464061e+01
6.619838453708958959e+00
1.599244299110329592e+01
9.564273748916356510e+00
9.564273748916356510e+00
9.008130490373941868e+00
1.693284962241457592e+01
7.028533524523507658e+00
9.564273748916356510e+00
1.171503667793057524e+01
1.171503667793057524e+01
1.171503667793057524e+01
1.024172528034560692e+01
1.381420427318141719e+01
9.469762567946672149e+00
9.777566961842300231e+00
9.777566961842300231e+00
1.116660904515843278e+01
8.278822282624075157e+00
1.209582127925953721e+01
9.777566961842300231e+00
9.934340311761200581e+00
9.934340311761200581e+00
9.934340311761200581e+00
1.049005810791081394e+01
1.021575868182491398e+01
8.134856295000464144e+00
8.832428164516944236e+00
8.832428164516944236e+00
8.365299175694943301e+00
8.589912621881016008e+00
1.078621969258655078e+01
8.832428164516944236e+00
7.777770760823025320e+00
7.777770760823025320e+00
7.777770760823025320e+00
9.463049228253087364e+00
7.617827220853801151e+00
9.998973478589247676e+00
1.192074062224253517e+01
1.192074062224253517e+01
9.793352708396383832e+00
1.216553960891932284e+01
9.272630641292053610e+00
1.192074062224253517e+01
8.805366255637101958e+00
8.805366255637101958e+00
8.805366255637101958e+00
7.011648571126581686e+00
1.156787535062498762e+01
8.936908964227631813e+00
9.407028522480535671e+00
9.407028522480535671e+00
1.174068697618169743e+01
7.116395065247760776e+00
9.268566105934883836e+00
9.407028522480535671e+00
1.010902240329408919e+01
1.010902240329408919e+01
1.010902240329408919e+01
1.159651806150275277e+01
7.500340558207888364e+00
9.220407071103126739e+00
7.871389372567937137e+00
7.871389372567937137e+00
6.841036685807186046e+00
1.057714711361338544e+01
8.629993328789147711e+00
7.871389372567937137e+00
1.094291767822840100e+01
1.094291767822840100e+01
1.094291767822840100e+01
1.052953196945961167e+01
1.221599813701062587e+01
1.164551992665565727e+01
1.251351021295696420e+01
1.251351021295696420e+01
1.300033993781967823e+01
1.120559232686757412e+01
1.175854002126832931e+01
1.251351021295696420e+01
7.283061199281568143e+00
7.283061199281568143e+00
7.283061199281568143e+00
8.457368030729565334e+00
8.176893307327258498e+00
6.066218286256633618e+00
7.905595789398988771e+00
7.905595789398988771e+00
6.810710269820487994e+00
7.044323698210145146e+00
9.491405556806187249e+00
7.905595789398988771e+00
9.000489557978976762e+00
9.000489557978976762e+00
9.000489557978976762e+00
8.601039176581931400e+00
1.216531164511267527e+01
1.041723860360003151e+01
1.347094998172158142e+01
1.347094998172158142e+01
1.408022900064885619e+01
9.954911537221386553e+00
1.163889484154099740e+01
1.347094998172158142e+01
9.957969044640016421e+00
9.957969044640016421e+00
9.957969044640016421e+00
8.793290567061205820e+00
8.079711579019280165e+00
8.426251754580587061e+00
6.029164842627110943e+00
6.029164842627110943e+00
6.836904549915424845e+00
7.440722072651807295e+00
7.125141595167190367e+00
6.029164842627110943e+00
7.128235733324691736e+00
7.128235733324691736e+00
7.128235733324691736e+00
6.749909465661157348e+00
6.340937599036472250e+00
9.236814633776750938e+00
7.777278517795184420e+00
7.777278517795184420e+00
8.216628545662242544e+00
8.746576973823998458e+00
6.001882341109461727e+00
7.777278517795184420e+00
1.273822575500144261e+01
1.273822575500144261e+01
1.273822575500144261e+01
1.499198475035581701e+01
1.112884333506456436e+01
1.191748986474289396e+01
1.227515618169257117e+01
1.227515618169257117e+01
1.041180147085000662e+01
1.402603704402043761e+01
1.312052390184053330e+01
1.227515618169257117e+01
1.362433863467092188e+01
1.362433863467092188e+01
1.362433863467092188e+01
1.418407014970790314e+01
7.942026945250630021e+00
9.255830350530786177e+00
5.624819001113499972e+00
5.624819001113499972e+00
5.395495224811670099e+00
9.636089538440572255e+00
8.279585507474982009e+00
5.624819001113499972e+00
8.942175036197792082e+00
8.942175036197792082e+00
8.942175036197792082e+00
9.000290195831713191e+00
9.849973149332608813e+00
1.151677941673454164e+01
1.276735598839151109e+01
1.276735598839151109e+01
1.268594805653192559e+01
1.159162691989376626e+01
9.913182137686202822e+00
1.276735598839151109e+01
8.213088480835827099e+00
8.213088480835827099e+00
8.213088480835827099e+00
1.017801282584045630e+01
1.100369663631003192e+01
9.407952002284901027e+00
1.556534674979199195e+01
1.556534674979199195e+01
1.260454578611496324e+01
1.165873914150288115e+01
1.358845900360500814e+01
1.556534674979199195e+01
7.400344176507570815e+00
7.400344176507570815e+00
7.400344176507570815e+00
6.626905487212590096e+00
1.039525182204560494e+01
6.273736899625176555e+00
7.910834241200855210e+00
7.910834241200855210e+00
8.812708352659502253e+00
5.618044308997911074e+00
9.331423527130230156e+00
7.910834241200855210e+00
7.011639568213190898e+00
7.011639568213190898e+00
7.011639568213190898e+00
7.719243553061460261e+00
6.182242957564775487e+00
7.939295523755964368e+00
7.711263103029854626e+00
7.711263103029854626e+00
7.000167844091539138e+00
8.740517134599459226e+00
6.810251278885195880e+00
7.711263103029854626e+00
1.218626432748135358e+01
1.218626432748135358e+01
1.218626432748135358e+01
1.318389433415344847e+01
1.052774219433835157e+01
1.172157688807572029e+01
1.096791010288871604e+01
1.096791010288871604e+01
1.012629763089018375e+01
1.268116520118063306e+01
1.140271935338532217e+01
1.096791010288871604e+01
8.718036636032950426e+00
8.718036636032950426e+00
8.718036636032950426e+00
9.352458805540750930e+00
1.346396556307887771e+01
5.534616956120650855e+00
9.149585146374022315e+00
9.149585146374022315e+00
8.547554364941216676e+00
5.937377789010944262e+00
1.441227444337934216e+01
9.149585146374022315e+00
8.654476657194825506e+00
8.654476657194825506e+00
8.654476657194825506e+00
7.007925088365786870e+00
8.136286142869769478e+00
1.402172444116608752e+01
1.066409995257931875e+01
1.066409995257931875e+01
1.318216765596734419e+01
1.135403079650221336e+01
6.582086568370394630e+00
1.066409995257931875e+01
8.680470620732299025e+00
8.680470620732299025e+00
8.680470620732299025e+00
8.521029025367161225e+00
9.801417590216653153e+00
9.686153564235970848e+00
1.073796770177824378e+01
1.073796770177824378e+01
1.093696875135936253e+01
9.508239733902284385e+00
9.623078195437500426e+00
1.073796770177824378e+01
9.116711460932247491e+00
9.116711460932247491e+00
9.116711460932247491e+00
8.463839458698226181e+00
9.810634819897995129e+00
8.003198021604310597e+00
7.997199596530622401e+00
7.997199596530622401e+00
8.612365710789003259e+00
7.430067684088301760e+00
9.109878453618268423e+00
7.997199596530622401e+00
1.502951510895758069e+01
1.502951510895758069e+01
1.502951510895758069e+01
1.322259241597654800e+01
9.441757281600253293e+00
1.597797121845174573e+01
8.788263498039032839e+00
8.788263498039032839e+00
1.003759103359917937e+01
1.405702043773020016e+01
8.266590120824918841e+00
8.788263498039032839e+00
8.814039904259772129e+00
8.814039904259772129e+00
8.814039904259772129e+00
9.623485686679449813e+00
1.010946807088605937e+01
7.488359312218473285e+00
9.369042128495943089e+00
9.369042128495943089e+00
8.588947882299464709e+00
8.176059949878276001e+00
1.102766410400645825e+01
9.369042128495943089e+00
