1.401747711142802757e+02
1.392118398284958403e+02
1.586052629607248718e+02
1.401747711142802757e+02
1.401747711142802757e+02
1.401747711142802757e+02
1.586052629607248718e+02
1.392118398284958403e+02
1.575157233197402888e+02
1.575157233197402888e+02
1.575157233197402888e+02
1.575157233197402888e+02
1.971693936777512874e+02
1.977869889727112422e+02
1.985607414498676349e+02
1.971693936777512874e+02
1.971693936777512874e+02
1.971693936777512874e+02
1.985607414498676349e+02
1.977869889727112422e+02
1.991826948747669519e+02
1.991826948747669519e+02
1.991826948747669519e+02
1.991826948747669519e+02
1.780130169723264828e+02
1.792124992660986607e+02
1.715544371239219572e+02
1.780130169723264828e+02
1.780130169723264828e+02
1.780130169723264828e+02
1.715544371239219572e+02
1.792124992660986607e+02
1.727104003969908774e+02
1.727104003969908774e+02
1.727104003969908774e+02
1.727104003969908774e+02
1.946268580937246497e+02
2.006571878940798115e+02
1.830146106512144968e+02
1.946268580937246497e+02
1.946268580937246497e+02
1.946268580937246497e+02
1.830146106512144968e+02
2.006571878940798115e+02
1.886851459068313943e+02
1.886851459068313943e+02
1.886851459068313943e+02
1.886851459068313943e+02
1.665819107598283324e+02
1.646373253594969412e+02
1.759293307823893144e+02
1.665819107598283324e+02
1.665819107598283324e+02
1.665819107598283324e+02
1.759293307823893144e+02
1.646373253594969412e+02
1.738756287533451825e+02
1.738756287533451825e+02
1.738756287533451825e+02
1.738756287533451825e+02
2.233348456314838870e+02
2.269200927091963536e+02
1.858410633327048345e+02
2.233348456314838870e+02
2.233348456314838870e+02
2.233348456314838870e+02
1.858410633327048345e+02
2.269200927091963536e+02
1.888244138589007264e+02
1.888244138589007264e+02
1.888244138589007264e+02
1.888244138589007264e+02
1.668111233013124490e+02
1.623272042379316247e+02
1.470246064754517761e+02
1.668111233013124490e+02
1.668111233013124490e+02
1.668111233013124490e+02
1.470246064754517761e+02
1.623272042379316247e+02
1.430725532627260179e+02
1.430725532627260179e+02
1.430725532627260179e+02
1.430725532627260179e+02
1.857523311656571536e+02
1.854656587030911226e+02
2.057916829963411089e+02
1.857523311656571536e+02
1.857523311656571536e+02
1.857523311656571536e+02
2.057916829963411089e+02
1.854656587030911226e+02
2.054740837060928698e+02
2.054740837060928698e+02
2.054740837060928698e+02
2.054740837060928698e+02
1.805233135360838332e+02
1.791233771198904776e+02
1.801370809015290888e+02
1.805233135360838332e+02
1.805233135360838332e+02
1.805233135360838332e+02
1.801370809015290888e+02
1.791233771198904776e+02
1.787401396726034761e+02
1.787401396726034761e+02
1.787401396726034761e+02
1.787401396726034761e+02
2.029844938477610299e+02
1.999395387966739293e+02
1.928809699398519513e+02
2.029844938477610299e+02
2.029844938477610299e+02
2.029844938477610299e+02
1.928809699398519513e+02
1.999395387966739293e+02
1.899875770873052261e+02
1.899875770873052261e+02
1.899875770873052261e+02
1.899875770873052261e+02
1.555328425017100358e+02
1.562279194025857976e+02
1.525600284420646631e+02
1.555328425017100358e+02
1.555328425017100358e+02
1.555328425017100358e+02
1.525600284420646631e+02
1.562279194025857976e+02
1.532418198249094985e+02
1.532418198249094985e+02
1.532418198249094985e+02
1.532418198249094985e+02
1.876007875938743723e+02
1.884510303784326766e+02
2.127965859410441851e+02
1.876007875938743723e+02
1.876007875938743723e+02
1.876007875938743723e+02
2.127965859410441851e+02
1.884510303784326766e+02
2.137610209207453238e+02
2.137610209207453238e+02
2.137610209207453238e+02
2.137610209207453238e+02
1.626523969414565158e+02
1.663657061919127216e+02
1.609285542987172448e+02
1.626523969414565158e+02
1.626523969414565158e+02
1.626523969414565158e+02
1.609285542987172448e+02
1.663657061919127216e+02
1.646025086982645007e+02
1.646025086982645007e+02
1.646025086982645007e+02
1.646025086982645007e+02
1.838030891850474120e+02
1.832320624917999510e+02
2.030013754562660324e+02
1.838030891850474120e+02
1.838030891850474120e+02
1.838030891850474120e+02
2.030013754562660324e+02
1.832320624917999510e+02
2.023707048583699475e+02
2.023707048583699475e+02
2.023707048583699475e+02
2.023707048583699475e+02
1.762633278156096424e+02
1.822276147560874051e+02
1.778669648216998098e+02
1.762633278156096424e+02
1.762633278156096424e+02
1.762633278156096424e+02
1.778669648216998098e+02
1.822276147560874051e+02
1.838855146163470806e+02
1.838855146163470806e+02
1.838855146163470806e+02
1.838855146163470806e+02
2.078588649290791182e+02
2.014579656467702193e+02
1.940147093934692748e+02
2.078588649290791182e+02
2.078588649290791182e+02
2.078588649290791182e+02
1.940147093934692748e+02
2.014579656467702193e+02
1.880401332572157003e+02
1.880401332572157003e+02
1.880401332572157003e+02
1.880401332572157003e+02
1.724942088034366066e+02
1.744618868495904564e+02
1.977359488035323238e+02
1.724942088034366066e+02
1.724942088034366066e+02
1.724942088034366066e+02
1.977359488035323238e+02
1.744618868495904564e+02
1.999915647346125525e+02
1.999915647346125525e+02
1.999915647346125525e+02
1.999915647346125525e+02
2.112435647992479630e+02
2.072430036901457697e+02
1.643234527720755977e+02
2.112435647992479630e+02
2.112435647992479630e+02
2.112435647992479630e+02
1.643234527720755977e+02
2.072430036901457697e+02
1.612114715143360115e+02
1.612114715143360115e+02
1.612114715143360115e+02
1.612114715143360115e+02
1.655031154507959741e+02
1.601140976801847557e+02
1.901838472354420162e+02
1.655031154507959741e+02
1.655031154507959741e+02
1.655031154507959741e+02
1.901838472354420162e+02
1.601140976801847557e+02
1.839911895948690130e+02
1.839911895948690130e+02
1.839911895948690130e+02
1.839911895948690130e+02
1.789531974065768622e+02
1.898728077718707539e+02
1.638024683171471736e+02
1.789531974065768622e+02
1.789531974065768622e+02
1.789531974065768622e+02
1.638024683171471736e+02
1.898728077718707539e+02
1.737975908230214941e+02
1.737975908230214941e+02
1.737975908230214941e+02
1.737975908230214941e+02
1.534759178015774808e+02
1.581144335413145825e+02
1.798213271755000164e+02
1.534759178015774808e+02
1.534759178015774808e+02
1.534759178015774808e+02
1.798213271755000164e+02
1.581144335413145825e+02
1.852560824673520585e+02
1.852560824673520585e+02
1.852560824673520585e+02
1.852560824673520585e+02
1.913543238397410278e+02
1.882286925762230396e+02
1.771483898632377247e+02
1.913543238397410278e+02
1.913543238397410278e+02
1.913543238397410278e+02
1.771483898632377247e+02
1.882286925762230396e+02
1.742548020177802641e+02
1.742548020177802641e+02
1.742548020177802641e+02
1.742548020177802641e+02
1.841082358923829645e+02
1.773380017048348520e+02
2.180750210312134527e+02
1.841082358923829645e+02
1.841082358923829645e+02
1.841082358923829645e+02
2.180750210312134527e+02
1.773380017048348520e+02
2.100557221895320197e+02
2.100557221895320197e+02
2.100557221895320197e+02
2.100557221895320197e+02
1.977031501952904478e+02
2.017940025209582586e+02
1.457329783308291553e+02
1.977031501952904478e+02
1.977031501952904478e+02
1.977031501952904478e+02
1.457329783308291553e+02
2.017940025209582586e+02
1.487484694484075760e+02
1.487484694484075760e+02
1.487484694484075760e+02
1.487484694484075760e+02
1.597442781742220745e+02
1.636071569041561702e+02
1.851993163295609861e+02
1.597442781742220745e+02
1.597442781742220745e+02
1.597442781742220745e+02
1.851993163295609861e+02
1.636071569041561702e+02
1.896777396447770343e+02
1.896777396447770343e+02
1.896777396447770343e+02
1.896777396447770343e+02
1.941282367821471269e+02
1.824672109668177882e+02
1.864872696719085923e+02
1.941282367821471269e+02
1.941282367821471269e+02
1.941282367821471269e+02
1.864872696719085923e+02
1.824672109668177882e+02
1.752852266207742673e+02
1.752852266207742673e+02
1.752852266207742673e+02
1.752852266207742673e+02
1.722671063359230459e+02
1.694590975192218139e+02
2.243733067936867656e+02
1.722671063359230459e+02
1.722671063359230459e+02
1.722671063359230459e+02
2.243733067936867656e+02
1.694590975192218139e+02
2.207159502785057157e+02
2.207159502785057157e+02
2.207159502785057157e+02
2.207159502785057157e+02
2.142003656698195471e+02
2.182621366455967689e+02
1.547962732458573498e+02
2.142003656698195471e+02
2.142003656698195471e+02
2.142003656698195471e+02
1.547962732458573498e+02
2.182621366455967689e+02
1.577315950781164418e+02
1.577315950781164418e+02
1.577315950781164418e+02
1.577315950781164418e+02
1.714652243484748055e+02
1.800709639753297893e+02
1.979507890159434567e+02
1.714652243484748055e+02
1.714652243484748055e+02
1.714652243484748055e+02
1.979507890159434567e+02
1.800709639753297893e+02
2.078858236894443792e+02
2.078858236894443792e+02
2.078858236894443792e+02
2.078858236894443792e+02
2.041566274777549665e+02
1.995359291264976775e+02
1.683070924462469407e+02
2.041566274777549665e+02
2.041566274777549665e+02
2.041566274777549665e+02
1.683070924462469407e+02
1.995359291264976775e+02
1.644977803794318731e+02
1.644977803794318731e+02
1.644977803794318731e+02
1.644977803794318731e+02
1.495863869127509531e+02
1.462802056209274326e+02
1.957049396644514445e+02
1.495863869127509531e+02
1.495863869127509531e+02
1.495863869127509531e+02
1.957049396644514445e+02
1.462802056209274326e+02
1.913794390384255166e+02
1.913794390384255166e+02
1.913794390384255166e+02
1.913794390384255166e+02
1.918451548454100077e+02
1.947307640086903859e+02
1.717171906151772021e+02
1.918451548454100077e+02
1.918451548454100077e+02
1.918451548454100077e+02
1.717171906151772021e+02
1.947307640086903859e+02
1.743000481240426325e+02
1.743000481240426325e+02
1.743000481240426325e+02
1.743000481240426325e+02
1.760463883936296270e+02
1.788631194699901243e+02
1.865754232515256206e+02
1.760463883936296270e+02
1.760463883936296270e+02
1.760463883936296270e+02
1.865754232515256206e+02
1.788631194699901243e+02
1.895606182194713369e+02
1.895606182194713369e+02
1.895606182194713369e+02
1.895606182194713369e+02
2.033389328863513867e+02
1.993615860584794177e+02
1.720020573612492569e+02
2.033389328863513867e+02
2.033389328863513867e+02
2.033389328863513867e+02
1.720020573612492569e+02
1.993615860584794177e+02
1.686376655671033689e+02
1.686376655671033689e+02
1.686376655671033689e+02
1.686376655671033689e+02
1.317639716588740839e+02
1.287178064120505212e+02
1.983979528675130553e+02
1.317639716588740839e+02
1.317639716588740839e+02
1.317639716588740839e+02
1.983979528675130553e+02
1.287178064120505212e+02
1.938113201069996023e+02
1.938113201069996023e+02
1.938113201069996023e+02
1.938113201069996023e+02
1.891317112254513688e+02
1.996474526562496976e+02
1.580594695539765553e+02
1.891317112254513688e+02
1.891317112254513688e+02
1.891317112254513688e+02
1.580594695539765553e+02
1.996474526562496976e+02
1.668475913435449911e+02
1.668475913435449911e+02
1.668475913435449911e+02
1.668475913435449911e+02
1.610029778197995824e+02
1.643252942064684134e+02
2.075831773406870582e+02
1.610029778197995824e+02
1.610029778197995824e+02
1.610029778197995824e+02
2.075831773406870582e+02
1.643252942064684134e+02
2.118666819131778425e+02
2.118666819131778425e+02
2.118666819131778425e+02
2.118666819131778425e+02
1.879596201425241588e+02
1.844965745605982193e+02
1.521949394355243044e+02
1.879596201425241588e+02
1.879596201425241588e+02
1.879596201425241588e+02
1.521949394355243044e+02
1.844965745605982193e+02
1.493908370852215057e+02
1.493908370852215057e+02
1.493908370852215057e+02
1.493908370852215057e+02
1.758947275157227352e+02
1.658054603757945813e+02
1.897559852623806478e+02
1.758947275157227352e+02
1.758947275157227352e+02
1.758947275157227352e+02
1.897559852623806478e+02
1.658054603757945813e+02
1.788716406674506914e+02
1.788716406674506914e+02
1.788716406674506914e+02
1.788716406674506914e+02
2.395085946180158771e+02
2.445641455713716255e+02
1.768423749866934145e+02
2.395085946180158771e+02
2.395085946180158771e+02
2.395085946180158771e+02
1.768423749866934145e+02
2.445641455713716255e+02
1.805751664503297889e+02
1.805751664503297889e+02
1.805751664503297889e+02
1.805751664503297889e+02
1.507556630700522362e+02
1.560112553238347175e+02
2.268443874576280450e+02
1.507556630700522362e+02
1.507556630700522362e+02
1.507556630700522362e+02
2.268443874576280450e+02
1.560112553238347175e+02
2.347525587412657160e+02
2.347525587412657160e+02
2.347525587412657160e+02
2.347525587412657160e+02
1.956436867821112457e+02
1.854773280315110924e+02
1.592842832066328072e+02
1.956436867821112457e+02
1.956436867821112457e+02
1.956436867821112457e+02
1.592842832066328072e+02
1.854773280315110924e+02
1.510072915334269794e+02
1.510072915334269794e+02
1.510072915334269794e+02
1.510072915334269794e+02
1.822130456127728166e+02
1.807198357322844799e+02
1.870730049857539257e+02
1.822130456127728166e+02
1.822130456127728166e+02
1.822130456127728166e+02
1.870730049857539257e+02
1.807198357322844799e+02
1.855399684324271732e+02
1.855399684324271732e+02
1.855399684324271732e+02
1.855399684324271732e+02
1.919389489226363423e+02
1.962030098802399891e+02
1.753063659824543947e+02
1.919389489226363423e+02
1.919389489226363423e+02
1.919389489226363423e+02
1.753063659824543947e+02
1.962030098802399891e+02
1.792009222202634362e+02
1.792009222202634362e+02
1.792009222202634362e+02
1.792009222202634362e+02
1.684121095968245925e+02
1.754026665600399895e+02
1.885622865543845990e+02
1.684121095968245925e+02
1.684121095968245925e+02
1.684121095968245925e+02
1.885622865543845990e+02
1.754026665600399895e+02
1.963892498792203867e+02
1.963892498792203867e+02
1.963892498792203867e+02
1.963892498792203867e+02
2.138498205378405714e+02
2.095419669782804135e+02
1.734187629518021367e+02
2.138498205378405714e+02
2.138498205378405714e+02
2.138498205378405714e+02
1.734187629518021367e+02
2.095419669782804135e+02
1.699253644846088775e+02
1.699253644846088775e+02
1.699253644846088775e+02
1.699253644846088775e+02
1.706406520749665674e+02
1.658465665491093546e+02
2.086744998753682125e+02
1.706406520749665674e+02
1.706406520749665674e+02
1.706406520749665674e+02
2.086744998753682125e+02
1.658465665491093546e+02
2.028118675699753908e+02
2.028118675699753908e+02
2.028118675699753908e+02
2.028118675699753908e+02
1.810818375132159019e+02
1.842230421124595807e+02
1.657344435369244877e+02
1.810818375132159019e+02
1.810818375132159019e+02
1.810818375132159019e+02
1.657344435369244877e+02
1.842230421124595807e+02
1.686094187605069123e+02
1.686094187605069123e+02
1.686094187605069123e+02
1.686094187605069123e+02
1.638708098156678545e+02
1.625815687207065423e+02
1.692444792712730077e+02
1.638708098156678545e+02
1.638708098156678545e+02
1.638708098156678545e+02
1.692444792712730077e+02
1.625815687207065423e+02
1.679129612418125248e+02
1.679129612418125248e+02
1.679129612418125248e+02
1.679129612418125248e+02
1.888046484973157817e+02
1.874877791400159595e+02
1.953887203971416113e+02
1.888046484973157817e+02
1.888046484973157817e+02
1.888046484973157817e+02
1.953887203971416113e+02
1.874877791400159595e+02
1.940259286401543477e+02
1.940259286401543477e+02
1.940259286401543477e+02
1.940259286401543477e+02
1.759754193346454940e+02
1.769695425504849311e+02
1.592733503373416966e+02
1.759754193346454940e+02
1.759754193346454940e+02
1.759754193346454940e+02
1.592733503373416966e+02
1.769695425504849311e+02
1.601731199519477684e+02
1.601731199519477684e+02
1.601731199519477684e+02
1.601731199519477684e+02
2.019914700481183729e+02
2.041203613622213311e+02
1.926755076180863853e+02
2.019914700481183729e+02
2.019914700481183729e+02
2.019914700481183729e+02
1.926755076180863853e+02
2.041203613622213311e+02
1.947062132439764639e+02
1.947062132439764639e+02
1.947062132439764639e+02
1.947062132439764639e+02
1.759517287515026283e+02
1.715334805540000218e+02
1.313510982179326447e+02
1.759517287515026283e+02
1.759517287515026283e+02
1.759517287515026283e+02
1.313510982179326447e+02
1.715334805540000218e+02
1.280527972744904446e+02
1.280527972744904446e+02
1.280527972744904446e+02
1.280527972744904446e+02
2.009264084307880012e+02
2.067368930625415828e+02
2.102891537878396093e+02
2.009264084307880012e+02
2.009264084307880012e+02
2.009264084307880012e+02
2.102891537878396093e+02
2.067368930625415828e+02
2.163703947051061220e+02
2.163703947051061220e+02
2.163703947051061220e+02
2.163703947051061220e+02
1.608825846696520045e+02
1.568077285160368035e+02
1.822411847639606037e+02
1.608825846696520045e+02
1.608825846696520045e+02
1.608825846696520045e+02
1.822411847639606037e+02
1.568077285160368035e+02
1.776253550599414837e+02
1.776253550599414837e+02
1.776253550599414837e+02
1.776253550599414837e+02
1.878569745402720912e+02
1.884376249616822463e+02
1.843152519562340785e+02
1.878569745402720912e+02
1.878569745402720912e+02
1.878569745402720912e+02
1.843152519562340785e+02
1.884376249616822463e+02
1.848849552051159151e+02
1.848849552051159151e+02
1.848849552051159151e+02
1.848849552051159151e+02
1.712220269918261977e+02
1.701307648913238779e+02
1.527767748428489085e+02
1.712220269918261977e+02
1.712220269918261977e+02
1.712220269918261977e+02
1.527767748428489085e+02
1.701307648913238779e+02
1.518030712420211046e+02
1.518030712420211046e+02
1.518030712420211046e+02
1.518030712420211046e+02
2.222003493382128454e+02
2.171379248140821971e+02
2.211822882644584922e+02
2.222003493382128454e+02
2.222003493382128454e+02
2.222003493382128454e+02
2.211822882644584922e+02
2.171379248140821971e+02
2.161430583813902331e+02
2.161430583813902331e+02
2.161430583813902331e+02
2.161430583813902331e+02
1.615275229978872176e+02
1.628082398721783761e+02
1.831850926739290060e+02
1.615275229978872176e+02
1.615275229978872176e+02
1.615275229978872176e+02
1.831850926739290060e+02
1.628082398721783761e+02
1.846375277447568806e+02
1.846375277447568806e+02
1.846375277447568806e+02
1.846375277447568806e+02
1.855692902890026801e+02
1.850989735792391571e+02
1.843874060717042198e+02
1.855692902890026801e+02
1.855692902890026801e+02
1.855692902890026801e+02
1.843874060717042198e+02
1.850989735792391571e+02
1.839200847923566755e+02
1.839200847923566755e+02
1.839200847923566755e+02
1.839200847923566755e+02
1.415816085574848273e+02
1.473016530417935428e+02
1.678579326770075397e+02
1.415816085574848273e+02
1.415816085574848273e+02
1.415816085574848273e+02
1.678579326770075397e+02
1.473016530417935428e+02
1.746395680302090625e+02
1.746395680302090625e+02
1.746395680302090625e+02
1.746395680302090625e+02
1.921291955250964065e+02
1.928150421862217456e+02
1.947537371261926467e+02
1.921291955250964065e+02
1.921291955250964065e+02
1.921291955250964065e+02
1.947537371261926467e+02
1.928150421862217456e+02
1.954489526554339420e+02
1.954489526554339420e+02
1.954489526554339420e+02
1.954489526554339420e+02
1.781039364735886465e+02
1.805377020278519922e+02
1.676684993433914599e+02
1.781039364735886465e+02
1.781039364735886465e+02
1.781039364735886465e+02
1.676684993433914599e+02
1.805377020278519922e+02
1.699596660986949530e+02
1.699596660986949530e+02
1.699596660986949530e+02
1.699596660986949530e+02
2.020309039640919480e+02
1.995501126874277986e+02
1.986280508984526705e+02
2.020309039640919480e+02
2.020309039640919480e+02
2.020309039640919480e+02
1.986280508984526705e+02
1.995501126874277986e+02
1.961890441608633466e+02
1.961890441608633466e+02
1.961890441608633466e+02
1.961890441608633466e+02
