1.840022468858277582e+00
1.836641392935685291e+00
1.898621947510358732e+00
1.812518566357858019e+00
2.033637666547880141e+00
1.864270910219863797e+00
2.074835130897337621e+00
2.026486454115164371e+00
2.094018980082765324e+00
1.892983426662353530e+00
2.054170867615686014e+00
2.072379756262904049e+00
2.213245630871973457e+00
2.214042870345813707e+00
2.215034583634508003e+00
2.215507853996626864e+00
2.238040220408680447e+00
2.213503903844388887e+00
2.242050783588994456e+00
2.241142102358835153e+00
2.240661650540861860e+00
2.218326386945238760e+00
2.242542265704897897e+00
2.242777218547530982e+00
2.146901900493491055e+00
2.148945682918328437e+00
2.135482885372828044e+00
2.156199950615534267e+00
2.196898148812672869e+00
2.151492216521147416e+00
2.199568305603763818e+00
2.210984553966971244e+00
2.192831220772505585e+00
2.151673528989180628e+00
2.197324053952355971e+00
2.201350060207619919e+00
2.212023188979545640e+00
2.219751722629435431e+00
2.195888393181008702e+00
2.214194142117972941e+00
2.138521718324472687e+00
2.210213829382867701e+00
2.119269590571707607e+00
2.148181864579419287e+00
2.126544247748617611e+00
2.204377441111259550e+00
2.131305022996118126e+00
2.129073553449081224e+00
2.208177304432199950e+00
2.205115842869267873e+00
2.222034347279273625e+00
2.226506968048203472e+00
2.145770061094718351e+00
2.226211990991334488e+00
2.201590288690833841e+00
2.183604628528105884e+00
2.179318546553859370e+00
2.253288162372916847e+00
2.178871851588000119e+00
2.198470313861175640e+00
2.245516381930879657e+00
2.249150528345794431e+00
2.200098066054053891e+00
2.230835892037326129e+00
2.123724012645245462e+00
2.225579083787458945e+00
2.006576182439926193e+00
2.081256960902903241e+00
2.035532659003302935e+00
2.163774797766456093e+00
2.045119730783325096e+00
2.012888253847085362e+00
2.196288828453455189e+00
2.188895552504750430e+00
2.160730348627843522e+00
2.205367259706600969e+00
2.160543555469111254e+00
2.160970367593798791e+00
2.090666474683283926e+00
2.123635039829865789e+00
2.069480181928423868e+00
2.124237087590697737e+00
2.123365594950358481e+00
2.081184032214445701e+00
2.118885410345950238e+00
2.118383270958936304e+00
2.150965887587705794e+00
2.118124748905555688e+00
2.286654912828579800e+00
2.138454735043663568e+00
2.316255809969801405e+00
2.297651595525744384e+00
2.316439938920523467e+00
2.168022337714748282e+00
2.305155901531661833e+00
2.315991287355650297e+00
2.162049356133959765e+00
2.159753381535119310e+00
2.161419523808638665e+00
2.185403069675307286e+00
2.183104164537447822e+00
2.140654569529691909e+00
2.185904379411335086e+00
2.184341129712067620e+00
2.159910730630509867e+00
2.162351868259514642e+00
2.202931936133298851e+00
2.183746736469859950e+00
2.264854388990740208e+00
2.261597707771825672e+00
2.253694981716018564e+00
2.259749533020884993e+00
2.116676002349257235e+00
2.283064380771554713e+00
2.121918644942176524e+00
2.133361596135556759e+00
2.123796775650091728e+00
2.264508211187524545e+00
2.087386389622003957e+00
2.117015755290446943e+00
2.061315518580454142e+00
2.062937123636691350e+00
2.054246871152155318e+00
2.055166432714611524e+00
2.099620910611966096e+00
2.090358306255746701e+00
2.114733755587494546e+00
2.122461500603152196e+00
2.121820047790455188e+00
2.079336535386273610e+00
2.088623348621405640e+00
2.116194860933001465e+00
2.213299254500504354e+00
2.214451913758339607e+00
2.243906926864277729e+00
2.205596841554873233e+00
2.249088453106574903e+00
2.198090350000881266e+00
2.257399993761550316e+00
2.229309695728592278e+00
2.265006247362667757e+00
2.223935071048686929e+00
2.270881713574485428e+00
2.258393996970514461e+00
2.156182869879314179e+00
2.162867017816832327e+00
2.152992004576182783e+00
2.141600279895688796e+00
2.126613789117734132e+00
2.149912761684599882e+00
2.100879973044425419e+00
2.111970694421889227e+00
2.123754429079965256e+00
2.138836194496770648e+00
2.115324492402400836e+00
2.108444572051118904e+00
2.096547678573271956e+00
2.095487520072771837e+00
2.129198477898517350e+00
2.105344867942613885e+00
2.221041357609337297e+00
2.095475921473393566e+00
2.250752854250662960e+00
2.226674245774198369e+00
2.243397900916080712e+00
2.135451768411867679e+00
2.250760924736186830e+00
2.250049989935142047e+00
2.206210827355019166e+00
2.214776888674011346e+00
2.208563528942559362e+00
2.204547946556326909e+00
2.177895670883956747e+00
2.198949916259683501e+00
2.170843097912175335e+00
2.177743307304641274e+00
2.182042380186623109e+00
2.208397480057926021e+00
2.187937552270803554e+00
2.180290468250833946e+00
2.202003757473700141e+00
2.193648321744794849e+00
2.183340589686793454e+00
2.199291070581602447e+00
2.173126701415601492e+00
2.203595928660649239e+00
2.151758496928986020e+00
2.162935563253454152e+00
2.145282549354130541e+00
2.173340663119925686e+00
2.140351225562084458e+00
2.142219279962551237e+00
2.182751311064795363e+00
2.185899691957680968e+00
2.218871213186123459e+00
2.186819422328954765e+00
2.068028013362611883e+00
2.164797166055654642e+00
2.098523635338957583e+00
2.054272793717254242e+00
2.097690958831840646e+00
2.209471097700563380e+00
2.123068955408627723e+00
2.102352515305982106e+00
2.152871681258718528e+00
2.147086766900482502e+00
2.070307893260359133e+00
2.157276795384007073e+00
2.219580569272249004e+00
2.171678212325375945e+00
2.173758016974983054e+00
2.234423276601157138e+00
2.163667167403820368e+00
2.091228390386811409e+00
2.149288650819513702e+00
2.168259389090569478e+00
2.225519893222819956e+00
2.217268554565547056e+00
2.257853390637455604e+00
2.200863703287802675e+00
2.236730605492158741e+00
2.217172284621091727e+00
2.238570474017228307e+00
2.195190042717868995e+00
2.253378654479915255e+00
2.219495389202655655e+00
2.238667335316449680e+00
2.230671183768045740e+00
2.122964843853646144e+00
2.141646758021030550e+00
2.093587299936378709e+00
2.127357652877895244e+00
2.116752120714232799e+00
2.155749011666106441e+00
2.126720082083149332e+00
2.171476310353503969e+00
2.141058490198673336e+00
2.151102264335094549e+00
2.111653582433857146e+00
2.145256945244667701e+00
2.079051147734610527e+00
2.089444768476345082e+00
2.131927641324909750e+00
2.080878201147229323e+00
2.150872888338188016e+00
2.107962879741172468e+00
2.219402094094589994e+00
2.185526241936834424e+00
2.225420733988256128e+00
2.168065252532841658e+00
2.205404127436502826e+00
2.226778108582521565e+00
2.248621013954720915e+00
2.244850851084449150e+00
2.230537037047496618e+00
2.249125630978343615e+00
2.195517045233573938e+00
2.217167419752569035e+00
2.135576076520180333e+00
2.154152069410607773e+00
2.129712099846368112e+00
2.193288047549517561e+00
2.170054966095375626e+00
2.130386732149798235e+00
2.088839984755930690e+00
2.075726973090437077e+00
2.144004600106907965e+00
2.103967982267135994e+00
2.127988242120491424e+00
2.069537353319287565e+00
2.176042391856609193e+00
2.112799704623662400e+00
2.151810905024704290e+00
2.129060710257767219e+00
2.180946515382236495e+00
2.165275073944783468e+00
2.215750732275453494e+00
2.220897345282171642e+00
2.128858488538808658e+00
2.205131730185205807e+00
2.216596829059401141e+00
2.227013074329896369e+00
2.131176621897456602e+00
2.222715485122905399e+00
2.150288902475316011e+00
2.136581115069041470e+00
2.123289834199688197e+00
2.137616453344308276e+00
2.182857350114641548e+00
2.189458230294037744e+00
2.221799171692207864e+00
2.176859169781017567e+00
2.178667882647527421e+00
2.181790409375909956e+00
2.211678238384330086e+00
2.178331075995828758e+00
2.223067113247850113e+00
2.221476365238201023e+00
2.218713233716729238e+00
2.217751322993126273e+00
2.159572545194969884e+00
2.140831680642729218e+00
2.147528807489687441e+00
2.157692481948003227e+00
2.161770437527843480e+00
2.167993350905481176e+00
2.156528618725681135e+00
2.149974621336710801e+00
2.139617897464575869e+00
2.135317910528131691e+00
2.128585050029245362e+00
2.137643749114027880e+00
2.128567107539053538e+00
2.123305986451877736e+00
2.204972777976363485e+00
2.158411022828871761e+00
2.074423187323576556e+00
2.183488359034257531e+00
2.234512888517814044e+00
2.159761368103802148e+00
2.206821620478912394e+00
2.267607701480214288e+00
2.182629038697267099e+00
2.230568363091916861e+00
2.164996945249839211e+00
2.170436845223613354e+00
2.058478618900460244e+00
2.163590740663252632e+00
2.257185495354687266e+00
2.111286730078173690e+00
2.121598523136498216e+00
2.219730415159125947e+00
2.129292660070359222e+00
1.997377955932319260e+00
2.179428146843962022e+00
2.127633705114006180e+00
2.147459208327512137e+00
2.162120333978210240e+00
2.188962885952058013e+00
2.139942343135123437e+00
2.083336077292622601e+00
2.134829298891912863e+00
2.110138461091839446e+00
2.077805387657359670e+00
2.133644910081511803e+00
2.184451634884565951e+00
2.138949825789204784e+00
2.126068147572487632e+00
2.206986773919741296e+00
2.200979518775510346e+00
2.152930375232304350e+00
2.208470413482668260e+00
2.188096924506780283e+00
2.214429735429462198e+00
2.141929134058298878e+00
2.191282921219011026e+00
2.133036160272228088e+00
2.156441509222835506e+00
2.125632805080510224e+00
2.134800321349722196e+00
2.103999602198395547e+00
2.096438237192953746e+00
2.186000009716532411e+00
2.086012320758263261e+00
2.201802913981286469e+00
2.085758318487312746e+00
2.241136025324704573e+00
2.164889794153756597e+00
2.249118994727947296e+00
2.148770507395554308e+00
2.248302269259921715e+00
2.235873665214538786e+00
2.264122098302605135e+00
2.267310041504461804e+00
2.239217873569948836e+00
2.275962086984354649e+00
2.184287604381508263e+00
2.269625690766889026e+00
2.174970680669792156e+00
2.209084583292270754e+00
2.164360658811284033e+00
2.261188777043503961e+00
2.171844014608732110e+00
2.179195605266054159e+00
2.160529670323382057e+00
2.165188262475892245e+00
2.177300832104371420e+00
2.169264621345403210e+00
2.162433194080517485e+00
2.160196215063945324e+00
2.187150641747164670e+00
2.175352660036770303e+00
2.183249375597351882e+00
2.189719985869224228e+00
2.191801684330071165e+00
2.191494560718052043e+00
2.142401196232070149e+00
2.136271727358543426e+00
2.087690045353856050e+00
2.121689450513263520e+00
2.170868191892731947e+00
2.127310953983961639e+00
2.080940194317983494e+00
2.130176310947441198e+00
2.097197264697043373e+00
2.039346491443985165e+00
2.090794748239844569e+00
2.073959841317702057e+00
2.109579231314594683e+00
2.101743795652073032e+00
2.226953620069008100e+00
2.122370016617278754e+00
2.042176342340725537e+00
2.112252635477119167e+00
2.189299883704841410e+00
2.050310010898745539e+00
2.172353384251619168e+00
2.232729129553329805e+00
2.180582388451441922e+00
2.182842693965475700e+00
2.165593787859274588e+00
2.181045536856927036e+00
2.109774018768415971e+00
2.185430634601320143e+00
2.242722054006955901e+00
2.160889426063199448e+00
2.212618072576657546e+00
2.267178821657860777e+00
2.208013187920424780e+00
2.144218820436106121e+00
2.230098270018925355e+00
2.226186610298090507e+00
2.132668758792132913e+00
2.139065981708789366e+00
2.205732422627092237e+00
2.120412244544290115e+00
2.118228180030093277e+00
2.160216677432693189e+00
2.207595702084725886e+00
2.141282737617122400e+00
2.222432910397087902e+00
2.224098481879259293e+00
2.188961077329759863e+00
2.212855770501478414e+00
2.238934962518374761e+00
2.234529149064739872e+00
2.184976488791020799e+00
2.247649453090577509e+00
2.226291313592835941e+00
2.216929347769318603e+00
2.154526288910367349e+00
2.208229112310081010e+00
2.137454182224206356e+00
2.164700446561684366e+00
2.175430673873226084e+00
2.148911563205951669e+00
2.118874264048229428e+00
2.099273796559030902e+00
2.142858653422518245e+00
2.118551791163231446e+00
2.195951553800624012e+00
2.103056595075833091e+00
2.203100256067834994e+00
2.165720315978237664e+00
2.187487512443115012e+00
2.108317424225663483e+00
2.200142124293129164e+00
2.187199358979193153e+00
2.239170154061929097e+00
2.244031126765074990e+00
2.158915648014315458e+00
2.237488578284924756e+00
2.172017582730177754e+00
2.262147882523113385e+00
2.107742631733990901e+00
2.203876458404243621e+00
2.116809646162935543e+00
2.191737029923115365e+00
2.080059944557522744e+00
2.114642175483507636e+00
2.258631674985974946e+00
2.266052497421688905e+00
2.334556593375785472e+00
2.253863261982234079e+00
2.101333310450047342e+00
2.238076163483652792e+00
2.192191310278515992e+00
2.075458729688189674e+00
2.206300135844152521e+00
2.322070321906747559e+00
2.224445476635949159e+00
2.201363528477869203e+00
2.163774092244947767e+00
2.147846216031456645e+00
2.098946325260834023e+00
2.176131768581551107e+00
2.208917241306400658e+00
2.185448403077533630e+00
2.186217780200673033e+00
2.225866544722198803e+00
2.158192145278048368e+00
2.120674478050948331e+00
2.148671236692809128e+00
2.171171175480684390e+00
2.201979763976051885e+00
2.199799921179955042e+00
2.208855706380639106e+00
2.197314198837052590e+00
2.209234630152512313e+00
2.217218243976472269e+00
2.226279556383729208e+00
2.217696460057605901e+00
2.228579517889289985e+00
2.217350697600679599e+00
2.209346543355405146e+00
2.224255512621118314e+00
2.160743205760765839e+00
2.167171131871422851e+00
2.133126934981149692e+00
2.138010548401066746e+00
2.154604290321778137e+00
2.134197401479115630e+00
2.071901384690292947e+00
2.110589870362223675e+00
2.105258711804919081e+00
2.086748972105963329e+00
2.109466947309670548e+00
2.079689393343057358e+00
2.040462724617251311e+00
2.055617183694344430e+00
2.081561121369175371e+00
2.069016203187213687e+00
2.134144401088038379e+00
2.038629744080671102e+00
2.190401837665541418e+00
2.170136814155542826e+00
2.178456369412958171e+00
2.119811158970163589e+00
2.202608871951485359e+00
2.201327982896596591e+00
2.214659399352977065e+00
2.209447520456387259e+00
2.156943413332247594e+00
2.203045260863336186e+00
2.130099663308919311e+00
2.222848907427059650e+00
2.055289485598716048e+00
2.120615033081095557e+00
2.063150979171993971e+00
2.147111858258968997e+00
2.035469601021659525e+00
2.047751789408275513e+00
2.088788141248243857e+00
2.078838861238364366e+00
2.153652322683698550e+00
2.092981592428435622e+00
2.125217873202034813e+00
2.079009513118807106e+00
2.180885082573214007e+00
2.110891275842712300e+00
2.169225733503773679e+00
2.140133753442409414e+00
2.180758803691907666e+00
2.172824671410291675e+00
2.250722988040767536e+00
2.254578968033812192e+00
2.230011920991999741e+00
2.237972033945028638e+00
2.275525262152496175e+00
2.260275951955585061e+00
2.253855092321277009e+00
2.276470046541386516e+00
2.269647288317672373e+00
2.231226859606453061e+00
2.248024706036395592e+00
2.257669941939977498e+00
2.073186529160918390e+00
2.070364278866466456e+00
2.084550892400570010e+00
2.078245916720712572e+00
2.169545681316660257e+00
2.052703461058323686e+00
2.167005721595313350e+00
2.155168977999086799e+00
2.160171931225694397e+00
2.066799455150913012e+00
2.180855640857029432e+00
2.164704010350701591e+00
2.219579408329861892e+00
2.217822241283389673e+00
2.228042467286704742e+00
2.229642084693443493e+00
2.163174017071726407e+00
2.230778293390333289e+00
2.196630612235501268e+00
2.185396605190190300e+00
2.183943554425669564e+00
2.246792788135215435e+00
2.182265666456825404e+00
2.194749777871794372e+00
2.184519913046563122e+00
2.186079030752140273e+00
2.155818663484015296e+00
2.189269406417196695e+00
2.150820536929479054e+00
2.164988178430698351e+00
2.102467705879348170e+00
2.136628059845277150e+00
2.098691877076713563e+00
2.141925129676293338e+00
2.126817263171293604e+00
2.104360097792854045e+00
2.255371672208574374e+00
2.257688598274187441e+00
2.244698147610082462e+00
2.242332258506126497e+00
2.223902043702460141e+00
2.260778163157452614e+00
2.203970220633521659e+00
2.218773385002292375e+00
2.220900976882969058e+00
2.239508055195424063e+00
2.200245008942845359e+00
2.206711411654461052e+00
2.177991664535801952e+00
2.170740839824977009e+00
2.086080741480973888e+00
2.174254053895023020e+00
1.994214064344586035e+00
2.215742582807838534e+00
1.924715401364317069e+00
2.035023482678404161e+00
1.918595859025898687e+00
2.120429677371417743e+00
1.847185758112345644e+00
1.913271429858150574e+00
2.179691891346035248e+00
2.187609328008035092e+00
2.192254936135199284e+00
2.178937343047018249e+00
2.205737589175693181e+00
2.155657495894389708e+00
2.195068788096067980e+00
2.190459659240251877e+00
2.203383917934851777e+00
2.176400757576073985e+00
2.223830515223931492e+00
2.202656270390694893e+00
2.168658385171613467e+00
2.161164299874410499e+00
2.203060183885442669e+00
2.147803659637640639e+00
2.244086961126262381e+00
2.154746374656312025e+00
2.244908400698406581e+00
2.208134739925862178e+00
2.255784852406525598e+00
2.163242244347280963e+00
2.249849459225168324e+00
2.238936038775697579e+00
2.054376310566349062e+00
2.055511927116449034e+00
2.047327059926102422e+00
2.065977764286225593e+00
2.165588561296595049e+00
2.073574667658263149e+00
2.184978330431503579e+00
2.191049883507236284e+00
2.176250030917168843e+00
2.079197870996736253e+00
2.170885607478602264e+00
2.185832117397114693e+00
2.148896222252086652e+00
2.146949574547723394e+00
2.112843806658346146e+00
2.139653875169459152e+00
2.109156889807597413e+00
2.136897840251968272e+00
2.044748309684856657e+00
2.083670784488613315e+00
2.053341537662467520e+00
2.087341624496890091e+00
2.056820118143673604e+00
2.042345316090857565e+00
2.265928808610361500e+00
2.260969511486442762e+00
2.264948467901816809e+00
2.259543255387243654e+00
2.232992027039039762e+00
2.268652254134741586e+00
2.228113533178764261e+00
2.223587131068259559e+00
2.229426078116691468e+00
2.256293203385213886e+00
2.219251026582527597e+00
2.222451050153741559e+00
2.046025493336261381e+00
2.048971512174153187e+00
2.091157195803864166e+00
2.038093505567099673e+00
2.185945227179932449e+00
2.095595027097365559e+00
2.246767557124958792e+00
2.218476640588927129e+00
2.253809347101389360e+00
2.132536145268376426e+00
2.215202463592735871e+00
2.248569571594202454e+00
2.194842689792328549e+00
2.194157999367714940e+00
2.193117779296705372e+00
2.213184006168021689e+00
2.177911509105629140e+00
2.147634957919148047e+00
2.147996739837309654e+00
2.149165437396419076e+00
2.125679935539065202e+00
2.165794664555548810e+00
2.194478783270325639e+00
2.147223803650561536e+00
2.129762106156416479e+00
2.142177885111688607e+00
2.180608145361366823e+00
2.131688494402665945e+00
2.166455407436253644e+00
2.119981353389257528e+00
2.206687876882399202e+00
2.170922055595641886e+00
2.215269642451354493e+00
2.184850705993302444e+00
2.224465953467910317e+00
2.216854425998772360e+00
2.128050277670112678e+00
2.129183457909985755e+00
2.132346833711403988e+00
2.135728245604002762e+00
2.150682906978916620e+00
2.144320341396146912e+00
2.177041857168406924e+00
2.174204291102996400e+00
2.171068227119157701e+00
2.156847037508189846e+00
2.163078642785540850e+00
2.178048284100566168e+00
2.223287176436461454e+00
2.226628909134286793e+00
2.207988964582571878e+00
2.234427262180947782e+00
2.086604297284403664e+00
2.217329520645999086e+00
2.071396388045121828e+00
2.097164694271365981e+00
2.061505334633795705e+00
2.217086369349722474e+00
2.084599031525241841e+00
2.076224554211099527e+00
2.190857681764459386e+00
2.187475664454939572e+00
2.186203703677909171e+00
2.183125721470805747e+00
2.226131650513922811e+00
2.203692873852289402e+00
2.226622178271628449e+00
2.227750706806251646e+00
2.230671068253697431e+00
2.188278153651570523e+00
2.211495310334258946e+00
2.223581762185939947e+00
