2.017452928501507969e+01
2.047982470178380865e+01
2.680129681994205626e+01
2.138945309775039050e+01
1.896858649896760696e+01
2.017452928501507969e+01
2.670022610260997453e+01
2.040259296977655268e+01
2.557992956306739529e+01
2.884456908071498660e+01
2.710359604835630520e+01
2.710359604835630520e+01
2.379688799256364007e+01
2.340203136371073001e+01
1.978944516577975676e+01
2.307737014176096579e+01
2.805827683768451308e+01
2.379688799256364007e+01
2.260336465408543560e+01
2.672963512261538810e+01
2.294560951151330741e+01
1.887230377292129546e+01
2.222789017855486193e+01
2.222789017855486193e+01
