2.561381533775472855e-02
2.561381533775472855e-02
2.561381533775472855e-02
2.139593054918538170e-02
2.456018159954137525e-02
2.561381533775472855e-02
2.050311185023931740e-02
2.050311185023931740e-02
2.456018159954137525e-02
2.139593054918538170e-02
2.050311185023931740e-02
2.050311185023931740e-02
2.147319376709629080e-02
2.147319376709629080e-02
2.147319376709629080e-02
2.369855747733609630e-02
2.403256162276241892e-02
2.147319376709629080e-02
2.649462808463348695e-02
2.649462808463348695e-02
2.403256162276241892e-02
2.369855747733609630e-02
2.649462808463348695e-02
2.649462808463348695e-02
