1.004759020962259655e+02
1.004759020962259655e+02
1.004759020962259655e+02
8.393030849835305673e+01
9.446990376076264795e+01
5.816444234116550405e+01
4.565384233588016372e+01
4.565384233588016372e+01
5.468763311033487184e+01
4.858637232889352475e+01
7.886452286348033169e+01
4.565384233588016372e+01
4.695547605720377504e+01
4.695547605720377504e+01
4.695547605720377504e+01
5.182168336423472255e+01
5.536395123051369893e+01
7.684451699804712632e+01
9.988757679843807580e+01
9.988757679843807580e+01
9.060532335417690319e+01
8.480826013347198966e+01
6.103582798093918882e+01
9.988757679843807580e+01
