-2.221315991129511094e+05
-2.258416220594765327e+05
-3.041234996314537711e+05
-2.235320645703377959e+05
-2.205847509025537875e+05
-2.221315991129511094e+05
-3.040252637215948198e+05
-2.257486162930337887e+05
-3.074415051388181164e+05
-3.105724457206495572e+05
-3.089887007033057162e+05
-3.089887007033057162e+05
-2.919828226313143387e+05
-2.867048221357223229e+05
-2.378550700736448343e+05
-2.911195419067078619e+05
-2.962623500008031260e+05
-2.919828226313143387e+05
-2.412247056177845516e+05
-2.901932038138238131e+05
-2.375974224396173086e+05
-2.326616191665793012e+05
-2.368457360288341006e+05
-2.368457360288341006e+05
