4.206798576944064672e-01
4.206798576944064672e-01
4.206798576944064672e-01
3.514055559463445944e-01
3.955335044657903865e-01
2.469778325782875095e-01
1.938553276733884778e-01
1.938553276733884778e-01
2.322146065667318182e-01
2.063074353957839446e-01
3.301957540383442802e-01
1.938553276733884778e-01
1.993823242775628057e-01
1.993823242775628057e-01
1.993823242775628057e-01
2.200452118630341347e-01
2.350863883071194205e-01
3.222987301714972386e-01
4.189451690204861745e-01
4.189451690204861745e-01
3.800138488029178863e-01
3.556999980853111087e-01
2.591703091715997220e-01
4.189451690204861745e-01
