5.901651096143960551e-01
5.901651096143960551e-01
5.901651096143960551e-01
5.203874817437154077e-01
5.652688262994310930e-01
5.901651096143960551e-01
4.981156640419632242e-01
4.981156640419632242e-01
5.652688262994310930e-01
5.203874817437154077e-01
4.981156640419632242e-01
4.981156640419632242e-01
5.074839887500444124e-01
5.074839887500444124e-01
5.074839887500444124e-01
5.444231609829069951e-01
5.696385560691523686e-01
5.074839887500444124e-01
6.104252206037279471e-01
6.104252206037279471e-01
5.696385560691523686e-01
5.444231609829069951e-01
6.104252206037279471e-01
6.104252206037279471e-01
