1.057641074697116181e+02
1.057641074697116181e+02
1.057641074697116181e+02
8.834769315616118490e+01
9.944200395869761167e+01
6.122572878017422227e+01
4.805667614303177260e+01
4.805667614303177260e+01
5.756592958982619024e+01
5.114354981988791593e+01
8.301528722471618948e+01
4.805667614303177260e+01
4.942681690231975011e+01
4.942681690231975011e+01
4.942681690231975011e+01
5.454914038340499616e+01
5.827784340054073908e+01
8.088896526110222851e+01
1.051448176825662841e+02
1.051448176825662841e+02
9.537402458334413780e+01
8.927185277207576064e+01
6.424823997993594560e+01
1.051448176825662841e+02
