1.263164891702551884e+01
1.263164891702551884e+01
1.263164891702551884e+01
1.055156677701190304e+01
1.187658565521817167e+01
7.415941634370094349e+00
5.820845460216917289e+00
5.820845460216917289e+00
6.972649937727614322e+00
6.194741785770355946e+00
9.914705357570852584e+00
5.820845460216917289e+00
5.986803205501308511e+00
5.986803205501308511e+00
5.986803205501308511e+00
6.607242565308360405e+00
7.058880210100797470e+00
9.677583396177004360e+00
1.257956185388588466e+01
1.257956185388588466e+01
1.141058083454301553e+01
1.068051491750811621e+01
7.782042080918332161e+00
1.257956185388588466e+01
