4.098210454040757122e-02
4.098210454040757122e-02
4.098210454040757122e-02
3.423348887869661489e-02
3.929629055926620040e-02
4.098210454040757122e-02
3.280497896038290367e-02
3.280497896038290367e-02
3.929629055926620040e-02
3.423348887869661489e-02
3.280497896038290367e-02
3.280497896038290367e-02
3.435711002735406666e-02
3.435711002735406666e-02
3.435711002735406666e-02
3.791769196373775269e-02
3.845209859641986888e-02
3.435711002735406666e-02
4.239140493541357357e-02
4.239140493541357357e-02
3.845209859641986888e-02
3.791769196373775269e-02
4.239140493541357357e-02
4.239140493541357357e-02
