2.224229741567757213e+00
2.227893025941134919e+00
2.286592066635809051e+00
2.238252766363854729e+00
2.208740969105865926e+00
2.224229741567757213e+00
2.285853467177318077e+00
2.226975538294081236e+00
2.277310558169575838e+00
2.300502365146928518e+00
2.288771095330847327e+00
2.288771095330847327e+00
2.262212820982691497e+00
2.258588316264509288e+00
2.219465958796017713e+00
2.255524329153916874e+00
2.295369571766035843e+00
2.262212820982691497e+00
2.250908598977921837e+00
2.286068907773714631e+00
2.254258537065283452e+00
2.207429002673560792e+00
2.247126744593356928e+00
2.247126744593356928e+00
