3.174211796414750375e-01
3.174211796414750375e-01
3.174211796414750375e-01
3.287144235595306219e-01
2.825588528224857177e-01
2.879853395649046854e-01
2.655938447498586430e-01
2.655938447498586430e-01
2.563559472277920914e-01
2.982313120869776735e-01
2.927409833895889268e-01
2.655938447498586430e-01
3.441277533459193294e-01
3.441277533459193294e-01
3.441277533459193294e-01
2.973479640001499003e-01
3.243342620198851334e-01
3.487807403198769363e-01
2.839272653900474785e-01
2.839272653900474785e-01
3.287196191487816721e-01
3.013684366001460058e-01
2.801394706104399779e-01
2.839272653900474785e-01
