2.249102684407999320e+01
2.265622955973747921e+01
1.863582798057712964e+01
2.218613648706637065e+01
2.002084029503306795e+01
2.299884930323831256e+01
1.674104947182853920e+01
2.035268088436836464e+01
1.708836761231779633e+01
1.893651068592277653e+01
1.649179395664114267e+01
1.686416038619783819e+01
1.400660550951108085e+01
1.411303128981654176e+01
1.624663430430014088e+01
1.469696666860096812e+01
1.320097555969122816e+01
1.393298208888263900e+01
1.597639293617318579e+01
1.387827959831271407e+01
1.534730650053444556e+01
1.708652902743754254e+01
1.618273794556292700e+01
1.609767604231470628e+01
