-1.973020534439511664e+02
-1.987431241211776580e+02
-1.632234142088386477e+02
-1.973020534439511664e+02
-1.973020534439511664e+02
-1.973020534439511664e+02
-1.632234142088386477e+02
-1.987431241211776580e+02
-1.644155785677360768e+02
-1.644155785677360768e+02
-1.644155785677360768e+02
-1.644155785677360768e+02
-1.574208245087998250e+02
-1.586091140138946685e+02
-1.828524905270966201e+02
-1.574208245087998250e+02
-1.574208245087998250e+02
-1.574208245087998250e+02
-1.828524905270966201e+02
-1.586091140138946685e+02
-1.842327507064711654e+02
-1.842327507064711654e+02
-1.842327507064711654e+02
-1.842327507064711654e+02
