2.821100674052867338e-02
2.821100674052867338e-02
2.821100674052867338e-02
2.921470088801609091e-02
2.606907580171033065e-02
2.821100674052867338e-02
2.700848623222862691e-02
2.700848623222862691e-02
2.606907580171033065e-02
2.921470088801609091e-02
2.700848623222862691e-02
2.700848623222862691e-02
2.261803999324906583e-02
2.261803999324906583e-02
2.261803999324906583e-02
1.954340525074166682e-02
2.172080347782989404e-02
2.261803999324906583e-02
1.876105949959614230e-02
1.876105949959614230e-02
2.172080347782989404e-02
1.954340525074166682e-02
1.876105949959614230e-02
1.876105949959614230e-02
