9.530570918735287833e+00
9.530570918735287833e+00
9.530570918735287833e+00
9.869650567374906203e+00
8.483829555995132665e+00
8.646759820436262345e+00
7.974455188614504308e+00
7.974455188614504308e+00
7.697087315514457018e+00
8.954395145411503165e+00
8.789548026272406389e+00
7.974455188614504308e+00
1.033243579421122682e+01
1.033243579421122682e+01
1.033243579421122682e+01
8.927872619104499918e+00
9.738136217147049578e+00
1.047214172810430455e+01
8.524916143336174201e+00
8.524916143336174201e+00
9.869806564942168237e+00
9.048587308919383787e+00
8.411187605078460194e+00
8.524916143336174201e+00
