6.449061398804744050e-01
6.449061398804744050e-01
6.449061398804744050e-01
6.616997256347871836e-01
5.946399023637309877e-01
6.449061398804744050e-01
6.103992815820784568e-01
6.103992815820784568e-01
5.946399023637309877e-01
6.616997256347871836e-01
6.103992815820784568e-01
6.103992815820784568e-01
5.305115016976504894e-01
5.305115016976504894e-01
5.305115016976504894e-01
4.797324061503994153e-01
5.089357720637310845e-01
5.305115016976504894e-01
4.600405478313018826e-01
4.600405478313018826e-01
5.089357720637310845e-01
4.797324061503994153e-01
4.600405478313018826e-01
4.600405478313018826e-01
