7.960928972609346488e+01
7.960928972609346488e+01
7.960928972609346488e+01
8.244163735971828544e+01
7.086581180381544698e+01
7.222677566816749106e+01
6.661098468615195145e+01
6.661098468615195145e+01
6.429411830337053857e+01
7.479646744474206344e+01
7.341949200644400264e+01
6.661098468615195145e+01
8.630730328029227394e+01
8.630730328029227394e+01
8.630730328029227394e+01
7.457492358351422013e+01
8.134309204698715234e+01
8.747427326169024298e+01
7.120900992524798312e+01
7.120900992524798312e+01
8.244294041444972265e+01
7.558325884460306554e+01
7.025903030393425297e+01
7.120900992524798312e+01
