2.249910236222225191e+00
2.251552593159544369e+00
2.204293581224096688e+00
2.246821459758414630e+00
2.222479271726888861e+00
2.254890900147158650e+00
2.175173643248990540e+00
2.226509111485685199e+00
2.180933086222570427e+00
2.208441355425240005e+00
2.170910498804433875e+00
2.177238781576360083e+00
2.121363702161612519e+00
2.123789307865138198e+00
2.166606821333984190e+00
2.136563812651242511e+00
2.101935562778309841e+00
2.119667327196304019e+00
2.161730510842096997e+00
2.118397038438403435e+00
2.149807101154852962e+00
2.180903135453720942e+00
2.165466591769845905e+00
2.163936505519314490e+00
