8.380135672207886444e+01
8.380135672207886444e+01
8.380135672207886444e+01
8.678285015359895738e+01
7.459746462760787722e+01
7.603009414452517944e+01
7.011858676919602829e+01
7.011858676919602829e+01
6.767971880681525931e+01
7.873510078351716857e+01
7.728561655498830874e+01
7.011858676919602829e+01
9.085207435963056355e+01
9.085207435963056355e+01
9.085207435963056355e+01
7.850189086281295658e+01
8.562645762774810976e+01
9.208049466122554350e+01
7.495873488010563790e+01
7.495873488010563790e+01
8.678422182460309386e+01
7.956332305496904667e+01
7.395873121974989317e+01
7.495873488010563790e+01
