-3.578368524608234566e+03
-3.607135665790930943e+03
-2.900281565843094540e+03
-3.573455981743320081e+03
-3.534740961886188416e+03
-3.253717820683525588e+03
-2.596564629954059455e+03
-3.236229674749235983e+03
-2.622455049700857671e+03
-2.655532267857980969e+03
-2.877220542046904484e+03
-2.618012846528376485e+03
-3.848476115336585735e+03
-3.881959932297809246e+03
-4.565543293692610860e+03
-3.876051425553409899e+03
-3.813230518220973863e+03
-3.897392666333034867e+03
-4.616860023147781249e+03
-3.924458808686286375e+03
-4.626053007455597253e+03
-4.692966872848889579e+03
-4.597585385938136824e+03
-4.656457304435851256e+03
