4.513761078484587741e-02
4.513761078484587741e-02
4.513761078484587741e-02
4.674352142082574546e-02
4.171052128273652904e-02
4.513761078484587741e-02
4.321357797156580305e-02
4.321357797156580305e-02
4.171052128273652904e-02
4.674352142082574546e-02
4.321357797156580305e-02
4.321357797156580305e-02
3.618886398919850256e-02
3.618886398919850256e-02
3.618886398919850256e-02
3.126944840118666552e-02
3.475328556452782908e-02
3.618886398919850256e-02
3.001769519935382560e-02
3.001769519935382560e-02
3.475328556452782908e-02
3.126944840118666552e-02
3.001769519935382560e-02
3.001769519935382560e-02
