2.475813045019512604e+00
2.493896088349246920e+00
2.475813045019512604e+00
2.475813045019512604e+00
2.475813045019512604e+00
2.475813045019512604e+00
2.475813045019512604e+00
2.493896088349246920e+00
2.493896088349246920e+00
2.493896088349246920e+00
2.493896088349246920e+00
2.493896088349246920e+00
2.560427965011146334e+00
2.579755329664886965e+00
2.560427965011146334e+00
2.560427965011146334e+00
2.560427965011146334e+00
2.560427965011146334e+00
2.560427965011146334e+00
2.579755329664886965e+00
2.579755329664886965e+00
2.579755329664886965e+00
2.579755329664886965e+00
2.579755329664886965e+00
