6.999097697102339699e-02
6.999097697102339699e-02
6.999097697102339699e-02
7.064159105700605623e-02
7.014416812079812824e-02
6.999097697102339699e-02
7.079559114087032035e-02
7.079559114087032035e-02
7.014416812079812824e-02
7.064159105700605623e-02
7.079559114087032035e-02
7.079559114087032035e-02
6.821504128259840705e-02
6.821504128259840705e-02
6.821504128259840705e-02
6.518102175358042594e-02
6.828619144534386898e-02
6.821504128259840705e-02
6.525010749783168029e-02
6.525010749783168029e-02
6.828619144534386898e-02
6.518102175358042594e-02
6.525010749783168029e-02
6.525010749783168029e-02
