2.419365616323449153e+00
2.470004352777810386e+00
2.434348843261035178e+00
2.420208849721456890e+00
2.437804845122316877e+00
2.422161298790946216e+00
2.451724878013471276e+00
2.478028540890214515e+00
2.481996694081274768e+00
2.476784208426416001e+00
2.481533823609211264e+00
2.482189933373514901e+00
2.320393943474132303e+00
2.294864654486732825e+00
2.286720522401508582e+00
2.321732148210758240e+00
2.456385453284260834e+00
2.327790045122922979e+00
2.450241818761876633e+00
2.452272173068431815e+00
2.442324648794399256e+00
2.268354507547823307e+00
2.440126749611932322e+00
2.442714030317333140e+00
2.449841794628942360e+00
2.399044121776312544e+00
2.460182709171918614e+00
2.458203730485416738e+00
2.380526777979223851e+00
2.452308715269752692e+00
2.416327712067086519e+00
2.293502822861439139e+00
2.320283901236036783e+00
2.436076733116952386e+00
2.325733521025623585e+00
2.333890557254076015e+00
2.399957583970018238e+00
2.434127773885957691e+00
2.378055737025490224e+00
2.392645382374707808e+00
2.451568651303944080e+00
2.403762954135215235e+00
2.433110100743436810e+00
2.464247799069128941e+00
2.462682887469385129e+00
2.416822810766093177e+00
2.454389948734780003e+00
2.456162663187269501e+00
2.437603412473038134e+00
2.458794249118119168e+00
2.449805616818435006e+00
2.434488148174142275e+00
2.331652923471197347e+00
2.425275833367584344e+00
2.328737878657108240e+00
2.358151556889033440e+00
2.391117793015689941e+00
2.458278722051123744e+00
2.403853608693479860e+00
2.385172245854313200e+00
2.474113318507157544e+00
2.448080815022557477e+00
2.468566002940058901e+00
2.472088172238673831e+00
2.468761993705726798e+00
2.480225508976525273e+00
2.468740330266880445e+00
2.448366373279907471e+00
2.441927018552594753e+00
2.448050420571251884e+00
2.418550446489613925e+00
2.437450096860063198e+00
2.391842704790590357e+00
2.284536334081114450e+00
2.410874508406332328e+00
2.387275074788226092e+00
2.468871673232550634e+00
2.396172118166765230e+00
2.473353193240262815e+00
2.433123755734390326e+00
2.449546843229386095e+00
2.320967495898226929e+00
2.442729618714933437e+00
2.445068867414229352e+00
2.450043001843358770e+00
2.467616990153246981e+00
2.440560182836895020e+00
2.463345274587721789e+00
2.423159883878715615e+00
2.424874920510201814e+00
2.382072852453966494e+00
2.435044318901361748e+00
2.410716155414406092e+00
2.457294602293336627e+00
2.448655255665083796e+00
2.422810061641742951e+00
2.441332384397950417e+00
2.466683104428323503e+00
2.455214015941795225e+00
2.438993520868946607e+00
2.163118926764841188e+00
2.449897763700430442e+00
2.267004234977668453e+00
2.323200591619571931e+00
2.366205502301509611e+00
2.477500716797953473e+00
2.341091484308125636e+00
2.363473443447791311e+00
2.464563701866878898e+00
2.437640093205353242e+00
2.459175082061154871e+00
2.463474258362757130e+00
2.466186724320817536e+00
2.451943686027770575e+00
2.445581858411472798e+00
2.417118159680580192e+00
2.407568061330894071e+00
2.400343284421728285e+00
2.429439936375088482e+00
2.404794416688811332e+00
2.479380493195922686e+00
2.464326134642923716e+00
2.483904235785468373e+00
2.473423315194829719e+00
2.480140926821510661e+00
2.477828343371553554e+00
2.478502485693224067e+00
2.452479660499732539e+00
2.471117702055557697e+00
2.461395366906832471e+00
2.465396814243595358e+00
2.462807821943492570e+00
2.382768538987225515e+00
2.431293452876408967e+00
2.367347325758644594e+00
2.392331904795353292e+00
2.403855243455104596e+00
2.420213323763598101e+00
2.431982070048528399e+00
2.465228222959179316e+00
2.456920809744973955e+00
2.451629615810147378e+00
2.441460197938406740e+00
2.460469349029790198e+00
2.264789799327723507e+00
2.319388802554033013e+00
2.295582241066985052e+00
2.269553156283941941e+00
2.440463807701821253e+00
2.245170468193337321e+00
2.446858158976684461e+00
2.453404675644399457e+00
2.457871609478409880e+00
2.333524702977130882e+00
2.463296323372460961e+00
2.459941936498414083e+00
2.477334007786943015e+00
2.446837555610306136e+00
2.471666978341727994e+00
2.478784424671329312e+00
2.469236401122905100e+00
2.475726901152198067e+00
2.460143670247217695e+00
2.425520184577087512e+00
2.404486040740336783e+00
2.433589984335378986e+00
2.413353603224563493e+00
2.407379643174397899e+00
2.439328897951920982e+00
2.419733962163475471e+00
2.448616730539380004e+00
2.440878401457213354e+00
2.389060567595229667e+00
2.435531902544623595e+00
2.402556401259670071e+00
2.349375557469494336e+00
2.368300542503056771e+00
2.429528989149765561e+00
2.379077189447841079e+00
2.371707761567658057e+00
2.450076692252546984e+00
2.478731451010057096e+00
2.436304385754840318e+00
2.431890486428117892e+00
2.444194598463993007e+00
2.446126759992868660e+00
2.395745214466471484e+00
2.464798018716058081e+00
2.467105833621529243e+00
2.459770102087666110e+00
2.458323634494480103e+00
2.455014219833120848e+00
2.243994454260258564e+00
2.243994454260258564e+00
2.247185956206027235e+00
2.257052816463036127e+00
2.406944370155422508e+00
2.269874391036214245e+00
2.427322333523315834e+00
2.426330307564629862e+00
2.418074993113673354e+00
2.284507184402277513e+00
2.418513347030633920e+00
2.427322333523315834e+00
2.458109449807064806e+00
2.458109449807064806e+00
2.458576645406783889e+00
2.447110782630008696e+00
2.265178370421569554e+00
2.463840481376251113e+00
2.274904944568592047e+00
2.272557836098478390e+00
2.297239291698376373e+00
2.454827271681738754e+00
2.242360243695754374e+00
2.274904944568592047e+00
2.450556918325085487e+00
2.450556918325085487e+00
2.439274543115536709e+00
2.449329345950597148e+00
2.428085339887177785e+00
2.444602098651766475e+00
2.398963464073909702e+00
2.417482000085186211e+00
2.401431651271330292e+00
2.430323367613949070e+00
2.409642735197586649e+00
2.398963464073909702e+00
2.472450140487941095e+00
2.472450140487941095e+00
2.467363337129493406e+00
2.470317979245660212e+00
2.470419515725952753e+00
2.469834277175466664e+00
2.458694384416763246e+00
2.465113240446799470e+00
2.461647358829303300e+00
2.461516180547575594e+00
2.462261498847949870e+00
2.458694384416763246e+00
2.463617530456567728e+00
2.451362927966055150e+00
2.459942295052233163e+00
2.461407413876313566e+00
2.441119787385965800e+00
2.455829228384411422e+00
2.419433681909116896e+00
2.402522167758682770e+00
2.395734906199318281e+00
2.431219635753356645e+00
2.411416310284454578e+00
2.392939038385557993e+00
2.445287591423644269e+00
2.428583715466749560e+00
2.440841960724750681e+00
2.453179977715334914e+00
2.476305608896626875e+00
2.456058863245549340e+00
2.485182683071510024e+00
2.482044771955680407e+00
2.473063603793707710e+00
2.446841713382702732e+00
2.475739064659794764e+00
2.480562985584319868e+00
2.452284537591568281e+00
2.463520975853767503e+00
2.457827953447397906e+00
2.450743246092772498e+00
2.458318784593478412e+00
2.462684388947085079e+00
2.469185091620346828e+00
2.473361571958116123e+00
2.478044198021502442e+00
2.474015848886614410e+00
2.469880394952876479e+00
2.476481910805458320e+00
2.205614324374165047e+00
2.274072976710207694e+00
2.231274542312116971e+00
2.199346010018909503e+00
2.319342092736905947e+00
2.143380625928302141e+00
2.294175906755410832e+00
2.327729841759337948e+00
2.346935861513643751e+00
2.243239018273993857e+00
2.372878419671036632e+00
2.343495627247285995e+00
2.355590407716785073e+00
2.374782488107973322e+00
2.342087060069139692e+00
2.347713157628827485e+00
2.396845000036333495e+00
2.388705802697790315e+00
2.408543280144173959e+00
2.427902701399597074e+00
2.424973683167463978e+00
2.388616701243166052e+00
2.396999400831308691e+00
2.420937772781382336e+00
2.469162086368510867e+00
2.473126733549358747e+00
2.466690377617612118e+00
2.477082850765456978e+00
2.471172294485497467e+00
2.460858261314459394e+00
2.470605469643747387e+00
2.476292590470694499e+00
2.465540937416969669e+00
2.472593287978073207e+00
2.479843475291116039e+00
2.474386025958060564e+00
2.376321597099041671e+00
2.316923592103201202e+00
2.389942154589733914e+00
2.381704587009067620e+00
2.472092635518113202e+00
2.348584487219828265e+00
2.472046777468181133e+00
2.452416489525599541e+00
2.453899510961700781e+00
2.309135928033457130e+00
2.465822859615124152e+00
2.457801579333581010e+00
2.436316728165864198e+00
2.401343168293404773e+00
2.442261612373674229e+00
2.440504666864094840e+00
2.354661627588630513e+00
2.449773793929923560e+00
2.398085479841453260e+00
2.328064011634778385e+00
2.339043924683577025e+00
2.433852308930401165e+00
2.303829972271318471e+00
2.343484590954882485e+00
2.426746645349270537e+00
2.436546951296714170e+00
2.435405893471783934e+00
2.432480108121404250e+00
2.420488449334770920e+00
2.418315722911954069e+00
2.427892962576101432e+00
2.429162876431690155e+00
2.432226650921061051e+00
2.442490056548225485e+00
2.444034561392337324e+00
2.437542141185700562e+00
2.433763949107510260e+00
2.442024851935109542e+00
2.440218369021429190e+00
2.423461643663687770e+00
2.393870030425666151e+00
2.427747214765421546e+00
2.379066427273532902e+00
2.382631922497213228e+00
2.408320540639580454e+00
2.433994096031172560e+00
2.402580660341754548e+00
2.393854846664436486e+00
2.458517207003842131e+00
2.463924312938361449e+00
2.454210050122602738e+00
2.461426253786341167e+00
2.418296518671493089e+00
2.462957608995973935e+00
2.421915359461468853e+00
2.438308668111554223e+00
2.429788112081717966e+00
2.466934593807540210e+00
2.423918761272055633e+00
2.431960156222567004e+00
2.400423933513803565e+00
2.414138142200478399e+00
2.392296246833395923e+00
2.404793569830752098e+00
2.430349990754167688e+00
2.413368514217925753e+00
2.440403224626682466e+00
2.452682179535754070e+00
2.443615114952351508e+00
2.422771349348205927e+00
2.440942216424943911e+00
2.448732042958032817e+00
