-8.728789911265976116e+02
-2.444634084101757708e+03
-1.087302604841165930e+03
-8.731832199346665675e+02
-8.795316505355409618e+02
-2.912958802877456606e+02
-3.650212052390015174e+02
-8.175252843346037253e+02
-1.013704015668965098e+03
-1.011575117732659351e+03
-3.040544906457452726e+03
-1.013782938999925136e+03
-8.443572749885239318e+03
-7.230653687738708868e+03
-6.893488438042969392e+03
-8.448442280371526067e+03
-8.938425880181453977e+03
-7.230902749063691772e+03
-6.305493720557214147e+03
-6.595889056669881029e+03
-5.442137374749497212e+03
-5.054486450358347611e+03
-6.369338146513277934e+03
-5.443005018508504691e+03
-1.189898391920445465e+04
-5.669272551401159035e+03
-1.515157338285232072e+04
-1.193959819091283680e+04
-1.156231798825224359e+04
-1.065717997623574956e+04
-1.331501091722535784e+04
-4.849351899370018145e+03
-6.220769101733007119e+03
-6.531214073739770356e+03
-6.968953825924726516e+03
-6.257249062348962980e+03
-3.617275258298052904e+03
-5.651789566879937411e+03
-2.907420396069081107e+03
-3.606254127720132146e+03
-3.695064731815555206e+03
-2.753488212604879209e+03
-2.260794860779823921e+03
-4.348511082411684583e+03
-3.525108657544178641e+03
-3.459464089887912451e+03
-4.622681661798398636e+03
-3.515775543978090354e+03
-2.456100822391303154e+03
-3.786388626860051772e+03
-3.090680231892679330e+03
-2.452961918348367817e+03
-2.349346343037266706e+03
-6.181072175243688434e+03
-7.431262284859205465e+03
-9.185319049119429110e+03
-1.166172539666372177e+04
-1.198927609871770073e+04
-4.635006222594926840e+03
-1.163272835664695231e+04
-1.557141144626559071e+04
-7.596204022921104297e+03
-1.274328031723727145e+04
-1.555866571406749790e+04
-1.553773163069596012e+04
-3.504258763850558353e+03
-2.860938419701737530e+03
-1.705469203415985930e+03
-1.395173617688314380e+03
-1.398672169808022545e+03
-6.155369389061876973e+03
-1.392615767684435468e+03
-6.961609684255903630e+03
-3.191423359786138008e+03
-8.598386739596408006e+03
-6.948315307834383020e+03
-7.185807375684255021e+03
-5.706172404080994966e+03
-7.217359397802551939e+03
-2.780996057518540511e+03
-3.430735518566677456e+03
-3.250652522782211690e+03
-4.181451500884776578e+03
-3.424463848064517606e+03
-1.464114263375425651e+02
-2.290266066666985978e+02
-1.219183378914101326e+02
-1.472063530896721772e+02
-1.448049256995364260e+02
-8.549537431204322274e+03
-7.020799377141998775e+03
-1.333420317671570592e+04
-1.103530964551409124e+04
-1.124852744096532297e+04
-1.899827103855769792e+02
-1.109067078777993993e+04
-5.064753852234149235e+03
-9.105466607760770785e+03
-6.728263681300188182e+03
-5.059901678829135562e+03
-4.487576123262941110e+03
-2.597734216850196390e+03
-3.175274693790984202e+03
-4.383195875549536140e+03
-5.897104804900636736e+03
-6.174476970391358009e+03
-1.141535571968954537e+04
-5.890295913036485217e+03
-3.270867116820269530e+03
-1.818172235625053418e+03
-2.822853452787129754e+03
-3.269421252414100763e+03
-3.273021125162771568e+03
-1.376742380208201394e+04
-1.187682682669005953e+04
-7.627507715740836829e+03
-6.571119691908828827e+03
-6.551400675620157017e+03
-1.567283760618430961e+03
-6.563549417481831370e+03
-8.693717482951993588e+03
-4.958685005206800270e+03
-1.120029001876221992e+04
-8.672829191429460479e+03
-8.696383872852027707e+03
-1.168423191499426866e+04
-1.502970263965058439e+04
-6.636519299134968605e+03
-8.599247653914506373e+03
-8.565414879519059468e+03
-6.379508877166934326e+03
-8.570330084751960385e+03
-1.228254059338765364e+04
-2.183925082156874487e+04
-1.070211431512053423e+04
-1.233183721067372426e+04
-1.239123696878867122e+04
-1.431621471725194169e+03
-1.261642118976826168e+03
-2.541123026776793722e+03
-2.221063493075121642e+03
-2.216280238508343700e+03
-1.923318719743288602e+04
-2.224271382815803463e+03
-7.594142488196420345e+03
-1.037338755974282321e+04
-8.989681010310703641e+03
-7.610114659855970785e+03
-8.183200886225905379e+03
-8.948800828119974540e+03
-1.139003083129277911e+04
-1.304310276832283489e+04
-1.526059633019597641e+04
-1.448854300661845446e+04
-1.286661453411084949e+04
-1.527345071396522872e+04
-6.992230517749391765e+03
-2.908623898737921081e+03
-5.557593190843613229e+03
-6.996324293223586210e+03
-6.969375169112895492e+03
-1.031516805413244947e+04
-8.165817465975082996e+03
-4.256275416292171030e+03
-3.361342100354994727e+03
-3.402027847427267261e+03
-2.285435741499806227e+03
-3.365387200854020193e+03
-9.228935342308947156e+02
-6.863610914274944435e+02
-1.099858717895302334e+03
-9.234797720143701554e+02
-9.038750586568447716e+02
-2.764370947056856494e+03
-3.237508635226709885e+03
-1.999211479872058135e+03
-2.392643265526839059e+03
-2.454501052534345490e+03
-8.011768936337113018e+02
-2.396085505902495242e+03
-4.692130118118057908e+03
-1.127115930524841133e+04
-3.628111352385738883e+03
-4.657301802599229632e+03
-4.680865348525276204e+03
-5.950664438501324184e+03
-4.531957452732171078e+03
-1.423693757836618533e+04
-1.108107048574157488e+04
-1.104812185537337973e+04
-8.692343091627486501e+03
-1.102676068563095941e+04
-2.488507006312698650e+03
-2.488507006312698650e+03
-2.527427895914501732e+03
-2.502988247908856465e+03
-2.669212447279065145e+03
-8.390689669218264726e+02
-9.100095701441588290e+02
-8.969035787262164376e+02
-9.065427177385532787e+02
-8.564677925784799299e+02
-2.720121173348217326e+03
-9.100095701441588290e+02
-1.318540694945663563e+04
-1.318540694945663563e+04
-1.334049202381973009e+04
-1.312640961610254271e+04
-1.215051617390742467e+04
-9.184103163135900104e+03
-8.577943777535278059e+03
-8.471086407048140245e+03
-8.662159504633966208e+03
-9.256373709293398861e+03
-1.216727938965849353e+04
-8.577943777535278059e+03
-1.148979764509189590e+04
-1.148979764509189590e+04
-9.249646395278847194e+03
-1.148404199090891962e+04
-1.138443633432754723e+04
-1.519365169507734936e+04
-1.205853312878001816e+04
-1.502509529410557298e+04
-1.207093961913880958e+04
-1.221616555687491200e+04
-9.137283583939131859e+03
-1.205853312878001816e+04
-2.022666693229438351e+03
-2.022666693229438351e+03
-1.697881419694855595e+03
-2.020922410722489531e+03
-2.021005475878576135e+03
-4.592106142765626828e+03
-3.845263640146215948e+03
-4.583328427611909319e+03
-3.849881930736046797e+03
-3.849676775072821329e+03
-1.694370661350444607e+03
-3.845263640146215948e+03
-5.013799693163521738e+02
-3.714867971379866844e+02
-4.535506283774130338e+02
-5.009301802685416192e+02
-4.968013699229897497e+02
-5.497744372844780628e+03
-4.906900604334962736e+03
-4.004938560785190475e+03
-3.618048421234992475e+03
-3.671637601493927832e+03
-3.310664127544000053e+02
-3.613826090499074326e+03
-1.232342006451949601e+04
-9.307281815162596104e+03
-1.134885441613072726e+04
-1.236319501447838229e+04
-1.247974035184636705e+04
-3.536486748881719109e+02
-3.301434144621754854e+02
-2.717761564171886448e+02
-2.498320105310097006e+02
-2.471830420243947515e+02
-8.753580113906333281e+03
-2.505896075566641059e+02
-1.006005330691067866e+04
-1.328976218543750292e+04
-1.144875223251751231e+04
-1.005373043760180008e+04
-1.008480771268036915e+04
-3.367572271369472674e+03
-3.833884886116163671e+03
-4.447616157538031985e+03
-5.059714286885830006e+03
-5.051489132674846587e+03
-1.512913586999772269e+04
-5.056524381333076235e+03
-2.344407394285175997e+03
-3.246129419052025696e+03
-2.630620562391605745e+03
-2.337744632640147302e+03
-2.465291729383432084e+03
-5.875506197751812579e+03
-6.975484751707514079e+03
-8.569125168804228451e+03
-9.583117753328067920e+03
-9.159697976200855919e+03
-3.756977646381822979e+03
-9.569070428637958685e+03
-7.138244849008377059e+03
-8.363016006892594305e+03
-6.447330202198601000e+03
-7.114374086213407281e+03
-7.263260378091124949e+03
-3.332052046662122848e+03
-3.052029885202829519e+03
-3.935752836066089458e+03
-3.570991231373704977e+03
-3.517452314827073678e+03
-7.668178802810842171e+03
-3.565047991370999625e+03
-7.987236763002064436e+03
-9.197064412062152769e+03
-7.374971302526840191e+03
-8.012858823591619512e+03
-7.993739377092050745e+03
-1.566396484930889346e+04
-1.453507358624511835e+04
-1.812061592591975204e+04
-1.667561853159337625e+04
-1.672331691125655925e+04
-8.523654983366999659e+03
-1.673544204543205706e+04
-3.630268996250014879e+03
-2.329416510841043419e+03
-4.131247761728419391e+03
-3.638492504970951359e+03
-3.776576900001703052e+03
-1.076368635386247661e+04
-1.281952079470707395e+04
-7.396919969605935876e+03
-8.374786163347063848e+03
-7.880730051493948849e+03
-2.805159580186783842e+03
-8.388103329784922607e+03
-8.193811849657644416e+03
-5.145514702201796354e+03
-9.089339626634236993e+03
-8.207896710355142204e+03
-7.919189702643770943e+03
-2.278891869715878784e+03
-2.468597597042090456e+03
-1.379796398506803826e+03
-1.534074232016179849e+03
-1.596254808326569901e+03
-5.462770145963875621e+03
-1.536986666292383006e+03
-4.459800019756266920e+03
-5.189080855939569119e+03
-5.100878076446216255e+03
-4.470336800525465151e+03
-4.448298900443876846e+03
-6.039697803587990165e+03
-6.910578253114762447e+03
-7.030456920267136411e+03
-8.022571604421134907e+03
-8.056424907738061847e+03
-5.932061427388566699e+03
-8.040104469314513153e+03
-1.778382222324873965e+03
-2.046250621847645562e+03
-1.982616413900673479e+03
-1.770854196915107650e+03
-1.749231229358328164e+03
-5.321957154416085359e+03
-5.798795970498390489e+03
-5.989450167774368310e+03
-6.731434749111502242e+03
-6.803194242908081833e+03
-2.238463785814922176e+03
-6.691002060251721559e+03
-4.011585415941139672e+03
-4.633939083532655786e+03
-3.617554603111218057e+03
-4.016332134659934127e+03
-3.945956944326821031e+03
-8.736588828723275810e+02
-7.760764313983913780e+02
-9.969050781543477342e+02
-8.974166066932399417e+02
-9.111362678502038079e+02
-4.118144589889813687e+03
-8.982188282831706374e+02
-6.304192055188334962e+03
-7.389398983466800928e+03
-5.785523513452179941e+03
-6.315667955827704645e+03
-6.382786344165303490e+03
-4.263872051499121881e+03
-3.970345756236421948e+03
-5.050417823195984965e+03
-4.633456105273357025e+03
-4.593933239170404704e+03
-6.880036058449581105e+03
-4.643158558480122338e+03
