1.686673703021250503e+02
4.626948666719702032e+02
2.082169605798647183e+02
1.686673703021250503e+02
1.686673703021250503e+02
1.686673703021250503e+02
2.082169605798647183e+02
4.626948666719702032e+02
5.711888354088459891e+02
5.711888354088459891e+02
5.711888354088459891e+02
5.711888354088459891e+02
3.724181693639518471e+02
3.224681448211753150e+02
3.092964457429430354e+02
3.724181693639518471e+02
3.724181693639518471e+02
3.724181693639518471e+02
3.092964457429430354e+02
3.224681448211753150e+02
2.678125270548744083e+02
2.678125270548744083e+02
2.678125270548744083e+02
2.678125270548744083e+02
3.591890759808922553e+02
1.747593347586106916e+02
4.538590649991119221e+02
3.591890759808922553e+02
3.591890759808922553e+02
3.591890759808922553e+02
4.538590649991119221e+02
1.747593347586106916e+02
2.208199346174693289e+02
2.208199346174693289e+02
2.208199346174693289e+02
2.208199346174693289e+02
2.532882434744099669e+02
3.901931601231908076e+02
2.060916763673770618e+02
2.532882434744099669e+02
2.532882434744099669e+02
2.532882434744099669e+02
2.060916763673770618e+02
3.901931601231908076e+02
3.174863601002360269e+02
3.174863601002360269e+02
3.174863601002360269e+02
3.174863601002360269e+02
2.495939877994407823e+02
3.814643675145910038e+02
3.115370212679151223e+02
2.495939877994407823e+02
2.495939877994407823e+02
2.495939877994407823e+02
3.115370212679151223e+02
3.814643675145910038e+02
4.761343565328106138e+02
4.761343565328106138e+02
4.761343565328106138e+02
4.761343565328106138e+02
5.392788446038824759e+02
2.658739947029520749e+02
4.435488721889921635e+02
5.392788446038824759e+02
5.392788446038824759e+02
5.392788446038824759e+02
4.435488721889921635e+02
2.658739947029520749e+02
2.186774275959191698e+02
2.186774275959191698e+02
2.186774275959191698e+02
2.186774275959191698e+02
3.708046801170695517e+02
1.779731562498285200e+02
4.532057201430849886e+02
3.708046801170695517e+02
3.708046801170695517e+02
3.708046801170695517e+02
4.532057201430849886e+02
1.779731562498285200e+02
2.175227465275681880e+02
2.175227465275681880e+02
2.175227465275681880e+02
2.175227465275681880e+02
2.506238521732013851e+02
3.892506289962208825e+02
2.099821464153849604e+02
2.506238521732013851e+02
2.506238521732013851e+02
2.506238521732013851e+02
2.099821464153849604e+02
3.892506289962208825e+02
3.261289053752120708e+02
3.261289053752120708e+02
3.261289053752120708e+02
3.261289053752120708e+02
1.942340986059373336e+02
3.456072863715720587e+02
2.555711823762333381e+02
1.942340986059373336e+02
1.942340986059373336e+02
1.942340986059373336e+02
2.555711823762333381e+02
3.456072863715720587e+02
4.547464294362790156e+02
4.547464294362790156e+02
4.547464294362790156e+02
4.547464294362790156e+02
4.287609191827773429e+02
2.409671148118771669e+02
3.715927966250737313e+02
4.287609191827773429e+02
4.287609191827773429e+02
4.287609191827773429e+02
3.715927966250737313e+02
2.409671148118771669e+02
2.088381661702935332e+02
2.088381661702935332e+02
2.088381661702935332e+02
2.088381661702935332e+02
5.085238564331308453e+02
2.918215280354248193e+02
6.518661515350871696e+02
5.085238564331308453e+02
5.085238564331308453e+02
5.085238564331308453e+02
6.518661515350871696e+02
2.918215280354248193e+02
3.740799453340009677e+02
3.740799453340009677e+02
3.740799453340009677e+02
3.740799453340009677e+02
3.544946078819589843e+02
6.177370336536690729e+02
3.114068654874667459e+02
3.544946078819589843e+02
3.544946078819589843e+02
3.544946078819589843e+02
3.114068654874667459e+02
6.177370336536690729e+02
5.426529743145490556e+02
5.426529743145490556e+02
5.426529743145490556e+02
5.426529743145490556e+02
2.658891586391293913e+02
3.546474457018524618e+02
3.099217581589851989e+02
2.658891586391293913e+02
2.658891586391293913e+02
2.658891586391293913e+02
3.099217581589851989e+02
3.546474457018524618e+02
4.133788698308216567e+02
4.133788698308216567e+02
4.133788698308216567e+02
4.133788698308216567e+02
5.635413658939925199e+02
2.373433443999425094e+02
4.502367526454649465e+02
5.635413658939925199e+02
5.635413658939925199e+02
5.635413658939925199e+02
4.502367526454649465e+02
2.373433443999425094e+02
1.896235185417530147e+02
1.896235185417530147e+02
1.896235185417530147e+02
1.896235185417530147e+02
3.185050308532560734e+02
2.387921743192181054e+02
3.772364549822252684e+02
3.185050308532560734e+02
3.185050308532560734e+02
3.185050308532560734e+02
3.772364549822252684e+02
2.387921743192181054e+02
2.828247738390739414e+02
2.828247738390739414e+02
2.828247738390739414e+02
2.828247738390739414e+02
2.172507861438627117e+02
5.158341603156651445e+02
1.695309602856732170e+02
2.172507861438627117e+02
2.172507861438627117e+02
2.172507861438627117e+02
1.695309602856732170e+02
5.158341603156651445e+02
4.025295470671375142e+02
4.025295470671375142e+02
4.025295470671375142e+02
4.025295470671375142e+02
1.728482871930915792e+02
1.728482871930915792e+02
1.752657457552327287e+02
1.728482871930915792e+02
1.728482871930915792e+02
1.728482871930915792e+02
1.752657457552327287e+02
1.728482871930915792e+02
1.752657457552327287e+02
1.752657457552327287e+02
1.752657457552327287e+02
1.752657457552327287e+02
3.815496483937645849e+02
3.815496483937645849e+02
3.859102158039790424e+02
3.815496483937645849e+02
3.815496483937645849e+02
3.815496483937645849e+02
3.859102158039790424e+02
3.815496483937645849e+02
3.859102158039790424e+02
3.859102158039790424e+02
3.859102158039790424e+02
3.859102158039790424e+02
4.581730530147573859e+02
4.581730530147573859e+02
3.717253071629163514e+02
4.581730530147573859e+02
4.581730530147573859e+02
4.581730530147573859e+02
3.717253071629163514e+02
4.581730530147573859e+02
3.717253071629163514e+02
3.717253071629163514e+02
3.717253071629163514e+02
3.717253071629163514e+02
3.117928155979140570e+02
3.117928155979140570e+02
2.628201220485034924e+02
3.117928155979140570e+02
3.117928155979140570e+02
3.117928155979140570e+02
2.628201220485034924e+02
3.117928155979140570e+02
2.628201220485034924e+02
2.628201220485034924e+02
2.628201220485034924e+02
2.628201220485034924e+02
2.852567163987876029e+02
2.124114650486766891e+02
2.588090738187675584e+02
2.852567163987876029e+02
2.852567163987876029e+02
2.852567163987876029e+02
2.588090738187675584e+02
2.124114650486766891e+02
1.927176868322430892e+02
1.927176868322430892e+02
1.927176868322430892e+02
1.927176868322430892e+02
6.039622237834985299e+02
4.592807601869062069e+02
5.577574634940505121e+02
6.039622237834985299e+02
6.039622237834985299e+02
6.039622237834985299e+02
5.577574634940505121e+02
4.592807601869062069e+02
4.241445271671428827e+02
4.241445271671428827e+02
4.241445271671428827e+02
4.241445271671428827e+02
3.388136755477177076e+02
4.455459027911054477e+02
3.839888322874134019e+02
3.388136755477177076e+02
3.388136755477177076e+02
3.388136755477177076e+02
3.839888322874134019e+02
4.455459027911054477e+02
5.049520231632528748e+02
5.049520231632528748e+02
5.049520231632528748e+02
5.049520231632528748e+02
2.349186401531722197e+02
3.154825936330962577e+02
2.602392121457297094e+02
2.349186401531722197e+02
2.349186401531722197e+02
2.349186401531722197e+02
2.602392121457297094e+02
3.154825936330962577e+02
3.494867055216934659e+02
3.494867055216934659e+02
3.494867055216934659e+02
3.494867055216934659e+02
2.021873466720045087e+02
2.349640394262931693e+02
1.839252637467911882e+02
2.021873466720045087e+02
2.021873466720045087e+02
2.021873466720045087e+02
1.839252637467911882e+02
2.349640394262931693e+02
2.137414810264989455e+02
2.137414810264989455e+02
2.137414810264989455e+02
2.137414810264989455e+02
4.375747135174791538e+02
5.030464803568621051e+02
4.048151092969192177e+02
4.375747135174791538e+02
4.375747135174791538e+02
4.375747135174791538e+02
4.048151092969192177e+02
5.030464803568621051e+02
4.653852465333537225e+02
4.653852465333537225e+02
4.653852465333537225e+02
4.653852465333537225e+02
4.287887663389020645e+02
2.821923557074339897e+02
4.843153691741555349e+02
4.287887663389020645e+02
4.287887663389020645e+02
4.287887663389020645e+02
4.843153691741555349e+02
2.821923557074339897e+02
3.187352506911304886e+02
3.187352506911304886e+02
3.187352506911304886e+02
3.187352506911304886e+02
3.003934911844153817e+02
1.913871932932061100e+02
3.320138586775117346e+02
3.003934911844153817e+02
3.003934911844153817e+02
3.003934911844153817e+02
3.320138586775117346e+02
1.913871932932061100e+02
2.115332136398593832e+02
2.115332136398593832e+02
2.115332136398593832e+02
2.115332136398593832e+02
1.985825107409316672e+02
2.301260078664234641e+02
2.258686572549528080e+02
1.985825107409316672e+02
1.985825107409316672e+02
1.985825107409316672e+02
2.258686572549528080e+02
2.301260078664234641e+02
2.617463753595197886e+02
2.617463753595197886e+02
2.617463753595197886e+02
2.617463753595197886e+02
4.384843652308477431e+02
5.028242367859066917e+02
4.869059515753585288e+02
4.384843652308477431e+02
4.384843652308477431e+02
4.384843652308477431e+02
4.869059515753585288e+02
5.028242367859066917e+02
5.583508396211601621e+02
5.583508396211601621e+02
5.583508396211601621e+02
5.583508396211601621e+02
2.984336423668546558e+02
3.439758443158793284e+02
2.700113907128684900e+02
2.984336423668546558e+02
2.984336423668546558e+02
2.984336423668546558e+02
2.700113907128684900e+02
3.439758443158793284e+02
3.112162400953193924e+02
3.112162400953193924e+02
3.112162400953193924e+02
3.112162400953193924e+02
2.003409801139409012e+02
2.334937745437987644e+02
1.846718531776550378e+02
2.003409801139409012e+02
2.003409801139409012e+02
2.003409801139409012e+02
1.846718531776550378e+02
2.334937745437987644e+02
2.152316916185854438e+02
2.152316916185854438e+02
2.152316916185854438e+02
2.152316916185854438e+02
