4.395263183313196720e+01
4.395263183313196720e+01
4.395263183313196720e+01
4.358393792913730636e+01
8.166480004728528286e+01
1.465087727771065751e+01
2.704790813479796441e+01
2.704790813479796441e+01
2.722160001576175858e+01
1.452797930971243545e+01
8.114372440439390743e+01
2.704790813479796441e+01
3.381328949031080100e+01
3.381328949031080100e+01
3.381328949031080100e+01
3.346131779221295233e+01
1.474048694800969486e+02
2.886500322343604807e+01
1.243839977932807130e+02
1.243839977932807130e+02
1.258334251659364327e+02
2.856453957871837801e+01
1.457069688435573767e+02
1.243839977932807130e+02
4.412437548197179922e+02
4.412437548197179922e+02
4.412437548197179922e+02
3.908244033760103662e+02
1.237507452963007921e+02
3.947970437860634547e+02
9.440187578455481798e+01
9.440187578455481798e+01
1.107243510545848721e+02
3.496849924943250016e+02
1.055079788180319014e+02
9.440187578455481798e+01
5.748859467807724144e+01
5.748859467807724144e+01
5.748859467807724144e+01
6.622799224394394457e+01
1.584549306760001741e+02
4.369133195533870406e+01
1.344974560806547572e+02
1.344974560806547572e+02
1.204257473137601266e+02
5.033327410539738622e+01
1.769703369482299138e+02
1.344974560806547572e+02
4.950938785715693058e+01
4.950938785715693058e+01
4.950938785715693058e+01
5.362281407017624701e+01
1.755268954724881070e+01
1.252296281092792753e+02
4.781547702244093045e+01
4.781547702244093045e+01
4.439797944304111610e+01
1.356341767657399373e+02
1.890379324143013307e+01
4.781547702244093045e+01
4.054396699792838490e+02
4.054396699792838490e+02
4.054396699792838490e+02
4.250171850926394086e+02
2.615447631712163457e+02
9.101706877085963754e+01
6.209121828563356615e+01
6.209121828563356615e+01
5.871413050782409471e+01
9.541202114324556760e+01
2.765881541814586058e+02
6.209121828563356615e+01
4.733992566880299080e+01
4.733992566880299080e+01
4.733992566880299080e+01
5.075966131371311008e+01
2.391282581038587125e+02
3.873266645629334448e+01
2.065610406381236999e+02
2.065610406381236999e+02
1.956503929940661237e+02
4.153063198394707456e+01
2.524634941132622998e+02
2.065610406381236999e+02
6.317787246854599026e+00
6.317787246854599026e+00
6.317787246854599026e+00
5.065663305683105300e+00
3.125829100323294085e+00
3.727494475644211889e+02
1.424464553776056448e+02
1.424464553776056448e+02
1.844239169190742871e+02
2.988741350353031976e+02
2.414346701315350341e+00
1.424464553776056448e+02
3.681953008357909312e+02
3.681953008357909312e+02
3.681953008357909312e+02
3.771173997541647509e+02
3.788698722455340118e+01
1.881887093160709696e+02
1.996150561952359226e+01
1.996150561952359226e+01
1.936446013699396218e+01
1.927488932076842048e+02
3.905511969037223707e+01
1.996150561952359226e+01
5.616222008934507670e+01
5.616222008934507670e+01
5.616222008934507670e+01
5.762797077934728662e+01
6.454955723900889097e+01
2.376093926856907217e+02
2.798076911304182772e+02
2.798076911304182772e+02
2.730942806265760510e+02
2.438106456049308406e+02
6.613636335809887612e+01
2.798076911304182772e+02
1.608952346177825632e+02
1.608952346177825632e+02
1.608952346177825632e+02
1.913152342626854363e+02
1.762671764313753329e+02
2.163763500032248714e+02
2.803845267210311363e+02
2.803845267210311363e+02
2.370489614077116585e+02
2.572860046980941888e+02
2.084910583310231118e+02
2.803845267210311363e+02
1.163366586990198215e+02
1.163366586990198215e+02
1.163366586990198215e+02
1.015455329431090234e+02
1.431072426769105448e+02
1.335010837529735284e+01
1.430993625652323331e+01
1.430993625652323331e+01
1.642214260226842626e+01
1.165276607543874121e+01
1.247008730925595898e+02
1.430993625652323331e+01
7.061158277042018483e+01
7.061158277042018483e+01
7.061158277042018483e+01
6.750227345134447887e+01
4.685893909804879058e+02
8.393452291578248037e+01
5.393373694923504900e+02
5.393373694923504900e+02
5.570024836183156367e+02
8.023855146103211666e+01
4.537282632237233884e+02
5.393373694923504900e+02
1.062308969069503064e+02
1.062308969069503064e+02
1.062308969069503064e+02
1.011262276519100993e+02
6.840732317649566596e+01
1.568170382912123557e+02
9.564567266787966560e+01
9.564567266787966560e+01
1.009822389748269273e+02
1.492815741528196440e+02
6.479222987178944493e+01
9.564567266787966560e+01
1.477619912095258670e+01
1.477619912095258670e+01
1.477619912095258670e+01
1.406557167124960017e+01
7.914354119252283937e+00
4.432859736285776364e+01
2.262704552098426092e+01
2.262704552098426092e+01
2.374306235775685181e+01
4.219671501374880762e+01
7.542348506994755120e+00
2.262704552098426092e+01
2.539365713366728414e+02
2.539365713366728414e+02
2.539365713366728414e+02
3.107333803343291834e+02
1.936684291898518779e+02
3.225680771033412384e+02
3.076177544783147937e+02
3.076177544783147937e+02
2.460112478898117843e+02
3.947153750192829307e+02
2.421671684190988572e+02
3.076177544783147937e+02
3.969882553069709985e+01
3.969882553069709985e+01
3.969882553069709985e+01
3.577896589461401078e+01
1.265850286259047550e+02
1.323294184356570113e+01
3.813407583362000963e+01
3.813407583362000963e+01
4.219500954196825404e+01
1.192632196487133811e+01
1.144022275008600076e+02
3.813407583362000963e+01
3.074659381725815592e+02
3.074659381725815592e+02
3.074659381725815592e+02
3.643926592870334389e+02
4.344771420449759347e+01
2.136627705945058722e+02
3.676846111662297290e+01
3.676846111662297290e+01
3.019247936244748232e+01
2.532220174706503713e+02
5.291071233855502243e+01
3.676846111662297290e+01
1.351138419956032806e+02
1.351138419956032806e+02
1.351138419956032806e+02
1.418335827844044559e+02
9.204222218929714927e+01
1.791043952034741267e+02
1.279834311176739874e+02
1.279834311176739874e+02
1.220094573206962139e+02
1.880119585746757025e+02
9.654890417649087908e+01
1.279834311176739874e+02
7.614938288969074165e+01
7.614938288969074165e+01
7.614938288969074165e+01
7.990217908840358518e+01
6.468416627080659964e+01
1.730667792947517114e+02
1.544179633520996617e+02
1.544179633520996617e+02
1.470094687972877239e+02
1.815958615645536440e+02
6.794390387492384775e+01
1.544179633520996617e+02
1.972597354677421322e+01
1.972597354677421322e+01
1.972597354677421322e+01
2.051349483002359975e+01
9.051181451374612053e+00
2.169857090145164307e+02
1.047237435885044334e+02
1.047237435885044334e+02
9.956299596512074856e+01
2.256484431302595226e+02
9.520340326227675121e+00
1.047237435885044334e+02
8.374149555557731617e+01
8.374149555557731617e+01
8.374149555557731617e+01
6.397113756503460280e+01
3.008208765599067647e+02
2.392614158730780538e+00
6.992136475665498452e+00
6.992136475665498452e+00
8.594882187425907816e+00
1.827746787572417375e+00
2.447247766482924476e+02
6.992136475665498452e+00
1.959033245338594611e+02
1.959033245338594611e+02
1.959033245338594611e+02
2.073787221200137196e+02
2.550718148242121686e+02
6.530110817795315370e+01
8.941412673847479198e+01
8.941412673847479198e+01
8.502393827473738952e+01
6.912624070667123988e+01
2.682423802154244186e+02
8.941412673847479198e+01
1.571472086356534348e+01
1.571472086356534348e+01
1.571472086356534348e+01
1.644719447705263349e+01
2.692784547169265963e+01
4.052743801656325928e+01
7.269850085099638193e+01
7.269850085099638193e+01
6.944549621647054494e+01
4.241644891450415855e+01
2.818921461569247811e+01
7.269850085099638193e+01
1.483633759014134341e+02
1.483633759014134341e+02
1.483633759014134341e+02
1.629567502433606876e+02
2.113355887706525209e+02
6.829425239906331058e+01
1.071070350070327635e+02
1.071070350070327635e+02
9.728146149760192429e+01
7.501183741361046486e+01
2.326808001876918297e+02
1.071070350070327635e+02
2.383451295389974121e+02
2.383451295389974121e+02
2.383451295389974121e+02
1.965783754517278510e+02
2.744034124915118582e+02
4.690017065122208351e+02
4.489592813364114363e+02
4.489592813364114363e+02
5.399551019994265744e+02
3.868155129856579606e+02
2.281596347775206084e+02
4.489592813364114363e+02
1.553621876665376078e+01
1.553621876665376078e+01
1.553621876665376078e+01
1.448533995536470798e+01
9.142472813035163881e+01
4.660865629996128234e+01
2.579644265982440743e+02
2.579644265982440743e+02
2.742741843910548027e+02
4.345601986609412393e+01
8.598814219941469617e+01
2.579644265982440743e+02
2.618619736293196638e+02
2.618619736293196638e+02
2.618619736293196638e+02
2.485761864424703163e+02
9.217978655930319576e+01
7.242990759959906200e+01
2.395664892806641433e+01
2.395664892806641433e+01
2.549653670789237125e+01
6.875511539898114677e+01
8.661249997070163431e+01
2.395664892806641433e+01
2.455093319425146490e+02
2.455093319425146490e+02
2.455093319425146490e+02
2.317889774789875901e+02
1.977957412457911914e+02
3.336408869988019887e+02
2.522517638202206172e+02
2.522517638202206172e+02
2.687993406673573418e+02
3.149952770868292191e+02
1.856192224337472680e+02
2.522517638202206172e+02
1.044715669519086454e+01
1.044715669519086454e+01
1.044715669519086454e+01
1.337289119954996686e+01
6.413227026844188217e+00
3.134147008557259184e+01
2.453620960547707597e+01
2.453620960547707597e+01
1.923968108053256287e+01
4.011867359864989879e+01
8.178736535159025323e+00
2.453620960547707597e+01
2.087666960811947945e+02
2.087666960811947945e+02
2.087666960811947945e+02
1.994640340343447065e+02
6.601568880375195647e+01
4.538406436547713696e+01
1.344832954827148974e+01
1.344832954827148974e+01
1.435123669646782041e+01
4.336174652920536943e+01
6.186231592204885033e+01
1.344832954827148974e+01
1.927990324624121001e+02
1.927990324624121001e+02
1.927990324624121001e+02
1.782484355158592564e+02
3.863654209491869551e+02
1.297011672928953772e+02
2.442307540978847271e+02
2.442307540978847271e+02
2.599185559112711985e+02
1.199125838924871488e+02
3.630457155509096197e+02
2.442307540978847271e+02
