1.869860710085752231e+01
1.869860710085752231e+01
1.869860710085752231e+01
1.863467526941805730e+01
2.442701533359025134e+01
1.939257602418831894e+01
2.524717948262713918e+01
2.524717948262713918e+01
2.533358497483689931e+01
1.932627146498408877e+01
2.434370188682736114e+01
2.524717948262713918e+01
2.812899863539766177e+00
2.812899863539766177e+00
2.812899863539766177e+00
2.783619626198972519e+00
1.226249038457129537e+01
2.943059754397647332e+00
1.268212357929935585e+01
1.268212357929935585e+01
1.282990639208359163e+01
2.912424647462678262e+00
1.212124342100110397e+01
1.268212357929935585e+01
1.591189874061588050e+01
1.591189874061588050e+01
1.591189874061588050e+01
1.501107406131087885e+01
6.491251727404329763e+00
1.675182301431408050e+01
5.826476525655635896e+00
5.826476525655635896e+00
6.833898446152945283e+00
1.580344747217186274e+01
5.534341212391564291e+00
5.826476525655635896e+00
8.810980200470051926e+00
8.810980200470051926e+00
8.810980200470051926e+00
1.015042256026480061e+01
1.859183800313683221e+01
9.173903870054630261e+00
2.037916915018780273e+01
2.037916915018780273e+01
1.935763453415848545e+01
1.056851776869676129e+01
1.957296026072982542e+01
2.037916915018780273e+01
1.177174010836235318e+01
1.177174010836235318e+01
1.177174010836235318e+01
1.274978056554382277e+01
4.173465043622271331e+00
9.779992324301042927e+00
3.734220130831916507e+00
3.734220130831916507e+00
3.467325621924794099e+00
1.059255088200278649e+01
4.494714047815961955e+00
3.734220130831916507e+00
1.755092534749606159e+01
1.755092534749606159e+01
1.755092534749606159e+01
1.797621219867857079e+01
1.451285067663453177e+01
2.303258422315236587e+01
1.950794866085357171e+01
1.950794866085357171e+01
1.904563143591216701e+01
2.359070039223845328e+01
1.486513833238320181e+01
1.950794866085357171e+01
5.194751631349931564e+00
5.194751631349931564e+00
5.194751631349931564e+00
5.570009451661409372e+00
1.863076682435575648e+01
5.421157271457192728e+00
1.995806904460821940e+01
1.995806904460821940e+01
1.944276150435188910e+01
5.812770154155126434e+00
1.912455340005381643e+01
1.995806904460821940e+01
2.169538850467899138e+01
2.169538850467899138e+01
2.169538850467899138e+01
1.975305639518708034e+01
1.395031830355787328e+01
1.427889027321701754e+01
7.091621480847678072e+00
7.091621480847678072e+00
9.181447213540055330e+00
1.300053809899346113e+01
1.077503084701930902e+01
7.091621480847678072e+00
1.803618584596225105e+01
1.803618584596225105e+01
1.803618584596225105e+01
1.824817472324208367e+01
2.783043615741623622e+00
2.119371440254980854e+01
3.371089557048189800e+00
3.371089557048189800e+00
3.270260800460316641e+00
2.144281539097146805e+01
2.868850480828820437e+00
3.371089557048189800e+00
1.750682442319054033e+01
1.750682442319054033e+01
1.750682442319054033e+01
1.767964767120361458e+01
1.835922673685746531e+01
1.284327288551187607e+01
1.360162164287519282e+01
1.360162164287519282e+01
1.346860819807513820e+01
1.297005865096755528e+01
1.854053901175782926e+01
1.360162164287519282e+01
1.709207613105276380e+01
1.709207613105276380e+01
1.709207613105276380e+01
1.841151772958282251e+01
1.775200022337684302e+01
1.588557663944903808e+01
1.777193508962773194e+01
1.777193508962773194e+01
1.649891785466788718e+01
1.711188118396521318e+01
1.912170231162477663e+01
1.777193508962773194e+01
5.501533399754290343e+00
5.501533399754290343e+00
5.501533399754290343e+00
4.802064519728815206e+00
6.767508059266614140e+00
8.210495134587709742e+00
8.800802113924957482e+00
8.800802113924957482e+00
1.009983725562281975e+01
7.166606927619599610e+00
5.897075143546458342e+00
8.800802113924957482e+00
4.123593884296104406e+00
4.123593884296104406e+00
4.123593884296104406e+00
3.942015616404670020e+00
1.755478257965106792e+01
3.773146811976322290e+00
1.580223291293932775e+01
1.580223291293932775e+01
1.606287471169205361e+01
3.607000124925519469e+00
1.726993256429592094e+01
1.580223291293932775e+01
1.746284688488243475e+01
1.746284688488243475e+01
1.746284688488243475e+01
1.712484977342553805e+01
1.282421373177284885e+01
1.629606424223995731e+01
1.133492783974803331e+01
1.133492783974803331e+01
1.196736203477243521e+01
1.598065045671559226e+01
1.214649785214049338e+01
1.133492783974803331e+01
1.287805347133280165e+01
1.287805347133280165e+01
1.287805347133280165e+01
1.225871298867138570e+01
6.897678807960140546e+00
1.210070617930064074e+01
6.176672528432098019e+00
6.176672528432098019e+00
6.481319926191923209e+00
1.151875043402321452e+01
6.573460913556215424e+00
6.176672528432098019e+00
1.765930769358196528e+01
1.765930769358196528e+01
1.765930769358196528e+01
1.945545570569327865e+01
1.576002456183156220e+01
1.633816247959827805e+01
1.606586495597967357e+01
1.606586495597967357e+01
1.458097035521074858e+01
1.799993532870874446e+01
1.736499150228530652e+01
1.606586495597967357e+01
5.556384219942616554e+00
5.556384219942616554e+00
5.556384219942616554e+00
5.007747177532368532e+00
1.639620211575123321e+01
6.252543727777654325e+00
1.775307582283458530e+01
1.775307582283458530e+01
1.845048265925602848e+01
5.635167937594428800e+00
1.577644470029217771e+01
1.775307582283458530e+01
1.315775139830993545e+01
1.315775139830993545e+01
1.315775139830993545e+01
1.416396440903296927e+01
2.163021484315470477e+00
1.527870236997780573e+01
3.058738171190138466e+00
3.058738171190138466e+00
2.511687634026023908e+00
1.644711091078753640e+01
2.634131844084052432e+00
3.058738171190138466e+00
1.055191457145203948e+01
1.055191457145203948e+01
1.055191457145203948e+01
1.107670262942199102e+01
7.188172959656307981e+00
9.394785558394636027e+00
6.713274060148777700e+00
6.713274060148777700e+00
6.399913783923762978e+00
9.862025056482764285e+00
7.540128929727218932e+00
6.713274060148777700e+00
2.119290283025761568e+01
2.119290283025761568e+01
2.119290283025761568e+01
2.163879094860469365e+01
1.972185324723161060e+01
1.933465247770893214e+01
1.837172088729164443e+01
1.837172088729164443e+01
1.799258845311109312e+01
1.974144393432202804e+01
2.013742403893065713e+01
1.837172088729164443e+01
2.173274059290232074e+01
2.173274059290232074e+01
2.173274059290232074e+01
2.213398120328363561e+01
1.330617118584555492e+01
1.784417865779057166e+01
1.149164959939851549e+01
1.149164959939851549e+01
1.092534532754316956e+01
1.817362671363050097e+01
1.399588316827470535e+01
1.149164959939851549e+01
8.538236543226386033e+00
8.538236543226386033e+00
8.538236543226386033e+00
6.522461783680941316e+00
1.996561815121756212e+01
1.067804029607427729e+01
2.261625630362313899e+01
2.261625630362313899e+01
2.496928658223523101e+01
8.157083655758230023e+00
1.808411849818195805e+01
2.261625630362313899e+01
1.209113814962116784e+01
1.209113814962116784e+01
1.209113814962116784e+01
1.279939880760729309e+01
1.387564837652078076e+01
1.552650330633804643e+01
1.817754509440500499e+01
1.817754509440500499e+01
1.781803315202250459e+01
1.643599679751243059e+01
1.415561537720476437e+01
1.817754509440500499e+01
3.299632492194475297e+00
3.299632492194475297e+00
3.299632492194475297e+00
3.453430561897472106e+00
5.654061222887690086e+00
2.646957933298864862e+00
4.748138125282792110e+00
4.748138125282792110e+00
4.535675486492323216e+00
2.770334406796873150e+00
5.918911909599096965e+00
4.748138125282792110e+00
6.669446365450208525e+00
6.669446365450208525e+00
6.669446365450208525e+00
7.325468964512862335e+00
9.500264912772722781e+00
8.775587322960801018e+00
1.376290252238747058e+01
1.376290252238747058e+01
1.250034856943779182e+01
9.638774953306397109e+00
1.045980591701447793e+01
1.376290252238747058e+01
1.946387995780169788e+01
1.946387995780169788e+01
1.946387995780169788e+01
1.782298501638044286e+01
2.083808257603552505e+01
1.528309428667484049e+01
1.498501067612078508e+01
1.498501067612078508e+01
1.636212211817586493e+01
1.399465887921041940e+01
1.908425371822069749e+01
1.498501067612078508e+01
4.241036929134494926e+00
4.241036929134494926e+00
4.241036929134494926e+00
3.954170741572321734e+00
1.955269490893069317e+01
3.423706471699581311e+00
1.536756986116508372e+01
1.536756986116508372e+01
1.578450959457574143e+01
3.192124988378512551e+00
1.903622049115144321e+01
1.536756986116508372e+01
1.506513472133030440e+01
1.506513472133030440e+01
1.506513472133030440e+01
1.473100104220249662e+01
6.379885060015499043e+00
1.920703159889281508e+01
7.642667429347479668e+00
7.642667429347479668e+00
8.133923540127577567e+00
1.878103367375143051e+01
5.994565784963879373e+00
7.642667429347479668e+00
1.677802203806810510e+01
1.677802203806810510e+01
1.677802203806810510e+01
1.635358609810879571e+01
1.541759495372921229e+01
1.499402982136212970e+01
1.342968384298664652e+01
1.342968384298664652e+01
1.377825574345927073e+01
1.461472377881621476e+01
1.502754990929100742e+01
1.342968384298664652e+01
6.425141040417167382e+00
6.425141040417167382e+00
6.425141040417167382e+00
8.224506876097189334e+00
3.944220362910556332e+00
5.875536307835657723e+00
4.599764784486265690e+00
4.599764784486265690e+00
3.606832877692137895e+00
7.520984902989079401e+00
5.030032314438210861e+00
4.599764784486265690e+00
2.232340446574144366e+01
2.232340446574144366e+01
2.232340446574144366e+01
2.180689310494654620e+01
1.114869806764519389e+01
2.504454180468058055e+01
1.172076158456506256e+01
1.172076158456506256e+01
1.250768157927688762e+01
2.446506969110255625e+01
1.044727843453183702e+01
1.172076158456506256e+01
1.066529174953983805e+01
1.066529174953983805e+01
1.066529174953983805e+01
9.860379195867119861e+00
1.543787073218978989e+01
1.232502014860367368e+01
1.734881375126762393e+01
1.734881375126762393e+01
1.784030594699742522e+01
1.139484742807698758e+01
1.501256451792984059e+01
1.734881375126762393e+01
