2.093750000000000000e+01
3.843750000000000000e+01
2.093750000000000000e+01
2.093750000000000000e+01
2.093750000000000000e+01
2.093750000000000000e+01
2.093750000000000000e+01
3.843750000000000000e+01
3.843750000000000000e+01
3.843750000000000000e+01
3.843750000000000000e+01
3.843750000000000000e+01
3.093750000000000000e+01
2.843750000000000000e+01
3.093750000000000000e+01
3.093750000000000000e+01
3.093750000000000000e+01
3.093750000000000000e+01
3.093750000000000000e+01
2.843750000000000000e+01
2.843750000000000000e+01
2.843750000000000000e+01
2.843750000000000000e+01
2.843750000000000000e+01
3.593750000000000000e+01
2.343750000000000000e+01
3.593750000000000000e+01
3.593750000000000000e+01
3.593750000000000000e+01
3.593750000000000000e+01
3.593750000000000000e+01
2.343750000000000000e+01
2.343750000000000000e+01
2.343750000000000000e+01
2.343750000000000000e+01
2.343750000000000000e+01
2.593750000000000000e+01
3.343750000000000000e+01
2.593750000000000000e+01
2.593750000000000000e+01
2.593750000000000000e+01
2.593750000000000000e+01
2.593750000000000000e+01
3.343750000000000000e+01
3.343750000000000000e+01
3.343750000000000000e+01
3.343750000000000000e+01
3.343750000000000000e+01
2.843750000000000000e+01
3.593750000000000000e+01
2.843750000000000000e+01
2.843750000000000000e+01
2.843750000000000000e+01
2.843750000000000000e+01
2.843750000000000000e+01
3.593750000000000000e+01
3.593750000000000000e+01
3.593750000000000000e+01
3.593750000000000000e+01
3.593750000000000000e+01
3.843750000000000000e+01
2.593750000000000000e+01
3.843750000000000000e+01
3.843750000000000000e+01
3.843750000000000000e+01
3.843750000000000000e+01
3.843750000000000000e+01
2.593750000000000000e+01
2.593750000000000000e+01
2.593750000000000000e+01
2.593750000000000000e+01
2.593750000000000000e+01
3.343750000000000000e+01
2.093750000000000000e+01
3.343750000000000000e+01
3.343750000000000000e+01
3.343750000000000000e+01
3.343750000000000000e+01
3.343750000000000000e+01
2.093750000000000000e+01
2.093750000000000000e+01
2.093750000000000000e+01
2.093750000000000000e+01
2.093750000000000000e+01
2.343750000000000000e+01
3.093750000000000000e+01
2.343750000000000000e+01
2.343750000000000000e+01
2.343750000000000000e+01
2.343750000000000000e+01
2.343750000000000000e+01
3.093750000000000000e+01
3.093750000000000000e+01
3.093750000000000000e+01
3.093750000000000000e+01
3.093750000000000000e+01
2.468750000000000000e+01
3.468750000000000000e+01
2.468750000000000000e+01
2.468750000000000000e+01
2.468750000000000000e+01
2.468750000000000000e+01
2.468750000000000000e+01
3.468750000000000000e+01
3.468750000000000000e+01
3.468750000000000000e+01
3.468750000000000000e+01
3.468750000000000000e+01
3.468750000000000000e+01
2.468750000000000000e+01
3.468750000000000000e+01
3.468750000000000000e+01
3.468750000000000000e+01
3.468750000000000000e+01
3.468750000000000000e+01
2.468750000000000000e+01
2.468750000000000000e+01
2.468750000000000000e+01
2.468750000000000000e+01
2.468750000000000000e+01
3.968750000000000000e+01
2.968750000000000000e+01
3.968750000000000000e+01
3.968750000000000000e+01
3.968750000000000000e+01
3.968750000000000000e+01
3.968750000000000000e+01
2.968750000000000000e+01
2.968750000000000000e+01
2.968750000000000000e+01
2.968750000000000000e+01
2.968750000000000000e+01
2.968750000000000000e+01
3.968750000000000000e+01
2.968750000000000000e+01
2.968750000000000000e+01
2.968750000000000000e+01
2.968750000000000000e+01
2.968750000000000000e+01
3.968750000000000000e+01
3.968750000000000000e+01
3.968750000000000000e+01
3.968750000000000000e+01
3.968750000000000000e+01
2.718750000000000000e+01
3.218750000000000000e+01
2.718750000000000000e+01
2.718750000000000000e+01
2.718750000000000000e+01
2.718750000000000000e+01
2.718750000000000000e+01
3.218750000000000000e+01
3.218750000000000000e+01
3.218750000000000000e+01
3.218750000000000000e+01
3.218750000000000000e+01
3.718750000000000000e+01
2.218750000000000000e+01
3.718750000000000000e+01
3.718750000000000000e+01
3.718750000000000000e+01
3.718750000000000000e+01
3.718750000000000000e+01
2.218750000000000000e+01
2.218750000000000000e+01
2.218750000000000000e+01
2.218750000000000000e+01
2.218750000000000000e+01
3.218750000000000000e+01
2.718750000000000000e+01
3.218750000000000000e+01
3.218750000000000000e+01
3.218750000000000000e+01
3.218750000000000000e+01
3.218750000000000000e+01
2.718750000000000000e+01
2.718750000000000000e+01
2.718750000000000000e+01
2.718750000000000000e+01
2.718750000000000000e+01
2.218750000000000000e+01
3.718750000000000000e+01
2.218750000000000000e+01
2.218750000000000000e+01
2.218750000000000000e+01
2.218750000000000000e+01
2.218750000000000000e+01
3.718750000000000000e+01
3.718750000000000000e+01
3.718750000000000000e+01
3.718750000000000000e+01
3.718750000000000000e+01
2.156250000000000000e+01
2.156250000000000000e+01
2.156250000000000000e+01
2.156250000000000000e+01
2.156250000000000000e+01
2.156250000000000000e+01
2.156250000000000000e+01
2.156250000000000000e+01
2.156250000000000000e+01
2.156250000000000000e+01
2.156250000000000000e+01
2.156250000000000000e+01
3.156250000000000000e+01
3.156250000000000000e+01
3.156250000000000000e+01
3.156250000000000000e+01
3.156250000000000000e+01
3.156250000000000000e+01
3.156250000000000000e+01
3.156250000000000000e+01
3.156250000000000000e+01
3.156250000000000000e+01
3.156250000000000000e+01
3.156250000000000000e+01
3.656250000000000000e+01
3.656250000000000000e+01
3.656250000000000000e+01
3.656250000000000000e+01
3.656250000000000000e+01
3.656250000000000000e+01
3.656250000000000000e+01
3.656250000000000000e+01
3.656250000000000000e+01
3.656250000000000000e+01
3.656250000000000000e+01
3.656250000000000000e+01
2.656250000000000000e+01
2.656250000000000000e+01
2.656250000000000000e+01
2.656250000000000000e+01
2.656250000000000000e+01
2.656250000000000000e+01
2.656250000000000000e+01
2.656250000000000000e+01
2.656250000000000000e+01
2.656250000000000000e+01
2.656250000000000000e+01
2.656250000000000000e+01
2.906250000000000000e+01
2.406250000000000000e+01
2.906250000000000000e+01
2.906250000000000000e+01
2.906250000000000000e+01
2.906250000000000000e+01
2.906250000000000000e+01
2.406250000000000000e+01
2.406250000000000000e+01
2.406250000000000000e+01
2.406250000000000000e+01
2.406250000000000000e+01
3.906250000000000000e+01
3.406250000000000000e+01
3.906250000000000000e+01
3.906250000000000000e+01
3.906250000000000000e+01
3.906250000000000000e+01
3.906250000000000000e+01
3.406250000000000000e+01
3.406250000000000000e+01
3.406250000000000000e+01
3.406250000000000000e+01
3.406250000000000000e+01
3.406250000000000000e+01
3.906250000000000000e+01
3.406250000000000000e+01
3.406250000000000000e+01
3.406250000000000000e+01
3.406250000000000000e+01
3.406250000000000000e+01
3.906250000000000000e+01
3.906250000000000000e+01
3.906250000000000000e+01
3.906250000000000000e+01
3.906250000000000000e+01
2.406250000000000000e+01
2.906250000000000000e+01
2.406250000000000000e+01
2.406250000000000000e+01
2.406250000000000000e+01
2.406250000000000000e+01
2.406250000000000000e+01
2.906250000000000000e+01
2.906250000000000000e+01
2.906250000000000000e+01
2.906250000000000000e+01
2.906250000000000000e+01
2.281250000000000000e+01
2.531250000000000000e+01
2.281250000000000000e+01
2.281250000000000000e+01
2.281250000000000000e+01
2.281250000000000000e+01
2.281250000000000000e+01
2.531250000000000000e+01
2.531250000000000000e+01
2.531250000000000000e+01
2.531250000000000000e+01
2.531250000000000000e+01
3.281250000000000000e+01
3.531250000000000000e+01
3.281250000000000000e+01
3.281250000000000000e+01
3.281250000000000000e+01
3.281250000000000000e+01
3.281250000000000000e+01
3.531250000000000000e+01
3.531250000000000000e+01
3.531250000000000000e+01
3.531250000000000000e+01
3.531250000000000000e+01
3.781250000000000000e+01
3.031250000000000000e+01
3.781250000000000000e+01
3.781250000000000000e+01
3.781250000000000000e+01
3.781250000000000000e+01
3.781250000000000000e+01
3.031250000000000000e+01
3.031250000000000000e+01
3.031250000000000000e+01
3.031250000000000000e+01
3.031250000000000000e+01
2.781250000000000000e+01
2.031250000000000000e+01
2.781250000000000000e+01
2.781250000000000000e+01
2.781250000000000000e+01
2.781250000000000000e+01
2.781250000000000000e+01
2.031250000000000000e+01
2.031250000000000000e+01
2.031250000000000000e+01
2.031250000000000000e+01
2.031250000000000000e+01
2.531250000000000000e+01
2.781250000000000000e+01
2.531250000000000000e+01
2.531250000000000000e+01
2.531250000000000000e+01
2.531250000000000000e+01
2.531250000000000000e+01
2.781250000000000000e+01
2.781250000000000000e+01
2.781250000000000000e+01
2.781250000000000000e+01
2.781250000000000000e+01
3.531250000000000000e+01
3.781250000000000000e+01
3.531250000000000000e+01
3.531250000000000000e+01
3.531250000000000000e+01
3.531250000000000000e+01
3.531250000000000000e+01
3.781250000000000000e+01
3.781250000000000000e+01
3.781250000000000000e+01
3.781250000000000000e+01
3.781250000000000000e+01
3.031250000000000000e+01
3.281250000000000000e+01
3.031250000000000000e+01
3.031250000000000000e+01
3.031250000000000000e+01
3.031250000000000000e+01
3.031250000000000000e+01
3.281250000000000000e+01
3.281250000000000000e+01
3.281250000000000000e+01
3.281250000000000000e+01
3.281250000000000000e+01
2.031250000000000000e+01
2.281250000000000000e+01
2.031250000000000000e+01
2.031250000000000000e+01
2.031250000000000000e+01
2.031250000000000000e+01
2.031250000000000000e+01
2.281250000000000000e+01
2.281250000000000000e+01
2.281250000000000000e+01
2.281250000000000000e+01
2.281250000000000000e+01
