-1.661858273827374717e+02
-4.558874019669113409e+02
-2.057354176604771396e+02
-1.661858273827374717e+02
-1.661858273827374717e+02
-1.661858273827374717e+02
-2.057354176604771396e+02
-4.558874019669113409e+02
-5.643813707037870699e+02
-5.643813707037870699e+02
-5.643813707037870699e+02
-5.643813707037870699e+02
-3.679295134620134604e+02
-3.185815231133494763e+02
-3.048077898410046487e+02
-3.679295134620134604e+02
-3.679295134620134604e+02
-3.679295134620134604e+02
-3.048077898410046487e+02
-3.185815231133494763e+02
-2.639259053470485696e+02
-2.639259053470485696e+02
-2.639259053470485696e+02
-2.639259053470485696e+02
-3.532489982385725966e+02
-1.718692579047215361e+02
-4.479189872567922635e+02
-3.532489982385725966e+02
-3.532489982385725966e+02
-3.532489982385725966e+02
-4.479189872567922635e+02
-1.718692579047215361e+02
-2.179298577635801735e+02
-2.179298577635801735e+02
-2.179298577635801735e+02
-2.179298577635801735e+02
-2.499320431467987476e+02
-3.850228987882251204e+02
-2.027354760397658424e+02
-2.499320431467987476e+02
-2.499320431467987476e+02
-2.499320431467987476e+02
-2.027354760397658424e+02
-3.850228987882251204e+02
-3.123160987652703398e+02
-3.123160987652703398e+02
-3.123160987652703398e+02
-3.123160987652703398e+02
-2.457073660916149436e+02
-3.755242897722713451e+02
-3.076503995600892836e+02
-2.457073660916149436e+02
-2.457073660916149436e+02
-2.457073660916149436e+02
-3.076503995600892836e+02
-3.755242897722713451e+02
-4.701942787904909551e+02
-4.701942787904909551e+02
-4.701942787904909551e+02
-4.701942787904909551e+02
-5.324713798988235567e+02
-2.625177943753408272e+02
-4.367414074839333011e+02
-5.324713798988235567e+02
-5.324713798988235567e+02
-5.324713798988235567e+02
-4.367414074839333011e+02
-2.625177943753408272e+02
-2.153212272683079505e+02
-2.153212272683079505e+02
-2.153212272683079505e+02
-2.153212272683079505e+02
-3.656344187821038645e+02
-1.754916133304409414e+02
-4.480354588081193015e+02
-3.656344187821038645e+02
-3.656344187821038645e+02
-3.656344187821038645e+02
-4.480354588081193015e+02
-1.754916133304409414e+02
-2.150412036081806093e+02
-2.150412036081806093e+02
-2.150412036081806093e+02
-2.150412036081806093e+02
-2.477337753193122296e+02
-3.847619730942824958e+02
-2.070920695614958049e+02
-2.477337753193122296e+02
-2.477337753193122296e+02
-2.477337753193122296e+02
-2.070920695614958049e+02
-3.847619730942824958e+02
-3.216402494732736841e+02
-3.216402494732736841e+02
-3.216402494732736841e+02
-3.216402494732736841e+02
-1.911185641922080265e+02
-3.400637108508250321e+02
-2.524556479625040311e+02
-1.911185641922080265e+02
-1.911185641922080265e+02
-1.911185641922080265e+02
-2.524556479625040311e+02
-3.400637108508250321e+02
-4.492028539155319891e+02
-4.492028539155319891e+02
-4.492028539155319891e+02
-4.492028539155319891e+02
-4.232173436620303164e+02
-2.378515803981478598e+02
-3.660492211043267048e+02
-4.232173436620303164e+02
-4.232173436620303164e+02
-4.232173436620303164e+02
-3.660492211043267048e+02
-2.378515803981478598e+02
-2.057226317565642262e+02
-2.057226317565642262e+02
-2.057226317565642262e+02
-2.057226317565642262e+02
-5.012429779517616453e+02
-2.876433227123225151e+02
-6.445852730537179696e+02
-5.012429779517616453e+02
-5.012429779517616453e+02
-5.012429779517616453e+02
-6.445852730537179696e+02
-2.876433227123225151e+02
-3.699017400108986635e+02
-3.699017400108986635e+02
-3.699017400108986635e+02
-3.699017400108986635e+02
-3.503164025588566801e+02
-6.104561551722998729e+02
-3.072286601643644417e+02
-3.503164025588566801e+02
-3.503164025588566801e+02
-3.503164025588566801e+02
-3.072286601643644417e+02
-6.104561551722998729e+02
-5.353720958331798556e+02
-5.353720958331798556e+02
-5.353720958331798556e+02
-5.353720958331798556e+02
-2.622762273964745532e+02
-3.498284570553729509e+02
-3.063088269163303607e+02
-2.622762273964745532e+02
-2.622762273964745532e+02
-2.622762273964745532e+02
-3.063088269163303607e+02
-3.498284570553729509e+02
-4.085598811843421458e+02
-4.085598811843421458e+02
-4.085598811843421458e+02
-4.085598811843421458e+02
-5.571804051502155062e+02
-2.346643366324651936e+02
-4.438757919016879328e+02
-5.571804051502155062e+02
-5.571804051502155062e+02
-5.571804051502155062e+02
-4.438757919016879328e+02
-2.346643366324651936e+02
-1.869445107742756989e+02
-1.869445107742756989e+02
-1.869445107742756989e+02
-1.869445107742756989e+02
-3.136860422067765626e+02
-2.351792430765632673e+02
-3.724174663357457575e+02
-3.136860422067765626e+02
-3.136860422067765626e+02
-3.136860422067765626e+02
-3.724174663357457575e+02
-2.351792430765632673e+02
-2.792118425964191033e+02
-2.792118425964191033e+02
-2.792118425964191033e+02
-2.792118425964191033e+02
-2.145717783763853959e+02
-5.094731995718881308e+02
-1.668519525181959011e+02
-2.145717783763853959e+02
-2.145717783763853959e+02
-2.145717783763853959e+02
-1.668519525181959011e+02
-5.094731995718881308e+02
-3.961685863233605005e+02
-3.961685863233605005e+02
-3.961685863233605005e+02
-3.961685863233605005e+02
-1.702696647268076902e+02
-1.702696647268076902e+02
-1.726871232889488397e+02
-1.702696647268076902e+02
-1.702696647268076902e+02
-1.702696647268076902e+02
-1.726871232889488397e+02
-1.702696647268076902e+02
-1.726871232889488397e+02
-1.726871232889488397e+02
-1.726871232889488397e+02
-1.726871232889488397e+02
-3.768983764895358490e+02
-3.768983764895358490e+02
-3.812589438997503066e+02
-3.768983764895358490e+02
-3.768983764895358490e+02
-3.768983764895358490e+02
-3.812589438997503066e+02
-3.768983764895358490e+02
-3.812589438997503066e+02
-3.812589438997503066e+02
-3.812589438997503066e+02
-3.812589438997503066e+02
-4.520256577541820207e+02
-4.520256577541820207e+02
-3.655779119023409862e+02
-4.520256577541820207e+02
-4.520256577541820207e+02
-4.520256577541820207e+02
-3.655779119023409862e+02
-4.520256577541820207e+02
-3.655779119023409862e+02
-3.655779119023409862e+02
-3.655779119023409862e+02
-3.655779119023409862e+02
-3.083103129455115550e+02
-3.083103129455115550e+02
-2.593376193961009903e+02
-3.083103129455115550e+02
-3.083103129455115550e+02
-3.083103129455115550e+02
-2.593376193961009903e+02
-3.083103129455115550e+02
-2.593376193961009903e+02
-2.593376193961009903e+02
-2.593376193961009903e+02
-2.593376193961009903e+02
-2.812265994342131421e+02
-2.094105083680772736e+02
-2.547789568541930691e+02
-2.812265994342131421e+02
-2.812265994342131421e+02
-2.812265994342131421e+02
-2.547789568541930691e+02
-2.094105083680772736e+02
-1.897167301516436737e+02
-1.897167301516436737e+02
-1.897167301516436737e+02
-1.897167301516436737e+02
-5.969214984060588449e+02
-4.539266675362756018e+02
-5.507167381166108271e+02
-5.969214984060588449e+02
-5.969214984060588449e+02
-5.969214984060588449e+02
-5.507167381166108271e+02
-4.539266675362756018e+02
-4.187904345165122777e+02
-4.187904345165122777e+02
-4.187904345165122777e+02
-4.187904345165122777e+02
-3.334595828970871025e+02
-4.385051774136657627e+02
-3.786347396367827969e+02
-3.334595828970871025e+02
-3.334595828970871025e+02
-3.334595828970871025e+02
-3.786347396367827969e+02
-4.385051774136657627e+02
-4.979112977858131899e+02
-4.979112977858131899e+02
-4.979112977858131899e+02
-4.979112977858131899e+02
-2.319176834725728042e+02
-3.114524766685217969e+02
-2.572382554651302939e+02
-2.319176834725728042e+02
-2.319176834725728042e+02
-2.319176834725728042e+02
-2.572382554651302939e+02
-3.114524766685217969e+02
-3.454565885571190051e+02
-3.454565885571190051e+02
-3.454565885571190051e+02
-3.454565885571190051e+02
-1.994045530834005717e+02
-2.317301257653721507e+02
-1.811424701581872512e+02
-1.994045530834005717e+02
-1.994045530834005717e+02
-1.994045530834005717e+02
-1.811424701581872512e+02
-2.317301257653721507e+02
-2.105075673655779269e+02
-2.105075673655779269e+02
-2.105075673655779269e+02
-2.105075673655779269e+02
-4.325827738267271911e+02
-4.973076256789941567e+02
-3.998231696061672551e+02
-4.325827738267271911e+02
-4.325827738267271911e+02
-4.325827738267271911e+02
-3.998231696061672551e+02
-4.973076256789941567e+02
-4.596463918554857742e+02
-4.596463918554857742e+02
-4.596463918554857742e+02
-4.596463918554857742e+02
-4.222078356325016557e+02
-2.778613459315884597e+02
-4.777344384677551261e+02
-4.222078356325016557e+02
-4.222078356325016557e+02
-4.222078356325016557e+02
-4.777344384677551261e+02
-2.778613459315884597e+02
-3.144042409152849586e+02
-3.144042409152849586e+02
-3.144042409152849586e+02
-3.144042409152849586e+02
-2.966458920741224574e+02
-1.889995168076768266e+02
-3.282662595672188104e+02
-2.966458920741224574e+02
-2.966458920741224574e+02
-2.966458920741224574e+02
-3.282662595672188104e+02
-1.889995168076768266e+02
-2.091455371543300998e+02
-2.091455371543300998e+02
-2.091455371543300998e+02
-2.091455371543300998e+02
-1.953485970800106486e+02
-2.263784087561305682e+02
-2.226347435940317894e+02
-1.953485970800106486e+02
-1.953485970800106486e+02
-1.953485970800106486e+02
-2.226347435940317894e+02
-2.263784087561305682e+02
-2.579987762492268644e+02
-2.579987762492268644e+02
-2.579987762492268644e+02
-2.579987762492268644e+02
-4.327455105529797947e+02
-4.962433060795062829e+02
-4.811670968974905804e+02
-4.327455105529797947e+02
-4.327455105529797947e+02
-4.327455105529797947e+02
-4.811670968974905804e+02
-4.962433060795062829e+02
-5.517699089147597533e+02
-5.517699089147597533e+02
-5.517699089147597533e+02
-5.517699089147597533e+02
-2.941026325910091259e+02
-3.389839046251273658e+02
-2.656803809370229601e+02
-2.941026325910091259e+02
-2.941026325910091259e+02
-2.941026325910091259e+02
-2.656803809370229601e+02
-3.389839046251273658e+02
-3.062243004045674297e+02
-3.062243004045674297e+02
-3.062243004045674297e+02
-3.062243004045674297e+02
-1.979533036284116179e+02
-2.307109809551948274e+02
-1.822841766921257545e+02
-1.979533036284116179e+02
-1.979533036284116179e+02
-1.979533036284116179e+02
-1.822841766921257545e+02
-2.307109809551948274e+02
-2.124488980299815069e+02
-2.124488980299815069e+02
-2.124488980299815069e+02
-2.124488980299815069e+02
