-1.732952606921008964e+02
-1.507428593949540812e+02
-1.531524867400712822e+02
-1.977836481278014560e+02
-1.982997042879814558e+02
-1.807819616531521660e+02
-1.628849117455262672e+02
-2.195516535497077939e+02
-1.628849117455262672e+02
-1.628849117455262672e+02
-1.628849117455262672e+02
-2.195516535497077939e+02
-1.625195199490713094e+02
-2.190591440087963804e+02
-2.190591440087963804e+02
-1.774980300462524667e+02
-1.774980300462524667e+02
-1.677110829866588801e+02
-1.677110829866588801e+02
-1.677110829866588801e+02
-1.421772720769976672e+02
-1.341036344400002349e+02
-1.341036344400002349e+02
-2.032239659339077775e+02
-2.032239659339077775e+02
-1.987394831617907585e+02
-1.987394831617907585e+02
-1.987394831617907585e+02
-1.889289437951923105e+02
-1.679405860014933580e+02
-1.679405860014933580e+02
-1.683256228824370169e+02
-1.683256228824370169e+02
-1.673407764427171571e+02
-2.397360556681823311e+02
-2.379934002523119716e+02
-1.917374613953637947e+02
-2.397360556681823311e+02
-2.397360556681823311e+02
-1.917374613953637947e+02
-1.903437105697126981e+02
-1.903437105697126981e+02
-1.903437105697126981e+02
-1.625701081147619220e+02
-1.675776389127960897e+02
-1.995275509000468048e+02
-1.625701081147619220e+02
-1.995275509000468048e+02
-2.056734553825793341e+02
-2.056734553825793341e+02
-2.056734553825793341e+02
-1.796154516942284545e+02
-1.844635859322477529e+02
-1.651737360323482164e+02
-1.811874377033187784e+02
-1.780590926858567116e+02
-1.811874377033187784e+02
-1.679019389840810845e+02
-1.650029786538227938e+02
-1.650029786538227938e+02
-1.937919331988272802e+02
-1.937919331988272802e+02
-1.937919331988272802e+02
-1.937919331988272802e+02
-1.853763948828119794e+02
-1.945934148566791748e+02
-1.861430716884190133e+02
-1.861430716884190133e+02
-1.861430716884190133e+02
-1.677318602011615667e+02
-1.677318602011615667e+02
-1.405305319151990773e+02
-1.405305319151990773e+02
-2.077754619761146841e+02
-2.034182587828798319e+02
-1.871142270855411596e+02
-2.077754619761146841e+02
-2.077754619761146841e+02
-1.871142270855411596e+02
-1.831903050785694234e+02
-1.831903050785694234e+02
-1.831903050785694234e+02
-1.533040141856870093e+02
-1.533040141856870093e+02
-1.533040141856870093e+02
-1.552938214966771966e+02
-2.081347112016158576e+02
-2.081347112016158576e+02
-1.842022330093600431e+02
-1.842022330093600431e+02
-1.506976984323116824e+02
-1.494120695303471109e+02
-1.494120695303471109e+02
-1.506976984323116824e+02
-2.075265081650967716e+02
-2.075265081650967716e+02
-2.075265081650967716e+02
-1.902002487810783862e+02
-1.794026034609159126e+02
-1.897127260447163621e+02
-1.897127260447163621e+02
-1.897127260447163621e+02
-1.794026034609159126e+02
-1.798636313000769178e+02
-1.730762726011384132e+02
-1.441059060754741097e+02
-1.376620762750761742e+02
-2.047785077655299517e+02
-1.795204516603760965e+02
-1.746450016404022563e+02
-1.604303096530051675e+02
-1.754918600854055910e+02
-1.596561326484533652e+02
-2.004250879858876146e+02
-1.991271481622357840e+02
-1.936043562648666239e+02
-1.630868373679388696e+02
-1.657621745669145525e+02
-1.983347030032914518e+02
-1.792012521264227018e+02
-1.667515566901045645e+02
-1.676425058393166410e+02
-1.676425058393166410e+02
-1.677654902942329045e+02
-1.577407745217120691e+02
-1.677654902942329045e+02
-1.677654902942329045e+02
-1.577407745217120691e+02
-1.659373520452437276e+02
-1.560218754631359559e+02
-2.149046681241463261e+02
-1.917530220423298886e+02
-2.180947939456239055e+02
-1.491754176620537180e+02
-1.491754176620537180e+02
-2.049928035908679078e+02
-1.406798049481691635e+02
-1.933183635541941214e+02
-1.933183635541941214e+02
-1.933183635541941214e+02
-1.933183635541941214e+02
-1.863897068699778572e+02
-1.904255719348926732e+02
-1.863897068699778572e+02
-1.904255719348926732e+02
-1.577300110119272745e+02
-1.506961906046485922e+02
-1.506961906046485922e+02
-2.218936295860010262e+02
-2.218936295860010262e+02
-1.890822777904728582e+02
-1.890822777904728582e+02
-1.782326143974460138e+02
-1.767412797894905054e+02
-1.740441287882987638e+02
-1.535340884682042599e+02
-1.740441287882987638e+02
-1.740441287882987638e+02
-1.499603140076681029e+02
-2.008821621417805829e+02
-1.800098330817253611e+02
-2.048304359601313251e+02
-1.835478680342794462e+02
-1.554525469603483145e+02
-1.883503448970465968e+02
-1.589890063905878890e+02
-1.589890063905878890e+02
-1.589890063905878890e+02
-1.883503448970465968e+02
-1.841607888483494264e+02
-1.841607888483494264e+02
-1.842707784542344882e+02
-1.842707784542344882e+02
-1.842707784542344882e+02
-1.585169821537566008e+02
-1.788445238051847923e+02
-1.729675563601691977e+02
-1.758449070228631399e+02
-1.700665092729221044e+02
-1.700665092729221044e+02
-1.922148077450734718e+02
-1.922148077450734718e+02
-1.922148077450734718e+02
-1.864972884179933317e+02
-1.950545436846593077e+02
-1.731293477192194246e+02
-1.630933422712138849e+02
-1.630933422712138849e+02
-2.276828564389205383e+02
-2.276828564389205383e+02
-1.311634923627198930e+02
-1.311634923627198930e+02
-1.833972824481984105e+02
-1.791079827907614970e+02
-1.791079827907614970e+02
-1.916792645131517929e+02
-1.916792645131517929e+02
-1.538408915862297590e+02
-1.586509701349424972e+02
-1.749629730648535997e+02
-1.749629730648535997e+02
-1.772324767606288844e+02
-1.969253280264314014e+02
-1.982725512824763143e+02
-2.112161318235502563e+02
-2.112161318235502563e+02
-2.112161318235502563e+02
-1.654927803267175364e+02
-1.590344061337532082e+02
-1.654927803267175364e+02
-1.590344061337532082e+02
-1.825903171871729853e+02
-1.441246613782879535e+02
-1.790932945318064071e+02
-1.858276775768905225e+02
-1.495441310379521838e+02
-1.495441310379521838e+02
-1.495441310379521838e+02
-1.495441310379521838e+02
-1.514909673833338672e+02
-1.813206007407268316e+02
-1.511656500981131899e+02
-1.813206007407268316e+02
-1.514909673833338672e+02
-1.817108132364179482e+02
-1.636099997616717587e+02
-1.636099997616717587e+02
-1.901664121503212641e+02
-1.637815632319164649e+02
-1.637815632319164649e+02
-1.654314211402601416e+02
-1.654314211402601416e+02
-2.073562022143426589e+02
-1.965514070492741325e+02
-2.030735905368535157e+02
-2.073562022143426589e+02
-2.006964726327941264e+02
-2.006964726327941264e+02
-1.676035707363157599e+02
-1.722744719280337904e+02
-1.970052824572452437e+02
-2.080088921813793092e+02
-2.080088921813793092e+02
-1.970052824572452437e+02
-1.922202737648538005e+02
-1.922202737648538005e+02
-1.922202737648538005e+02
-1.514692532829297420e+02
-1.514692532829297420e+02
-1.504329756808820093e+02
-1.906721098164741761e+02
-1.906721098164741761e+02
-1.906721098164741761e+02
-1.843971947418552020e+02
-1.843971947418552020e+02
-1.880105245323144629e+02
-1.651613326416693610e+02
-1.651613326416693610e+02
-1.651613326416693610e+02
-1.622074621787329249e+02
-1.650996750594751461e+02
-1.622074621787329249e+02
-1.836520936094266574e+02
-1.378714468003081208e+02
-1.812165621453318067e+02
-1.812165621453318067e+02
-1.839006651789041769e+02
-1.839006651789041769e+02
-1.911176298111380731e+02
-1.942715732102884090e+02
-1.465582804405762545e+02
-1.465582804405762545e+02
-1.809971179897378875e+02
-1.928150722541797677e+02
-1.891043532262182794e+02
-1.928150722541797677e+02
-1.928150722541797677e+02
-1.928150722541797677e+02
-1.510222750925562707e+02
-1.891043532262182794e+02
-1.481158569205721278e+02
-1.736173779684745853e+02
-1.736173779684745853e+02
-2.106899740351985315e+02
-2.106899740351985315e+02
-2.080780860224439550e+02
-1.685235944325049218e+02
-1.685235944325049218e+02
-1.749072682901118583e+02
-2.051414047990485869e+02
-2.004264769377702748e+02
-1.963263879228109943e+02
-1.918140625966383084e+02
-1.918140625966383084e+02
-1.918140625966383084e+02
-1.918140625966383084e+02
-1.561502927009734378e+02
-1.934058463646423149e+02
-1.577620299581886911e+02
-1.954021244564553399e+02
-1.954021244564553399e+02
-1.954021244564553399e+02
-1.830951801017822049e+02
-1.595651873212791827e+02
-1.601082416645452895e+02
