2.216408003870119769e-01
2.185038718501942090e-01
2.185038718501942090e-01
2.153662787848126536e-01
2.153662787848126536e-01
1.689466430874141112e-01
2.061880851988371066e-01
2.061880851988371066e-01
2.218280077119495208e-01
2.316199185309408826e-01
2.061880851988371066e-01
2.491889142118695333e-01
2.491889142118695333e-01
2.218280077119495208e-01
2.491889142118695333e-01
2.562359433867112957e-01
2.562359433867112957e-01
2.948918998934040303e-01
2.517357927214709523e-01
2.948918998934040303e-01
2.898888084110211039e-01
2.136773375908739003e-01
2.898888084110211039e-01
2.221984003351167858e-01
2.221984003351167858e-01
1.837645322461752273e-01
1.693665953540692548e-01
1.837645322461752273e-01
2.598470197595569853e-01
1.693665953540692548e-01
2.598470197595569853e-01
2.053989884356700601e-01
2.176388105274794371e-01
2.456682721133223446e-01
2.693768409018395538e-01
2.693768409018395538e-01
2.693768409018395538e-01
2.693768409018395538e-01
2.577505654147808634e-01
2.049182928321085784e-01
2.049182928321085784e-01
2.141614792475096951e-01
2.049182928321085784e-01
2.371820674054156142e-01
2.371820674054156142e-01
2.371820674054156142e-01
2.097591858352405025e-01
2.000631566986526277e-01
2.000631566986526277e-01
2.097591858352405025e-01
2.000631566986526277e-01
2.300033240612889829e-01
2.462889731186471975e-01
2.462889731186471975e-01
2.934936219979550343e-01
2.934936219979550343e-01
2.934936219979550343e-01
2.691819427655772756e-01
2.804479025725007957e-01
2.691819427655772756e-01
1.752148670991899582e-01
1.752148670991899582e-01
1.727327845902799364e-01
1.932562045392104133e-01
1.905185496074884022e-01
1.905185496074884022e-01
1.932562045392104133e-01
1.905185496074884022e-01
1.905185496074884022e-01
1.752605928576288219e-01
1.752605928576288219e-01
2.992839943830572502e-01
2.705896726555806486e-01
3.031013813747239771e-01
3.031013813747239771e-01
3.031013813747239771e-01
2.864537684745772084e-01
3.031013813747239771e-01
2.253300432991521829e-01
2.864537684745772084e-01
2.253300432991521829e-01
2.253300432991521829e-01
2.547298267208948364e-01
2.405111412984725638e-01
1.851260930949452654e-01
1.747925969548045078e-01
2.405111412984725638e-01
1.747925969548045078e-01
2.117433982917818480e-01
2.454256118534427766e-01
2.445519561072967141e-01
2.535619548471106932e-01
2.445519561072967141e-01
2.335190911917431333e-01
2.335190911917431333e-01
2.535619548471106932e-01
2.335190911917431333e-01
2.257982249140894904e-01
2.257982249140894904e-01
2.257982249140894904e-01
2.046083942898105912e-01
2.023678519074889881e-01
1.833768234910770623e-01
2.046083942898105912e-01
2.204668717797980126e-01
2.334091553344288805e-01
2.334091553344288805e-01
2.528112448757808273e-01
2.832318049972641916e-01
2.505586985369429032e-01
2.505586985369429032e-01
2.505586985369429032e-01
2.216639286267001463e-01
2.132083440039488631e-01
2.132083440039488631e-01
2.428416307853555889e-01
1.710541583205236194e-01
1.583412830776641245e-01
2.448883098469579467e-01
3.284512011382929031e-01
2.220168288215777497e-01
1.956399635154617012e-01
2.220168288215777497e-01
1.946853664069063405e-01
1.946853664069063405e-01
1.896945692488518354e-01
1.946853664069063405e-01
1.898035625195743370e-01
1.898035625195743370e-01
1.898035625195743370e-01
2.722290927278900319e-01
2.722290927278900319e-01
2.655752167535972985e-01
2.252411242170397621e-01
2.655480183276350825e-01
2.790007128132899750e-01
2.790007128132899750e-01
2.655480183276350825e-01
2.366518666084919953e-01
2.790007128132899750e-01
2.790007128132899750e-01
2.469379232473507546e-01
2.469379232473507546e-01
2.283131767708273530e-01
2.041260574964415819e-01
2.306059031419882832e-01
3.172240519377622636e-01
2.306059031419882832e-01
3.172240519377622636e-01
3.259046704847174403e-01
2.473254364790432591e-01
2.058200515745854942e-01
2.269621223920996744e-01
2.269621223920996744e-01
2.885265458989139109e-01
2.885265458989139109e-01
2.885265458989139109e-01
2.885265458989139109e-01
1.560197415199642279e-01
1.943828819123874785e-01
2.409832266308556403e-01
2.409832266308556403e-01
2.409832266308556403e-01
2.320105396239179607e-01
2.320105396239179607e-01
2.320105396239179607e-01
2.531866746929299916e-01
2.320105396239179607e-01
2.513310166094821496e-01
2.531866746929299916e-01
2.303100858625959091e-01
2.320880043818882299e-01
2.320880043818882299e-01
2.277283390908372562e-01
2.270049158224221875e-01
1.665598082998114293e-01
2.120264029524674410e-01
2.120264029524674410e-01
1.958774402801504166e-01
1.802917016873038236e-01
2.928203674587149807e-01
2.928203674587149807e-01
2.838045235662468024e-01
2.401221281056614698e-01
2.401221281056614698e-01
2.704536840592388636e-01
2.704536840592388636e-01
1.601174951921263967e-01
2.041573222240805063e-01
1.975104317711850188e-01
2.231113279501963365e-01
2.580715656391198154e-01
3.089481703513712874e-01
3.089481703513712874e-01
3.089481703513712874e-01
2.204832550880215791e-01
2.204832550880215791e-01
2.401061046998467785e-01
2.530259075121710222e-01
2.061152135838080490e-01
2.223629836129531190e-01
2.223629836129531190e-01
2.639463856077776671e-01
3.112256644650275850e-01
3.347167863057891046e-01
2.838688965433682210e-01
3.347167863057891046e-01
2.421275088658498831e-01
2.421275088658498831e-01
2.421275088658498831e-01
2.457563650846465997e-01
2.457563650846465997e-01
1.942377052041624197e-01
1.521535262389707710e-01
1.610880151684453143e-01
1.610880151684453143e-01
2.056433864902307285e-01
1.521535262389707710e-01
1.610880151684453143e-01
2.056095516483361085e-01
2.056095516483361085e-01
2.056095516483361085e-01
2.726206964723600357e-01
2.726206964723600357e-01
2.747222302898037483e-01
2.620455542958593509e-01
2.012418829032481815e-01
2.012418829032481815e-01
2.012418829032481815e-01
2.753722967249054299e-01
2.116766617569925957e-01
1.978875176359818910e-01
2.283474792692878064e-01
2.283474792692878064e-01
2.288737375648441097e-01
2.671171064724900956e-01
2.671171064724900956e-01
2.671171064724900956e-01
3.351598742216708726e-01
2.871188173282092082e-01
1.480115865383253293e-01
1.613165597077799718e-01
1.983960793763791253e-01
2.162301866565157493e-01
2.162301866565157493e-01
1.613165597077799718e-01
2.162301866565157493e-01
2.272338680067590988e-01
2.135583728122962821e-01
2.143374826420889057e-01
2.135583728122962821e-01
2.272338680067590988e-01
2.143374826420889057e-01
2.456591706869197811e-01
2.456591706869197811e-01
2.513904525942698420e-01
2.481141238870716026e-01
2.513904525942698420e-01
2.513904525942698420e-01
2.398644099902007276e-01
2.398644099902007276e-01
2.523927509171223216e-01
1.807487036464415497e-01
2.235489583838506100e-01
1.916452377832619791e-01
1.916452377832619791e-01
2.686251512011339493e-01
2.740211757363391620e-01
2.776474583998022050e-01
2.776474583998022050e-01
1.833686486382454517e-01
2.348791246472602123e-01
2.295801397890007423e-01
2.777142554428826404e-01
2.777142554428826404e-01
2.777142554428826404e-01
2.957376525428357938e-01
2.974411820882042479e-01
3.167448383953171964e-01
3.167448383953171964e-01
3.167448383953171964e-01
2.686252380301094034e-01
2.498435829639241712e-01
1.619574261197950227e-01
2.050434633111431482e-01
1.591242848828295364e-01
2.091297483607236496e-01
2.529016098072185970e-01
2.724352565263146175e-01
2.517839299595047708e-01
1.899609859551611990e-01
1.899609859551611990e-01
1.899609859551611990e-01
2.077365636774980151e-01
1.899609859551611990e-01
1.899609859551611990e-01
2.625069626643701248e-01
1.988076219048479643e-01
1.988076219048479643e-01
2.478533798389856158e-01
1.988076219048479643e-01
1.988076219048479643e-01
2.049052697445706839e-01
2.049052697445706839e-01
2.798885713066417424e-01
