1.757978236794673421e+02
1.532454223823205268e+02
1.556950532422406468e+02
2.003004769986790734e+02
2.008231000568570721e+02
1.833053574220277824e+02
1.654599863363532393e+02
2.221267281405347376e+02
1.654599863363532393e+02
1.654599863363532393e+02
1.654599863363532393e+02
2.221267281405347376e+02
1.650888180003731236e+02
2.216284420600981946e+02
2.216284420600981946e+02
1.799405217219294855e+02
1.799405217219294855e+02
1.701451720154712177e+02
1.701451720154712177e+02
1.701451720154712177e+02
1.447958544527927813e+02
1.365735187509362163e+02
1.365735187509362163e+02
2.058425483097028632e+02
2.058425483097028632e+02
2.013416772884563102e+02
2.013416772884563102e+02
2.013416772884563102e+02
1.914026836886423837e+02
1.704143258949434312e+02
1.704143258949434312e+02
1.708665636385045730e+02
1.708665636385045730e+02
1.698668505586719277e+02
2.422566983443011281e+02
2.404957202293325054e+02
1.942581040714825917e+02
2.422566983443011281e+02
2.422566983443011281e+02
1.942581040714825917e+02
1.928460305467332603e+02
1.928460305467332603e+02
1.928460305467332603e+02
1.650831404419801913e+02
1.701680783779004855e+02
2.020405832272651026e+02
1.650831404419801913e+02
2.020405832272651026e+02
2.082638948476837584e+02
2.082638948476837584e+02
2.082638948476837584e+02
1.820980614615961315e+02
1.870132056661817046e+02
1.676563457997158935e+02
1.837681499760729480e+02
1.805952469115282213e+02
1.837681499760729480e+02
1.704826512568352825e+02
1.675391328794943036e+02
1.675391328794943036e+02
1.962733591775499633e+02
1.962733591775499633e+02
1.962733591775499633e+02
1.962733591775499633e+02
1.878578208615346909e+02
1.970851034783015905e+02
1.886347603100414290e+02
1.886347603100414290e+02
1.886347603100414290e+02
1.701963433417494969e+02
1.701963433417494969e+02
1.430819083498998623e+02
1.430819083498998623e+02
2.103379894583568728e+02
2.059270481921937233e+02
1.896767545677833198e+02
2.103379894583568728e+02
2.103379894583568728e+02
1.896767545677833198e+02
1.856990944878833147e+02
1.856990944878833147e+02
1.856990944878833147e+02
1.558344140398550337e+02
1.558344140398550337e+02
1.558344140398550337e+02
1.578570646404113518e+02
2.106979543453500128e+02
2.106979543453500128e+02
1.866969497694786924e+02
1.866969497694786924e+02
1.532167253648666758e+02
1.519096061955456207e+02
1.519096061955456207e+02
1.532167253648666758e+02
2.100455350976517650e+02
2.100455350976517650e+02
2.100455350976517650e+02
1.927402737837004452e+02
1.819361178519712610e+02
1.922462404357717105e+02
1.922462404357717105e+02
1.922462404357717105e+02
1.819361178519712610e+02
1.824036563026989768e+02
1.756326903971661011e+02
1.466623238715017976e+02
1.401041814684845122e+02
2.072310070642041637e+02
1.819729509590503369e+02
1.771208638023707351e+02
1.629181773390987757e+02
1.779797277714991992e+02
1.621319948104218440e+02
2.030342228779837797e+02
2.017193864666055276e+02
1.962134911569627889e+02
1.655918266997903743e+02
1.683082566763972920e+02
2.008396923351429564e+02
1.817117703639714534e+02
1.692620749276533161e+02
1.701664377092909035e+02
1.701664377092909035e+02
1.702831327540971245e+02
1.602584169815762891e+02
1.702831327540971245e+02
1.702831327540971245e+02
1.602584169815762891e+02
1.684275597897199361e+02
1.585120832076121644e+02
2.174429529661398419e+02
1.942913068843234043e+02
2.206707580436679734e+02
1.518239303281411310e+02
1.518239303281411310e+02
2.076413162569553208e+02
1.431774835275716669e+02
1.958160421335966248e+02
1.958160421335966248e+02
1.958160421335966248e+02
1.958160421335966248e+02
1.888670677814336898e+02
1.929565747267057247e+02
1.888670677814336898e+02
1.929565747267057247e+02
1.602437135098772671e+02
1.530977969211904224e+02
1.530977969211904224e+02
2.244073320839510473e+02
2.244073320839510473e+02
1.916490413766665597e+02
1.916490413766665597e+02
1.807993779836397152e+02
1.792865663672283176e+02
1.765699595954036738e+02
1.560599192753091415e+02
1.765699595954036738e+02
1.765699595954036738e+02
1.524273516847252949e+02
2.033879604924458704e+02
1.825156314323906201e+02
2.073854849655909902e+02
1.861029170397391397e+02
1.579005004063969864e+02
1.908539879295211392e+02
1.614926494230624314e+02
1.614926494230624314e+02
1.614926494230624314e+02
1.908539879295211392e+02
1.866087422943981267e+02
1.866087422943981267e+02
1.867986406390930085e+02
1.867986406390930085e+02
1.867986406390930085e+02
1.610823242237850366e+02
1.814087569955260903e+02
1.755317895505104957e+02
1.783661323718242215e+02
1.725877346218831576e+02
1.725877346218831576e+02
1.946409403662773059e+02
1.946409403662773059e+02
1.946409403662773059e+02
1.889234210391971658e+02
1.975919971530804560e+02
1.756097779871829516e+02
1.655737725391773836e+02
1.655737725391773836e+02
2.303006428130443908e+02
2.303006428130443908e+02
1.337035261916895763e+02
1.337035261916895763e+02
1.859373162771680938e+02
1.815886102529244113e+02
1.815886102529244113e+02
1.941952833424626874e+02
1.941952833424626874e+02
1.563569104155406251e+02
1.612456562683377683e+02
1.774596974910102176e+02
1.774596974910102176e+02
1.797292011867855024e+02
1.994564515563482416e+02
2.008209909622129885e+02
2.137472553534670965e+02
2.137472553534670965e+02
2.137472553534670965e+02
1.680803162831851125e+02
1.615209632111927931e+02
1.680803162831851125e+02
1.615209632111927931e+02
1.850768742646125702e+02
1.466146009123151259e+02
1.815832340658335795e+02
1.884112454437097028e+02
1.521276989047713357e+02
1.521276989047713357e+02
1.521276989047713357e+02
1.521276989047713357e+02
1.539543893986179626e+02
1.837787327128076527e+02
1.536237820701940109e+02
1.837787327128076527e+02
1.539543893986179626e+02
1.841742352517020720e+02
1.661637837000484978e+02
1.661637837000484978e+02
1.927228740181360820e+02
1.663380250997312828e+02
1.663380250997312828e+02
1.679432111397574658e+02
1.679432111397574658e+02
2.099045090630943946e+02
1.990470826839519987e+02
2.055692661715313818e+02
2.099045090630943946e+02
2.032447794815458622e+02
2.032447794815458622e+02
1.700958177945539092e+02
1.748501731689706560e+02
1.994038493615871062e+02
2.105414295751588156e+02
2.105414295751588156e+02
1.994038493615871062e+02
1.946188406691956629e+02
1.946188406691956629e+02
1.946188406691956629e+02
1.540295008288948679e+02
1.540295008288948679e+02
1.529757072813329160e+02
1.932148414169250827e+02
1.932148414169250827e+02
1.932148414169250827e+02
1.868648602667286411e+02
1.868648602667286411e+02
1.905265448565458541e+02
1.676773529659007806e+02
1.676773529659007806e+02
1.676773529659007806e+02
1.646918296930122096e+02
1.676283396709950750e+02
1.646918296930122096e+02
1.861807582209466148e+02
1.404478013414536690e+02
1.837680768324503902e+02
1.837680768324503902e+02
1.865303767581982299e+02
1.865303767581982299e+02
1.935882848512974590e+02
1.967830005547254757e+02
1.490768574272844091e+02
1.490768574272844091e+02
1.835307432518021926e+02
1.953583195441141811e+02
1.915986558148840686e+02
1.953583195441141811e+02
1.953583195441141811e+02
1.953583195441141811e+02
1.535655223824907125e+02
1.915986558148840686e+02
1.506101595092379171e+02
1.762133823790807696e+02
1.762133823790807696e+02
2.131626528519391286e+02
2.131626528519391286e+02
2.105627065317112852e+02
1.709739457497593946e+02
1.709739457497593946e+02
1.774657511019333072e+02
2.077126612534208618e+02
2.029977333921425782e+02
1.987871563503481980e+02
1.942748310241755121e+02
1.942748310241755121e+02
1.942748310241755121e+02
1.942748310241755121e+02
1.586752458347253594e+02
1.959307994983942365e+02
1.603130449133307422e+02
1.979531394115974194e+02
1.979531394115974194e+02
1.979531394115974194e+02
1.855960218057885527e+02
1.620660290252855305e+02
1.626175945793738720e+02
