6.654765031620033966e+00
6.560578752302080652e+00
6.560578752302080652e+00
6.466372520513999689e+00
6.466372520513999689e+00
5.072622958699607665e+00
6.190797258095083855e+00
6.190797258095083855e+00
6.660385931551284777e+00
6.954388053891499943e+00
6.190797258095083855e+00
7.481897149211381937e+00
7.481897149211381937e+00
6.660385931551284777e+00
7.481897149211381937e+00
7.693484200186006206e+00
7.693484200186006206e+00
8.854129294299456276e+00
7.558367176462165382e+00
8.854129294299456276e+00
8.703911472540907468e+00
6.415662061165988916e+00
8.703911472540907468e+00
6.671506970061881425e+00
6.671506970061881425e+00
5.517530080691410710e+00
5.085232025505928455e+00
5.517530080691410710e+00
7.801906768280697513e+00
5.085232025505928455e+00
7.801906768280697513e+00
6.167104627780992665e+00
6.534605286087570519e+00
7.376189870202502163e+00
8.088039648077732124e+00
8.088039648077732124e+00
8.088039648077732124e+00
8.088039648077732124e+00
7.738960726578794080e+00
6.152671742284059775e+00
6.152671742284059775e+00
6.430198414406477880e+00
6.152671742284059775e+00
7.121391573847603240e+00
7.121391573847603240e+00
7.121391573847603240e+00
6.298019554703095046e+00
6.006896279877044442e+00
6.006896279877044442e+00
6.298019554703095046e+00
6.006896279877044442e+00
6.905849804940200620e+00
7.394826417887381709e+00
7.394826417887381709e+00
8.812146000488599640e+00
8.812146000488599640e+00
8.812146000488599640e+00
8.082187831536456812e+00
8.420448274739335659e+00
8.082187831536456812e+00
5.260826384653177534e+00
5.260826384653177534e+00
5.186301857323154074e+00
5.802517541289792469e+00
5.720319451964838819e+00
5.720319451964838819e+00
5.802517541289792469e+00
5.720319451964838819e+00
5.720319451964838819e+00
5.262199300550304493e+00
5.262199300550304493e+00
8.986001931351292882e+00
8.124454921483808434e+00
9.100618975776086472e+00
9.100618975776086472e+00
9.100618975776086472e+00
8.600774398449180680e+00
9.100618975776086472e+00
6.765534550057043184e+00
8.600774398449180680e+00
6.765534550057043184e+00
6.765534550057043184e+00
7.648263047294867611e+00
7.221347017486637654e+00
5.558410945175730866e+00
5.248147723568004963e+00
7.221347017486637654e+00
5.248147723568004963e+00
6.357595533710749258e+00
7.368903995899618309e+00
7.342672482121583855e+00
7.613197694284497885e+00
7.342672482121583855e+00
7.011410713032087294e+00
7.011410713032087294e+00
7.613197694284497885e+00
7.011410713032087294e+00
6.779591703045536377e+00
6.779591703045536377e+00
6.779591703045536377e+00
6.143367038551562409e+00
6.076094753522355951e+00
5.505889125319588295e+00
6.143367038551562409e+00
6.619517825188435012e+00
7.008109888916226105e+00
7.008109888916226105e+00
7.590657627395318130e+00
8.504034945042857174e+00
7.523024923571710154e+00
7.523024923571710154e+00
7.523024923571710154e+00
6.655459457016672076e+00
6.401580528718564089e+00
6.401580528718564089e+00
7.291319964330301495e+00
5.135901103573721649e+00
4.754197024406864536e+00
7.352771503154912125e+00
9.861747314177243595e+00
6.666055285367870731e+00
5.874089904551737185e+00
6.666055285367870731e+00
5.845428126367361976e+00
5.845428126367361976e+00
5.695579441696775547e+00
5.845428126367361976e+00
5.698851964650219593e+00
5.698851964650219593e+00
5.698851964650219593e+00
8.173678509154896688e+00
8.173678509154896688e+00
7.973895883026758113e+00
6.762864754616618512e+00
7.973079250287243624e+00
8.376996402219031523e+00
8.376996402219031523e+00
7.973079250287243624e+00
7.105472294919971787e+00
8.376996402219031523e+00
8.376996402219031523e+00
7.414311145501706335e+00
7.414311145501706335e+00
6.855103132544090982e+00
6.128884876330657150e+00
6.923942241838196843e+00
9.524652159431312270e+00
6.923942241838196843e+00
9.524652159431312270e+00
9.785287731303640157e+00
7.425946230283273053e+00
6.179747048526929021e+00
6.814537724822792519e+00
6.814537724822792519e+00
8.663009540614890369e+00
8.663009540614890369e+00
8.663009540614890369e+00
8.663009540614890369e+00
4.684492739136925543e+00
5.836346029419433812e+00
7.235521379591440372e+00
7.235521379591440372e+00
7.235521379591440372e+00
6.966116452208136245e+00
6.966116452208136245e+00
6.966116452208136245e+00
7.601929907655222252e+00
6.966116452208136245e+00
7.546213773699700589e+00
7.601929907655222252e+00
6.915060328024441816e+00
6.968442331566193637e+00
6.968442331566193637e+00
6.837543381202388026e+00
6.815822597568225838e+00
5.000958244201838099e+00
6.366092748647834476e+00
6.366092748647834476e+00
5.881220144411516415e+00
5.413258343161296615e+00
8.791931532947916850e+00
8.791931532947916850e+00
8.521230820076560519e+00
7.209666896372485034e+00
7.209666896372485034e+00
8.120371863878647289e+00
8.120371863878647289e+00
4.807527793143594685e+00
6.129823599778016607e+00
5.930250713929829942e+00
6.698917621704643999e+00
7.748598758314571455e+00
9.276168814799921947e+00
9.276168814799921947e+00
9.276168814799921947e+00
6.620009734017847869e+00
6.620009734017847869e+00
7.209185793612898685e+00
7.597102873052934413e+00
6.188609287853835461e+00
6.676448582978917301e+00
6.676448582978917301e+00
7.924990227873522919e+00
9.344550575562452721e+00
1.004987150883131619e+01
8.523163618714630019e+00
1.004987150883131619e+01
7.269878453697142362e+00
7.269878453697142362e+00
7.269878453697142362e+00
7.378834861666513589e+00
7.378834861666513589e+00
5.831987098754976451e+00
4.568409625325097423e+00
4.836667655432570712e+00
4.836667655432570712e+00
6.174442679369177789e+00
4.568409625325097423e+00
4.836667655432570712e+00
6.173426788241290986e+00
6.173426788241290986e+00
6.173426788241290986e+00
8.185436411582609040e+00
8.185436411582609040e+00
8.248534964451357254e+00
7.867917767733176859e+00
6.042287534170025509e+00
6.042287534170025509e+00
6.042287534170025509e+00
8.268053209165284301e+00
6.355591769253702950e+00
5.941572717020355832e+00
6.856133065060365794e+00
6.856133065060365794e+00
6.871933970384444201e+00
8.020191121836514725e+00
8.020191121836514725e+00
8.020191121836514725e+00
1.006317522350566662e+01
8.620742490279480919e+00
4.444047885813217746e+00
4.843529705226092830e+00
5.956842283275782357e+00
6.492311354361884668e+00
6.492311354361884668e+00
4.843529705226092830e+00
6.492311354361884668e+00
6.822696886902940960e+00
6.412090143689195720e+00
6.435482916328718161e+00
6.412090143689195720e+00
6.822696886902940960e+00
6.435482916328718161e+00
7.375916599874766000e+00
7.375916599874766000e+00
7.547998339142951707e+00
7.449626569709323576e+00
7.547998339142951707e+00
7.547998339142951707e+00
7.201928909955776170e+00
7.201928909955776170e+00
7.578092346286596559e+00
5.426979826984406508e+00
6.712057475475113222e+00
5.754148264442440208e+00
5.754148264442440208e+00
8.065470164814046328e+00
8.227485801483583217e+00
8.336364938454060791e+00
8.336364938454060791e+00
5.505643675363319112e+00
7.052245717533987879e+00
6.893143697164746619e+00
8.338370519672551495e+00
8.338370519672551495e+00
8.338370519672551495e+00
8.879523017598643264e+00
8.930671492198332118e+00
9.510263772819397943e+00
9.510263772819397943e+00
9.510263772819397943e+00
8.065472771854034661e+00
7.501553578491822805e+00
4.862771719246845592e+00
6.156429985917072578e+00
4.777706653606956344e+00
6.279120694530726965e+00
7.593370834461738106e+00
8.179868577202595858e+00
7.559812497034129386e+00
5.703578603303714800e+00
5.703578603303714800e+00
5.703578603303714800e+00
6.237290324416878029e+00
5.703578603303714800e+00
5.703578603303714800e+00
7.881771553997713120e+00
5.969198847693059307e+00
5.969198847693059307e+00
7.441797729665542427e+00
5.969198847693059307e+00
5.969198847693059307e+00
6.152280724080734231e+00
6.152280724080734231e+00
8.403654353481917028e+00
