2.183300794539109635e+00
2.090322529275336016e+00
2.095764097495969924e+00
2.156988069136595687e+00
2.157762742401454936e+00
2.193860750348843425e+00
2.168714061866743315e+00
2.244935122652591986e+00
2.189167209167211858e+00
2.147311087392721252e+00
2.168714061866743315e+00
2.215987973754099283e+00
2.131823579077728681e+00
2.233202778205193972e+00
2.215419434229574769e+00
2.059247890039900497e+00
2.059247890039900497e+00
1.968572713785391670e+00
2.125358861530042276e+00
2.072167896586959213e+00
1.976646512583996040e+00
2.053830405358045841e+00
1.951852025606338081e+00
2.196313348799537657e+00
2.202324358636541746e+00
2.253323483132171123e+00
2.234579746846874659e+00
2.253323483132171123e+00
2.270301297471661872e+00
2.301954695988217559e+00
2.244755104924933686e+00
2.099674659537924093e+00
2.118755286184835107e+00
2.120083644534082712e+00
2.250479372665974420e+00
2.248828313025122760e+00
2.196052304953284295e+00
2.201252628902324204e+00
2.240393078040613162e+00
2.168668279291771306e+00
2.220772753853351489e+00
2.179097890669346782e+00
2.166553689741930633e+00
2.098595600809794792e+00
2.108776975946844878e+00
2.162409822987105823e+00
2.123771435429210541e+00
2.193275979414722077e+00
2.179512227273852520e+00
2.213610140041153418e+00
2.201388174569500755e+00
2.138682435033539608e+00
2.130437098798044993e+00
2.148260313332266858e+00
2.135736396857324415e+00
2.130250974738340908e+00
2.135736396857324415e+00
2.117824815627633583e+00
2.099743589734583971e+00
2.112116036656140228e+00
2.220733712318740505e+00
2.141569050981858346e+00
2.217174778821100478e+00
2.206952327411147330e+00
2.105554085843026613e+00
2.121302267006165199e+00
2.111634670338170761e+00
2.106931482802110622e+00
2.106931482802110622e+00
2.185118135431356468e+00
2.181612583109099557e+00
2.067176308262959061e+00
2.025050728407479905e+00
2.110354115805508801e+00
2.103295322443177628e+00
2.074947555405650235e+00
2.091410330538914231e+00
2.110354115805508801e+00
2.140478899056368789e+00
2.067029763153711119e+00
2.133867382340379315e+00
2.133867382340379315e+00
2.138183620931409124e+00
2.120044450230266886e+00
2.196951382567858158e+00
2.119701093306616269e+00
2.146583238088639600e+00
2.204175453536295848e+00
2.222980208700249705e+00
2.142026265178891276e+00
2.041930742338119664e+00
2.052148501606071651e+00
2.038693013804552034e+00
2.131164802384234669e+00
2.179096159124587206e+00
2.202967741371617993e+00
2.220194017453646307e+00
2.198802908027513325e+00
2.183100370765861165e+00
2.220647300368739252e+00
2.170969495825541440e+00
2.212590062641643041e+00
2.195318540424452181e+00
2.180822612611873712e+00
2.178848746738704101e+00
2.060933379240784458e+00
2.043995299841937729e+00
2.199733939956494133e+00
2.104513561817637157e+00
2.089595395837630321e+00
2.059941533377893208e+00
2.095882034659553916e+00
2.104313268392369096e+00
2.215359480942761916e+00
2.205447544700393614e+00
2.152405263915737166e+00
2.174835037269865712e+00
2.157231599296029589e+00
2.191159633999309353e+00
2.148476297091145515e+00
2.159295588208155259e+00
2.122060372563200570e+00
2.160870807596666943e+00
2.154697829400299636e+00
2.136130304662344770e+00
2.158677988737554010e+00
2.154697829400299636e+00
2.127374331865203860e+00
2.142952497692649061e+00
2.123862204053885261e+00
2.242243272836133006e+00
2.214896500528195311e+00
2.225353057998781914e+00
1.993786537616299759e+00
1.936370957147810490e+00
2.183575994115428909e+00
2.065087623049207455e+00
2.152396555908657749e+00
2.204438567294044304e+00
2.166924084043885923e+00
2.166924084043885923e+00
2.194923635546655039e+00
2.200648058171510879e+00
2.208467173083390467e+00
2.152325774588253804e+00
2.188979332179294968e+00
2.096303683970015097e+00
2.176246475534434843e+00
2.233711923658650900e+00
2.240067176627799306e+00
2.135757314195837697e+00
2.125405839741826508e+00
2.141644099450460637e+00
2.139041498459429036e+00
2.108868195856401950e+00
2.066121816331833561e+00
2.001977570071145962e+00
2.108868195856401950e+00
2.018330510098787389e+00
2.202151242806157150e+00
2.163849078929043213e+00
2.199483353250176076e+00
2.140074294633079965e+00
2.072152760172066621e+00
2.135585499766728290e+00
2.071837197761819738e+00
2.053756169052805003e+00
2.080127214296075611e+00
2.101811897011345742e+00
2.096671899483857349e+00
2.118603327517832646e+00
2.221222738049703604e+00
2.234510052203644737e+00
2.216491014272797155e+00
2.192506187997458333e+00
2.166936330487603257e+00
2.200898944551171077e+00
2.205111120900048238e+00
2.174615243539514076e+00
2.216448438107105456e+00
2.119091436584870980e+00
2.070980509109809020e+00
2.108883911138642375e+00
2.102347073096809460e+00
2.117206273660237947e+00
2.180863068126356108e+00
2.119488460795266427e+00
2.242836447531555422e+00
2.218063962442020642e+00
2.209677708666669904e+00
2.076218570823636256e+00
2.125016160386934416e+00
2.048647945648118807e+00
2.080188479695434189e+00
2.039774878381501289e+00
2.174442618960033435e+00
2.092990573413922473e+00
2.162055538105772445e+00
2.160237022573521681e+00
2.173878538663355453e+00
2.168118356139780101e+00
2.165209510679644733e+00
2.106864869205421709e+00
2.160443945398748067e+00
2.159510711535910676e+00
2.139474595302217619e+00
2.187394779247702203e+00
2.084832625012467133e+00
2.070773531380110555e+00
2.084832625012467133e+00
2.099514725191575781e+00
2.216798244697554932e+00
2.145022443220548691e+00
2.136093978488202705e+00
2.182000166712763978e+00
2.067404235783308675e+00
2.189979910303711197e+00
2.126213133083154627e+00
2.117355851127788124e+00
2.131892207134813422e+00
2.184363157830677249e+00
2.131211793907975771e+00
2.145010417932835090e+00
2.087233723349051662e+00
2.147997667329452298e+00
2.075832648771696043e+00
2.217786472041808121e+00
2.253011624485862008e+00
2.165002505721421056e+00
2.155965488379060879e+00
2.155580581058748724e+00
2.135083996596244482e+00
2.223424067323708009e+00
2.210019346646237004e+00
2.218796174733449256e+00
2.098264345690627142e+00
2.087221925730621930e+00
2.087221925730621930e+00
2.052493602772201609e+00
2.115986588357010145e+00
2.225479071896520722e+00
2.258029906045778912e+00
2.203047942440897078e+00
2.216590875726064613e+00
2.204878142148461340e+00
2.245127449004655329e+00
2.210399098028337228e+00
2.114580845343236870e+00
2.124736461615047922e+00
2.166498825188288180e+00
2.227845222906671641e+00
2.220112426976149855e+00
2.228727151483462343e+00
2.269797315564402673e+00
2.115301706526282022e+00
2.123241188633455234e+00
2.075671947208579393e+00
2.080273674694846697e+00
2.080273674694846697e+00
2.118457430134131236e+00
2.124174209225606624e+00
2.134628621107448776e+00
2.267299542297008585e+00
2.050013256537499995e+00
2.193459408792754139e+00
2.193459408792754139e+00
2.024681903417402395e+00
2.032290770116544909e+00
2.149332236385364414e+00
2.165141186921683669e+00
2.169775317949172777e+00
2.137680497854248962e+00
2.191677065895932142e+00
2.125791944437101400e+00
2.119530742022117220e+00
2.120881202948042610e+00
2.145362531123384819e+00
2.102420365803358226e+00
2.032994623796080536e+00
2.111688647601908109e+00
2.031388739528014131e+00
2.145304852999857737e+00
2.161864606961274138e+00
2.207219751531354301e+00
2.174568522980947716e+00
2.232019775810987205e+00
2.069534521229806412e+00
2.142178206453454248e+00
2.127546975696621878e+00
2.222475807206294007e+00
2.223650032544773225e+00
2.218423100972508610e+00
2.237125087559398651e+00
2.234586873837201004e+00
2.212605958383386806e+00
2.212605958383386806e+00
2.003749850347158024e+00
2.203426798300970990e+00
2.146512804391814466e+00
2.159663110717600087e+00
2.206115119504192812e+00
2.206115119504192812e+00
2.216252107929276072e+00
2.180111931543823989e+00
2.111089063664186583e+00
