6.670012265005811969e+02
6.670012265005811969e+02
6.670012265005811969e+02
6.670012265005811969e+02
5.931539861453754838e+02
1.275308240663700445e+02
1.141849372551883164e+02
1.141849372551883164e+02
1.141849372551883164e+02
1.275308240663700445e+02
5.931539861453754838e+02
1.141849372551883164e+02
6.910549735964131912e+01
6.910549735964131912e+01
6.910549735964131912e+01
6.910549735964131912e+01
5.220070739881121114e+01
2.603965416532456629e+02
1.901082044476885642e+02
1.901082044476885642e+02
1.901082044476885642e+02
2.603965416532456629e+02
5.220070739881121114e+01
1.901082044476885642e+02
2.921300947376106478e+02
2.921300947376106478e+02
2.921300947376106478e+02
2.921300947376106478e+02
2.467540795795931672e+02
6.257772650171531268e+02
5.270177026144085630e+02
5.270177026144085630e+02
5.270177026144085630e+02
6.257772650171531268e+02
2.467540795795931672e+02
5.270177026144085630e+02
1.023219267563601420e+02
1.023219267563601420e+02
1.023219267563601420e+02
1.023219267563601420e+02
1.091400427096158865e+03
4.686235267433849572e+01
4.510944354219080878e+02
4.510944354219080878e+02
4.510944354219080878e+02
4.686235267433849572e+01
1.091400427096158865e+03
4.510944354219080878e+02
2.067164191460481391e+02
2.067164191460481391e+02
2.067164191460481391e+02
2.067164191460481391e+02
3.535211740690465945e+02
1.987088870593391334e+02
3.395821367329234022e+02
3.395821367329234022e+02
3.395821367329234022e+02
1.987088870593391334e+02
3.535211740690465945e+02
3.395821367329234022e+02
2.446780527422983198e+02
2.446780527422983198e+02
2.446780527422983198e+02
2.446780527422983198e+02
2.965787236746713234e+02
2.176897038574642238e+02
2.636588695404233817e+02
2.636588695404233817e+02
2.636588695404233817e+02
2.176897038574642238e+02
2.965787236746713234e+02
2.636588695404233817e+02
2.165345536432865714e+01
2.165345536432865714e+01
2.165345536432865714e+01
2.165345536432865714e+01
2.610208430138920122e+01
2.841225626509016706e+02
3.775437703291736398e+02
3.775437703291736398e+02
3.775437703291736398e+02
2.841225626509016706e+02
2.610208430138920122e+01
3.775437703291736398e+02
6.195491845052681583e+02
6.195491845052681583e+02
6.195491845052681583e+02
6.195491845052681583e+02
8.304453469576439772e+01
1.166730543763717378e+03
1.497739687516728395e+02
1.497739687516728395e+02
1.497739687516728395e+02
1.166730543763717378e+03
8.304453469576439772e+01
1.497739687516728395e+02
1.746862907992120313e+02
1.746862907992120313e+02
1.746862907992120313e+02
1.746862907992120313e+02
8.660343784541289835e+01
2.485335311544173180e+02
1.213027435544852182e+02
1.213027435544852182e+02
1.213027435544852182e+02
2.485335311544173180e+02
8.660343784541289835e+01
1.213027435544852182e+02
1.367246572029619642e+02
1.367246572029619642e+02
1.367246572029619642e+02
1.367246572029619642e+02
7.034799837844776675e+02
1.536294471637919798e+02
7.951217398879254006e+02
7.951217398879254006e+02
7.951217398879254006e+02
1.536294471637919798e+02
7.034799837844776675e+02
7.951217398879254006e+02
1.057294271912027853e+03
1.057294271912027853e+03
1.057294271912027853e+03
1.057294271912027853e+03
6.560279417891650837e+02
6.139142545183246966e+02
3.822889745287051255e+02
3.822889745287051255e+02
3.822889745287051255e+02
6.139142545183246966e+02
6.560279417891650837e+02
3.822889745287051255e+02
2.316287411935873877e+02
2.316287411935873877e+02
2.316287411935873877e+02
2.316287411935873877e+02
3.915139585010020795e+01
3.499934217551034976e+01
1.216304696526613682e+01
1.216304696526613682e+01
1.216304696526613682e+01
3.499934217551034976e+01
3.915139585010020795e+01
1.216304696526613682e+01
1.201164425046024888e+02
1.201164425046024888e+02
1.201164425046024888e+02
1.201164425046024888e+02
2.859020142257262478e+02
3.173389920476207067e+02
7.761409230898002534e+02
7.761409230898002534e+02
7.761409230898002534e+02
3.173389920476207067e+02
2.859020142257262478e+02
7.761409230898002534e+02
7.939354388380418186e+02
7.939354388380418186e+02
7.939354388380418186e+02
7.939354388380418186e+02
1.909979302351007675e+02
4.122430760382463291e+02
1.023219267563601562e+02
1.023219267563601562e+02
1.023219267563601562e+02
4.122430760382463291e+02
1.909979302351007675e+02
1.023219267563601562e+02
2.521235851397711514e+01
2.521235851397711514e+01
2.521235851397711514e+01
2.521235851397711514e+01
3.143732394229139118e+02
1.364592327761963375e+01
1.023219267563601420e+02
1.023219267563601420e+02
1.023219267563601420e+02
1.364592327761963375e+01
3.143732394229139118e+02
1.023219267563601420e+02
6.317399211022720351e+01
6.317399211022720351e+01
6.317399211022720351e+01
6.317399211022720351e+01
1.055842546435380171e+02
4.407143012354334246e+02
7.761409230898002534e+02
7.761409230898002534e+02
7.761409230898002534e+02
4.407143012354334246e+02
1.055842546435380171e+02
7.761409230898002534e+02
5.643861856857174644e+02
5.643861856857174644e+02
5.643861856857174644e+02
5.643861856857174644e+02
8.820182917918419889e+02
1.346486303656669747e+02
2.067164191460481391e+02
2.067164191460481391e+02
2.067164191460481391e+02
1.346486303656669747e+02
8.820182917918419889e+02
2.067164191460481391e+02
5.264245520894672836e+02
5.264245520894672836e+02
5.264245520894672836e+02
5.264245520894672836e+02
1.512568450640263791e+02
8.654100770934821867e+02
2.446780527422982914e+02
2.446780527422982914e+02
2.446780527422982914e+02
8.654100770934821867e+02
1.512568450640263791e+02
2.446780527422982914e+02
6.139454053540302425e+01
6.139454053540302425e+01
6.139454053540302425e+01
6.139454053540302425e+01
1.364592327761963375e+01
2.912403689501988993e+02
3.588906796292248913e+01
3.588906796292248913e+01
3.588906796292248913e+01
2.912403689501988993e+02
1.364592327761963375e+01
3.588906796292248913e+01
6.213286360800926786e+02
6.213286360800926786e+02
6.213286360800926786e+02
6.213286360800926786e+02
4.407143012354334246e+02
4.241060865370740771e+02
3.016205031366735057e+02
3.016205031366735057e+02
3.016205031366735057e+02
4.241060865370740771e+02
4.407143012354334246e+02
3.016205031366735057e+02
4.244026617995450579e+02
4.244026617995450579e+02
4.244026617995450579e+02
4.244026617995450579e+02
1.085500072682449400e+02
4.478321075347308238e+02
1.141849372551883164e+02
1.141849372551883164e+02
1.141849372551883164e+02
4.478321075347308238e+02
1.085500072682449400e+02
1.141849372551883164e+02
1.631510063985597725e+01
1.631510063985597725e+01
1.631510063985597725e+01
1.631510063985597725e+01
5.160755687386976120e+01
2.076372957691656396e+01
7.622330365893823512e+01
7.622330365893823512e+01
7.622330365893823512e+01
2.076372957691656396e+01
5.160755687386976120e+01
7.622330365893823512e+01
3.294985778089196060e+02
3.294985778089196060e+02
3.294985778089196060e+02
3.294985778089196060e+02
3.410650130452769417e+02
3.624184319431678887e+02
3.751711682294078969e+02
3.751711682294078969e+02
3.751711682294078969e+02
3.624184319431678887e+02
3.410650130452769417e+02
3.751711682294078969e+02
3.674602114051697868e+02
3.674602114051697868e+02
3.674602114051697868e+02
3.674602114051697868e+02
3.980074634396522697e+02
3.813992487412929790e+02
4.131328018256580776e+02
4.131328018256580776e+02
4.131328018256580776e+02
3.813992487412929790e+02
3.980074634396522697e+02
4.131328018256580776e+02
4.122742268739511218e+01
4.122742268739511218e+01
4.122742268739511218e+01
4.122742268739511218e+01
1.346486303656669747e+02
3.499934217551034976e+01
1.106260341055399437e+02
1.106260341055399437e+02
1.106260341055399437e+02
3.499934217551034976e+01
1.346486303656669747e+02
1.106260341055399437e+02
6.770847854245851067e+02
6.770847854245851067e+02
6.770847854245851067e+02
6.770847854245851067e+02
8.654100770934820730e+02
6.139142545183249240e+02
7.844450304389798703e+02
7.844450304389798703e+02
7.844450304389798703e+02
6.139142545183249240e+02
8.654100770934820730e+02
7.844450304389798703e+02
2.832328368634898652e+02
2.832328368634898652e+02
2.832328368634898652e+02
2.832328368634898652e+02
8.749004854925451582e+02
2.485335311544173180e+02
7.654642136408547231e+02
7.654642136408547231e+02
7.654642136408547231e+02
2.485335311544173180e+02
8.749004854925451582e+02
7.654642136408547231e+02
2.452712032672395708e+02
2.452712032672395708e+02
2.452712032672395708e+02
2.452712032672395708e+02
1.441390387647295483e+02
1.536294471637919798e+02
9.164521730741485328e+01
9.164521730741485328e+01
9.164521730741485328e+01
1.536294471637919798e+02
1.441390387647295483e+02
9.164521730741485328e+01
1.408767108775517158e+02
1.408767108775517158e+02
1.408767108775517158e+02
1.408767108775517158e+02
1.275308240663700445e+02
8.820182917918419889e+02
7.939354388380419323e+02
7.939354388380419323e+02
7.939354388380419323e+02
8.820182917918419889e+02
1.275308240663700445e+02
7.939354388380419323e+02
3.306848788588023353e+02
3.306848788588023353e+02
3.306848788588023353e+02
3.306848788588023353e+02
2.603965416532456629e+02
1.512568450640263791e+02
1.201164425046024888e+02
1.201164425046024888e+02
1.201164425046024888e+02
1.512568450640263791e+02
2.603965416532456629e+02
1.201164425046024888e+02
7.245368274198974632e+02
7.245368274198974632e+02
7.245368274198974632e+02
7.245368274198974632e+02
9.905959886918242319e+01
2.788153587621343021e+01
1.097674591538331867e+01
1.097674591538331867e+01
1.097674591538331867e+01
2.788153587621343021e+01
9.905959886918242319e+01
1.097674591538331867e+01
8.867946468270775995e+01
8.867946468270775995e+01
8.867946468270775995e+01
8.867946468270775995e+01
2.698869500523082365e+02
1.227856198668387719e+02
3.811026734788219414e+02
3.811026734788219414e+02
3.811026734788219414e+02
1.227856198668387719e+02
2.698869500523082365e+02
3.811026734788219414e+02
2.254006606817025613e+02
2.254006606817025613e+02
2.254006606817025613e+02
2.254006606817025613e+02
1.675684844999150300e+02
3.855824532515882197e+01
3.055071323844979858e+01
3.055071323844979858e+01
3.055071323844979858e+01
3.855824532515882197e+01
1.675684844999150300e+02
3.055071323844979858e+01
1.661167590232668445e+01
1.661167590232668445e+01
1.661167590232668445e+01
1.661167590232668445e+01
1.572195011491456640e+01
5.984923408698482490e+02
5.335423583887640007e+02
5.335423583887640007e+02
5.335423583887640007e+02
5.984923408698482490e+02
1.572195011491456640e+01
5.335423583887640007e+02
4.033769689998302965e+01
4.033769689998302965e+01
4.033769689998302965e+01
4.033769689998302965e+01
1.675684844999150300e+02
1.097363083181278540e+02
5.145615415906389671e+02
5.145615415906389671e+02
5.145615415906389671e+02
1.097363083181278540e+02
1.675684844999150300e+02
5.145615415906389671e+02
5.623101588484225886e+02
5.623101588484225886e+02
5.623101588484225886e+02
5.623101588484225886e+02
1.572195011491456640e+01
2.426020259050031314e+02
1.156989644032472953e+01
1.156989644032472953e+01
1.156989644032472953e+01
2.426020259050031314e+02
1.572195011491456640e+01
1.156989644032472953e+01
7.877073583261575322e+02
7.877073583261575322e+02
7.877073583261575322e+02
7.877073583261575322e+02
6.871683443485889029e+02
6.222183618675049956e+02
5.430327667878266311e+02
5.430327667878266311e+02
5.430327667878266311e+02
6.222183618675049956e+02
6.871683443485889029e+02
5.430327667878266311e+02
1.138883619927176625e+02
1.138883619927176625e+02
1.138883619927176625e+02
1.138883619927176625e+02
7.029179840952413372e+01
6.228426632281512099e+01
4.004112163751232600e+01
4.004112163751232600e+01
4.004112163751232600e+01
6.228426632281512099e+01
7.029179840952413372e+01
4.004112163751232600e+01
1.660856081875615757e+02
1.660856081875615757e+02
1.660856081875615757e+02
1.660856081875615757e+02
7.029179840952411951e+01
5.368046862759421174e+02
2.156136770201691206e+02
2.156136770201691206e+02
2.156136770201691206e+02
5.368046862759421174e+02
7.029179840952411951e+01
2.156136770201691206e+02
3.748745929669374846e+02
3.748745929669374846e+02
3.748745929669374846e+02
3.748745929669374846e+02
6.871683443485889029e+02
5.557855030740670372e+02
1.022298390940484751e+03
1.022298390940484751e+03
1.022298390940484751e+03
5.557855030740670372e+02
6.871683443485889029e+02
1.022298390940484751e+03
2.254318115174075388e+01
2.254318115174075388e+01
2.254318115174075388e+01
2.254318115174075388e+01
6.791919630975847610e+01
5.991166422304948469e+01
2.262903864691145088e+02
2.262903864691145088e+02
2.262903864691145088e+02
5.991166422304948469e+01
6.791919630975847610e+01
2.262903864691145088e+02
4.685923759076796955e+02
4.685923759076796955e+02
4.685923759076796955e+02
4.685923759076796955e+02
1.438424635022588234e+02
6.198457597677389685e+02
1.883287528728643849e+02
1.883287528728643849e+02
1.883287528728643849e+02
6.198457597677389685e+02
1.438424635022588234e+02
1.883287528728643849e+02
4.211403339123671117e+02
4.211403339123671117e+02
4.211403339123671117e+02
4.211403339123671117e+02
4.522807364717913288e+02
2.639554448028940214e+02
2.832328368634898652e+02
2.832328368634898652e+02
2.832328368634898652e+02
2.639554448028940214e+02
4.522807364717913288e+02
2.832328368634898652e+02
3.641978835179918406e+02
3.641978835179918406e+02
3.641978835179918406e+02
3.641978835179918406e+02
3.763574692792910810e+02
1.720482642726809885e+01
1.750140168973879540e+01
1.750140168973879540e+01
1.750140168973879540e+01
1.720482642726809885e+01
3.763574692792910810e+02
1.750140168973879540e+01
4.353759465109611710e+02
4.353759465109611710e+02
4.353759465109611710e+02
4.353759465109611710e+02
1.818040970985088620e+02
8.547333676445364290e+02
3.520382977566930549e+02
3.520382977566930549e+02
3.520382977566930549e+02
8.547333676445364290e+02
1.818040970985088620e+02
3.520382977566930549e+02
3.404718625203357192e+02
3.404718625203357192e+02
3.404718625203357192e+02
3.404718625203357192e+02
9.505271774225740273e+02
1.429527377148467622e+02
3.899999313529432925e+02
3.899999313529432925e+02
3.899999313529432925e+02
1.429527377148467622e+02
9.505271774225740273e+02
3.899999313529432925e+02
4.638471717081488350e+02
4.638471717081488350e+02
4.638471717081488350e+02
4.638471717081488350e+02
4.902423700680416232e+02
9.550069571953403624e+01
1.005424751815359343e+02
1.005424751815359343e+02
1.005424751815359343e+02
9.550069571953403624e+01
4.902423700680416232e+02
1.005424751815359343e+02
1.779797695220950970e+01
1.779797695220950970e+01
1.779797695220950970e+01
1.779797695220950970e+01
2.521235851397711514e+01
3.855824532515882197e+01
6.258084158528583885e+01
6.258084158528583885e+01
6.258084158528583885e+01
3.855824532515882197e+01
2.521235851397711514e+01
6.258084158528583885e+01
9.146415706636187224e+02
9.146415706636187224e+02
9.146415706636187224e+02
9.146415706636187224e+02
2.256972359441732294e+02
2.687006490024252798e+02
7.088494893446556944e+01
7.088494893446556944e+01
7.088494893446556944e+01
2.687006490024252798e+02
2.256972359441732294e+02
7.088494893446556944e+01
1.648993071376788464e+02
1.648993071376788464e+02
1.648993071376788464e+02
1.648993071376788464e+02
2.636588695404234386e+02
4.015663665893006282e+02
6.497998612772801152e+02
6.497998612772801152e+02
6.497998612772801152e+02
4.015663665893006282e+02
2.636588695404234386e+02
6.497998612772801152e+02
4.152399794986584425e+01
4.152399794986584425e+01
4.152399794986584425e+01
4.152399794986584425e+01
5.486988476104757240e+01
8.333799487466460505e+02
1.167027119026188757e+03
1.167027119026188757e+03
1.167027119026188757e+03
8.333799487466460505e+02
5.486988476104757240e+01
1.167027119026188757e+03
1.364280819404911540e+02
1.364280819404911540e+02
1.364280819404911540e+02
1.364280819404911540e+02
3.206013199347983118e+02
1.215993188169560284e+02
2.844191379133727082e+02
2.844191379133727082e+02
2.844191379133727082e+02
1.215993188169560284e+02
3.206013199347983118e+02
2.844191379133727082e+02
6.525001894752220721e+01
6.525001894752220721e+01
6.525001894752220721e+01
6.525001894752220721e+01
6.954724516977686335e+02
5.991166422304948469e+01
6.308190444791550817e+02
6.308190444791550817e+02
6.308190444791550817e+02
5.991166422304948469e+01
6.954724516977686335e+02
6.308190444791550817e+02
1.221924693418973362e+02
1.221924693418973362e+02
1.221924693418973362e+02
1.221924693418973362e+02
7.859590575870387852e+01
7.889248102117457506e+01
5.190413213634048617e+01
5.190413213634048617e+01
5.190413213634048617e+01
7.889248102117457506e+01
7.859590575870387852e+01
5.190413213634048617e+01
1.696445113372101332e+02
1.696445113372101332e+02
1.696445113372101332e+02
1.696445113372101332e+02
5.961508896057884499e+01
1.453253398146122208e+02
5.190413213634048617e+01
5.190413213634048617e+01
5.190413213634048617e+01
1.453253398146122208e+02
5.961508896057884499e+01
5.190413213634048617e+01
9.193867748631503218e+02
9.193867748631503218e+02
9.193867748631503218e+02
9.193867748631503218e+02
6.764916348996434863e+02
8.571059697443029108e+02
6.308190444791550817e+02
6.308190444791550817e+02
6.308190444791550817e+02
8.571059697443029108e+02
6.764916348996434863e+02
6.308190444791550817e+02
2.254006606817025613e+02
2.254006606817025613e+02
2.254006606817025613e+02
2.254006606817025613e+02
3.455136419823376173e+02
2.639554448028940783e+02
4.054218450014199675e+02
4.054218450014199675e+02
4.054218450014199675e+02
2.639554448028940783e+02
3.455136419823376173e+02
4.054218450014199675e+02
1.661167590232668090e+01
1.661167590232668090e+01
1.661167590232668090e+01
1.661167590232668090e+01
3.075520083860874365e+02
1.720482642726809885e+01
3.294985778089196060e+02
3.294985778089196060e+02
3.294985778089196060e+02
1.720482642726809885e+01
3.075520083860874365e+02
3.294985778089196060e+02
5.623101588484225886e+02
5.623101588484225886e+02
5.623101588484225886e+02
5.623101588484225886e+02
3.707536901280529662e+01
6.198457597677388549e+02
4.004112163751229758e+01
4.004112163751229758e+01
4.004112163751229758e+01
6.198457597677388549e+02
3.707536901280529662e+01
4.004112163751229758e+01
4.033769689998302965e+01
4.033769689998302965e+01
4.033769689998302965e+01
4.033769689998302965e+01
7.503700260905539210e+01
5.991166422304948469e+01
1.159643888300126662e+02
1.159643888300126662e+02
1.159643888300126662e+02
5.991166422304948469e+01
7.503700260905539210e+01
1.159643888300126662e+02
1.138883619927176625e+02
1.138883619927176625e+02
1.138883619927176625e+02
1.138883619927176625e+02
5.368358371116475070e+01
3.754677434918787640e+02
1.657890329250908508e+02
1.657890329250908508e+02
1.657890329250908508e+02
3.754677434918787640e+02
5.368358371116475070e+01
1.657890329250908508e+02
7.877073583261575322e+02
7.877073583261575322e+02
7.877073583261575322e+02
7.877073583261575322e+02
5.946368624577288529e+02
3.185252930975035497e+02
2.417123001175912407e+02
2.417123001175912407e+02
2.417123001175912407e+02
3.185252930975035497e+02
5.946368624577288529e+02
2.417123001175912407e+02
1.660856081875615757e+02
1.660856081875615757e+02
1.660856081875615757e+02
1.660856081875615757e+02
1.092883303408513029e+03
1.483222432750245368e+01
5.190413213634048617e+01
5.190413213634048617e+01
5.190413213634048617e+01
1.483222432750245368e+01
1.092883303408513029e+03
5.190413213634048617e+01
3.748745929669374846e+02
3.748745929669374846e+02
3.748745929669374846e+02
3.748745929669374846e+02
2.482369558919466783e+02
4.229197854871915183e+02
2.796739337138413362e+02
2.796739337138413362e+02
2.796739337138413362e+02
4.229197854871915183e+02
2.482369558919466783e+02
2.796739337138413362e+02
