2.482940036818019536e+01
2.482940036818019536e+01
2.482940036818019536e+01
2.482940036818019536e+01
2.204479471941232305e+01
3.852105029735949415e+01
3.420093250700141851e+01
3.420093250700141851e+01
3.420093250700141851e+01
3.852105029735949415e+01
2.204479471941232305e+01
3.420093250700141851e+01
1.515676020913418576e+01
1.515676020913418576e+01
1.515676020913418576e+01
1.515676020913418576e+01
1.092696666239906378e+01
1.030183211440045632e+01
7.426902222009630350e+00
7.426902222009630350e+00
7.426902222009630350e+00
1.030183211440045632e+01
1.092696666239906378e+01
7.426902222009630350e+00
2.191999748594685471e+01
2.191999748594685471e+01
2.191999748594685471e+01
2.191999748594685471e+01
1.841279788819536023e+01
1.345209964629500554e+01
1.129976370288780529e+01
1.129976370288780529e+01
1.129976370288780529e+01
1.345209964629500554e+01
1.841279788819536023e+01
1.129976370288780529e+01
1.890177391468893520e+00
1.890177391468893520e+00
1.890177391468893520e+00
1.890177391468893520e+00
2.182295715604995223e+01
3.297730187926579237e+00
3.807379398787959701e+01
3.807379398787959701e+01
3.807379398787959701e+01
3.297730187926579237e+00
2.182295715604995223e+01
3.807379398787959701e+01
5.452444517121134204e+00
5.452444517121134204e+00
5.452444517121134204e+00
5.452444517121134204e+00
9.491292307581232990e+00
5.655674065272779494e+00
9.845062261771134970e+00
9.845062261771134970e+00
9.845062261771134970e+00
5.655674065272779494e+00
9.491292307581232990e+00
9.845062261771134970e+00
2.933609900617842925e+01
2.933609900617842925e+01
2.933609900617842925e+01
2.933609900617842925e+01
3.578359329325061111e+01
3.002105785365248281e+01
3.661909254676292136e+01
3.661909254676292136e+01
3.661909254676292136e+01
3.002105785365248281e+01
3.578359329325061111e+01
3.661909254676292136e+01
2.257286172936575497e+01
2.257286172936575497e+01
2.257286172936575497e+01
2.257286172936575497e+01
3.022467926474397615e+01
1.591144876217296478e+01
2.130516020697736224e+01
2.130516020697736224e+01
2.130516020697736224e+01
1.591144876217296478e+01
3.022467926474397615e+01
2.130516020697736224e+01
3.224550188841176634e+01
3.224550188841176634e+01
3.224550188841176634e+01
3.224550188841176634e+01
3.932378279074606020e+00
1.835814943138273136e+01
2.238798711144235565e+00
2.238798711144235565e+00
2.238798711144235565e+00
1.835814943138273136e+01
3.932378279074606020e+00
2.238798711144235565e+00
2.800658666146707176e+01
2.800658666146707176e+01
2.800658666146707176e+01
2.800658666146707176e+01
1.315972144333994898e+01
2.613235860629079710e+01
1.227906006801615746e+01
1.227906006801615746e+01
1.227906006801615746e+01
2.613235860629079710e+01
1.315972144333994898e+01
1.227906006801615746e+01
4.122932172409778495e+00
4.122932172409778495e+00
4.122932172409778495e+00
4.122932172409778495e+00
2.235063230306353788e+01
3.693892015200753054e+00
2.002478302977250380e+01
2.002478302977250380e+01
2.002478302977250380e+01
3.693892015200753054e+00
2.235063230306353788e+01
2.002478302977250380e+01
1.802973078682577324e+01
1.802973078682577324e+01
1.802973078682577324e+01
1.802973078682577324e+01
1.113139900751852096e+01
2.928262613818533922e+01
1.807883874618399034e+01
1.807883874618399034e+01
1.807883874618399034e+01
2.928262613818533922e+01
1.113139900751852096e+01
1.807883874618399034e+01
1.413784221964875876e+01
1.413784221964875876e+01
1.413784221964875876e+01
1.413784221964875876e+01
1.940488147794927620e+00
1.912825667981691424e+01
2.625446995268988282e+00
2.625446995268988282e+00
2.625446995268988282e+00
1.912825667981691424e+01
1.940488147794927620e+00
2.625446995268988282e+00
1.075622358124242517e+01
1.075622358124242517e+01
1.075622358124242517e+01
1.075622358124242517e+01
2.673689861623117281e+01
5.750755080470442593e+00
1.429473405716938572e+01
1.429473405716938572e+01
1.429473405716938572e+01
5.750755080470442593e+00
2.673689861623117281e+01
1.429473405716938572e+01
1.850194654299876618e+01
1.850194654299876618e+01
1.850194654299876618e+01
1.850194654299876618e+01
4.298432025141128321e+00
2.818922167156048531e+01
6.549011095413042050e+00
6.549011095413042050e+00
6.549011095413042050e+00
2.818922167156048531e+01
4.298432025141128321e+00
6.549011095413042050e+00
7.413135340034446852e-01
7.413135340034446852e-01
7.413135340034446852e-01
7.413135340034446852e-01
1.359074812339648552e+01
1.034867325778041858e+00
1.897256763926410272e+01
1.897256763926410272e+01
1.897256763926410272e+01
1.034867325778041858e+00
1.359074812339648552e+01
1.897256763926410272e+01
2.462496802306073818e+01
2.462496802306073818e+01
2.462496802306073818e+01
2.462496802306073818e+01
4.373688350364518840e+01
1.504307117872579802e+01
2.671829060102044551e+01
2.671829060102044551e+01
2.671829060102044551e+01
1.504307117872579802e+01
4.373688350364518840e+01
2.671829060102044551e+01
1.035135914484679631e+01
1.035135914484679631e+01
1.035135914484679631e+01
1.035135914484679631e+01
1.626642151333068043e+01
2.125801156231838007e+01
3.340544674078602583e+01
3.340544674078602583e+01
3.340544674078602583e+01
2.125801156231838007e+01
1.626642151333068043e+01
3.340544674078602583e+01
3.616193083119375729e+01
3.616193083119375729e+01
3.616193083119375729e+01
3.616193083119375729e+01
9.965886449541585534e+00
2.755854662610746786e+01
7.594875054439066631e+00
7.594875054439066631e+00
7.594875054439066631e+00
2.755854662610746786e+01
9.965886449541585534e+00
7.594875054439066631e+00
1.069362903303976609e+01
1.069362903303976609e+01
1.069362903303976609e+01
1.069362903303976609e+01
1.034867325778041858e+00
4.860188299057382366e+00
4.703408031345853724e-01
4.703408031345853724e-01
4.703408031345853724e-01
4.860188299057382366e+00
1.034867325778041858e+00
4.703408031345853724e-01
2.132972779073060821e+01
2.132972779073060821e+01
2.132972779073060821e+01
2.132972779073060821e+01
1.504307117872579802e+01
2.633519629150258723e+01
1.857324370032287675e+01
1.857324370032287675e+01
1.857324370032287675e+01
2.633519629150258723e+01
1.504307117872579802e+01
1.857324370032287675e+01
2.011589099927514468e+01
2.011589099927514468e+01
2.011589099927514468e+01
2.011589099927514468e+01
4.837999101091490672e+00
1.952125639542404301e+01
4.694985715355149303e+00
4.694985715355149303e+00
4.694985715355149303e+00
1.952125639542404301e+01
4.837999101091490672e+00
4.694985715355149303e+00
5.625957847004975143e+00
5.625957847004975143e+00
5.625957847004975143e+00
5.625957847004975143e+00
3.113030008676086169e+01
5.513052542476284401e+00
3.050555740170210584e+01
3.050555740170210584e+01
3.050555740170210584e+01
5.513052542476284401e+00
3.113030008676086169e+01
3.050555740170210584e+01
3.494809403973829376e+01
3.494809403973829376e+01
3.494809403973829376e+01
3.494809403973829376e+01
3.620748481594507950e+01
3.411259478622597641e+01
3.534187748122511152e+01
3.534187748122511152e+01
3.534187748122511152e+01
3.411259478622597641e+01
3.620748481594507950e+01
3.534187748122511152e+01
9.137522353391336338e+00
9.137522353391336338e+00
9.137522353391336338e+00
9.137522353391336338e+00
9.915183830275704935e+00
8.783752399201436134e+00
9.531305794878152327e+00
9.531305794878152327e+00
9.531305794878152327e+00
8.783752399201436134e+00
9.915183830275704935e+00
9.531305794878152327e+00
1.887799005681538356e+00
1.887799005681538356e+00
1.887799005681538356e+00
1.887799005681538356e+00
7.281510450485932928e+00
2.045866432021706594e+00
7.891199094940867909e+00
7.891199094940867909e+00
7.891199094940867909e+00
2.045866432021706594e+00
7.281510450485932928e+00
7.891199094940867909e+00
1.059698056608271521e+01
1.059698056608271521e+01
1.059698056608271521e+01
1.059698056608271521e+01
1.358204551427502871e+01
1.220023589039013068e+01
1.563692205669721069e+01
1.563692205669721069e+01
1.563692205669721069e+01
1.220023589039013068e+01
1.358204551427502871e+01
1.563692205669721069e+01
8.169306983171793490e+00
8.169306983171793490e+00
8.169306983171793490e+00
8.169306983171793490e+00
2.576473740846488525e+01
9.049968358495585008e+00
2.854220789987069296e+01
2.854220789987069296e+01
2.854220789987069296e+01
9.049968358495585008e+00
2.576473740846488525e+01
2.854220789987069296e+01
3.397987866951874736e+01
3.397987866951874736e+01
3.397987866951874736e+01
3.397987866951874736e+01
1.946420234467578680e+01
3.630572794280979565e+01
2.079648493811434662e+01
2.079648493811434662e+01
2.079648493811434662e+01
3.630572794280979565e+01
1.946420234467578680e+01
2.079648493811434662e+01
4.284116808771756268e+01
4.284116808771756268e+01
4.284116808771756268e+01
4.284116808771756268e+01
3.852105029735949415e+01
2.403114435323758968e+01
2.160783567896152846e+01
2.160783567896152846e+01
2.160783567896152846e+01
2.403114435323758968e+01
3.852105029735949415e+01
2.160783567896152846e+01
1.317676200679128051e+01
1.317676200679128051e+01
1.317676200679128051e+01
1.317676200679128051e+01
1.030183211440045632e+01
1.773060928944850190e+01
1.386211271720519100e+01
1.386211271720519100e+01
1.386211271720519100e+01
1.773060928944850190e+01
1.030183211440045632e+01
1.386211271720519100e+01
1.560443558970220757e+01
1.560443558970220757e+01
1.560443558970220757e+01
1.560443558970220757e+01
1.972974614789934300e+00
3.328540627889526604e+01
4.208499644458021827e+00
4.208499644458021827e+00
4.208499644458021827e+00
3.328540627889526604e+01
1.972974614789934300e+00
4.208499644458021827e+00
6.895254029301029597e+00
6.895254029301029597e+00
6.895254029301029597e+00
6.895254029301029597e+00
2.248452400859031286e+01
6.029646694581062505e+00
1.966189139537302921e+01
1.966189139537302921e+01
1.966189139537302921e+01
6.029646694581062505e+00
2.248452400859031286e+01
1.966189139537302921e+01
1.196649279401685462e+01
1.196649279401685462e+01
1.196649279401685462e+01
1.196649279401685462e+01
8.775428048945693504e+00
1.670851558422188887e+01
1.225291142842938719e+01
1.225291142842938719e+01
1.225291142842938719e+01
1.670851558422188887e+01
8.775428048945693504e+00
1.225291142842938719e+01
4.211262817426555927e+01
4.211262817426555927e+01
4.211262817426555927e+01
4.211262817426555927e+01
3.747637553122714849e+01
2.734461434191273099e+01
2.433419808408747542e+01
2.433419808408747542e+01
2.433419808408747542e+01
2.734461434191273099e+01
3.747637553122714849e+01
2.433419808408747542e+01
4.239796918559350480e+00
4.239796918559350480e+00
4.239796918559350480e+00
4.239796918559350480e+00
2.119898459279675151e+01
2.478474167911766113e+00
1.239237083955883101e+01
1.239237083955883101e+01
1.239237083955883101e+01
2.478474167911766113e+00
2.119898459279675151e+01
1.239237083955883101e+01
1.583935427489502779e+01
1.583935427489502779e+01
1.583935427489502779e+01
1.583935427489502779e+01
2.057058996739613843e-01
2.395348216035697320e+01
3.110841839007398857e-01
3.110841839007398857e-01
3.110841839007398857e-01
2.395348216035697320e+01
2.057058996739613843e-01
3.110841839007398857e-01
1.633059711736686026e+01
1.633059711736686026e+01
1.633059711736686026e+01
1.633059711736686026e+01
1.422342329577113773e+01
2.053067444583418322e+01
1.788155516250073873e+01
1.788155516250073873e+01
1.788155516250073873e+01
2.053067444583418322e+01
1.422342329577113773e+01
1.788155516250073873e+01
8.584874155610519253e+00
8.584874155610519253e+00
8.584874155610519253e+00
8.584874155610519253e+00
5.032512436047546167e+00
9.894575688143337544e+00
5.800268506842646055e+00
5.800268506842646055e+00
5.800268506842646055e+00
9.894575688143337544e+00
5.032512436047546167e+00
5.800268506842646055e+00
4.453078821402705501e+01
4.453078821402705501e+01
4.453078821402705501e+01
4.453078821402705501e+01
1.745606897989860684e+01
3.512201283663610951e+01
1.376782903196135521e+01
1.376782903196135521e+01
1.376782903196135521e+01
3.512201283663610951e+01
1.745606897989860684e+01
1.376782903196135521e+01
1.438465283377835569e+01
1.438465283377835569e+01
1.438465283377835569e+01
1.438465283377835569e+01
2.664697983962220107e+01
9.793170449611574568e+00
1.814144689846078506e+01
1.814144689846078506e+01
1.814144689846078506e+01
9.793170449611574568e+00
2.664697983962220107e+01
1.814144689846078506e+01
7.797307272636881947e+00
7.797307272636881947e+00
7.797307272636881947e+00
7.797307272636881947e+00
3.304573082212773727e+01
6.848902714595873853e+00
2.902630198090632163e+01
2.902630198090632163e+01
2.902630198090632163e+01
6.848902714595873853e+00
3.304573082212773727e+01
2.902630198090632163e+01
2.132378182626221985e+01
2.132378182626221985e+01
2.132378182626221985e+01
2.132378182626221985e+01
6.271700537135947329e+00
1.748500147228671864e+01
5.142647491849034580e+00
5.142647491849034580e+00
5.142647491849034580e+00
1.748500147228671864e+01
6.271700537135947329e+00
5.142647491849034580e+00
1.010454853071719938e+01
1.010454853071719938e+01
1.010454853071719938e+01
1.010454853071719938e+01
1.086715596699774267e+01
1.409386929073096262e+01
1.515755753908801573e+01
1.515755753908801573e+01
1.515755753908801573e+01
1.409386929073096262e+01
1.086715596699774267e+01
1.515755753908801573e+01
3.639684951638656685e+01
3.639684951638656685e+01
3.639684951638656685e+01
3.639684951638656685e+01
3.764118625198953083e+01
4.520346326962449979e+01
4.674888081730397005e+01
4.674888081730397005e+01
4.674888081730397005e+01
4.520346326962449979e+01
3.764118625198953083e+01
4.674888081730397005e+01
2.837858637200197620e+01
2.837858637200197620e+01
2.837858637200197620e+01
2.837858637200197620e+01
1.152002021041664470e+01
1.773537966509734431e+01
7.199510557118723675e+00
7.199510557118723675e+00
7.199510557118723675e+00
1.773537966509734431e+01
1.152002021041664470e+01
7.199510557118723675e+00
5.940119780911938818e+00
5.940119780911938818e+00
5.940119780911938818e+00
5.940119780911938818e+00
1.685709667556090707e+01
1.095311530198583405e+01
3.108316504617601694e+01
3.108316504617601694e+01
3.108316504617601694e+01
1.095311530198583405e+01
1.685709667556090707e+01
3.108316504617601694e+01
1.523243587916729602e+01
1.523243587916729602e+01
1.523243587916729602e+01
1.523243587916729602e+01
1.611547564027844359e+01
2.458099509414293493e+01
2.600598031699179913e+01
2.600598031699179913e+01
2.600598031699179913e+01
2.458099509414293493e+01
1.611547564027844359e+01
2.600598031699179913e+01
1.705961325541954565e+00
1.705961325541954565e+00
1.705961325541954565e+00
1.705961325541954565e+00
3.070730385975518395e+00
1.179069904408061920e+00
2.122325827934511633e+00
2.122325827934511633e+00
2.122325827934511633e+00
1.179069904408061920e+00
3.070730385975518395e+00
2.122325827934511633e+00
2.397964440401788266e+01
2.397964440401788266e+01
2.397964440401788266e+01
2.397964440401788266e+01
5.747187501789409403e+00
4.037349462158385904e+01
9.676292099387866941e+00
9.676292099387866941e+00
9.676292099387866941e+00
4.037349462158385904e+01
5.747187501789409403e+00
9.676292099387866941e+00
1.816083863955120492e+01
1.816083863955120492e+01
1.816083863955120492e+01
1.816083863955120492e+01
2.963084199084670445e+01
1.215427643862482299e+01
1.983066155775629014e+01
1.983066155775629014e+01
1.983066155775629014e+01
1.215427643862482299e+01
2.963084199084670445e+01
1.983066155775629014e+01
3.371563562899796551e+01
3.371563562899796551e+01
3.371563562899796551e+01
3.371563562899796551e+01
4.735342082724433510e+01
1.361849142289091397e+01
1.912709469507150928e+01
1.912709469507150928e+01
1.912709469507150928e+01
1.361849142289091397e+01
4.735342082724433510e+01
1.912709469507150928e+01
6.459876044683767304e+00
6.459876044683767304e+00
6.459876044683767304e+00
6.459876044683767304e+00
1.576209754902839144e+01
6.836227059779404591e+00
1.668039402586174802e+01
1.668039402586174802e+01
1.668039402586174802e+01
6.836227059779404591e+00
1.576209754902839144e+01
1.668039402586174802e+01
2.054582645217296388e+00
2.054582645217296388e+00
2.054582645217296388e+00
2.054582645217296388e+00
2.488327870318725488e+01
2.190069010651726433e+00
2.652416912900423895e+01
2.652416912900423895e+01
2.652416912900423895e+01
2.190069010651726433e+00
2.488327870318725488e+01
2.652416912900423895e+01
2.545650783495217340e+01
2.545650783495217340e+01
2.545650783495217340e+01
2.545650783495217340e+01
1.569236784346366775e+01
2.655545279903143197e+01
1.636979967063581398e+01
1.636979967063581398e+01
1.636979967063581398e+01
2.655545279903143197e+01
1.569236784346366775e+01
1.636979967063581398e+01
1.182862804279506719e+01
1.182862804279506719e+01
1.182862804279506719e+01
1.182862804279506719e+01
3.750540598935021563e+00
1.244584370755191571e+01
3.946243126784753752e+00
3.946243126784753752e+00
3.946243126784753752e+00
1.244584370755191571e+01
3.750540598935021563e+00
3.946243126784753752e+00
1.764743380726174848e+01
1.764743380726174848e+01
1.764743380726174848e+01
1.764743380726174848e+01
1.294145145865861579e+01
1.922810807066342420e+01
1.410061258515317917e+01
1.410061258515317917e+01
1.410061258515317917e+01
1.922810807066342420e+01
1.294145145865861579e+01
1.410061258515317917e+01
1.973121563392376743e+01
1.973121563392376743e+01
1.973121563392376743e+01
1.973121563392376743e+01
3.065927352348154855e+01
1.875270299467510782e+01
2.913881542249516698e+01
2.913881542249516698e+01
2.913881542249516698e+01
1.875270299467510782e+01
3.065927352348154855e+01
2.913881542249516698e+01
1.831248387682231082e-01
1.831248387682231082e-01
1.831248387682231082e-01
1.831248387682231082e-01
6.775619034424254394e+00
1.680707981643976279e-01
6.218619532082711565e+00
6.218619532082711565e+00
6.218619532082711565e+00
1.680707981643976279e-01
6.775619034424254394e+00
6.218619532082711565e+00
2.360407711480193882e+01
2.360407711480193882e+01
2.360407711480193882e+01
2.360407711480193882e+01
1.216705005917625648e+00
2.214383517623086206e+01
1.141434802898497969e+00
1.141434802898497969e+00
1.141434802898497969e+00
2.214383517623086206e+01
1.216705005917625648e+00
1.141434802898497969e+00
1.200451975846626418e+01
1.200451975846626418e+01
1.200451975846626418e+01
1.200451975846626418e+01
2.510035949497491359e+01
1.150773641854002349e+01
2.406163069331095983e+01
2.406163069331095983e+01
2.406163069331095983e+01
1.150773641854002349e+01
2.510035949497491359e+01
2.406163069331095983e+01
1.634959699551743029e+01
1.634959699551743029e+01
1.634959699551743029e+01
1.634959699551743029e+01
7.006970140936041425e+00
9.710765089230381619e+00
4.161756466813020694e+00
4.161756466813020694e+00
4.161756466813020694e+00
9.710765089230381619e+00
7.006970140936041425e+00
4.161756466813020694e+00
2.409531995727377307e+01
2.409531995727377307e+01
2.409531995727377307e+01
2.409531995727377307e+01
1.812479819794929625e+01
3.600306607489975619e+01
2.708195235722548233e+01
2.708195235722548233e+01
2.708195235722548233e+01
3.600306607489975619e+01
1.812479819794929625e+01
2.708195235722548233e+01
2.601284878529725120e+00
2.601284878529725120e+00
2.601284878529725120e+00
2.601284878529725120e+00
1.790296063458693254e+01
6.440065232505229886e+00
4.432280189430070294e+01
4.432280189430070294e+01
4.432280189430070294e+01
6.440065232505229886e+00
1.790296063458693254e+01
4.432280189430070294e+01
2.214937567368527027e+01
2.214937567368527027e+01
2.214937567368527027e+01
2.214937567368527027e+01
1.449280136673233876e+01
2.092999838477540564e+01
1.369493721472958647e+01
1.369493721472958647e+01
1.369493721472958647e+01
2.092999838477540564e+01
1.449280136673233876e+01
1.369493721472958647e+01
