5.627292739587507242e+01
1.478829361431628513e+02
7.222715055750225588e+01
5.627292739587507242e+01
5.627292739587507242e+01
5.627292739587507242e+01
7.222715055750225588e+01
1.478829361431628513e+02
1.898099776924110529e+02
1.898099776924110529e+02
1.898099776924110529e+02
1.898099776924110529e+02
2.680245904623362208e+02
6.238289105620852979e+02
1.310417173778632502e+02
2.680245904623362208e+02
2.680245904623362208e+02
2.680245904623362208e+02
1.310417173778632502e+02
6.238289105620852979e+02
3.050004167490914710e+02
3.050004167490914710e+02
3.050004167490914710e+02
3.050004167490914710e+02
2.137386387647117090e+02
1.828055827579328252e+02
4.519740069066563706e+02
2.137386387647117090e+02
2.137386387647117090e+02
2.137386387647117090e+02
4.519740069066563706e+02
1.828055827579328252e+02
3.865626365056199347e+02
3.865626365056199347e+02
3.865626365056199347e+02
3.865626365056199347e+02
1.281098560303508123e+02
1.071370565573246552e+02
1.028122135737245770e+02
1.281098560303508123e+02
1.281098560303508123e+02
1.281098560303508123e+02
1.028122135737245770e+02
1.071370565573246552e+02
8.598087830043523638e+01
8.598087830043523638e+01
8.598087830043523638e+01
8.598087830043523638e+01
8.009984102134737327e+01
6.739290073539460479e+01
1.892412286803811128e+02
8.009984102134737327e+01
8.009984102134737327e+01
8.009984102134737327e+01
1.892412286803811128e+02
6.739290073539460479e+01
1.592202328604135459e+02
1.592202328604135459e+02
1.592202328604135459e+02
1.592202328604135459e+02
4.215987438169789812e+02
3.623731357411059548e+02
3.285463894940464229e+02
4.215987438169789812e+02
4.215987438169789812e+02
4.215987438169789812e+02
3.285463894940464229e+02
3.623731357411059548e+02
2.823926473771946348e+02
2.823926473771946348e+02
2.823926473771946348e+02
2.823926473771946348e+02
1.964238263546553753e+02
1.671256333260275824e+02
2.606868398622480072e+02
1.964238263546553753e+02
1.964238263546553753e+02
1.964238263546553753e+02
2.606868398622480072e+02
1.671256333260275824e+02
2.218033016680736011e+02
2.218033016680736011e+02
2.218033016680736011e+02
2.218033016680736011e+02
1.061751209671134575e+02
8.822960536382696262e+01
4.674039910645718265e+01
1.061751209671134575e+02
1.061751209671134575e+02
1.061751209671134575e+02
4.674039910645718265e+01
8.822960536382696262e+01
3.884042636492794998e+01
3.884042636492794998e+01
3.884042636492794998e+01
3.884042636492794998e+01
7.012982547622939933e+01
5.846490876568449835e+01
1.300804220741929385e+02
7.012982547622939933e+01
7.012982547622939933e+01
7.012982547622939933e+01
1.300804220741929385e+02
5.846490876568449835e+01
1.084437321371517555e+02
1.084437321371517555e+02
1.084437321371517555e+02
1.084437321371517555e+02
3.431522891136966678e+02
2.927375291001984010e+02
2.444485522738743555e+02
3.431522891136966678e+02
3.431522891136966678e+02
3.431522891136966678e+02
2.444485522738743555e+02
2.927375291001984010e+02
2.085350075023539489e+02
2.085350075023539489e+02
2.085350075023539489e+02
2.085350075023539489e+02
4.469071069663799562e+02
3.850445452931336376e+02
5.097912098107172483e+02
4.469071069663799562e+02
4.469071069663799562e+02
4.469071069663799562e+02
5.097912098107172483e+02
3.850445452931336376e+02
4.392239942399726829e+02
4.392239942399726829e+02
4.392239942399726829e+02
4.392239942399726829e+02
2.447761470156682719e+02
2.065449588229500932e+02
1.044836058403553949e+02
2.447761470156682719e+02
2.447761470156682719e+02
2.447761470156682719e+02
1.044836058403553949e+02
2.065449588229500932e+02
8.816448142141958044e+01
8.816448142141958044e+01
8.816448142141958044e+01
8.816448142141958044e+01
1.085918815709064233e+02
5.055926247022959785e+01
1.571037186988027656e+02
1.085918815709064233e+02
1.085918815709064233e+02
1.085918815709064233e+02
1.571037186988027656e+02
5.055926247022959785e+01
7.314587457033216822e+01
7.314587457033216822e+01
7.314587457033216822e+01
7.314587457033216822e+01
4.835479322474367336e+02
2.480149234680361587e+02
2.691545770664569091e+02
4.835479322474367336e+02
4.835479322474367336e+02
4.835479322474367336e+02
2.691545770664569091e+02
2.480149234680361587e+02
1.380511576627940542e+02
1.380511576627940542e+02
1.380511576627940542e+02
1.380511576627940542e+02
1.327851522118613445e+02
1.883577262857242829e+02
3.221861104197328700e+02
1.327851522118613445e+02
1.327851522118613445e+02
1.327851522118613445e+02
3.221861104197328700e+02
1.883577262857242829e+02
4.570258209492886863e+02
4.570258209492886863e+02
4.570258209492886863e+02
4.570258209492886863e+02
7.849798221444831370e+01
1.171372207393363141e+02
7.086215497605729752e+01
7.849798221444831370e+01
7.849798221444831370e+01
7.849798221444831370e+01
7.086215497605729752e+01
1.171372207393363141e+02
1.057427930672041896e+02
1.057427930672041896e+02
1.057427930672041896e+02
1.057427930672041896e+02
4.929956593136211751e+01
1.263989260949464892e+02
5.047444101313610076e+01
4.929956593136211751e+01
4.929956593136211751e+01
4.929956593136211751e+01
5.047444101313610076e+01
1.263989260949464892e+02
1.294111828121496046e+02
1.294111828121496046e+02
1.294111828121496046e+02
1.294111828121496046e+02
2.621989761767261484e+02
7.208994820930860215e+01
2.657440481375139143e+02
2.621989761767261484e+02
2.621989761767261484e+02
2.621989761767261484e+02
2.657440481375139143e+02
7.208994820930860215e+01
7.306464329690196280e+01
7.306464329690196280e+01
7.306464329690196280e+01
7.306464329690196280e+01
3.385602320057720362e+02
1.012643901825821189e+02
3.444013508061370317e+02
3.385602320057720362e+02
3.385602320057720362e+02
3.385602320057720362e+02
3.444013508061370317e+02
1.012643901825821189e+02
1.030114864962829415e+02
1.030114864962829415e+02
1.030114864962829415e+02
1.030114864962829415e+02
1.870832609882536701e+02
4.511092276399722891e+02
1.891628526024882149e+02
1.870832609882536701e+02
1.870832609882536701e+02
1.870832609882536701e+02
1.891628526024882149e+02
4.511092276399722891e+02
4.561236953264362910e+02
4.561236953264362910e+02
4.561236953264362910e+02
4.561236953264362910e+02
1.799004024103284394e+02
2.574310314129653534e+02
1.389901068184753399e+02
1.799004024103284394e+02
1.799004024103284394e+02
1.799004024103284394e+02
1.389901068184753399e+02
2.574310314129653534e+02
1.988898639196379747e+02
1.988898639196379747e+02
1.988898639196379747e+02
1.988898639196379747e+02
7.259070126366312934e+02
1.284897160157669873e+02
6.147551732458632614e+02
7.259070126366312934e+02
7.259070126366312934e+02
7.259070126366312934e+02
6.147551732458632614e+02
1.284897160157669873e+02
1.088152011959204515e+02
1.088152011959204515e+02
1.088152011959204515e+02
1.088152011959204515e+02
2.282724812558873850e+02
1.151442469039322560e+02
1.597380180612791776e+02
2.282724812558873850e+02
2.282724812558873850e+02
2.282724812558873850e+02
1.597380180612791776e+02
1.151442469039322560e+02
8.057438062792488154e+01
8.057438062792488154e+01
8.057438062792488154e+01
8.057438062792488154e+01
1.287489135948084424e+02
5.238881170283283382e+02
1.051862311443273086e+02
1.287489135948084424e+02
1.287489135948084424e+02
1.287489135948084424e+02
1.051862311443273086e+02
5.238881170283283382e+02
4.280099538931579559e+02
4.280099538931579559e+02
4.280099538931579559e+02
4.280099538931579559e+02
7.340035122765921471e+01
3.057961502208053162e+02
7.476058581919103574e+01
7.340035122765921471e+01
7.340035122765921471e+01
7.340035122765921471e+01
7.476058581919103574e+01
3.057961502208053162e+02
3.114630781650255358e+02
3.114630781650255358e+02
3.114630781650255358e+02
3.114630781650255358e+02
3.463184692950829344e+02
1.726947540077834162e+02
3.503472300117147711e+02
3.463184692950829344e+02
3.463184692950829344e+02
3.463184692950829344e+02
3.503472300117147711e+02
1.726947540077834162e+02
1.747037310119007998e+02
1.747037310119007998e+02
1.747037310119007998e+02
1.747037310119007998e+02
2.499845702447310600e+02
4.297879963713721452e+01
2.565697767557371094e+02
2.499845702447310600e+02
2.499845702447310600e+02
2.499845702447310600e+02
2.565697767557371094e+02
4.297879963713721452e+01
4.411096659819654775e+01
4.411096659819654775e+01
4.411096659819654775e+01
4.411096659819654775e+01
1.668077772333450923e+02
2.401344913842090705e+02
1.691920555225517830e+02
1.668077772333450923e+02
1.668077772333450923e+02
1.668077772333450923e+02
1.691920555225517830e+02
2.401344913842090705e+02
2.435668700406078813e+02
2.435668700406078813e+02
2.435668700406078813e+02
2.435668700406078813e+02
8.317132664338981840e+01
3.307360433688415355e+02
8.498091199295311071e+01
8.317132664338981840e+01
8.317132664338981840e+01
8.317132664338981840e+01
8.498091199295311071e+01
3.307360433688415355e+02
3.379319740195443273e+02
3.379319740195443273e+02
3.379319740195443273e+02
3.379319740195443273e+02
4.031493911580436134e+02
2.056446986487394497e+02
4.083205229637214870e+02
4.031493911580436134e+02
4.031493911580436134e+02
4.031493911580436134e+02
4.083205229637214870e+02
2.056446986487394497e+02
2.082824698203562264e+02
2.082824698203562264e+02
2.082824698203562264e+02
2.082824698203562264e+02
1.928760343451098436e+02
9.391339383983397227e+01
1.959888691638390981e+02
1.928760343451098436e+02
1.928760343451098436e+02
1.928760343451098436e+02
1.959888691638390981e+02
9.391339383983397227e+01
9.542906624196662335e+01
9.542906624196662335e+01
9.542906624196662335e+01
9.542906624196662335e+01
9.510159554353953126e+01
4.160921222250908613e+02
9.611372877486660116e+01
9.510159554353953126e+01
9.510159554353953126e+01
9.510159554353953126e+01
9.611372877486660116e+01
4.160921222250908613e+02
4.205204460801265895e+02
4.205204460801265895e+02
4.205204460801265895e+02
4.205204460801265895e+02
4.187440049391457109e+01
1.523017453923053210e+02
5.844421698300162404e+01
4.187440049391457109e+01
4.187440049391457109e+01
4.187440049391457109e+01
5.844421698300162404e+01
1.523017453923053210e+02
2.125679687256973978e+02
2.125679687256973978e+02
2.125679687256973978e+02
2.125679687256973978e+02
2.258033977626495812e+02
8.807044362990353648e+01
2.770117619551027133e+02
2.258033977626495812e+02
2.258033977626495812e+02
2.258033977626495812e+02
2.770117619551027133e+02
8.807044362990353648e+01
1.080433200200612447e+02
1.080433200200612447e+02
1.080433200200612447e+02
1.080433200200612447e+02
2.956607293595885153e+02
1.226159209469828539e+02
2.204437140626286009e+02
2.956607293595885153e+02
2.956607293595885153e+02
2.956607293595885153e+02
2.204437140626286009e+02
1.226159209469828539e+02
9.142204673346471111e+01
9.142204673346471111e+01
9.142204673346471111e+01
9.142204673346471111e+01
1.589185685347091805e+02
5.313171524178173968e+02
1.327121238291968837e+02
1.589185685347091805e+02
1.589185685347091805e+02
1.589185685347091805e+02
1.327121238291968837e+02
5.313171524178173968e+02
4.437003704123422381e+02
4.437003704123422381e+02
4.437003704123422381e+02
4.437003704123422381e+02
1.174489046556660838e+02
2.328414454688612807e+02
8.287903837965870935e+01
1.174489046556660838e+02
1.174489046556660838e+02
1.174489046556660838e+02
8.287903837965870935e+01
2.328414454688612807e+02
1.643069822742530448e+02
1.643069822742530448e+02
1.643069822742530448e+02
1.643069822742530448e+02
5.302799945706730114e+02
1.303197590915071657e+02
4.344018314355026291e+02
5.302799945706730114e+02
5.302799945706730114e+02
5.302799945706730114e+02
4.344018314355026291e+02
1.303197590915071657e+02
1.067570766410260461e+02
1.067570766410260461e+02
1.067570766410260461e+02
1.067570766410260461e+02
1.364459519267554128e+02
9.535245818716533961e+01
2.027926084191931295e+02
1.364459519267554128e+02
1.364459519267554128e+02
1.364459519267554128e+02
2.027926084191931295e+02
9.535245818716533961e+01
1.417174598579321980e+02
1.417174598579321980e+02
1.417174598579321980e+02
1.417174598579321980e+02
8.782905205475081800e+01
4.961932112290440386e+02
1.101268355172435491e+02
8.782905205475081800e+01
8.782905205475081800e+01
8.782905205475081800e+01
1.101268355172435491e+02
4.961932112290440386e+02
6.221652958719145090e+02
6.221652958719145090e+02
6.221652958719145090e+02
6.221652958719145090e+02
9.542906624196662335e+01
3.255824140728748830e+02
6.056860099291588995e+01
9.542906624196662335e+01
9.542906624196662335e+01
9.542906624196662335e+01
6.056860099291588995e+01
3.255824140728748830e+02
2.066463825422828222e+02
2.066463825422828222e+02
2.066463825422828222e+02
2.066463825422828222e+02
4.205204460801265895e+02
1.718410087719911985e+02
3.186689974143041013e+02
4.205204460801265895e+02
4.205204460801265895e+02
4.205204460801265895e+02
3.186689974143041013e+02
1.718410087719911985e+02
1.302205457320354469e+02
1.302205457320354469e+02
1.302205457320354469e+02
1.302205457320354469e+02
3.379319740195443273e+02
4.753133367116732444e+01
4.026953498758697947e+02
3.379319740195443273e+02
3.379319740195443273e+02
3.379319740195443273e+02
4.026953498758697947e+02
4.753133367116732444e+01
5.664053275311093927e+01
5.664053275311093927e+01
5.664053275311093927e+01
5.664053275311093927e+01
2.082824698203562264e+02
2.457942262635074542e+02
2.320224103649073015e+02
2.082824698203562264e+02
2.082824698203562264e+02
2.082824698203562264e+02
2.320224103649073015e+02
2.457942262635074542e+02
2.738097396320708867e+02
2.738097396320708867e+02
2.738097396320708867e+02
2.738097396320708867e+02
7.827283481426604794e+01
2.565697767557371094e+02
1.284972599172008074e+02
7.827283481426604794e+01
7.827283481426604794e+01
7.827283481426604794e+01
1.284972599172008074e+02
2.565697767557371094e+02
4.211999395308893099e+02
4.211999395308893099e+02
4.211999395308893099e+02
4.211999395308893099e+02
4.021339252725487086e+02
1.691920555225517830e+02
5.438071238780537442e+02
4.021339252725487086e+02
4.021339252725487086e+02
4.021339252725487086e+02
5.438071238780537442e+02
1.691920555225517830e+02
2.287990127527190793e+02
2.287990127527190793e+02
2.287990127527190793e+02
2.287990127527190793e+02
1.886488115382269370e+02
7.476058581919103574e+01
1.646221609434352615e+02
1.886488115382269370e+02
1.886488115382269370e+02
1.886488115382269370e+02
1.646221609434352615e+02
7.476058581919103574e+01
6.523894367846831699e+01
6.523894367846831699e+01
6.523894367846831699e+01
6.523894367846831699e+01
9.845498072904482001e+01
3.503472300117147711e+02
9.052981200162945186e+01
9.845498072904482001e+01
9.845498072904482001e+01
9.845498072904482001e+01
9.052981200162945186e+01
3.503472300117147711e+02
3.221459049952919145e+02
3.221459049952919145e+02
3.221459049952919145e+02
3.221459049952919145e+02
5.985709827935306038e+01
1.268747214466475413e+02
9.873794132103952848e+01
5.985709827935306038e+01
5.985709827935306038e+01
5.985709827935306038e+01
9.873794132103952848e+01
1.268747214466475413e+02
2.092876060055097582e+02
2.092876060055097582e+02
2.092876060055097582e+02
2.092876060055097582e+02
2.861299703057748047e+02
5.518720398690844604e+02
1.992889676448781699e+02
2.861299703057748047e+02
2.861299703057748047e+02
2.861299703057748047e+02
1.992889676448781699e+02
5.518720398690844604e+02
3.843778020878059465e+02
3.843778020878059465e+02
3.843778020878059465e+02
3.843778020878059465e+02
2.184082566860655561e+02
1.548418764379777883e+02
4.156934613170467969e+02
2.184082566860655561e+02
2.184082566860655561e+02
2.184082566860655561e+02
4.156934613170467969e+02
1.548418764379777883e+02
2.947084352486206171e+02
2.947084352486206171e+02
2.947084352486206171e+02
2.947084352486206171e+02
1.367319066257150268e+02
9.226486691461943224e+01
8.613317259764336598e+01
1.367319066257150268e+02
1.367319066257150268e+02
1.367319066257150268e+02
8.613317259764336598e+01
9.226486691461943224e+01
5.812151605849774683e+01
5.812151605849774683e+01
5.812151605849774683e+01
5.812151605849774683e+01
1.207536739642375210e+02
8.257409960842358032e+01
1.725459017603676841e+02
1.207536739642375210e+02
1.207536739642375210e+02
1.207536739642375210e+02
1.725459017603676841e+02
8.257409960842358032e+01
1.179907990477003068e+02
1.179907990477003068e+02
1.179907990477003068e+02
1.179907990477003068e+02
5.492094758398952763e+02
3.936306514433229609e+02
2.575153219258796184e+02
5.492094758398952763e+02
5.492094758398952763e+02
5.492094758398952763e+02
2.575153219258796184e+02
3.936306514433229609e+02
1.845669610330450325e+02
1.845669610330450325e+02
1.845669610330450325e+02
1.845669610330450325e+02
2.701300343640844517e+02
1.893323016691283271e+02
3.574544859702360782e+02
2.701300343640844517e+02
2.701300343640844517e+02
2.701300343640844517e+02
3.574544859702360782e+02
1.893323016691283271e+02
2.505374151749566636e+02
2.505374151749566636e+02
2.505374151749566636e+02
2.505374151749566636e+02
1.367557061169698613e+02
9.099682486529894732e+01
7.610799511388682959e+01
1.367557061169698613e+02
1.367557061169698613e+02
1.367557061169698613e+02
7.610799511388682959e+01
9.099682486529894732e+01
5.064202510353606357e+01
5.064202510353606357e+01
5.064202510353606357e+01
5.064202510353606357e+01
4.505595615382743091e+01
5.404551907189771498e+01
9.015879675734666421e+01
4.505595615382743091e+01
4.505595615382743091e+01
4.505595615382743091e+01
9.015879675734666421e+01
5.404551907189771498e+01
1.081472769773770182e+02
1.081472769773770182e+02
1.081472769773770182e+02
1.081472769773770182e+02
2.524667579012293288e+02
2.959461541033468848e+02
1.536203195037597311e+02
2.524667579012293288e+02
2.524667579012293288e+02
2.524667579012293288e+02
1.536203195037597311e+02
2.959461541033468848e+02
1.800765499870337010e+02
1.800765499870337010e+02
1.800765499870337010e+02
1.800765499870337010e+02
3.188252188025526266e+02
3.700487590455232976e+02
5.415629533617797051e+02
3.188252188025526266e+02
3.188252188025526266e+02
3.188252188025526266e+02
5.415629533617797051e+02
3.700487590455232976e+02
6.285722929611321206e+02
6.285722929611321206e+02
6.285722929611321206e+02
6.285722929611321206e+02
1.828688633426439765e+02
2.167176387806056823e+02
1.247548108000744662e+02
1.828688633426439765e+02
1.828688633426439765e+02
1.828688633426439765e+02
1.247548108000744662e+02
2.167176387806056823e+02
1.478467549309066555e+02
1.478467549309066555e+02
1.478467549309066555e+02
1.478467549309066555e+02
9.923169154027154093e+01
6.649882512554815150e+01
1.594593806643984806e+02
9.923169154027154093e+01
9.923169154027154093e+01
9.923169154027154093e+01
1.594593806643984806e+02
6.649882512554815150e+01
1.068596262427578125e+02
1.068596262427578125e+02
1.068596262427578125e+02
1.068596262427578125e+02
4.381719195693894449e+02
3.088948151068997845e+02
3.109080852550694658e+02
4.381719195693894449e+02
4.381719195693894449e+02
4.381719195693894449e+02
3.109080852550694658e+02
3.088948151068997845e+02
2.191785717452764004e+02
2.191785717452764004e+02
2.191785717452764004e+02
2.191785717452764004e+02
1.267728227084102599e+02
2.471655149966128420e+02
2.310974210364604460e+02
1.267728227084102599e+02
1.267728227084102599e+02
1.267728227084102599e+02
2.310974210364604460e+02
2.471655149966128420e+02
4.505643391426706330e+02
4.505643391426706330e+02
4.505643391426706330e+02
4.505643391426706330e+02
6.953201663431575241e+01
1.493418247583393565e+02
4.513847556620498125e+01
6.953201663431575241e+01
6.953201663431575241e+01
6.953201663431575241e+01
4.513847556620498125e+01
1.493418247583393565e+02
9.694904066021130973e+01
9.694904066021130973e+01
9.694904066021130973e+01
9.694904066021130973e+01
