1.264760070696710592e+01
3.415444388770322348e+01
1.635661607763399772e+01
2.663148890642832711e+01
1.122917819777453552e+01
1.962185376004339687e+01
4.744085172144069418e+01
9.906180474092141708e+01
6.047166158236316846e+01
1.434165845638785584e+02
8.207432408162189574e+01
1.273324816221351625e+02
6.658849234729018463e+01
1.549542596894025621e+02
3.243332486086662669e+01
4.184294121064491634e+01
4.800565727362780422e+01
4.525924138454185197e+01
9.986557819825362614e+00
4.771202707261091547e+01
3.697481460786598007e+01
3.222818063073076900e+01
3.418384724494853089e+01
2.323426975703845798e+01
5.553079759218815781e+01
4.750374192154289688e+01
1.178506979996368074e+02
3.885952750106388720e+01
4.664586997743806052e+01
3.407873669361811864e+01
4.251328117980866494e+01
1.713642746019070273e+01
5.196472883341239424e+01
4.329053805115083975e+01
5.925468503547766375e+01
3.636405196296670539e+01
6.350380251628783057e+00
5.292406950217513284e+00
5.084715861181235752e+00
3.254035200819534346e+00
7.331802654153231913e+01
1.107929909389864953e+01
5.248229236059783887e+01
5.462599217649289329e+01
8.528422043053993207e+01
3.785124456373964552e+00
2.504832237160724517e+01
4.370098235995395441e+01
5.965899910550709784e+00
5.000149033392080611e+00
1.419766716279533014e+01
3.984484135287343243e+00
1.038508502947716039e+01
6.188267536545247971e+00
1.712144211133040272e+01
6.029847103866869951e+00
2.153393668728676502e+01
8.262005448894807813e+00
1.386521002753495324e+01
1.438200948511318344e+01
1.040303408690877518e+02
8.944669371363147548e+01
8.095648309716047208e+01
1.977877630269814802e+02
1.268941520491070349e+02
1.064593108002642197e+02
1.921304702438428933e+02
2.122799146836922830e+02
8.689667797038168828e+01
1.354443784264108785e+02
1.614428970189718484e+02
1.652123736849627278e+02
8.945960354166513184e+01
7.609081407765101801e+01
1.188931067976729423e+02
1.124205072667797083e+02
1.197848928778227986e+02
6.305943460353207541e+01
1.410176360667313418e+02
9.025036872729384640e+01
9.545434104296295175e+01
8.958579987053479954e+01
1.701731946747428879e+02
1.199538676232584749e+02
3.542540357452769229e+01
2.927383206259668924e+01
1.531502194234599479e+01
3.960904546114466740e+01
4.320171167625328934e+00
2.016854489468924072e+01
1.188893904919176236e+00
2.272506082189619914e+00
8.722096697667232057e-01
7.996764739400315847e+00
1.712934306457433387e+00
9.752152121219899161e-01
4.427156470504227315e+01
3.663437135401957079e+01
8.284108797249683676e+01
1.880428867525228043e+01
2.080230148791142852e+01
4.130886847862552713e+01
1.542704598242402092e+01
6.822220051036629762e+00
3.015926837994068066e+01
2.726254059823034126e+01
1.372885798467851437e+01
1.281010943772268895e+01
1.574180039485110605e+01
1.342867901361211480e+01
1.119728602142865626e+01
2.496084664262976816e+01
8.533712845629811738e+01
1.410367872955761648e+01
8.623415490906330660e+01
1.034188806169447616e+02
4.639254250858491702e+01
1.356967547263429807e+01
8.210603496601297024e+01
7.356192493059646154e+01
1.204229272096140591e+02
1.037978570965685208e+02
1.374621376517648912e+02
2.394322519514297483e+02
7.434806810332693772e+01
1.955824852649315915e+02
2.740550775433026160e+02
2.069393817190031655e+02
1.188011382025742932e+02
3.825899553261228903e+02
1.454364587693252986e+02
2.362077115491715062e+02
3.062503760210663373e+01
2.581619849155102386e+01
1.300310659070472497e+01
4.336857185377126456e+01
4.203436533622479487e+00
4.143514766829064655e+01
3.419524637326941896e+00
6.789079684010874693e+00
2.032823623643423616e+00
2.097347174932780689e+01
2.127678127125169460e+00
2.878711808731268196e+00
1.481842788173372227e+01
6.703048599461330248e+00
2.150449908590817572e+01
2.571670136258024897e+01
3.683437787745240399e+01
7.922590003993003727e+00
4.959737831679822762e+01
1.545972477365091535e+01
1.304522133734797507e+01
9.107797679045276595e+00
4.234474599496564906e+01
2.263938280219825572e+01
2.783367496856643015e+02
1.427174618708314426e+02
1.544870217402827848e+02
9.797907090767863281e+01
6.466409336131596319e+01
4.240686955827271163e+02
1.924921709962355720e+01
1.778271971659444617e+01
2.803181637325921471e+01
4.247382405503038427e+01
6.476618889145992597e+00
9.867656093592916733e+00
9.667054142496139812e-01
1.371531603641526598e+00
2.356156449412341036e+00
8.569539575047133706e-01
1.772293259457625680e+01
1.349512454543968509e+00
5.345540729209083253e+01
3.111668603539391142e+01
8.554490103875934892e+01
4.136338108736492103e+00
5.432187101547452812e+01
7.583286532683568737e+01
3.437851817175261715e+01
5.186897916801571284e+01
3.096198303417877540e+01
2.783344209194888208e+01
6.106035317072480240e+01
2.100138751012734062e+01
2.719828540901271552e+01
4.556385479988505693e+01
5.074660646967825528e+01
2.313207603938170820e+01
6.725521025006521825e+01
4.108532908487198654e+01
5.345929773840324195e+00
1.404780466221109414e+01
5.477515270888551058e+00
4.227716011290353570e+00
8.400746787463367227e+00
1.097863916741936663e+01
1.397932048636950597e+01
3.585179662513445464e+01
4.642320176438459356e+01
2.336269838385569386e+01
1.787690718327753103e+01
3.671281174605895359e+01
2.034911383780591052e+02
5.475850598437121164e+01
2.062535191551136506e+02
1.332836088905772840e+02
5.608023498607927593e+01
1.550780031953925402e+02
2.837276310035091242e+01
7.532720529511471419e+00
1.166011610045979019e+01
2.771212271735626942e+01
1.002142355414709662e+01
7.637199174074562613e+00
3.118984002886102047e+01
9.274578946190983331e+00
3.173096733585708051e+01
7.524699903477190333e+01
3.018371615696227916e+00
1.417558951122988731e+01
3.367029266038959356e+00
9.841420342305591262e-01
4.150451525659128449e-01
1.034693741224775643e+01
2.203146625385344226e+00
1.001316523765911848e+00
5.716863081714689798e+01
1.381485440988067808e+02
5.780763863183835838e+01
4.227941464128411297e+01
4.031892910261938567e+01
7.058445044668044943e+01
3.722706935058841538e+01
8.896515328368036535e+01
1.216370267759812407e+02
1.275515596583784657e+02
7.285942241173246714e+01
8.995741575906690457e+01
1.031272816633568823e+02
1.477072675581450483e+02
7.954999731681959929e+01
9.904678143029728687e+01
2.480276394435165699e+01
1.000787937648918842e+02
1.783207853246276287e+01
3.311034171908675461e+01
2.660001054359052119e+01
1.062238642542337601e+02
2.632571128449051656e+01
2.554751165608153585e+01
5.028001505084363743e+01
8.833517163590284937e+00
4.255213454526154493e+01
4.940211720907748827e+01
2.782160832813347611e+02
4.927096369187464120e+01
2.267012967098416709e+02
4.706155911789762314e+01
4.048083024807885266e+01
7.188077328419955947e+00
4.058858546268211143e+01
3.977402788392375754e+01
1.369433643803714631e+02
6.889020197434160764e+01
9.558481790234662867e+01
7.526827336643280830e+01
1.418782603940785521e+02
1.336694782971084692e+02
5.312830968424100320e+01
3.829080878138993427e+01
4.856946434970556936e+01
2.576673628349215051e+01
2.734909843673663588e+01
2.669526732073511610e+01
1.121045960688294585e+01
4.587154241219304396e+01
9.138769586463260097e+00
1.963055503285946912e+01
1.216454127555383558e+01
1.077643344221886856e+01
1.669247903464758309e+01
8.378696418133598911e+01
3.905525198449136326e+01
6.302549812909785487e+01
7.114378588375460311e+01
6.838937031029765024e+01
2.135179575858448420e+00
9.014186674827026735e+00
2.175514156486050510e+00
3.229275819166792516e+00
8.235692649739730697e+00
2.313960441466644813e+00
1.375371103199698197e+01
5.698814615589638066e+01
3.838267463146582514e+01
1.505012976246222323e+01
5.356541142240870812e+01
5.805050051235429009e+01
3.334756533563759007e+01
1.658373876984909501e+01
3.373681703599068982e+01
4.151122438558336114e+01
4.274124571187352473e+01
3.839283850035135259e+01
6.196902318952497524e+01
3.046161975806633038e+01
2.475741223793401247e+01
2.404493545984243497e+01
2.676828634605542234e+01
3.081815671613607677e+01
4.977646397274200751e+01
8.311523370621520357e+00
5.109967333078896701e+01
1.821252117206923415e+01
1.569873094524940029e+02
5.514242822298864866e+01
6.532305698200596566e+01
1.062500167528959594e+01
2.983391430804283928e+01
3.461112862408493474e+00
9.853588488771134024e+00
1.091581748913447925e+01
6.501474053376544759e+01
9.374241839712595947e+01
6.594950759129243067e+01
8.655554606186034050e+01
3.724145331545787485e+01
6.946485904343833795e+01
5.373567841640150533e+01
7.638135041403729986e+01
5.819615236563148386e+01
1.352578725657749601e+02
7.251435929001965519e+01
7.747781049884196136e+01
2.900590427305829522e+01
1.160056939628758670e+02
2.964563875770565815e+01
2.866575161459409671e+01
2.608093913627931215e+01
1.627044975185669173e+01
1.477704858681509670e+01
5.782374230648173352e+01
5.979298010533003804e+01
6.571890325879871853e+01
1.053450114862475999e+02
5.909178696379380114e+01
7.039407295784445751e+01
3.588107913870496191e+01
7.130056523254162926e+01
6.907269413309150252e+01
5.503536613067840477e+01
9.472204197550115623e+01
7.360104802568385196e+01
3.703876708814484431e+01
3.823377636374589628e+01
4.798568858532441794e+01
2.788062720405760686e+01
3.751608380307180823e+01
3.050065503845965864e+01
1.472363945586939771e+01
3.099542435468503143e+01
5.586795408441407318e+01
3.856404660035129162e+00
6.506013555514557822e+01
1.531194701480827725e+01
7.273576403845423144e+00
4.035922617089622300e+00
5.846864095889702639e+01
3.465697351163577800e+00
7.392586787906520129e+00
1.233871736121408347e+01
5.483364407927766138e+01
1.247251578106869552e+01
6.460864206478421856e+00
4.023494791700244377e+01
1.078975568358518977e+01
1.862300163391266850e+01
8.187338153796873996e+01
1.580280030498555277e+02
2.537588642172995534e+01
9.462656045857936249e+01
8.274745572303245922e+01
7.051673228950999572e+00
2.662556894777387839e+01
9.968552601987481054e+00
5.530735925999281655e+00
5.171227034564065406e+00
9.846075543510838912e+00
8.005625298845147952e+00
2.138267578805238855e+01
3.812578776637693778e+01
4.077633078128828004e+01
2.141601119905044470e+01
2.990264257294473893e+01
8.306011766946714658e+01
3.195684429871771925e+01
1.019781399357509457e+02
2.328863353944822734e+02
7.391588453154416527e+01
5.393267965767564931e+01
1.652202383736154161e+02
5.177499252319319112e+01
2.272945539281474225e+01
7.161355918951343824e+01
9.814790597358403090e+01
6.372949762736516277e+01
2.773194477477153796e+01
1.146286792225036955e+01
2.064045082748765481e+01
1.958897531127475844e+01
1.386597238738576721e+02
1.621136815524216956e+01
4.261474728752749286e+01
2.366649952463578188e+01
2.490838379945690662e+01
3.518900093405636031e+00
3.009799732008051620e+01
1.759450046702817971e+01
2.746524079439689103e+01
9.216710669045514237e+01
2.290303723688049686e+01
2.278406641557219814e+01
3.566914388882712617e-01
4.153503633927996219e+01
3.731482118813871374e-01
1.501634508127303702e+00
1.510590470052644463e+00
9.649066348124677006e+01
8.286352108920900239e-01
1.253125499756451378e+00
1.855693880652624017e+01
3.688643677102837160e+01
1.304857796847497298e+01
2.530192218497567680e+01
1.616249508955511516e+01
2.332961046126689908e+01
1.948110499946389851e+01
5.507025742794204604e+01
2.843223034367195723e+01
4.450984057317934628e+01
3.083592333850850409e+01
3.876663533793039562e+01
8.028200664792635166e+01
1.962129758348773478e+01
6.570708444379447144e+01
3.741321234635456960e+01
4.706186596602579186e+01
9.252976534953559451e+01
2.068869713731153581e+01
6.178010888507446730e+00
1.083684112052226922e+01
8.615065078348077776e+00
4.381736368553772465e+00
5.050210563169562406e+00
7.580980321187168158e+01
5.288585501352633145e+01
1.129816123555291654e+02
6.137474668485467078e+01
2.971744285905370475e+01
5.979217948609107935e+01
2.827985598644889365e+01
1.323759089927298227e+01
2.438238815943941162e+01
5.035638173697983433e+01
2.502773623104845768e+01
1.973970164089609725e+01
3.713425926335388993e+01
2.121081282228152816e+02
4.671841593281774152e+01
2.382566158505653320e+01
6.878969338949163159e+01
2.528125876156933316e+01
3.780339894832012959e+01
1.716327069590544454e+02
3.357908960011193358e+02
1.163028915707848796e+02
3.164573539204959047e+02
2.154463401229293709e+02
8.612952925238218427e+00
2.964010061439259403e+01
5.423851478932494530e+00
1.057558416308748228e+01
3.650251477839054104e+01
7.565339495772056999e+00
2.479174756692530934e+01
1.354811972902539594e+02
6.983462344843970016e+01
2.023263170387681953e+01
9.762178395156435329e+01
8.574782007833508146e+01
2.279411731278521813e+02
9.282275605643049232e+01
1.725622814353428112e+02
7.744408572654374723e+01
6.704152150819182054e+01
1.869064212065178481e+02
1.413949431464328654e+01
7.605757298828866197e+00
1.692836494950606152e+01
1.955507149699122493e+01
7.014214588760466107e+00
5.751491616762125503e+00
3.130436895655079255e+01
4.272491815856525932e+00
3.735018443462755044e+01
3.666193759503659066e+01
3.366696284006406614e+01
4.366347323299238070e+01
6.561687184297566944e+01
7.505921380974718282e+00
7.684658392221057177e+00
8.368276869914607730e+00
6.452406223193038137e+00
8.999844935568539483e+00
1.212667238964706371e+02
1.431949058413985938e+02
1.351526004516163084e+02
1.625992887894699095e+02
1.254125947989140997e+02
1.506085271752394590e+02
2.327602570376388655e+02
2.466107420704521758e+02
2.049700153583254689e+02
2.657466642315180252e+02
2.212887898548528369e+02
2.748320202736211968e+02
4.320407270510417419e+01
1.422832437660987353e+02
7.130429612148624585e+01
2.708120083548849522e+01
1.753828693969575880e+01
2.700066248752464659e+01
1.133890565083781787e+01
2.262607394665526073e+01
5.946429738557161926e+01
9.181994715772475502e+01
5.964166919178111215e+01
3.727344389571005223e+01
2.458217967741044419e+01
1.032920973664580977e+01
3.328158753654819435e+01
6.812954490759899784e+01
6.976023962508369891e+01
4.532761262593151486e+01
4.826687316886013832e+02
1.498001427202792115e+02
7.320283259030587431e+01
7.149166483842495268e+01
1.100273184798513029e+02
2.028817515685032902e+02
3.876204716442370568e+01
1.515744510715380677e+01
3.379816967982326759e+01
4.934930028728049933e+01
4.100912236236131037e+01
6.255136727611309055e+01
7.346345449443541042e+01
3.294611185841939971e+01
2.251946429424733154e+01
2.709933160592303736e+01
1.776651501253259013e+01
2.867030735119393370e+01
1.379646863937717738e+00
4.974596509847734715e+00
1.266739747309074682e+00
1.589629490543743806e+00
2.483364355087892328e+00
9.535386714954706688e-01
1.815759181373341802e+00
7.130643295571829299e+00
5.688885335547441358e+00
3.641519569683923319e+00
9.483852273684121315e+00
6.554735225431063128e+00
3.312280691160432866e+01
7.170640092607371230e+01
5.527195993020733766e+01
2.533392868026949429e+01
7.938523970549796971e+00
5.576744359367359749e+01
1.705872259610342567e+01
2.213092503517952991e+01
4.787952933458190330e+01
1.527962359132565382e+02
2.175062192638810643e+01
3.662058546681355153e+01
5.877134883361077300e+01
1.133247386724729608e+02
4.087192520565892551e+01
5.124440868371827662e+01
9.589009546536493644e+01
3.933316266787822713e+01
3.891412108278886706e+01
1.078963758175365086e+02
8.604678869384103734e+01
4.598406941143780102e+01
1.121043035105267052e+02
7.502663956603011286e+01
1.122562301407053837e+02
7.961953487485631342e+01
2.144286233526001979e+02
9.364103612174143620e+01
1.576632445796424236e+02
4.534277580169410982e+01
1.014743249202259676e+02
3.767845181099261964e+01
8.626192889086713933e+01
5.123360502149511575e+01
1.781464909543314548e+02
7.195731042344819173e+01
7.885187905985270973e+00
5.277973164503225512e+00
4.943586584397986705e+00
2.735636470692552180e+01
1.923985849060406039e+01
8.344577289327945735e+00
4.428642297260530825e+01
4.728197797504832778e+01
8.503083938919866469e+00
1.209018587534265698e+01
2.787600345726162487e+01
2.950005353583608425e+01
2.470643218318908652e+00
1.678789178870682131e+00
3.538890592972109506e+00
2.748363066880871841e+00
2.992223453297345159e+01
2.633566073096478277e+00
5.082172233501339775e+01
2.410895597536302759e+01
3.110323915969011921e+01
2.856838571753568701e+00
3.245902756726604821e+01
3.459948936901543703e+01
2.597239415398707933e+02
1.862644523327629713e+02
1.211827972744612367e+02
3.197792987016525785e+02
1.601037995793723780e+02
2.709360967756398964e+02
9.594533693203955238e+01
1.474731235742405602e+02
5.592534521491931798e+01
1.117010821695630085e+02
6.600732750381405367e+01
6.885683147438815865e+01
2.594150767085489306e+01
1.817094085599819664e+01
3.436527869200925522e+01
4.780554321030996334e+01
8.225356090758870309e+00
2.729513083356938452e+01
2.112770760716778895e+01
1.117145968154005864e+01
8.031888036961793986e+00
4.668111220652622251e+01
1.406729914403334192e+01
1.480132826060587625e+01
3.119210689955969684e+01
2.053202905320696914e+01
1.722083079776662728e+01
2.122953077424757495e+01
2.287421172634377697e+01
3.398597263300811733e+01
9.364965962172446368e+00
1.116564906047134897e+01
8.977431712269099862e+00
8.331944509800443655e+00
5.607803692050875810e+00
6.110092640520326412e+00
7.349897996328072836e+00
8.902399692981109780e+00
1.496471113528541075e+01
9.013443393334739540e+00
1.142061073275593053e+01
6.985401037801589830e+00
2.710165493295320971e+01
1.612258080849357356e+01
2.663611000546250551e+01
2.102191164473201823e+01
3.436926075591947694e+01
3.266481655566052211e+01
6.497330838089225846e-01
7.616546705646792814e-01
3.942592650219251538e-01
9.340951343253859340e-01
2.404012410093013585e+01
5.963208416952899826e-01
1.924796267784438442e+01
3.718441638047373488e+01
1.569499739244999859e+01
6.098396429230551474e-01
2.458512208940786437e+01
2.256406678815303835e+01
7.968152294875331165e+01
9.243568026606124022e+01
1.356952920280253068e+02
1.034560776274031753e+02
4.107294997358417632e+00
7.475210753576864420e+01
8.519757786323983950e+00
5.803661976115428445e+00
7.613835188542029009e+00
1.917801192304572737e+02
1.053746242446939974e+01
9.885573156209137125e+00
4.562676407140917689e+01
5.413273123199200398e+01
3.104599987850434317e+01
1.845252566135870254e+01
9.540141578567371994e+01
4.373859055830921250e+01
2.516645629064593237e+01
4.388098369434258217e+01
7.386762668583973834e+01
1.428746382576020935e+01
3.116342478267578642e+01
2.987378799931680717e+01
2.700232137772928454e+01
1.786079983144140471e+01
4.359375844931446409e+01
2.636356386678190233e+01
1.157242344759826480e+01
1.603789988431664426e+01
1.083420230937261586e+01
4.438881290908458510e+00
7.376630489396916346e+00
1.680497347072339664e+01
1.212591863221700983e+01
7.202131487452883896e+00
9.988302610261101222e+01
7.040840260129370165e+01
7.077978092568105239e+01
9.853822028236626807e+01
7.513324972320295103e+01
1.492445501827698422e+02
7.848190007271938384e+01
7.807010907587601878e+01
5.607581608528435169e+01
7.354415173417908136e+01
3.702387196824513893e+01
5.532082210093116004e+01
9.005363406466223353e+00
1.756796992588844830e+01
1.647265868447297876e+01
3.905643235904811217e+00
6.197808932685577332e+01
2.229480064207249512e+01
1.217290735946785247e+02
1.298231660705348531e+02
5.474016593350115727e+02
3.449534523127770314e+01
9.589480625677019532e+01
2.374091407093818020e+02
1.818258202900050335e+01
3.987534936823618636e+01
1.162212989666577911e+01
3.963638786035405559e+01
1.189724503132131872e+01
1.718158642955140536e+01
1.566472573303181015e+01
5.374543366112629172e+01
1.594266688782180807e+01
5.311395424995701120e+01
3.677831094847435622e+01
3.475357500305829461e+01
