8.834442008081456743e-01
8.834442008081456743e-01
8.834442008081456743e-01
8.834442008081456743e-01
7.843663465119050660e-01
1.596585905074962286e-01
1.417529541888985223e-01
1.417529541888985223e-01
1.417529541888985223e-01
1.596585905074962286e-01
7.843663465119050660e-01
1.417529541888985223e-01
8.127169373496848093e-02
8.127169373496848093e-02
8.127169373496848093e-02
8.127169373496848093e-02
5.859122106474472236e-02
3.379191476348689660e-01
2.436161296902543405e-01
2.436161296902543405e-01
2.436161296902543405e-01
3.379191476348689660e-01
5.859122106474472236e-02
2.436161296902543405e-01
3.804947717702012455e-01
3.804947717702012455e-01
3.804947717702012455e-01
3.804947717702012455e-01
3.196156082869690551e-01
8.281356797351439036e-01
6.956339709775208879e-01
6.956339709775208879e-01
6.956339709775208879e-01
8.281356797351439036e-01
3.196156082869690551e-01
6.956339709775208879e-01
1.258368330168116722e-01
1.258368330168116722e-01
1.258368330168116722e-01
1.258368330168116722e-01
1.452843435739552991e+00
5.142896653730563705e-02
5.937707954761650697e-01
5.937707954761650697e-01
5.937707954761650697e-01
5.142896653730563705e-02
1.452843435739552991e+00
5.937707954761650697e-01
2.658986993311759361e-01
2.658986993311759361e-01
2.658986993311759361e-01
2.658986993311759361e-01
4.628606988357507057e-01
2.551553175400173568e-01
4.441592564585487013e-01
4.441592564585487013e-01
4.441592564585487013e-01
2.551553175400173568e-01
4.628606988357507057e-01
4.441592564585487013e-01
3.168302870818539008e-01
3.168302870818539008e-01
3.168302870818539008e-01
3.168302870818539008e-01
3.864633172097338698e-01
2.806211114153562836e-01
3.422960809571928276e-01
3.422960809571928276e-01
3.422960809571928276e-01
2.806211114153562836e-01
3.864633172097338698e-01
3.422960809571928276e-01
1.760720904662107719e-02
1.760720904662107719e-02
1.760720904662107719e-02
1.760720904662107719e-02
2.357575448615364597e-02
3.697513899790426106e-01
4.950908442092266104e-01
4.950908442092266104e-01
4.950908442092266104e-01
3.697513899790426106e-01
2.357575448615364597e-02
4.950908442092266104e-01
8.197797161197983851e-01
8.197797161197983851e-01
8.197797161197983851e-01
8.197797161197983851e-01
9.997313611217054086e-02
1.553910805182304289e+00
1.895013177051590447e-01
1.895013177051590447e-01
1.895013177051590447e-01
1.553910805182304289e+00
9.997313611217054086e-02
1.895013177051590447e-01
2.229251721665414243e-01
2.229251721665414243e-01
2.229251721665414243e-01
2.229251721665414243e-01
1.047479724637965653e-01
3.220030264627820604e-01
1.513026268921506268e-01
1.513026268921506268e-01
1.513026268921506268e-01
3.220030264627820604e-01
1.047479724637965653e-01
1.513026268921506268e-01
1.719935844158635430e-01
1.719935844158635430e-01
1.719935844158635430e-01
1.719935844158635430e-01
9.323862734123128382e-01
1.946740570860872876e-01
1.055338309466683722e+00
1.055338309466683722e+00
1.055338309466683722e+00
1.946740570860872876e-01
9.323862734123128382e-01
1.055338309466683722e+00
1.407084587369803241e+00
1.407084587369803241e+00
1.407084587369803241e+00
1.407084587369803241e+00
8.687217887239654379e-01
8.122195585630570536e-01
5.014572926780612727e-01
5.014572926780612727e-01
5.014572926780612727e-01
8.122195585630570536e-01
8.687217887239654379e-01
5.014572926780612727e-01
2.993225537925583435e-01
2.993225537925583435e-01
2.993225537925583435e-01
2.993225537925583435e-01
4.108348777544918590e-02
3.551284536521878699e-02
4.874312108951598180e-03
4.874312108951598180e-03
4.874312108951598180e-03
3.551284536521878699e-02
4.108348777544918590e-02
4.874312108951598180e-03
1.497110147749419473e-01
1.497110147749419473e-01
1.497110147749419473e-01
1.497110147749419473e-01
3.721388081548556714e-01
4.143165292608858019e-01
1.029872515591344628e+00
1.029872515591344628e+00
1.029872515591344628e+00
4.143165292608858019e-01
3.721388081548556714e-01
1.029872515591344628e+00
1.053746697349474903e+00
1.053746697349474903e+00
1.053746697349474903e+00
1.053746697349474903e+00
2.448098387781608432e-01
5.416454986375807135e-01
1.258368330168116722e-01
1.258368330168116722e-01
1.258368330168116722e-01
5.416454986375807135e-01
2.448098387781608432e-01
1.258368330168116722e-01
2.238204539824713291e-02
2.238204539824713291e-02
2.238204539824713291e-02
2.238204539824713291e-02
4.103374989678641449e-01
6.863827255462453571e-03
1.258368330168116445e-01
1.258368330168116445e-01
1.258368330168116445e-01
6.863827255462453571e-03
4.103374989678641449e-01
1.258368330168116445e-01
7.331363314892505589e-02
7.331363314892505589e-02
7.331363314892505589e-02
7.331363314892505589e-02
1.302137663391355615e-01
5.798441894505890204e-01
1.029872515591344628e+00
1.029872515591344628e+00
1.029872515591344628e+00
5.798441894505890204e-01
1.302137663391355615e-01
1.029872515591344628e+00
7.457697526695944434e-01
7.457697526695944434e-01
7.457697526695944434e-01
7.457697526695944434e-01
1.171923897052219887e+00
1.692082632107483053e-01
2.658986993311758806e-01
2.658986993311758806e-01
2.658986993311758806e-01
1.692082632107483053e-01
1.171923897052219887e+00
2.658986993311758806e-01
6.948381649189165898e-01
6.948381649189165898e-01
6.948381649189165898e-01
6.948381649189165898e-01
1.914908328516699287e-01
1.149641327411298430e+00
3.168302870818538453e-01
3.168302870818538453e-01
3.168302870818538453e-01
1.149641327411298430e+00
1.914908328516699287e-01
3.168302870818538453e-01
7.092621497311202283e-02
7.092621497311202283e-02
7.092621497311202283e-02
7.092621497311202283e-02
6.863827255462453571e-03
3.793010626822947429e-01
3.670655445312529658e-02
3.670655445312529658e-02
3.670655445312529658e-02
3.793010626822947429e-01
6.863827255462453571e-03
3.670655445312529658e-02
8.221671342956112793e-01
8.221671342956112793e-01
8.221671342956112793e-01
8.221671342956112793e-01
5.798441894505890204e-01
5.575616198096674525e-01
3.932276687078707367e-01
3.932276687078707367e-01
3.932276687078707367e-01
5.575616198096674525e-01
5.798441894505890204e-01
3.932276687078707367e-01
5.579595228389696571e-01
5.579595228389696571e-01
5.579595228389696571e-01
5.579595228389696571e-01
1.341927966321572463e-01
5.893938621538411526e-01
1.417529541888985223e-01
1.417529541888985223e-01
1.417529541888985223e-01
5.893938621538411526e-01
1.341927966321572463e-01
1.417529541888985223e-01
1.044495451918199709e-02
1.044495451918199709e-02
1.044495451918199709e-02
1.044495451918199709e-02
5.779541500614038263e-02
1.641349995871456413e-02
9.082136643822059929e-02
9.082136643822059929e-02
9.082136643822059929e-02
1.641349995871456413e-02
5.779541500614038263e-02
9.082136643822059929e-02
4.306305534622748565e-01
4.306305534622748565e-01
4.306305534622748565e-01
4.306305534622748565e-01
4.461487716050595020e-01
4.747977897148158433e-01
4.919076199748092515e-01
4.919076199748092515e-01
4.919076199748092515e-01
4.747977897148158433e-01
4.461487716050595020e-01
4.919076199748092515e-01
4.815621412129527656e-01
4.815621412129527656e-01
4.815621412129527656e-01
4.815621412129527656e-01
5.225461532310764490e-01
5.002635835901547701e-01
5.428392077254871051e-01
5.428392077254871051e-01
5.428392077254871051e-01
5.002635835901547701e-01
5.225461532310764490e-01
5.428392077254871051e-01
4.386880898056438188e-02
4.386880898056438188e-02
4.386880898056438188e-02
4.386880898056438188e-02
1.692082632107483331e-01
3.551284536521878005e-02
1.369781178372724562e-01
1.369781178372724562e-01
1.369781178372724562e-01
3.551284536521878005e-02
1.692082632107483331e-01
1.369781178372724562e-01
8.969729038044195191e-01
8.969729038044195191e-01
8.969729038044195191e-01
8.969729038044195191e-01
1.149641327411298208e+00
8.122195585630571646e-01
1.041013800411805690e+00
1.041013800411805690e+00
1.041013800411805690e+00
8.122195585630571646e-01
1.149641327411298208e+00
1.041013800411805690e+00
3.685576808911361635e-01
3.685576808911361635e-01
3.685576808911361635e-01
3.685576808911361635e-01
1.162374224348967866e+00
3.220030264627820604e-01
1.015548006536466596e+00
1.015548006536466596e+00
1.015548006536466596e+00
3.220030264627820604e-01
1.162374224348967866e+00
1.015548006536466596e+00
3.176260931404581989e-01
3.176260931404581989e-01
3.176260931404581989e-01
3.176260931404581989e-01
1.819411601484177965e-01
1.946740570860872876e-01
1.115123239619335016e-01
1.115123239619335016e-01
1.115123239619335016e-01
1.946740570860872876e-01
1.819411601484177965e-01
1.115123239619335016e-01
1.775642268260939349e-01
1.775642268260939349e-01
1.775642268260939349e-01
1.775642268260939349e-01
1.596585905074962286e-01
1.171923897052219887e+00
1.053746697349474903e+00
1.053746697349474903e+00
1.053746697349474903e+00
1.171923897052219887e+00
1.596585905074962286e-01
1.053746697349474903e+00
4.322221655794835082e-01
4.322221655794835082e-01
4.322221655794835082e-01
4.322221655794835082e-01
3.379191476348689660e-01
1.914908328516699287e-01
1.497110147749419473e-01
1.497110147749419473e-01
1.497110147749419473e-01
1.914908328516699287e-01
3.379191476348689660e-01
1.497110147749419473e-01
9.606373884927669193e-01
9.606373884927669193e-01
9.606373884927669193e-01
9.606373884927669193e-01
1.214598996944877829e-01
2.596317266196667556e-02
3.282699991742913086e-03
3.282699991742913086e-03
3.282699991742913086e-03
2.596317266196667556e-02
1.214598996944877829e-01
3.282699991742913086e-03
1.075332936689117752e-01
1.075332936689117752e-01
1.075332936689117752e-01
1.075332936689117752e-01
3.506520445725384016e-01
1.532921420386614830e-01
4.998656805608526765e-01
4.998656805608526765e-01
4.998656805608526765e-01
1.532921420386614830e-01
3.506520445725384016e-01
4.998656805608526765e-01
2.909665901772127694e-01
2.909665901772127694e-01
2.909665901772127694e-01
2.909665901772127694e-01
2.133754994632893476e-01
4.028768171684483923e-02
2.954429992568621474e-02
2.954429992568621474e-02
2.954429992568621474e-02
4.028768171684483923e-02
2.133754994632893476e-01
2.954429992568621474e-02
1.084285754848416695e-02
1.084285754848416695e-02
1.084285754848416695e-02
1.084285754848416695e-02
9.649148460577653894e-03
7.915286010393441929e-01
7.043878376221686111e-01
7.043878376221686111e-01
7.043878376221686111e-01
7.915286010393441929e-01
9.649148460577653894e-03
7.043878376221686111e-01
4.267509989265787229e-02
4.267509989265787229e-02
4.267509989265787229e-02
4.267509989265787229e-02
2.133754994632893476e-01
1.357844087493659258e-01
6.789220437468296288e-01
6.789220437468296288e-01
6.789220437468296288e-01
1.357844087493659258e-01
2.133754994632893476e-01
6.789220437468296288e-01
7.429844314644792336e-01
7.429844314644792336e-01
7.429844314644792336e-01
7.429844314644792336e-01
9.649148460577652159e-03
3.140449658767386354e-01
4.078506050347254983e-03
4.078506050347254983e-03
4.078506050347254983e-03
3.140449658767386354e-01
9.649148460577652159e-03
4.078506050347254983e-03
1.045390733734129496e+00
1.045390733734129496e+00
1.045390733734129496e+00
1.045390733734129496e+00
9.105016068006933638e-01
8.233608433835178930e-01
7.171207345598381577e-01
7.171207345598381577e-01
7.171207345598381577e-01
8.233608433835178930e-01
9.105016068006933638e-01
7.171207345598381577e-01
1.413550511595963455e-01
1.413550511595963455e-01
1.413550511595963455e-01
1.413550511595963455e-01
8.286330585217717426e-02
7.211992406101855324e-02
4.227719686335570243e-02
4.227719686335570243e-02
4.227719686335570243e-02
7.211992406101855324e-02
8.286330585217717426e-02
4.227719686335570243e-02
2.113859843167784913e-01
2.113859843167784913e-01
2.113859843167784913e-01
2.113859843167784913e-01
8.286330585217716038e-02
7.087647709444926392e-01
2.778357902102411292e-01
2.778357902102411292e-01
2.778357902102411292e-01
7.087647709444926392e-01
8.286330585217716038e-02
2.778357902102411292e-01
4.915097169455070469e-01
4.915097169455070469e-01
4.915097169455070469e-01
4.915097169455070469e-01
9.105016068006933638e-01
7.342305648198315104e-01
1.360132029912146878e+00
1.360132029912146878e+00
1.360132029912146878e+00
7.342305648198315104e-01
9.105016068006933638e-01
1.360132029912146878e+00
1.880091813452759025e-02
1.880091813452759025e-02
1.880091813452759025e-02
1.880091813452759025e-02
7.968008161775978759e-02
6.893669982660118045e-02
2.921602992651192721e-01
2.921602992651192721e-01
2.921602992651192721e-01
6.893669982660118045e-02
7.968008161775978759e-02
2.921602992651192721e-01
6.172470742049931403e-01
6.172470742049931403e-01
6.172470742049931403e-01
6.172470742049931403e-01
1.815432571191156197e-01
8.201776191491004786e-01
2.412287115144413074e-01
2.412287115144413074e-01
2.412287115144413074e-01
8.201776191491004786e-01
1.815432571191156197e-01
2.412287115144413074e-01
5.535825895166457400e-01
5.535825895166457400e-01
5.535825895166457400e-01
5.535825895166457400e-01
5.953624075933736659e-01
3.426939839864950321e-01
3.685576808911361635e-01
3.685576808911361635e-01
3.685576808911361635e-01
3.426939839864950321e-01
5.953624075933736659e-01
3.685576808911361635e-01
4.771852078906288486e-01
4.771852078906288486e-01
4.771852078906288486e-01
4.771852078906288486e-01
4.934992320920179032e-01
1.163866360708851015e-02
1.203656663639068002e-02
1.203656663639068002e-02
1.203656663639068002e-02
1.163866360708851015e-02
4.934992320920179032e-01
1.203656663639068002e-02
5.726819349231500045e-01
5.726819349231500045e-01
5.726819349231500045e-01
5.726819349231500045e-01
2.324748448697935843e-01
1.135316818356420177e+00
4.608711836892398495e-01
4.608711836892398495e-01
4.608711836892398495e-01
1.135316818356420177e+00
2.324748448697935843e-01
4.608711836892398495e-01
4.453529655464552039e-01
4.453529655464552039e-01
4.453529655464552039e-01
4.453529655464552039e-01
1.263839496821021369e+00
1.803495480312091448e-01
5.118027714399178141e-01
5.118027714399178141e-01
5.118027714399178141e-01
1.803495480312091448e-01
1.263839496821021369e+00
5.118027714399178141e-01
6.108806257361584224e-01
6.108806257361584224e-01
6.108806257361584224e-01
6.108806257361584224e-01
6.462939953440516305e-01
1.166850633428617168e-01
1.234494148409986253e-01
1.234494148409986253e-01
1.234494148409986253e-01
1.166850633428617168e-01
6.462939953440516305e-01
1.234494148409986253e-01
1.243446966569285335e-02
1.243446966569285335e-02
1.243446966569285335e-02
1.243446966569285335e-02
2.238204539824713638e-02
4.028768171684483923e-02
7.251782709032071617e-02
7.251782709032071617e-02
7.251782709032071617e-02
4.028768171684483923e-02
2.238204539824713638e-02
7.251782709032071617e-02
1.215693230275458836e+00
1.215693230275458836e+00
1.215693230275458836e+00
1.215693230275458836e+00
2.913644932065149185e-01
3.490604324553297499e-01
8.365911191078150011e-02
8.365911191078150011e-02
8.365911191078150011e-02
3.490604324553297499e-01
2.913644932065149185e-01
8.365911191078150011e-02
2.097943721995697841e-01
2.097943721995697841e-01
2.097943721995697841e-01
2.097943721995697841e-01
3.422960809571928276e-01
5.273209895827024596e-01
8.603658251086198083e-01
8.603658251086198083e-01
8.603658251086198083e-01
5.273209895827024596e-01
3.422960809571928276e-01
8.603658251086198083e-01
4.426671200986655175e-02
4.426671200986655175e-02
4.426671200986655175e-02
4.426671200986655175e-02
6.217234832846425807e-02
1.106667800246663669e+00
1.554308708211606271e+00
1.554308708211606271e+00
1.554308708211606271e+00
1.106667800246663669e+00
6.217234832846425807e-02
1.554308708211606271e+00
1.715956813865613662e-01
1.715956813865613662e-01
1.715956813865613662e-01
1.715956813865613662e-01
4.186934625832097190e-01
1.517005299214527758e-01
3.701492930083448152e-01
3.701492930083448152e-01
3.701492930083448152e-01
1.517005299214527758e-01
4.186934625832097190e-01
3.701492930083448152e-01
7.609895435404025188e-02
7.609895435404025188e-02
7.609895435404025188e-02
7.609895435404025188e-02
9.216428916211540923e-01
6.893669982660118045e-02
8.349000312332809370e-01
8.349000312332809370e-01
8.349000312332809370e-01
6.893669982660118045e-02
9.216428916211540923e-01
8.349000312332809370e-01
1.524963359800571294e-01
1.524963359800571294e-01
1.524963359800571294e-01
1.524963359800571294e-01
9.400459067263795820e-02
9.440249370194013501e-02
5.819331803544254555e-02
5.819331803544254555e-02
5.819331803544254555e-02
9.440249370194013501e-02
9.400459067263795820e-02
5.819331803544254555e-02
2.161608206684045297e-01
2.161608206684045297e-01
2.161608206684045297e-01
2.161608206684045297e-01
6.853879679729900365e-02
1.835327722656265037e-01
5.819331803544255249e-02
5.819331803544255249e-02
5.819331803544255249e-02
1.835327722656265037e-01
6.853879679729900365e-02
5.819331803544255249e-02
1.222059678744293665e+00
1.222059678744293665e+00
1.222059678744293665e+00
1.222059678744293665e+00
8.961770977458153320e-01
1.138500042590837591e+00
8.349000312332809370e-01
8.349000312332809370e-01
8.349000312332809370e-01
1.138500042590837591e+00
8.961770977458153320e-01
8.349000312332809370e-01
2.909665901772127694e-01
2.909665901772127694e-01
2.909665901772127694e-01
2.909665901772127694e-01
4.521173170445921263e-01
3.426939839864949766e-01
5.324937289636306748e-01
5.324937289636306748e-01
5.324937289636306748e-01
3.426939839864949766e-01
4.521173170445921263e-01
5.324937289636306748e-01
1.084285754848416869e-02
1.084285754848416869e-02
1.084285754848416869e-02
1.084285754848416869e-02
4.011857292939142172e-01
1.163866360708851015e-02
4.306305534622749120e-01
4.306305534622749120e-01
4.306305534622749120e-01
1.163866360708851015e-02
4.011857292939142172e-01
4.306305534622749120e-01
7.429844314644793446e-01
7.429844314644793446e-01
7.429844314644793446e-01
7.429844314644793446e-01
3.829816657033398297e-02
8.201776191491004786e-01
4.227719686335569549e-02
4.227719686335569549e-02
4.227719686335569549e-02
8.201776191491004786e-01
3.829816657033398297e-02
4.227719686335569549e-02
4.267509989265786535e-02
4.267509989265786535e-02
4.267509989265786535e-02
4.267509989265786535e-02
8.922975432101190596e-02
6.893669982660116657e-02
1.441403723647115276e-01
1.441403723647115276e-01
1.441403723647115276e-01
6.893669982660116657e-02
8.922975432101190596e-02
1.441403723647115276e-01
1.413550511595963455e-01
1.413550511595963455e-01
1.413550511595963455e-01
1.413550511595963455e-01
6.058073621125557168e-02
4.923055230041114005e-01
2.109880812874763145e-01
2.109880812874763145e-01
2.109880812874763145e-01
4.923055230041114005e-01
6.058073621125557168e-02
2.109880812874763145e-01
1.045390733734129496e+00
1.045390733734129496e+00
1.045390733734129496e+00
1.045390733734129496e+00
7.863558616584159777e-01
4.159081413780945091e-01
3.128512567888321327e-01
3.128512567888321327e-01
3.128512567888321327e-01
4.159081413780945091e-01
7.863558616584159777e-01
3.128512567888321327e-01
2.113859843167784636e-01
2.113859843167784636e-01
2.113859843167784636e-01
2.113859843167784636e-01
1.454832950886063569e+00
8.455439372671139098e-03
5.819331803544254555e-02
5.819331803544254555e-02
5.819331803544254555e-02
8.455439372671139098e-03
1.454832950886063569e+00
5.819331803544254555e-02
4.915097169455069914e-01
4.915097169455069914e-01
4.915097169455069914e-01
4.915097169455069914e-01
3.216051234334799114e-01
5.559700076924587453e-01
3.637828445395100974e-01
3.637828445395100974e-01
3.637828445395100974e-01
5.559700076924587453e-01
3.216051234334799114e-01
3.637828445395100974e-01
