-1.168150158918967691e+03
-3.425890791247943525e+03
-1.563376812741762478e+03
-1.278989974904976179e+03
-1.144294489524379060e+03
-2.242673539674875371e+02
-3.094166391836749881e+02
-6.480998545495320968e+02
-8.220011731411844949e+02
-8.413184407674449403e+02
-4.596436882427506134e+03
-8.395016097862112474e+02
-1.478747948413750692e+03
-3.514314711110052031e+03
-6.885664111035803217e+02
-1.447766079165063502e+03
-1.458320838445000845e+03
-6.045385910300678006e+03
-2.466271377493206273e+03
-1.410863991964302841e+04
-6.722712473804506772e+03
-6.660585206322441991e+03
-1.608537549630676494e+03
-6.480011987992949798e+03
-3.105549484944997857e+03
-2.636907002187378566e+03
-6.801272658424447400e+03
-3.049193808102706043e+03
-3.080273306203055199e+03
-6.580678435769271346e+03
-1.427721161274784026e+04
-5.272057153137657224e+03
-1.233556874423158297e+04
-1.222314870190706461e+04
-5.699881653512175944e+03
-1.209734454012224160e+04
-3.177601824907975242e+03
-2.515361729963577091e+03
-2.374901583000782921e+03
-2.504444476327593748e+03
-4.282525585676281480e+03
-1.476714793813347796e+03
-1.382000546292359786e+03
-1.447386250372515633e+03
-1.176325891030496223e+03
-7.291916899250376218e+02
-2.693759993407178627e+03
-1.145289867292631016e+03
-1.655238012440241846e+03
-1.317507722336030156e+03
-4.795094438255830028e+03
-1.443292277600871785e+03
-1.893129774239303970e+03
-1.605395067570405672e+03
-4.722085030803421432e+03
-1.340582598822324144e+03
-4.079485553191448616e+03
-3.495418253899237698e+03
-4.019974877347628990e+03
-3.878843981280095250e+03
-4.324774606298497929e+03
-3.703067548920515037e+03
-3.333908696371784117e+03
-4.373425935201155880e+03
-4.343139035803617844e+03
-3.832566734214760800e+03
-3.004977407534383474e+03
-3.332286607887016999e+03
-2.543280589350013543e+03
-2.569031688352957190e+03
-2.909009709579945593e+03
-2.577448216255500938e+03
-1.712712029429508220e+02
-1.450319918067218623e+02
-2.299349574436332375e+02
-1.722274912176481791e+02
-1.724581450404084819e+02
-3.556220137722520576e+03
-4.844286342676629829e+03
-3.060948362029362215e+03
-4.087733215107738033e+03
-4.080910388102399793e+03
-1.968599999178661903e+02
-4.109152849537960719e+03
-1.999891947615602930e+03
-1.639168084985067480e+03
-7.980312333428532838e+02
-2.013913975924374199e+03
-1.356212103461972902e+03
-3.610786226448932211e+03
-5.671063123321371222e+02
-1.605835262542680312e+03
-3.781947063026025830e+02
-1.113955837554510026e+03
-3.136434482558049126e+02
-4.103249075402723633e+02
-5.346239216797697509e+02
-4.407865301505785851e+02
-1.026779607362140041e+03
-4.985345782059713429e+02
-5.042175805767257089e+02
-7.692854538344917046e+02
-1.314814546600327276e+03
-4.977429862543912691e+02
-1.176243745859707815e+03
-1.166754007959061028e+03
-7.459824094793725635e+02
-1.065755350910540983e+03
-8.105531414213500284e+03
-6.755225111603553160e+03
-5.442292148331426688e+03
-8.537686045468799421e+03
-9.125458340871384280e+03
-9.030643721565849773e+03
-7.322981395004709157e+03
-8.855408021508297679e+03
-6.099531680896194302e+03
-5.428168170710719096e+03
-5.511487719109618411e+03
-6.216940516324871169e+03
-1.614762390464121745e+04
-1.386723681084441887e+04
-1.850191601144682500e+04
-1.631252619120659983e+04
-1.594663572522043796e+04
-9.394408937896971111e+03
-1.077590198238631274e+04
-8.099609689959753268e+03
-9.175861629270159028e+03
-9.308131354926626955e+03
-1.595643861621279211e+04
-9.270832895091009050e+03
-4.024479141275468010e+03
-3.348823656265293266e+03
-1.536770759163588764e+03
-4.115753277380982581e+03
-2.729583741773494239e+03
-4.870709847269804982e+02
-1.255757069731248947e+02
-3.185071465925271355e+02
-8.226272863349677777e+01
-1.638948212171361547e+02
-7.108353030177167966e+02
-9.817301894025825959e+01
-1.195357178501495582e+03
-4.737487238856757585e+02
-1.820643745120789845e+03
-1.273248134085754373e+03
-1.308232945989407654e+03
-2.938827275088788610e+03
-5.354385647300888195e+03
-1.549487179529776313e+03
-2.197478882220360447e+03
-2.054630415457600975e+03
-8.934692821991736764e+02
-2.358197311284643547e+03
-1.544182317777153912e+04
-7.853776112566662960e+03
-8.457432960938676842e+03
-1.519286462026118897e+04
-1.500057814970362779e+04
-7.961742124799675366e+03
-3.909837139582199143e+03
-3.601398264711589945e+03
-2.080300658592693253e+03
-2.139878207354681308e+03
-3.180417627435726899e+03
-1.807815532541339053e+03
-8.248989941761007003e+02
-1.486553336278806000e+03
-3.534225752898451447e+03
-7.551542411920274844e+02
-2.592477603944659222e+03
-3.180250300874232039e+02
-2.134022464728547675e+03
-1.191139146541318723e+03
-3.078741653083080109e+03
-1.975017079583291888e+03
-9.878157496663210623e+03
-3.067586246963021040e+03
-2.417848186662496630e+02
-3.692396084138374022e+02
-2.163209652456143886e+02
-2.379910146802897373e+02
-2.491657518955719866e+02
-1.833143190765934833e+03
-1.693394855701681990e+03
-2.901884931901094205e+03
-2.629659871287612532e+03
-2.490091676173543419e+03
-3.363622301273605899e+02
-2.600943682207880556e+03
-1.188787587438489709e+03
-3.797465103858131897e+03
-1.227192348515088270e+03
-1.096386261492717267e+03
-1.344581315626737478e+03
-3.224368695996963652e+02
-3.440014319685732289e+02
-9.487848272038850155e+02
-9.865838362806596251e+02
-9.392105118284194987e+02
-4.020231783440724485e+03
-9.734271171384654053e+02
-4.280728528623957573e+03
-1.139399497938289869e+03
-4.340092649172752317e+03
-4.253536066135249712e+03
-4.148388661999118085e+03
-7.055926263518800624e+03
-6.679381865591142741e+03
-1.480049663177332604e+03
-1.645469831207497464e+03
-1.832915387019662603e+03
-9.666090841582250732e+02
-1.505462704468467336e+03
-2.158164261224626443e+03
-5.492118794680203564e+02
-2.198824708236395054e+03
-2.256190922641008456e+03
-1.275064231428188350e+03
-1.059759958036819080e+04
-7.280016785733984761e+03
-1.053247196822021806e+03
-5.402249175710051077e+02
-3.055883305083276355e+03
-3.323549563494254357e+02
-1.085087003234561735e+03
-4.697143651401260286e+03
-1.161127670229124124e+04
-4.752135151471999052e+03
-4.628845415979428253e+03
-4.616313670611052657e+03
-3.210989865229149927e+03
-3.150510685031087633e+03
-7.797689307319285035e+03
-7.943645838380940404e+03
-7.951070881356761674e+03
-1.155768411356716933e+04
-7.887704587163742872e+03
-3.741138154364322872e+03
-5.391951281514886432e+03
-2.857447435415735981e+03
-3.737493826607279061e+03
-3.480965708459085818e+03
-3.949059419015511594e+03
-2.730484755353583296e+03
-5.385493147495417361e+03
-4.072273994341754133e+03
-4.352567802644932272e+03
-3.851638289156422161e+03
-4.057911743780744473e+03
-1.459369128906201468e+03
-2.113467596512855948e+02
-1.223118279626840831e+03
-1.458141778213721182e+03
-1.518288149864805746e+03
-2.291071898324892118e+03
-2.012769569298031456e+03
-4.046156150287907849e+02
-3.392494185387655534e+02
-2.672511884262949025e+02
-2.159193355753719743e+02
-3.388991234298223389e+02
-2.610143785156376907e+03
-1.293685834605210175e+03
-1.796805083664246695e+03
-2.572354316132784788e+03
-2.611772479726535948e+03
-2.876587701213417404e+03
-1.941546624716471115e+03
-1.387541710610157224e+03
-9.752329909732869737e+02
-9.347384742503057851e+02
-8.521466106960539264e+02
-9.376228689171109636e+02
-3.262502112402864441e+03
-1.539670465846982552e+04
-2.552647470110647646e+03
-3.539318692778088462e+03
-3.309837339095211973e+03
-3.364492606793288815e+03
-2.937287801436245445e+03
-1.637767279378477906e+04
-1.291532192699822554e+04
-1.321775408116174913e+04
-1.277926936488578758e+04
-1.325742558748300507e+04
-6.368781769522204286e+02
-4.509368039482350468e+03
-6.554543595227182777e+02
-7.792807269096352911e+02
-1.060617006275290578e+03
-5.379867319877329237e+02
-9.649546577772024420e+02
-4.466898888207110758e+03
-4.460354276600100093e+03
-4.074115469517475049e+03
-5.607034470626595066e+03
-4.554719668261136576e+03
-1.231765664239828766e+04
-5.737809214068555775e+03
-1.247264571207872541e+04
-1.248894402697225814e+04
-1.250939331873651827e+04
-1.125694931854691276e+04
-1.166063505881168567e+04
-5.525424964215098953e+03
-5.494431465906291123e+03
-5.479539687635950941e+03
-6.109860429567508618e+03
-5.595357342220425380e+03
-6.707938039049527106e+03
-9.311207853501790623e+02
-6.897888823559858793e+03
-6.194529258969334478e+03
-6.934411646812479376e+03
-5.888020461011248699e+03
-6.088409239031991092e+03
-8.566361730150513267e+02
-1.002784770664219877e+03
-6.310215507251490408e+02
-9.922076662427707561e+02
-8.842903770795916216e+02
-1.495144324080604520e+03
-2.177096904055609684e+03
-1.517616849520875576e+03
-1.509050645415104327e+03
-1.454965721109390188e+03
-9.185577645542769005e+02
-9.224941384875579615e+02
-1.326517662286364612e+03
-1.332552036585610949e+03
-1.364574311807107051e+03
-2.191991012227736519e+03
-1.346352853095706905e+03
-3.422961092131720875e+02
-1.447289757993831927e+03
-3.505067748646791301e+02
-3.419741122124577259e+02
-3.392768544446367400e+02
-2.127043233142240751e+03
-2.145456664014716807e+03
-9.353566862834870335e+03
-9.574598888080365214e+03
-9.609373451037154155e+03
-1.476316507756426972e+03
-9.570041403023442399e+03
-9.248356310650015075e+03
-4.566889476573343927e+03
-9.372587594930966588e+03
-9.242292460703774850e+03
-9.160678794595460204e+03
-4.133785552310077037e+03
-4.156813473681263531e+03
-2.027433128486297392e+03
-2.057838116416919092e+03
-2.083829267857808190e+03
-4.541334974325339317e+03
-2.055424835487616747e+03
-5.930326392630908231e+03
-2.670739356106107152e+03
-6.034879438330372068e+03
-6.141582462904181739e+03
-3.892808610673820112e+03
-1.669993258897002022e+02
-1.515213374255319820e+02
-6.283968894194583044e+01
-5.299561889076985466e+01
-8.230392070507005542e+01
-1.844740067029434158e+03
-6.413433589404874624e+01
-1.120035519697190239e+03
-5.636342752719732744e+03
-1.134131666425499134e+03
-9.711780528597247439e+02
-1.268172720154520221e+03
-1.558941078400487186e+03
-1.711099197350678423e+03
-8.152185438779964898e+03
-8.359226211950035577e+03
-7.729926500969512745e+03
-5.803378939288319998e+03
-8.242444892843568596e+03
-5.979335031810946930e+02
-2.692904317940036435e+03
-9.097618857595581403e+02
-5.577861716578679534e+02
-5.459701948787851506e+02
-8.943418465405274276e+01
-1.200643793651316571e+02
-3.651780494080738890e+02
-5.377917511253183420e+02
-5.399515819958276097e+02
-3.706105605110416946e+03
-5.288423732169389950e+02
-6.588049360039234159e+01
-2.454843289240256610e+01
-8.146148269051595037e+01
-6.714264333275434637e+01
-6.564320987258864193e+01
-4.734562583871202150e+03
-6.001658635989263530e+03
-1.843225710252185991e+03
-2.140791549986717655e+03
-2.296100093912168632e+03
-3.174290447718490782e+01
-2.286558210356847212e+03
-2.680128464831333986e+03
-9.947483995808472628e+02
-1.931829925975124979e+03
-2.591060294771469671e+03
-2.869993420023959061e+03
-8.054356607925324170e+03
-6.509359744705189769e+03
-3.487051397976260432e+03
-2.597240866819492112e+03
-1.670859406961822515e+03
-8.293186388551285972e+02
-2.502360249544812632e+03
-4.256305463395318839e+03
-1.511552346478380423e+04
-3.488759724627826927e+03
-4.184576049338855228e+03
-5.798244197334862520e+02
-1.851379743556987933e+03
-2.124217993383063003e+02
-2.462551287692283495e+03
-2.059649700561841200e+03
-5.330230593355027850e+03
-3.220623802799442274e+03
-1.825813528326993037e+03
-3.493115367517570576e+03
-7.359243219806461639e+03
-2.328018490329596261e+03
-3.607285541469243071e+03
-3.432736977411132557e+03
-2.819700768697851345e+03
-1.936375351119512288e+03
-5.920299027427707188e+03
-3.981406201374670673e+03
-4.101134906555983434e+03
-5.087093273784669691e+03
-4.069076398921019063e+03
-7.583083521492125328e+03
-1.704455713541080286e+03
-6.154316964676633688e+03
-7.329458430808076628e+03
-7.424805195862867549e+03
-3.884447913742164474e+03
-2.908023225471449223e+03
-6.979768242300259544e+02
-6.508723629730420726e+02
-6.208585340222537070e+02
-9.996555621974505357e+02
-5.357923701563660188e+02
-6.645991104112836183e+02
-4.581022476211194885e+02
-1.007708726929301065e+03
-6.596461632706426599e+02
-6.332437153774635590e+02
-2.209465940252877772e+03
-3.173047946422499990e+03
-1.353064173902448601e+03
-2.188999466893784302e+03
-2.299293170948615625e+03
-6.544287938590186968e+02
-2.142145126596476075e+03
-2.000052052163174039e+03
-1.191958257558967307e+04
-2.548373173525893435e+03
-1.931981457561148545e+03
-2.059841985464178379e+03
-2.901913112127588647e+03
-3.761768585457785321e+03
-1.775701469642151278e+04
-2.249024202154083105e+04
-2.218089282020944302e+04
-1.504865698691856414e+04
-2.239778453384844397e+04
-1.995482359433696615e+02
-8.100988211009465658e+02
-1.108343290742582212e+02
-2.082421118005002540e+02
-2.409658340296689403e+02
-7.095724062550108329e+02
-5.393243896057600750e+02
-3.162540573453592060e+03
-1.955595820626244404e+03
-1.802840019148388819e+03
-5.386432970713732402e+02
-1.968219959295066019e+03
-9.151527479048687383e+03
-3.681530918386599751e+03
-6.887793577924237070e+03
-8.962575009409678387e+03
-8.919295655175095817e+03
-1.213135423410316434e+04
-7.889862984372360188e+03
-3.780881418458168355e+03
-3.305933891442542972e+03
-3.364080213164938414e+03
-2.105099538577861949e+03
-2.644620942453248517e+03
-9.797058979844892747e+03
-9.387437698761955289e+02
-1.185677403987292200e+04
-9.904096083864260436e+03
-9.848169207222421392e+03
-6.194517182938337100e+03
-7.543779971937376104e+03
-6.910115391997525194e+02
-8.311071159222817641e+02
-8.481140309658831029e+02
-1.282439140477832098e+03
-8.620291329670970981e+02
-2.516356959979951171e+03
-2.978767850789996828e+03
-2.812628871520815210e+03
-2.529344226884302316e+03
-2.518038367856797322e+03
-6.161703902478819117e+01
-6.912718129494083996e+01
-7.317944892191917461e+01
-8.145965011282285673e+01
-8.168476003376916594e+01
-3.342816125410599852e+03
-8.170993420375791061e+01
-1.251949505072137981e+03
-4.266256028639884789e+03
-2.121840546214767983e+03
-1.212464814782941403e+03
-1.159160587849697322e+03
-2.403052535854000780e+03
-3.567398871698450876e+03
-7.749962769661392485e+03
-1.369592827431733167e+04
-1.389345313625757080e+04
-6.909394625482619631e+03
-1.337466875978829921e+04
-1.326392651711687904e+04
-4.950074987015665101e+03
-1.844773349034392959e+04
-1.409562747754644988e+04
-1.410729993235656730e+04
-5.608286427445832487e+03
-7.990347338237157601e+03
-2.448878361346973179e+03
-3.267640776329626078e+03
-3.265059965235273012e+03
-8.159252995546178681e+03
-3.338102612660029990e+03
-4.717334671772212459e+03
-1.708273939088445331e+03
-4.069355699106935390e+03
-4.779460241994032913e+03
-4.733047967155818696e+03
-9.223166454195253436e+02
-8.073144987867726741e+02
-3.533083128106336517e+02
-2.977657778309316541e+02
-3.028805668966293752e+02
-1.518304894673779245e+03
-3.042888216769969745e+02
-2.635454702633478519e+02
-1.755136582797567144e+03
-2.289390671508706703e+02
-2.880658406865490520e+02
-3.693155691301002435e+02
-6.629775346911918632e+02
-9.279918920072506126e+02
-6.326437701945351364e+03
-5.452636205488618543e+03
-4.653834564359033720e+03
-1.917111869988941407e+03
-5.681768446133580255e+03
-1.682328381521167785e+03
-3.705849470009904053e+03
-2.875184286940412221e+03
-1.646796021677053659e+03
-1.375981019772847276e+03
-4.972137979507861587e+02
-7.525936796861183211e+02
-9.893881094381032426e+02
-1.738240065415431445e+03
-1.799557448538978178e+03
-5.713288615423918600e+03
-1.712118920997344276e+03
-3.058350143024618319e+03
-6.016964193787031945e+03
-2.082534093325795766e+03
-3.040130211955408413e+03
-3.107430021311135079e+03
-7.535262420737255525e+03
-5.219341658105176975e+03
-1.510731536744568621e+04
-1.041103347636234685e+04
-1.016109072605556321e+04
-4.169386209149879505e+03
-1.036803671974239296e+04
-3.175073419936400683e+02
-2.231064471203609685e+02
-6.177840221523655373e+02
-3.161382201596226764e+02
-3.195120144205814654e+02
-7.690442591908494251e+03
-1.524898175624890609e+04
-5.394843181769794683e+03
-1.076521208829450370e+04
-1.056182807547650191e+04
-4.369561842904163314e+02
-1.070527269146252365e+04
-2.152104587554663794e+03
-1.297875135204360731e+03
-1.176310706627528589e+03
-2.597090854272219985e+03
-2.508481171999557773e+03
-1.928138127420193541e+03
-1.482155106195554254e+03
-1.605966224307584980e+03
-8.165286426671838171e+02
-8.755511778669005025e+02
-1.096802711500421992e+03
-9.740505205880308495e+02
-1.522444563871639275e+03
-8.414595401554176988e+02
-2.580628241677686674e+03
-1.603962750726371269e+03
-2.826800274802145850e+03
-1.423445708277882659e+03
-3.802178313721350150e+03
-1.719134703283666568e+03
-2.524964293208420713e+03
-1.454815454195413622e+03
-2.795986857734120804e+03
-2.544090295483869340e+03
-3.436610639085653474e+03
-2.453868811988763809e+03
-1.571767985621433809e+03
-3.442774852952326455e+03
-3.416344322594887672e+03
-2.128265317312997922e+03
-9.678533210275941201e+02
-1.513788052062315046e+03
-6.813011085677376286e+02
-6.961757165443028725e+02
-1.107803607818298815e+03
-6.868203998661790592e+02
-3.916569339374353149e+03
-2.645649042192364959e+03
-5.316713064484460119e+03
-4.080615132358709161e+03
-3.293109787562146721e+03
-3.339948336431139978e+03
-4.330203513740849303e+03
-2.088078120027525529e+03
-2.588455904876997465e+03
-3.221604384675518759e+03
-3.394311717808601770e+03
-2.903692367395199653e+03
-4.465423092830078531e+03
-2.861057106452992230e+03
-2.324849661015226047e+03
-4.315164120437887505e+03
-4.348101271736314629e+03
-4.185626625136755138e+03
-1.957700825948129477e+03
-2.442987260225773753e+03
-1.290906515656622787e+03
-1.269484323974952531e+03
-1.225282811411363127e+03
-1.171190040976526916e+03
-4.484723902512828317e+02
-5.628652573908203749e+02
-1.044610999031773645e+03
-4.705130116716838415e+02
-4.930797557640621562e+02
-5.212968916072702541e+02
-1.314591556836169502e+03
-7.351088732440958893e+02
-1.574554626915445397e+03
-1.539281652769229595e+03
-1.363204170597254006e+03
-1.599890899921335176e+03
-1.704095467736325872e+03
-2.261316343152968784e+03
-6.783518439625696601e+02
-2.247043500481132924e+03
-7.482839813957913975e+03
-1.707757056348572860e+03
-4.730816325075910754e+03
-9.739609071054757806e+03
-5.404899782742891148e+03
-1.228728841753470533e+03
-5.298593513295405501e+03
-5.640845865399549439e+03
-7.114169972987068832e+03
-8.291961117522079803e+03
-1.233329572137808827e+04
-7.164253296156167380e+03
-4.561135719460217842e+03
-7.837582077208187911e+03
-1.071990687627158150e+04
-6.570640868440218583e+03
-1.211517519076919962e+04
-1.588610110065843219e+04
-1.178302686449590328e+04
-1.284481473468404874e+04
-6.784239097238300928e+02
-8.106158023866265694e+02
-4.493368980630347664e+02
-6.302133154180896781e+02
-6.973229931708980303e+02
-1.093463465877895715e+03
-7.134304575062295726e+02
-1.296089447705561952e+03
-8.990471349325788424e+02
-7.910567919455198762e+02
-5.326581170618984515e+02
-8.576979775380865476e+02
-7.891671489422508330e+02
-5.068666683904368711e+02
-1.318531460303436916e+03
-7.875502086941659172e+02
-7.090543207897920865e+02
-2.597971770239615125e+03
-3.945132388001768504e+03
-1.287345481341204732e+03
-2.430213794927077743e+03
-2.832460619878161197e+03
-7.745748280163994650e+02
-2.415400480119742042e+03
-1.197882513740176546e+04
-8.359176210050234658e+03
-8.378298172196362430e+03
-1.197483455360609332e+04
-1.188324094926690668e+04
-4.804571378749900759e+03
-3.344499093039162744e+03
-3.336922974285369492e+03
-2.329018118617851087e+03
-2.352870018709511896e+03
-5.728213395388695062e+03
-2.327662315893711821e+03
-3.694606439558873262e+03
-8.056513420378919363e+03
-7.546389499509171401e+03
-2.878041840494537155e+03
-4.537256217301925062e+03
-1.697736337756698788e+02
-3.406706920364094344e+02
-3.611647041901858302e+02
-6.747556014224024921e+02
-6.320316553047024399e+02
-1.651537118384592031e+04
-6.707737521617154925e+02
-1.121039335506058706e+03
-2.577257956043632930e+03
-6.764962146431890915e+02
-1.199518134366058803e+03
-1.053748723750938552e+03
-1.259193481017381828e+03
-8.018498528502759655e+02
-2.960330755924187088e+03
-1.726366425572268327e+03
-1.907306950179751311e+03
-1.653162145326710288e+03
-1.863061801712519809e+03
