2.652541212926456993e+01
2.652541212926456993e+01
2.652541212926456993e+01
2.652541212926456993e+01
2.355059955401994998e+01
4.793749179987574216e+00
4.256132449521677685e+00
4.256132449521677685e+00
4.256132449521677685e+00
4.793749179987574216e+00
2.355059955401994998e+01
4.256132449521677685e+00
2.440182604392428178e+00
2.440182604392428178e+00
2.440182604392428178e+00
2.440182604392428178e+00
1.759201412468960335e+00
1.014602240773693964e+01
7.314574293949885231e+00
7.314574293949885231e+00
7.314574293949885231e+00
1.014602240773693964e+01
1.759201412468960335e+00
7.314574293949885231e+00
1.142435552240029040e+01
1.142435552240029040e+01
1.142435552240029040e+01
1.142435552240029040e+01
9.596458638816244502e+00
2.486477378404769567e+01
2.088640997860006365e+01
2.088640997860006365e+01
2.088640997860006365e+01
2.486477378404769567e+01
9.596458638816244502e+00
2.088640997860006365e+01
3.778250911329770201e+00
3.778250911329770201e+00
3.778250911329770201e+00
3.778250911329770201e+00
4.362162415808008120e+01
1.544154720282601589e+00
1.782796813417185433e+01
1.782796813417185433e+01
1.782796813417185433e+01
1.544154720282601589e+00
4.362162415808008120e+01
1.782796813417185433e+01
7.983608447418557574e+00
7.983608447418557574e+00
7.983608447418557574e+00
7.983608447418557574e+00
1.389739248254341319e+01
7.661038409139020011e+00
1.333588167516792389e+01
1.333588167516792389e+01
1.333588167516792389e+01
7.661038409139020011e+00
1.389739248254341319e+01
1.333588167516792389e+01
9.512829369632662235e+00
9.512829369632662235e+00
9.512829369632662235e+00
9.512829369632662235e+00
1.160356109922225798e+01
8.425648870246071453e+00
1.027743983073971279e+01
1.027743983073971279e+01
1.027743983073971279e+01
8.425648870246071453e+00
1.160356109922225798e+01
1.027743983073971279e+01
5.286564516247977963e-01
5.286564516247977963e-01
5.286564516247977963e-01
5.286564516247977963e-01
7.078620284467631585e-01
1.110178548412075372e+01
1.486510259738202855e+01
1.486510259738202855e+01
1.486510259738202855e+01
1.110178548412075372e+01
7.078620284467631585e-01
1.486510259738202855e+01
2.461388597649694532e+01
2.461388597649694532e+01
2.461388597649694532e+01
2.461388597649694532e+01
3.001693411767920594e+00
4.665617192559868442e+01
5.689777064097399695e+00
5.689777064097399695e+00
5.689777064097399695e+00
4.665617192559868442e+01
3.001693411767920594e+00
5.689777064097399695e+00
6.693328294300405545e+00
6.693328294300405545e+00
6.693328294300405545e+00
6.693328294300405545e+00
3.145057873225491907e+00
9.668140869545030824e+00
4.542861372436822087e+00
4.542861372436822087e+00
4.542861372436822087e+00
9.668140869545030824e+00
3.145057873225491907e+00
4.542861372436822087e+00
5.164107372086302661e+00
5.164107372086302661e+00
5.164107372086302661e+00
5.164107372086302661e+00
2.799489785920468776e+01
5.845088564009770060e+00
3.168653274173717804e+01
3.168653274173717804e+01
3.168653274173717804e+01
5.845088564009770060e+00
2.799489785920468776e+01
3.168653274173717804e+01
4.224771473577833802e+01
4.224771473577833802e+01
4.224771473577833802e+01
4.224771473577833802e+01
2.608337170643705960e+01
2.438689224585578685e+01
1.505625521265878852e+01
1.505625521265878852e+01
1.505625521265878852e+01
2.438689224585578685e+01
2.608337170643705960e+01
1.505625521265878852e+01
8.987159677621564313e+00
8.987159677621564313e+00
8.987159677621564313e+00
8.987159677621564313e+00
1.233531720457861747e+00
1.066273182090693883e+00
1.463512210712717421e-01
1.463512210712717421e-01
1.463512210712717421e-01
1.066273182090693883e+00
1.233531720457861747e+00
1.463512210712717421e-01
4.495073218617631206e+00
4.495073218617631206e+00
4.495073218617631206e+00
4.495073218617631206e+00
1.117346771484954004e+01
1.243985379105809486e+01
3.092192228063012038e+01
3.092192228063012038e+01
3.092192228063012038e+01
1.243985379105809486e+01
1.117346771484954004e+01
3.092192228063012038e+01
3.163874458791798006e+01
3.163874458791798006e+01
3.163874458791798006e+01
3.163874458791798006e+01
7.350415409314279280e+00
1.626290609659336184e+01
3.778250911329770201e+00
3.778250911329770201e+00
3.778250911329770201e+00
1.626290609659336184e+01
7.350415409314279280e+00
3.778250911329770201e+00
6.720209130823701082e-01
6.720209130823701082e-01
6.720209130823701082e-01
6.720209130823701082e-01
1.232038340651011943e+01
2.060864133452601499e-01
3.778250911329769313e+00
3.778250911329769313e+00
3.778250911329769313e+00
2.060864133452601499e-01
1.232038340651011943e+01
3.778250911329769313e+00
2.201241835296474658e+00
2.201241835296474658e+00
2.201241835296474658e+00
2.201241835296474658e+00
3.909668334332544681e+00
1.740982178825393234e+01
3.092192228063012038e+01
3.092192228063012038e+01
3.092192228063012038e+01
1.740982178825393234e+01
3.909668334332544681e+00
3.092192228063012038e+01
2.239173682390456932e+01
2.239173682390456932e+01
2.239173682390456932e+01
2.239173682390456932e+01
3.518701500899290124e+01
5.080478102902717730e+00
7.983608447418554910e+00
7.983608447418554910e+00
7.983608447418554910e+00
5.080478102902717730e+00
3.518701500899290124e+01
7.983608447418554910e+00
2.086251590169046821e+01
2.086251590169046821e+01
2.086251590169046821e+01
2.086251590169046821e+01
5.749512256371389185e+00
3.451798085552423601e+01
9.512829369632660459e+00
9.512829369632660459e+00
9.512829369632660459e+00
3.451798085552423601e+01
5.749512256371389185e+00
9.512829369632660459e+00
2.129559604567688336e+00
2.129559604567688336e+00
2.129559604567688336e+00
2.129559604567688336e+00
2.060864133452601499e-01
1.138851440703589901e+01
1.102114297455086822e+00
1.102114297455086822e+00
1.102114297455086822e+00
1.138851440703589901e+01
2.060864133452601499e-01
1.102114297455086822e+00
2.468556820722572809e+01
2.468556820722572809e+01
2.468556820722572809e+01
2.468556820722572809e+01
1.740982178825393234e+01
1.674078763478526355e+01
1.180666075295381923e+01
1.180666075295381923e+01
1.180666075295381923e+01
1.674078763478526355e+01
1.740982178825393234e+01
1.180666075295381923e+01
1.675273467324006305e+01
1.675273467324006305e+01
1.675273467324006305e+01
1.675273467324006305e+01
4.029138718880520997e+00
1.769655071116908118e+01
4.256132449521677685e+00
4.256132449521677685e+00
4.256132449521677685e+00
1.769655071116908118e+01
4.029138718880520997e+00
4.256132449521677685e+00
3.136097594384394394e-01
3.136097594384394394e-01
3.136097594384394394e-01
3.136097594384394394e-01
1.735307335559364672e+00
4.928153362604047460e-01
2.726911527307573024e+00
2.726911527307573024e+00
2.726911527307573024e+00
4.928153362604047460e-01
1.735307335559364672e+00
2.726911527307573024e+00
1.292968236770480139e+01
1.292968236770480139e+01
1.292968236770480139e+01
1.292968236770480139e+01
1.339561686744191071e+01
1.425580363618734481e+01
1.476952628974364856e+01
1.476952628974364856e+01
1.476952628974364856e+01
1.425580363618734481e+01
1.339561686744191071e+01
1.476952628974364856e+01
1.445890328991890605e+01
1.445890328991890605e+01
1.445890328991890605e+01
1.445890328991890605e+01
1.568944825076306948e+01
1.502041409729439536e+01
1.629874721195774967e+01
1.629874721195774967e+01
1.629874721195774967e+01
1.502041409729439536e+01
1.568944825076306948e+01
1.629874721195774967e+01
1.317160989641445346e+00
1.317160989641445346e+00
1.317160989641445346e+00
1.317160989641445346e+00
5.080478102902718618e+00
1.066273182090693883e+00
4.112767988064105040e+00
4.112767988064105040e+00
4.112767988064105040e+00
1.066273182090693883e+00
5.080478102902718618e+00
4.112767988064105040e+00
2.693161143672769597e+01
2.693161143672769597e+01
2.693161143672769597e+01
2.693161143672769597e+01
3.451798085552422179e+01
2.438689224585579041e+01
3.125643935736446721e+01
3.125643935736446721e+01
3.125643935736446721e+01
2.438689224585579041e+01
3.451798085552422179e+01
3.125643935736446721e+01
1.106594436875636411e+01
1.106594436875636411e+01
1.106594436875636411e+01
1.106594436875636411e+01
3.490028608607775595e+01
9.668140869545030824e+00
3.049182889625740600e+01
3.049182889625740600e+01
3.049182889625740600e+01
9.668140869545030824e+00
3.490028608607775595e+01
3.049182889625740600e+01
9.536723446542255900e+00
9.536723446542255900e+00
9.536723446542255900e+00
9.536723446542255900e+00
5.462783333456244783e+00
5.845088564009770060e+00
3.348157526957053154e+00
3.348157526957053154e+00
3.348157526957053154e+00
5.845088564009770060e+00
5.462783333456244783e+00
3.348157526957053154e+00
5.331365910453469859e+00
5.331365910453469859e+00
5.331365910453469859e+00
5.331365910453469859e+00
4.793749179987574216e+00
3.518701500899290124e+01
3.163874458791798006e+01
3.163874458791798006e+01
3.163874458791798006e+01
3.518701500899290124e+01
4.793749179987574216e+00
3.163874458791798006e+01
1.297747052152399228e+01
1.297747052152399228e+01
1.297747052152399228e+01
1.297747052152399228e+01
1.014602240773693964e+01
5.749512256371389185e+00
4.495073218617631206e+00
4.495073218617631206e+00
4.495073218617631206e+00
5.749512256371389185e+00
1.014602240773693964e+01
4.495073218617631206e+00
2.884313758949532414e+01
2.884313758949532414e+01
2.884313758949532414e+01
2.884313758949532414e+01
3.646833488326995276e+00
7.795442591755493700e-01
9.856306725208097141e-02
9.856306725208097141e-02
9.856306725208097141e-02
7.795442591755493700e-01
3.646833488326995276e+00
9.856306725208097141e-02
3.228687142409075506e+00
3.228687142409075506e+00
3.228687142409075506e+00
3.228687142409075506e+00
1.052832763829046314e+01
4.602596564710810689e+00
1.500846705883959942e+01
1.500846705883959942e+01
1.500846705883959942e+01
4.602596564710810689e+00
1.052832763829046314e+01
1.500846705883959942e+01
8.736271870070812184e+00
8.736271870070812184e+00
8.736271870070812184e+00
8.736271870070812184e+00
6.406599371385262032e+00
1.209637643548266306e+00
8.870676052687285207e-01
8.870676052687285207e-01
8.870676052687285207e-01
1.209637643548266306e+00
6.406599371385262032e+00
8.870676052687285207e-01
3.255567978932370488e-01
3.255567978932370488e-01
3.255567978932370488e-01
3.255567978932370488e-01
2.897156825288439985e-01
2.376564624620630894e+01
2.114924482460560995e+01
2.114924482460560995e+01
2.114924482460560995e+01
2.376564624620630894e+01
2.897156825288439985e-01
2.114924482460560995e+01
1.281319874277052628e+00
1.281319874277052628e+00
1.281319874277052628e+00
1.281319874277052628e+00
6.406599371385262032e+00
4.076926872699711879e+00
2.038463436349855940e+01
2.038463436349855940e+01
2.038463436349855940e+01
4.076926872699711879e+00
6.406599371385262032e+00
2.038463436349855940e+01
2.230810755472099061e+01
2.230810755472099061e+01
2.230810755472099061e+01
2.230810755472099061e+01
2.897156825288439985e-01
9.429200100449076416e+00
1.224571441616763290e-01
1.224571441616763290e-01
1.224571441616763290e-01
9.429200100449076416e+00
2.897156825288439985e-01
1.224571441616763290e-01
3.138785678036723326e+01
3.138785678036723326e+01
3.138785678036723326e+01
3.138785678036723326e+01
2.733781074419081492e+01
2.472140932259011947e+01
2.153155005515913700e+01
2.153155005515913700e+01
2.153155005515913700e+01
2.472140932259011947e+01
2.733781074419081492e+01
2.153155005515913700e+01
4.244185411066879965e+00
4.244185411066879965e+00
4.244185411066879965e+00
4.244185411066879965e+00
2.487970758211619504e+00
2.165400719932081941e+00
1.269372835822254908e+00
1.269372835822254908e+00
1.269372835822254908e+00
2.165400719932081941e+00
2.487970758211619504e+00
1.269372835822254908e+00
6.346864179111274318e+00
6.346864179111274318e+00
6.346864179111274318e+00
6.346864179111274318e+00
2.487970758211619060e+00
2.128066224760839020e+01
8.342019601062489187e+00
8.342019601062489187e+00
8.342019601062489187e+00
2.128066224760839020e+01
2.487970758211619060e+00
8.342019601062489187e+00
1.475757925128884729e+01
1.475757925128884729e+01
1.475757925128884729e+01
1.475757925128884729e+01
2.733781074419081492e+01
2.204527270871543720e+01
4.083796419811220346e+01
4.083796419811220346e+01
4.083796419811220346e+01
2.204527270871543720e+01
2.733781074419081492e+01
4.083796419811220346e+01
5.644975669891908465e-01
5.644975669891908465e-01
5.644975669891908465e-01
5.644975669891908465e-01
2.392394450573237297e+00
2.069824412293700178e+00
8.772112985435205346e+00
8.772112985435205346e+00
8.772112985435205346e+00
2.069824412293700178e+00
2.392394450573237297e+00
8.772112985435205346e+00
1.853284340300491806e+01
1.853284340300491806e+01
1.853284340300491806e+01
1.853284340300491806e+01
5.450836295001446175e+00
2.462583301495174126e+01
7.242892063221099797e+00
7.242892063221099797e+00
7.242892063221099797e+00
2.462583301495174126e+01
5.450836295001446175e+00
7.242892063221099797e+00
1.662131725023728634e+01
1.662131725023728634e+01
1.662131725023728634e+01
1.662131725023728634e+01
1.787575628799104521e+01
1.028938686919451229e+01
1.106594436875636411e+01
1.106594436875636411e+01
1.106594436875636411e+01
1.028938686919451229e+01
1.787575628799104521e+01
1.106594436875636411e+01
1.432748586691613113e+01
1.432748586691613113e+01
1.432748586691613113e+01
1.432748586691613113e+01
1.481731444356283589e+01
3.494508748028324896e-01
3.613979132576301545e-01
3.613979132576301545e-01
3.613979132576301545e-01
3.494508748028324896e-01
1.481731444356283589e+01
3.613979132576301545e-01
1.719477509606757692e+01
1.719477509606757692e+01
1.719477509606757692e+01
1.719477509606757692e+01
6.980057217215551724e+00
3.408788747115151097e+01
1.383765729026942637e+01
1.383765729026942637e+01
1.383765729026942637e+01
3.408788747115151097e+01
6.980057217215551724e+00
1.383765729026942637e+01
1.337172279053231527e+01
1.337172279053231527e+01
1.337172279053231527e+01
1.337172279053231527e+01
3.794678089205115867e+01
5.414995179637053901e+00
1.536687821248353103e+01
1.536687821248353103e+01
1.536687821248353103e+01
5.414995179637053901e+00
3.794678089205115867e+01
1.536687821248353103e+01
1.834169078772815453e+01
1.834169078772815453e+01
1.834169078772815453e+01
1.834169078772815453e+01
1.940497721020514987e+01
3.503469026869422631e+00
3.706568680600983434e+00
3.706568680600983434e+00
3.706568680600983434e+00
3.503469026869422631e+00
1.940497721020514987e+01
3.706568680600983434e+00
3.733449517124279304e-01
3.733449517124279304e-01
3.733449517124279304e-01
3.733449517124279304e-01
6.720209130823702193e-01
1.209637643548266306e+00
2.177347758386879217e+00
2.177347758386879217e+00
2.177347758386879217e+00
1.209637643548266306e+00
6.720209130823702193e-01
2.177347758386879217e+00
3.650118923902064694e+01
3.650118923902064694e+01
3.650118923902064694e+01
3.650118923902064694e+01
8.748218908525609905e+00
1.048053948447127581e+01
2.511864835121214501e+00
2.511864835121214501e+00
2.511864835121214501e+00
1.048053948447127581e+01
8.748218908525609905e+00
2.511864835121214501e+00
6.299076025292082548e+00
6.299076025292082548e+00
6.299076025292082548e+00
6.299076025292082548e+00
1.027743983073971279e+01
1.583281271222064035e+01
2.583248389888630925e+01
2.583248389888630925e+01
2.583248389888630925e+01
1.583281271222064035e+01
1.027743983073971279e+01
2.583248389888630925e+01
1.329108028096243066e+00
1.329108028096243066e+00
1.329108028096243066e+00
1.329108028096243066e+00
1.866724758562139375e+00
3.322770070240607510e+01
4.666811896405346971e+01
4.666811896405346971e+01
4.666811896405346971e+01
3.322770070240607510e+01
1.866724758562139375e+00
4.666811896405346971e+01
5.152160333631504052e+00
5.152160333631504052e+00
5.152160333631504052e+00
5.152160333631504052e+00
1.257127121406086978e+01
4.554808410891618919e+00
1.111373252257555144e+01
1.111373252257555144e+01
1.111373252257555144e+01
4.554808410891618919e+00
1.257127121406086978e+01
1.111373252257555144e+01
2.284871104480058257e+00
2.284871104480058257e+00
2.284871104480058257e+00
2.284871104480058257e+00
2.767232782092515109e+01
2.069824412293700178e+00
2.506787343777925514e+01
2.506787343777925514e+01
2.506787343777925514e+01
2.069824412293700178e+00
2.767232782092515109e+01
2.506787343777925514e+01
4.578702487801214360e+00
4.578702487801214360e+00
4.578702487801214360e+00
4.578702487801214360e+00
2.822487834945954788e+00
2.834434873400752064e+00
1.747254374014162392e+00
1.747254374014162392e+00
1.747254374014162392e+00
2.834434873400752064e+00
2.822487834945954788e+00
1.747254374014162392e+00
6.490228640568845186e+00
6.490228640568845186e+00
6.490228640568845186e+00
6.490228640568845186e+00
2.057877373838902457e+00
5.510571487275434777e+00
1.747254374014162615e+00
1.747254374014162615e+00
1.747254374014162615e+00
5.510571487275434777e+00
2.057877373838902457e+00
1.747254374014162615e+00
3.669234185429741757e+01
3.669234185429741757e+01
3.669234185429741757e+01
3.669234185429741757e+01
2.690771735981810409e+01
3.418346377878989983e+01
2.506787343777925514e+01
2.506787343777925514e+01
2.506787343777925514e+01
3.418346377878989983e+01
2.690771735981810409e+01
2.506787343777925514e+01
8.736271870070812184e+00
8.736271870070812184e+00
8.736271870070812184e+00
8.736271870070812184e+00
1.357482244426387830e+01
1.028938686919451229e+01
1.598812421213300894e+01
1.598812421213300894e+01
1.598812421213300894e+01
1.028938686919451229e+01
1.357482244426387830e+01
1.598812421213300894e+01
3.255567978932371043e-01
3.255567978932371043e-01
3.255567978932371043e-01
3.255567978932371043e-01
1.204560152204977364e+01
3.494508748028324896e-01
1.292968236770480317e+01
1.292968236770480317e+01
1.292968236770480317e+01
3.494508748028324896e-01
1.204560152204977364e+01
1.292968236770480317e+01
2.230810755472099061e+01
2.230810755472099061e+01
2.230810755472099061e+01
2.230810755472099061e+01
1.149902451274277704e+00
2.462583301495174126e+01
1.269372835822254686e+00
1.269372835822254686e+00
1.269372835822254686e+00
2.462583301495174126e+01
1.149902451274277704e+00
1.269372835822254686e+00
1.281319874277052184e+00
1.281319874277052184e+00
1.281319874277052184e+00
1.281319874277052184e+00
2.679123373488382143e+00
2.069824412293700178e+00
4.327814680250463120e+00
4.327814680250463120e+00
4.327814680250463120e+00
2.069824412293700178e+00
2.679123373488382143e+00
4.327814680250463120e+00
4.244185411066879965e+00
4.244185411066879965e+00
4.244185411066879965e+00
4.244185411066879965e+00
1.818936604742948271e+00
1.478147332819844451e+01
6.334917140656475709e+00
6.334917140656475709e+00
6.334917140656475709e+00
1.478147332819844451e+01
1.818936604742948271e+00
6.334917140656475709e+00
3.138785678036723326e+01
3.138785678036723326e+01
3.138785678036723326e+01
3.138785678036723326e+01
2.361033474629393680e+01
1.248764194487728751e+01
9.393358985084683255e+00
9.393358985084683255e+00
9.393358985084683255e+00
1.248764194487728751e+01
2.361033474629393680e+01
9.393358985084683255e+00
6.346864179111273430e+00
6.346864179111273430e+00
6.346864179111273430e+00
6.346864179111273430e+00
4.368135935035405737e+01
2.538745671644508928e-01
1.747254374014162392e+00
1.747254374014162392e+00
1.747254374014162392e+00
2.538745671644508928e-01
4.368135935035405737e+01
1.747254374014162392e+00
1.475757925128884729e+01
1.475757925128884729e+01
1.475757925128884729e+01
1.475757925128884729e+01
9.656193831090233104e+00
1.669299948096607267e+01
1.092257990729878969e+01
1.092257990729878969e+01
1.092257990729878969e+01
1.669299948096607267e+01
9.656193831090233104e+00
1.092257990729878969e+01
