9.240455043838369242e-01
2.428353537694014630e+00
9.240455043838369242e-01
9.240455043838369242e-01
9.240455043838369242e-01
9.240455043838369242e-01
9.240455043838369242e-01
2.428353537694014630e+00
2.428353537694014630e+00
2.428353537694014630e+00
2.428353537694014630e+00
2.428353537694014630e+00
2.869690303569973455e+00
6.679222128979248829e+00
2.869690303569973455e+00
2.869690303569973455e+00
2.869690303569973455e+00
2.869690303569973455e+00
2.869690303569973455e+00
6.679222128979248829e+00
6.679222128979248829e+00
6.679222128979248829e+00
6.679222128979248829e+00
6.679222128979248829e+00
4.787147114940174752e+00
4.094333262119929984e+00
4.787147114940174752e+00
4.787147114940174752e+00
4.787147114940174752e+00
4.787147114940174752e+00
4.787147114940174752e+00
4.094333262119929984e+00
4.094333262119929984e+00
4.094333262119929984e+00
4.094333262119929984e+00
4.094333262119929984e+00
1.660563197152901571e+00
1.388713239426587975e+00
1.660563197152901571e+00
1.660563197152901571e+00
1.660563197152901571e+00
1.660563197152901571e+00
1.660563197152901571e+00
1.388713239426587975e+00
1.388713239426587975e+00
1.388713239426587975e+00
1.388713239426587975e+00
1.388713239426587975e+00
2.193107946680740827e+00
1.845195998744493915e+00
2.193107946680740827e+00
2.193107946680740827e+00
2.193107946680740827e+00
2.193107946680740827e+00
2.193107946680740827e+00
1.845195998744493915e+00
1.845195998744493915e+00
1.845195998744493915e+00
1.845195998744493915e+00
1.845195998744493915e+00
6.108051976069417854e+00
5.250001287477256362e+00
6.108051976069417854e+00
6.108051976069417854e+00
6.108051976069417854e+00
6.108051976069417854e+00
6.108051976069417854e+00
5.250001287477256362e+00
5.250001287477256362e+00
5.250001287477256362e+00
5.250001287477256362e+00
5.250001287477256362e+00
3.722020691842470530e+00
3.166851379086828899e+00
3.722020691842470530e+00
3.722020691842470530e+00
3.722020691842470530e+00
3.722020691842470530e+00
3.722020691842470530e+00
3.166851379086828899e+00
3.166851379086828899e+00
3.166851379086828899e+00
3.166851379086828899e+00
3.166851379086828899e+00
1.245113649454010263e+00
1.034666925017851735e+00
1.245113649454010263e+00
1.245113649454010263e+00
1.245113649454010263e+00
1.245113649454010263e+00
1.245113649454010263e+00
1.034666925017851735e+00
1.034666925017851735e+00
1.034666925017851735e+00
1.034666925017851735e+00
1.034666925017851735e+00
1.439714139688430317e+00
1.200241912110283193e+00
1.439714139688430317e+00
1.439714139688430317e+00
1.439714139688430317e+00
1.439714139688430317e+00
1.439714139688430317e+00
1.200241912110283193e+00
1.200241912110283193e+00
1.200241912110283193e+00
1.200241912110283193e+00
1.200241912110283193e+00
4.225444252674668277e+00
3.604656442984646159e+00
4.225444252674668277e+00
4.225444252674668277e+00
4.225444252674668277e+00
4.225444252674668277e+00
4.225444252674668277e+00
3.604656442984646159e+00
3.604656442984646159e+00
3.604656442984646159e+00
3.604656442984646159e+00
3.604656442984646159e+00
6.879628345363395958e+00
5.927324329226832056e+00
6.879628345363395958e+00
6.879628345363395958e+00
6.879628345363395958e+00
6.879628345363395958e+00
6.879628345363395958e+00
5.927324329226832056e+00
5.927324329226832056e+00
5.927324329226832056e+00
5.927324329226832056e+00
5.927324329226832056e+00
2.511530807054552117e+00
2.119258896139287529e+00
2.511530807054552117e+00
2.511530807054552117e+00
2.511530807054552117e+00
2.511530807054552117e+00
2.511530807054552117e+00
2.119258896139287529e+00
2.119258896139287529e+00
2.119258896139287529e+00
2.119258896139287529e+00
2.119258896139287529e+00
1.910620046883302114e+00
8.895650304040396694e-01
1.910620046883302114e+00
1.910620046883302114e+00
1.910620046883302114e+00
1.910620046883302114e+00
1.910620046883302114e+00
8.895650304040396694e-01
8.895650304040396694e-01
8.895650304040396694e-01
8.895650304040396694e-01
8.895650304040396694e-01
5.412692201807774772e+00
2.776205527232936454e+00
5.412692201807774772e+00
5.412692201807774772e+00
5.412692201807774772e+00
5.412692201807774772e+00
5.412692201807774772e+00
2.776205527232936454e+00
2.776205527232936454e+00
2.776205527232936454e+00
2.776205527232936454e+00
2.776205527232936454e+00
3.271703461620452558e+00
4.640960339667508983e+00
3.271703461620452558e+00
3.271703461620452558e+00
3.271703461620452558e+00
3.271703461620452558e+00
3.271703461620452558e+00
4.640960339667508983e+00
4.640960339667508983e+00
4.640960339667508983e+00
4.640960339667508983e+00
4.640960339667508983e+00
1.074050424740714549e+00
1.602732683552650750e+00
1.074050424740714549e+00
1.074050424740714549e+00
1.074050424740714549e+00
1.074050424740714549e+00
1.074050424740714549e+00
1.602732683552650750e+00
1.602732683552650750e+00
1.602732683552650750e+00
1.602732683552650750e+00
1.602732683552650750e+00
1.156800080515921314e+00
2.965914306169230130e+00
1.156800080515921314e+00
1.156800080515921314e+00
1.156800080515921314e+00
1.156800080515921314e+00
1.156800080515921314e+00
2.965914306169230130e+00
2.965914306169230130e+00
2.965914306169230130e+00
2.965914306169230130e+00
2.965914306169230130e+00
3.490532392160265118e+00
9.596997785534583381e-01
3.490532392160265118e+00
3.490532392160265118e+00
3.490532392160265118e+00
3.490532392160265118e+00
3.490532392160265118e+00
9.596997785534583381e-01
9.596997785534583381e-01
9.596997785534583381e-01
9.596997785534583381e-01
9.596997785534583381e-01
5.751255434205550188e+00
1.720217908874653201e+00
5.751255434205550188e+00
5.751255434205550188e+00
5.751255434205550188e+00
5.751255434205550188e+00
5.751255434205550188e+00
1.720217908874653201e+00
1.720217908874653201e+00
1.720217908874653201e+00
1.720217908874653201e+00
1.720217908874653201e+00
2.047597897092472863e+00
4.937322029749162233e+00
2.047597897092472863e+00
2.047597897092472863e+00
2.047597897092472863e+00
2.047597897092472863e+00
2.047597897092472863e+00
4.937322029749162233e+00
4.937322029749162233e+00
4.937322029749162233e+00
4.937322029749162233e+00
4.937322029749162233e+00
2.685393761926768708e+00
3.842702276485080670e+00
2.685393761926768708e+00
2.685393761926768708e+00
2.685393761926768708e+00
2.685393761926768708e+00
2.685393761926768708e+00
3.842702276485080670e+00
3.842702276485080670e+00
3.842702276485080670e+00
3.842702276485080670e+00
3.842702276485080670e+00
7.296120739496569030e+00
1.291455331764285397e+00
7.296120739496569030e+00
7.296120739496569030e+00
7.296120739496569030e+00
7.296120739496569030e+00
7.296120739496569030e+00
1.291455331764285397e+00
1.291455331764285397e+00
1.291455331764285397e+00
1.291455331764285397e+00
1.291455331764285397e+00
4.498672455851206564e+00
2.269201478630227697e+00
4.498672455851206564e+00
4.498672455851206564e+00
4.498672455851206564e+00
4.498672455851206564e+00
4.498672455851206564e+00
2.269201478630227697e+00
2.269201478630227697e+00
2.269201478630227697e+00
2.269201478630227697e+00
2.269201478630227697e+00
1.546678642903376755e+00
6.293540964770157231e+00
1.546678642903376755e+00
1.546678642903376755e+00
1.546678642903376755e+00
1.546678642903376755e+00
1.546678642903376755e+00
6.293540964770157231e+00
6.293540964770157231e+00
6.293540964770157231e+00
6.293540964770157231e+00
6.293540964770157231e+00
1.339307905508250851e+00
5.579744437386041866e+00
1.339307905508250851e+00
1.339307905508250851e+00
1.339307905508250851e+00
1.339307905508250851e+00
1.339307905508250851e+00
5.579744437386041866e+00
5.579744437386041866e+00
5.579744437386041866e+00
5.579744437386041866e+00
5.579744437386041866e+00
3.966779782529808784e+00
1.978069665592508075e+00
3.966779782529808784e+00
3.966779782529808784e+00
3.966779782529808784e+00
3.966779782529808784e+00
3.966779782529808784e+00
1.978069665592508075e+00
1.978069665592508075e+00
1.978069665592508075e+00
1.978069665592508075e+00
1.978069665592508075e+00
6.483895641605992743e+00
1.114749007812272152e+00
6.483895641605992743e+00
6.483895641605992743e+00
6.483895641605992743e+00
6.483895641605992743e+00
6.483895641605992743e+00
1.114749007812272152e+00
1.114749007812272152e+00
1.114749007812272152e+00
1.114749007812272152e+00
1.114749007812272152e+00
2.347597084757357955e+00
3.379572830915751780e+00
2.347597084757357955e+00
2.347597084757357955e+00
2.347597084757357955e+00
2.347597084757357955e+00
2.347597084757357955e+00
3.379572830915751780e+00
3.379572830915751780e+00
3.379572830915751780e+00
3.379572830915751780e+00
3.379572830915751780e+00
1.781745574954627154e+00
7.085224025307399920e+00
1.781745574954627154e+00
1.781745574954627154e+00
1.781745574954627154e+00
1.781745574954627154e+00
1.781745574954627154e+00
7.085224025307399920e+00
7.085224025307399920e+00
7.085224025307399920e+00
7.085224025307399920e+00
7.085224025307399920e+00
5.091575931744408479e+00
2.597190076668835612e+00
5.091575931744408479e+00
5.091575931744408479e+00
5.091575931744408479e+00
5.091575931744408479e+00
5.091575931744408479e+00
2.597190076668835612e+00
2.597190076668835612e+00
2.597190076668835612e+00
2.597190076668835612e+00
2.597190076668835612e+00
3.064945052287282312e+00
1.492354365176753461e+00
3.064945052287282312e+00
3.064945052287282312e+00
3.064945052287282312e+00
3.064945052287282312e+00
3.064945052287282312e+00
1.492354365176753461e+00
1.492354365176753461e+00
1.492354365176753461e+00
1.492354365176753461e+00
1.492354365176753461e+00
9.965619508451134534e-01
4.360195795727517698e+00
9.965619508451134534e-01
9.965619508451134534e-01
9.965619508451134534e-01
9.965619508451134534e-01
9.965619508451134534e-01
4.360195795727517698e+00
4.360195795727517698e+00
4.360195795727517698e+00
4.360195795727517698e+00
4.360195795727517698e+00
9.596997785534583381e-01
3.490532392160265118e+00
9.596997785534583381e-01
9.596997785534583381e-01
9.596997785534583381e-01
9.596997785534583381e-01
9.596997785534583381e-01
3.490532392160265118e+00
3.490532392160265118e+00
3.490532392160265118e+00
3.490532392160265118e+00
3.490532392160265118e+00
2.965914306169230130e+00
1.156800080515921314e+00
2.965914306169230130e+00
2.965914306169230130e+00
2.965914306169230130e+00
2.965914306169230130e+00
2.965914306169230130e+00
1.156800080515921314e+00
1.156800080515921314e+00
1.156800080515921314e+00
1.156800080515921314e+00
1.156800080515921314e+00
4.937322029749162233e+00
2.047597897092472863e+00
4.937322029749162233e+00
4.937322029749162233e+00
4.937322029749162233e+00
4.937322029749162233e+00
4.937322029749162233e+00
2.047597897092472863e+00
2.047597897092472863e+00
2.047597897092472863e+00
2.047597897092472863e+00
2.047597897092472863e+00
1.720217908874653201e+00
5.751255434205550188e+00
1.720217908874653201e+00
1.720217908874653201e+00
1.720217908874653201e+00
1.720217908874653201e+00
1.720217908874653201e+00
5.751255434205550188e+00
5.751255434205550188e+00
5.751255434205550188e+00
5.751255434205550188e+00
5.751255434205550188e+00
2.269201478630227697e+00
4.498672455851206564e+00
2.269201478630227697e+00
2.269201478630227697e+00
2.269201478630227697e+00
2.269201478630227697e+00
2.269201478630227697e+00
4.498672455851206564e+00
4.498672455851206564e+00
4.498672455851206564e+00
4.498672455851206564e+00
4.498672455851206564e+00
6.293540964770157231e+00
1.546678642903376755e+00
6.293540964770157231e+00
6.293540964770157231e+00
6.293540964770157231e+00
6.293540964770157231e+00
6.293540964770157231e+00
1.546678642903376755e+00
1.546678642903376755e+00
1.546678642903376755e+00
1.546678642903376755e+00
1.546678642903376755e+00
3.842702276485080670e+00
2.685393761926768708e+00
3.842702276485080670e+00
3.842702276485080670e+00
3.842702276485080670e+00
3.842702276485080670e+00
3.842702276485080670e+00
2.685393761926768708e+00
2.685393761926768708e+00
2.685393761926768708e+00
2.685393761926768708e+00
2.685393761926768708e+00
1.291455331764285397e+00
7.296120739496569030e+00
1.291455331764285397e+00
1.291455331764285397e+00
1.291455331764285397e+00
1.291455331764285397e+00
1.291455331764285397e+00
7.296120739496569030e+00
7.296120739496569030e+00
7.296120739496569030e+00
7.296120739496569030e+00
7.296120739496569030e+00
1.492354365176753461e+00
5.091575931744408479e+00
1.492354365176753461e+00
1.492354365176753461e+00
1.492354365176753461e+00
1.492354365176753461e+00
1.492354365176753461e+00
5.091575931744408479e+00
5.091575931744408479e+00
5.091575931744408479e+00
5.091575931744408479e+00
5.091575931744408479e+00
4.360195795727517698e+00
1.781745574954627154e+00
4.360195795727517698e+00
4.360195795727517698e+00
4.360195795727517698e+00
4.360195795727517698e+00
4.360195795727517698e+00
1.781745574954627154e+00
1.781745574954627154e+00
1.781745574954627154e+00
1.781745574954627154e+00
1.781745574954627154e+00
7.085224025307399920e+00
9.965619508451134534e-01
7.085224025307399920e+00
7.085224025307399920e+00
7.085224025307399920e+00
7.085224025307399920e+00
7.085224025307399920e+00
9.965619508451134534e-01
9.965619508451134534e-01
9.965619508451134534e-01
9.965619508451134534e-01
9.965619508451134534e-01
2.597190076668835612e+00
3.064945052287282312e+00
2.597190076668835612e+00
2.597190076668835612e+00
2.597190076668835612e+00
2.597190076668835612e+00
2.597190076668835612e+00
3.064945052287282312e+00
3.064945052287282312e+00
3.064945052287282312e+00
3.064945052287282312e+00
3.064945052287282312e+00
1.978069665592508075e+00
6.483895641605992743e+00
1.978069665592508075e+00
1.978069665592508075e+00
1.978069665592508075e+00
1.978069665592508075e+00
1.978069665592508075e+00
6.483895641605992743e+00
6.483895641605992743e+00
6.483895641605992743e+00
6.483895641605992743e+00
6.483895641605992743e+00
5.579744437386041866e+00
2.347597084757357955e+00
5.579744437386041866e+00
5.579744437386041866e+00
5.579744437386041866e+00
5.579744437386041866e+00
5.579744437386041866e+00
2.347597084757357955e+00
2.347597084757357955e+00
2.347597084757357955e+00
2.347597084757357955e+00
2.347597084757357955e+00
3.379572830915751780e+00
1.339307905508250851e+00
3.379572830915751780e+00
3.379572830915751780e+00
3.379572830915751780e+00
3.379572830915751780e+00
3.379572830915751780e+00
1.339307905508250851e+00
1.339307905508250851e+00
1.339307905508250851e+00
1.339307905508250851e+00
1.339307905508250851e+00
1.114749007812272152e+00
3.966779782529808784e+00
1.114749007812272152e+00
1.114749007812272152e+00
1.114749007812272152e+00
1.114749007812272152e+00
1.114749007812272152e+00
3.966779782529808784e+00
3.966779782529808784e+00
3.966779782529808784e+00
3.966779782529808784e+00
3.966779782529808784e+00
1.034666925017851735e+00
2.193107946680740827e+00
1.034666925017851735e+00
1.034666925017851735e+00
1.034666925017851735e+00
1.034666925017851735e+00
1.034666925017851735e+00
2.193107946680740827e+00
2.193107946680740827e+00
2.193107946680740827e+00
2.193107946680740827e+00
2.193107946680740827e+00
3.166851379086828899e+00
6.108051976069417854e+00
3.166851379086828899e+00
3.166851379086828899e+00
3.166851379086828899e+00
3.166851379086828899e+00
3.166851379086828899e+00
6.108051976069417854e+00
6.108051976069417854e+00
6.108051976069417854e+00
6.108051976069417854e+00
6.108051976069417854e+00
5.250001287477256362e+00
3.722020691842470530e+00
5.250001287477256362e+00
5.250001287477256362e+00
5.250001287477256362e+00
5.250001287477256362e+00
5.250001287477256362e+00
3.722020691842470530e+00
3.722020691842470530e+00
3.722020691842470530e+00
3.722020691842470530e+00
3.722020691842470530e+00
1.845195998744493915e+00
1.245113649454010263e+00
1.845195998744493915e+00
1.845195998744493915e+00
1.845195998744493915e+00
1.845195998744493915e+00
1.845195998744493915e+00
1.245113649454010263e+00
1.245113649454010263e+00
1.245113649454010263e+00
1.245113649454010263e+00
1.245113649454010263e+00
2.428353537694014630e+00
1.660563197152901571e+00
2.428353537694014630e+00
2.428353537694014630e+00
2.428353537694014630e+00
2.428353537694014630e+00
2.428353537694014630e+00
1.660563197152901571e+00
1.660563197152901571e+00
1.660563197152901571e+00
1.660563197152901571e+00
1.660563197152901571e+00
6.679222128979248829e+00
4.787147114940174752e+00
6.679222128979248829e+00
6.679222128979248829e+00
6.679222128979248829e+00
6.679222128979248829e+00
6.679222128979248829e+00
4.787147114940174752e+00
4.787147114940174752e+00
4.787147114940174752e+00
4.787147114940174752e+00
4.787147114940174752e+00
4.094333262119929984e+00
2.869690303569973455e+00
4.094333262119929984e+00
4.094333262119929984e+00
4.094333262119929984e+00
4.094333262119929984e+00
4.094333262119929984e+00
2.869690303569973455e+00
2.869690303569973455e+00
2.869690303569973455e+00
2.869690303569973455e+00
2.869690303569973455e+00
1.388713239426587975e+00
9.240455043838369242e-01
1.388713239426587975e+00
1.388713239426587975e+00
1.388713239426587975e+00
1.388713239426587975e+00
1.388713239426587975e+00
9.240455043838369242e-01
9.240455043838369242e-01
9.240455043838369242e-01
9.240455043838369242e-01
9.240455043838369242e-01
1.200241912110283193e+00
1.439714139688430317e+00
1.200241912110283193e+00
1.200241912110283193e+00
1.200241912110283193e+00
1.200241912110283193e+00
1.200241912110283193e+00
1.439714139688430317e+00
1.439714139688430317e+00
1.439714139688430317e+00
1.439714139688430317e+00
1.439714139688430317e+00
3.604656442984646159e+00
4.225444252674668277e+00
3.604656442984646159e+00
3.604656442984646159e+00
3.604656442984646159e+00
3.604656442984646159e+00
3.604656442984646159e+00
4.225444252674668277e+00
4.225444252674668277e+00
4.225444252674668277e+00
4.225444252674668277e+00
4.225444252674668277e+00
5.927324329226832056e+00
6.879628345363395958e+00
5.927324329226832056e+00
5.927324329226832056e+00
5.927324329226832056e+00
5.927324329226832056e+00
5.927324329226832056e+00
6.879628345363395958e+00
6.879628345363395958e+00
6.879628345363395958e+00
6.879628345363395958e+00
6.879628345363395958e+00
2.119258896139287529e+00
2.511530807054552117e+00
2.119258896139287529e+00
2.119258896139287529e+00
2.119258896139287529e+00
2.119258896139287529e+00
2.119258896139287529e+00
2.511530807054552117e+00
2.511530807054552117e+00
2.511530807054552117e+00
2.511530807054552117e+00
2.511530807054552117e+00
1.602732683552650750e+00
1.074050424740714549e+00
1.602732683552650750e+00
1.602732683552650750e+00
1.602732683552650750e+00
1.602732683552650750e+00
1.602732683552650750e+00
1.074050424740714549e+00
1.074050424740714549e+00
1.074050424740714549e+00
1.074050424740714549e+00
1.074050424740714549e+00
4.640960339667508983e+00
3.271703461620452558e+00
4.640960339667508983e+00
4.640960339667508983e+00
4.640960339667508983e+00
4.640960339667508983e+00
4.640960339667508983e+00
3.271703461620452558e+00
3.271703461620452558e+00
3.271703461620452558e+00
3.271703461620452558e+00
3.271703461620452558e+00
2.776205527232936454e+00
5.412692201807774772e+00
2.776205527232936454e+00
2.776205527232936454e+00
2.776205527232936454e+00
2.776205527232936454e+00
2.776205527232936454e+00
5.412692201807774772e+00
5.412692201807774772e+00
5.412692201807774772e+00
5.412692201807774772e+00
5.412692201807774772e+00
8.895650304040396694e-01
1.910620046883302114e+00
8.895650304040396694e-01
8.895650304040396694e-01
8.895650304040396694e-01
8.895650304040396694e-01
8.895650304040396694e-01
1.910620046883302114e+00
1.910620046883302114e+00
1.910620046883302114e+00
1.910620046883302114e+00
1.910620046883302114e+00
