-5.534888189149123150e+01
-1.454545826054688291e+02
-7.130310505311841496e+01
-5.534888189149123150e+01
-5.534888189149123150e+01
-5.534888189149123150e+01
-7.130310505311841496e+01
-1.454545826054688291e+02
-1.873816241547170591e+02
-1.873816241547170591e+02
-1.873816241547170591e+02
-1.873816241547170591e+02
-2.651549001587662246e+02
-6.171496884331060073e+02
-1.281720270742932541e+02
-2.651549001587662246e+02
-2.651549001587662246e+02
-2.651549001587662246e+02
-1.281720270742932541e+02
-6.171496884331060073e+02
-2.983211946201122373e+02
-2.983211946201122373e+02
-2.983211946201122373e+02
-2.983211946201122373e+02
-2.089514916497715262e+02
-1.787112494958128934e+02
-4.471868597917161878e+02
-2.089514916497715262e+02
-2.089514916497715262e+02
-2.089514916497715262e+02
-4.471868597917161878e+02
-1.787112494958128934e+02
-3.824683032435000314e+02
-3.824683032435000314e+02
-3.824683032435000314e+02
-3.824683032435000314e+02
-1.264492928331979016e+02
-1.057483433178980761e+02
-1.011516503765716664e+02
-1.264492928331979016e+02
-1.264492928331979016e+02
-1.264492928331979016e+02
-1.011516503765716664e+02
-1.057483433178980761e+02
-8.459216506100864308e+01
-8.459216506100864308e+01
-8.459216506100864308e+01
-8.459216506100864308e+01
-7.790673307466663289e+01
-6.554770473665010400e+01
-1.870481207337003582e+02
-7.790673307466663289e+01
-7.790673307466663289e+01
-7.790673307466663289e+01
-1.870481207337003582e+02
-6.554770473665010400e+01
-1.573750368616690594e+02
-1.573750368616690594e+02
-1.573750368616690594e+02
-1.573750368616690594e+02
-4.154906918409095624e+02
-3.571231344536286656e+02
-3.224383375179770042e+02
-4.154906918409095624e+02
-4.154906918409095624e+02
-4.154906918409095624e+02
-3.224383375179770042e+02
-3.571231344536286656e+02
-2.771426460897173456e+02
-2.771426460897173456e+02
-2.771426460897173456e+02
-2.771426460897173456e+02
-1.927018056628129159e+02
-1.639587819469407464e+02
-2.569648191704055762e+02
-1.927018056628129159e+02
-1.927018056628129159e+02
-1.927018056628129159e+02
-2.569648191704055762e+02
-1.639587819469407464e+02
-2.186364502889867651e+02
-2.186364502889867651e+02
-2.186364502889867651e+02
-2.186364502889867651e+02
-1.049300073176594452e+02
-8.719493843880911754e+01
-4.549528545700317039e+01
-1.049300073176594452e+02
-1.049300073176594452e+02
-1.049300073176594452e+02
-4.549528545700317039e+01
-8.719493843880911754e+01
-3.780575943991009780e+01
-3.780575943991009780e+01
-3.780575943991009780e+01
-3.780575943991009780e+01
-6.869011133654096568e+01
-5.726466685357421227e+01
-1.286407079345045190e+02
-6.869011133654096568e+01
-6.869011133654096568e+01
-6.869011133654096568e+01
-1.286407079345045190e+02
-5.726466685357421227e+01
-1.072434902250414694e+02
-1.072434902250414694e+02
-1.072434902250414694e+02
-1.072434902250414694e+02
-3.389268448610220048e+02
-2.891328726572137384e+02
-2.402231080211996925e+02
-3.389268448610220048e+02
-3.389268448610220048e+02
-3.389268448610220048e+02
-2.402231080211996925e+02
-2.891328726572137384e+02
-2.049303510593692863e+02
-2.049303510593692863e+02
-2.049303510593692863e+02
-2.049303510593692863e+02
-4.400274786210165985e+02
-3.791172209639068456e+02
-5.029115814653538905e+02
-4.400274786210165985e+02
-4.400274786210165985e+02
-4.400274786210165985e+02
-5.029115814653538905e+02
-3.791172209639068456e+02
-4.332966699107458339e+02
-4.332966699107458339e+02
-4.332966699107458339e+02
-4.332966699107458339e+02
-2.422646162086137167e+02
-2.044256999268108075e+02
-1.019720750333008397e+02
-2.422646162086137167e+02
-2.422646162086137167e+02
-2.422646162086137167e+02
-1.019720750333008397e+02
-2.044256999268108075e+02
-8.604522252528029469e+01
-8.604522252528029469e+01
-8.604522252528029469e+01
-8.604522252528029469e+01
-1.066812615240231281e+02
-4.966969743982556196e+01
-1.551930986519194562e+02
-1.066812615240231281e+02
-1.066812615240231281e+02
-1.066812615240231281e+02
-1.551930986519194562e+02
-4.966969743982556196e+01
-7.225630953992812522e+01
-7.225630953992812522e+01
-7.225630953992812522e+01
-7.225630953992812522e+01
-4.781352400456289615e+02
-2.452387179408032125e+02
-2.637418848646491369e+02
-4.781352400456289615e+02
-4.781352400456289615e+02
-4.781352400456289615e+02
-2.637418848646491369e+02
-2.452387179408032125e+02
-1.352749521355611364e+02
-1.352749521355611364e+02
-1.352749521355611364e+02
-1.352749521355611364e+02
-1.295134487502408831e+02
-1.837167659460567677e+02
-3.189144069581124086e+02
-1.295134487502408831e+02
-1.295134487502408831e+02
-1.295134487502408831e+02
-3.189144069581124086e+02
-1.837167659460567677e+02
-4.523848606096211711e+02
-4.523848606096211711e+02
-4.523848606096211711e+02
-4.523848606096211711e+02
-7.742393178970760914e+01
-1.155344880557836547e+02
-6.978810455131657875e+01
-7.742393178970760914e+01
-7.742393178970760914e+01
-7.742393178970760914e+01
-6.978810455131657875e+01
-1.155344880557836547e+02
-1.041400603836515302e+02
-1.041400603836515302e+02
-1.041400603836515302e+02
-1.041400603836515302e+02
-4.814276585084619597e+01
-1.234330117887772502e+02
-4.931764093262017923e+01
-4.814276585084619597e+01
-4.814276585084619597e+01
-4.814276585084619597e+01
-4.931764093262017923e+01
-1.234330117887772502e+02
-1.264452685059803798e+02
-1.264452685059803798e+02
-1.264452685059803798e+02
-1.264452685059803798e+02
-2.587084437845658726e+02
-7.113024843075514525e+01
-2.622535157453536954e+02
-2.587084437845658726e+02
-2.587084437845658726e+02
-2.587084437845658726e+02
-2.622535157453536954e+02
-7.113024843075514525e+01
-7.210494351834850590e+01
-7.210494351834850590e+01
-7.210494351834850590e+01
-7.210494351834850590e+01
-3.328089765715664612e+02
-9.954417227370747412e+01
-3.386500953719315135e+02
-3.328089765715664612e+02
-3.328089765715664612e+02
-3.328089765715664612e+02
-3.386500953719315135e+02
-9.954417227370747412e+01
-1.012912685874082968e+02
-1.012912685874082968e+02
-1.012912685874082968e+02
-1.012912685874082968e+02
-1.850356630911612115e+02
-4.461719056102231207e+02
-1.871152547053957562e+02
-1.850356630911612115e+02
-1.850356630911612115e+02
-1.850356630911612115e+02
-1.871152547053957562e+02
-4.461719056102231207e+02
-4.511863732966871225e+02
-4.511863732966871225e+02
-4.511863732966871225e+02
-4.511863732966871225e+02
-1.772150086484016924e+02
-2.535883291364802972e+02
-1.363047130565485645e+02
-1.772150086484016924e+02
-1.772150086484016924e+02
-1.772150086484016924e+02
-1.363047130565485645e+02
-2.535883291364802972e+02
-1.950471616431528901e+02
-1.950471616431528901e+02
-1.950471616431528901e+02
-1.950471616431528901e+02
-7.186108918971347066e+02
-1.271982606840027046e+02
-6.074590525063666746e+02
-7.186108918971347066e+02
-7.186108918971347066e+02
-7.186108918971347066e+02
-6.074590525063666746e+02
-1.271982606840027046e+02
-1.075237458641561688e+02
-1.075237458641561688e+02
-1.075237458641561688e+02
-1.075237458641561688e+02
-2.237738088000361927e+02
-1.128750454253020337e+02
-1.552393456054279568e+02
-2.237738088000361927e+02
-2.237738088000361927e+02
-2.237738088000361927e+02
-1.552393456054279568e+02
-1.128750454253020337e+02
-7.830517914929465917e+01
-7.830517914929465917e+01
-7.830517914929465917e+01
-7.830517914929465917e+01
-1.272022349519050550e+02
-5.175945760635581792e+02
-1.036395525014239212e+02
-1.272022349519050550e+02
-1.272022349519050550e+02
-1.272022349519050550e+02
-1.036395525014239212e+02
-5.175945760635581792e+02
-4.217164129283877969e+02
-4.217164129283877969e+02
-4.217164129283877969e+02
-4.217164129283877969e+02
-7.206104332215096520e+01
-3.002164057834193045e+02
-7.342127791368278622e+01
-7.206104332215096520e+01
-7.206104332215096520e+01
-7.206104332215096520e+01
-7.342127791368278622e+01
-3.002164057834193045e+02
-3.058833337276395241e+02
-3.058833337276395241e+02
-3.058833337276395241e+02
-3.058833337276395241e+02
-3.423516895125530937e+02
-1.707166843421909164e+02
-3.463804502291849303e+02
-3.423516895125530937e+02
-3.423516895125530937e+02
-3.423516895125530937e+02
-3.463804502291849303e+02
-1.707166843421909164e+02
-1.727256613463082999e+02
-1.727256613463082999e+02
-1.727256613463082999e+02
-1.727256613463082999e+02
-2.435006746031250486e+02
-4.186405062932493593e+01
-2.500858811141311548e+02
-2.435006746031250486e+02
-2.435006746031250486e+02
-2.435006746031250486e+02
-2.500858811141311548e+02
-4.186405062932493593e+01
-4.299621759038427626e+01
-4.299621759038427626e+01
-4.299621759038427626e+01
-4.299621759038427626e+01
-1.644601801485877388e+02
-2.367549185532933222e+02
-1.668444584377944295e+02
-1.644601801485877388e+02
-1.644601801485877388e+02
-1.644601801485877388e+02
-1.668444584377944295e+02
-2.367549185532933222e+02
-2.401872972096921330e+02
-2.401872972096921330e+02
-2.401872972096921330e+02
-2.401872972096921330e+02
-8.138958106843519147e+01
-3.236508193435341241e+02
-8.319916641799848378e+01
-8.138958106843519147e+01
-8.138958106843519147e+01
-8.138958106843519147e+01
-8.319916641799848378e+01
-3.236508193435341241e+02
-3.308467499942369727e+02
-3.308467499942369727e+02
-3.308467499942369727e+02
-3.308467499942369727e+02
-3.980578152262991694e+02
-2.030475085720705977e+02
-4.032289470319770999e+02
-3.980578152262991694e+02
-3.980578152262991694e+02
-3.980578152262991694e+02
-4.032289470319770999e+02
-2.030475085720705977e+02
-2.056852797436874027e+02
-2.056852797436874027e+02
-2.056852797436874027e+02
-2.056852797436874027e+02
-1.898110892928225439e+02
-9.242103947465722058e+01
-1.929239241115518269e+02
-1.898110892928225439e+02
-1.898110892928225439e+02
-1.898110892928225439e+02
-1.929239241115518269e+02
-9.242103947465722058e+01
-9.393671187678985746e+01
-9.393671187678985746e+01
-9.393671187678985746e+01
-9.393671187678985746e+01
-9.410503359269442569e+01
-4.117319264293633410e+02
-9.511716682402149559e+01
-9.410503359269442569e+01
-9.410503359269442569e+01
-9.410503359269442569e+01
-9.511716682402149559e+01
-4.117319264293633410e+02
-4.161602502843990692e+02
-4.161602502843990692e+02
-4.161602502843990692e+02
-4.161602502843990692e+02
-4.091470071536110709e+01
-1.488112130001450453e+02
-5.748451720444816715e+01
-4.091470071536110709e+01
-4.091470071536110709e+01
-4.091470071536110709e+01
-5.748451720444816715e+01
-1.488112130001450453e+02
-2.090774363335371220e+02
-2.090774363335371220e+02
-2.090774363335371220e+02
-2.090774363335371220e+02
-2.228374834564803564e+02
-8.691364354938761494e+01
-2.740458476489334885e+02
-2.228374834564803564e+02
-2.228374834564803564e+02
-2.228374834564803564e+02
-2.740458476489334885e+02
-8.691364354938761494e+01
-1.068865199395453232e+02
-1.068865199395453232e+02
-1.068865199395453232e+02
-1.068865199395453232e+02
-2.907234073298393469e+02
-1.205683230498903811e+02
-2.155063920328794609e+02
-2.907234073298393469e+02
-2.907234073298393469e+02
-2.907234073298393469e+02
-2.155063920328794609e+02
-1.205683230498903811e+02
-8.937444883637223825e+01
-8.937444883637223825e+01
-8.937444883637223825e+01
-8.937444883637223825e+01
-1.571983506258345074e+02
-5.255658969836118786e+02
-1.309919059203222105e+02
-1.571983506258345074e+02
-1.571983506258345074e+02
-1.571983506258345074e+02
-1.309919059203222105e+02
-5.255658969836118786e+02
-4.379491149781367199e+02
-4.379491149781367199e+02
-4.379491149781367199e+02
-4.379491149781367199e+02
-1.151797031770358473e+02
-2.283427730130100599e+02
-8.060983690102847277e+01
-1.151797031770358473e+02
-1.151797031770358473e+02
-1.151797031770358473e+02
-8.060983690102847277e+01
-2.283427730130100599e+02
-1.598083098184018525e+02
-1.598083098184018525e+02
-1.598083098184018525e+02
-1.598083098184018525e+02
-5.239864536059028524e+02
-1.287730804486037925e+02
-4.281082904707324701e+02
-5.239864536059028524e+02
-5.239864536059028524e+02
-5.239864536059028524e+02
-4.281082904707324701e+02
-1.287730804486037925e+02
-1.052103979981226729e+02
-1.052103979981226729e+02
-1.052103979981226729e+02
-1.052103979981226729e+02
-1.326032496502703282e+02
-9.266706442523857845e+01
-1.989499061427080449e+02
-1.326032496502703282e+02
-1.326032496502703282e+02
-1.326032496502703282e+02
-1.989499061427080449e+02
-9.266706442523857845e+01
-1.390320660960054511e+02
-1.390320660960054511e+02
-1.390320660960054511e+02
-1.390320660960054511e+02
-8.653759672298653527e+01
-4.888970904895474519e+02
-1.088353801854792664e+02
-8.653759672298653527e+01
-8.653759672298653527e+01
-8.653759672298653527e+01
-1.088353801854792664e+02
-4.888970904895474519e+02
-6.148691751324179222e+02
-6.148691751324179222e+02
-6.148691751324179222e+02
-6.148691751324179222e+02
-9.393671187678985746e+01
-3.204908381411304390e+02
-5.907624662773913826e+01
-9.393671187678985746e+01
-9.393671187678985746e+01
-9.393671187678985746e+01
-5.907624662773913826e+01
-3.204908381411304390e+02
-2.015548066105384066e+02
-2.015548066105384066e+02
-2.015548066105384066e+02
-2.015548066105384066e+02
-4.161602502843990692e+02
-1.700592631970365574e+02
-3.143088016185765809e+02
-4.161602502843990692e+02
-4.161602502843990692e+02
-4.161602502843990692e+02
-3.143088016185765809e+02
-1.700592631970365574e+02
-1.284388001570808058e+02
-1.284388001570808058e+02
-1.284388001570808058e+02
-1.284388001570808058e+02
-3.308467499942369727e+02
-4.653477172032221176e+01
-3.956101258505623832e+02
-3.308467499942369727e+02
-3.308467499942369727e+02
-3.308467499942369727e+02
-3.956101258505623832e+02
-4.653477172032221176e+01
-5.564397080226582659e+01
-5.564397080226582659e+01
-5.564397080226582659e+01
-5.564397080226582659e+01
-2.056852797436874027e+02
-2.427292812112201545e+02
-2.294252202882384779e+02
-2.056852797436874027e+02
-2.056852797436874027e+02
-2.056852797436874027e+02
-2.294252202882384779e+02
-2.427292812112201545e+02
-2.707447945797836155e+02
-2.707447945797836155e+02
-2.707447945797836155e+02
-2.707447945797836155e+02
-7.629476514867353387e+01
-2.500858811141311548e+02
-1.265191902516083076e+02
-7.629476514867353387e+01
-7.629476514867353387e+01
-7.629476514867353387e+01
-1.265191902516083076e+02
-2.500858811141311548e+02
-4.147160438892832985e+02
-4.147160438892832985e+02
-4.147160438892832985e+02
-4.147160438892832985e+02
-3.965541808351626969e+02
-1.668444584377944295e+02
-5.382273794406676188e+02
-3.965541808351626969e+02
-3.965541808351626969e+02
-3.965541808351626969e+02
-5.382273794406676188e+02
-1.668444584377944295e+02
-2.264514156679616974e+02
-2.264514156679616974e+02
-2.264514156679616974e+02
-2.264514156679616974e+02
-1.852692387073111604e+02
-7.342127791368278622e+01
-1.612425881125195133e+02
-1.852692387073111604e+02
-1.852692387073111604e+02
-1.852692387073111604e+02
-1.612425881125195133e+02
-7.342127791368278622e+01
-6.389963577296006036e+01
-6.389963577296006036e+01
-6.389963577296006036e+01
-6.389963577296006036e+01
-9.734023172123254142e+01
-3.463804502291849303e+02
-8.941506299381717326e+01
-9.734023172123254142e+01
-9.734023172123254142e+01
-9.734023172123254142e+01
-8.941506299381717326e+01
-3.463804502291849303e+02
-3.181791252127620737e+02
-3.181791252127620737e+02
-3.181791252127620737e+02
-3.181791252127620737e+02
-5.882243135433520820e+01
-1.246816134999668009e+02
-9.770327439602166919e+01
-5.882243135433520820e+01
-5.882243135433520820e+01
-5.882243135433520820e+01
-9.770327439602166919e+01
-1.246816134999668009e+02
-2.070944980588290321e+02
-2.070944980588290321e+02
-2.070944980588290321e+02
-2.070944980588290321e+02
-2.829631189266879687e+02
-5.457639878930150417e+02
-1.961221162657913624e+02
-2.829631189266879687e+02
-2.829631189266879687e+02
-2.829631189266879687e+02
-1.961221162657913624e+02
-5.457639878930150417e+02
-3.782697501117365277e+02
-3.782697501117365277e+02
-3.782697501117365277e+02
-3.782697501117365277e+02
-2.131582553985882953e+02
-1.511198557461353005e+02
-4.104434600295695645e+02
-2.131582553985882953e+02
-2.131582553985882953e+02
-2.131582553985882953e+02
-4.104434600295695645e+02
-1.511198557461353005e+02
-2.909864145567781293e+02
-2.909864145567781293e+02
-2.909864145567781293e+02
-2.909864145567781293e+02
-1.348867106269705403e+02
-9.101975326516541998e+01
-8.428797659889887939e+01
-1.348867106269705403e+02
-1.348867106269705403e+02
-1.348867106269705403e+02
-8.428797659889887939e+01
-9.101975326516541998e+01
-5.687640240904373456e+01
-5.687640240904373456e+01
-5.687640240904373456e+01
-5.687640240904373456e+01
-1.183253204265435130e+02
-8.091353641127068386e+01
-1.701175482226736619e+02
-1.183253204265435130e+02
-1.183253204265435130e+02
-1.183253204265435130e+02
-1.701175482226736619e+02
-8.091353641127068386e+01
-1.163302358505474103e+02
-1.163302358505474103e+02
-1.163302358505474103e+02
-1.163302358505474103e+02
-5.425302537109159857e+02
-3.888435043283827781e+02
-2.508360997969003847e+02
-5.425302537109159857e+02
-5.425302537109159857e+02
-5.425302537109159857e+02
-2.508360997969003847e+02
-3.888435043283827781e+02
-1.797798139181048498e+02
-1.797798139181048498e+02
-1.797798139181048498e+02
-1.797798139181048498e+02
-2.660357011019644915e+02
-1.864626113655583595e+02
-3.533601527081161180e+02
-2.660357011019644915e+02
-2.660357011019644915e+02
-2.660357011019644915e+02
-3.533601527081161180e+02
-1.864626113655583595e+02
-2.476677248713866959e+02
-2.476677248713866959e+02
-2.476677248713866959e+02
-2.476677248713866959e+02
-1.353669928775432538e+02
-9.007277936091510639e+01
-7.471928187446025049e+01
-1.353669928775432538e+02
-1.353669928775432538e+02
-1.353669928775432538e+02
-7.471928187446025049e+01
-9.007277936091510639e+01
-4.971797959915222265e+01
-4.971797959915222265e+01
-4.971797959915222265e+01
-4.971797959915222265e+01
-4.385571424171714483e+01
-5.260580493220928844e+01
-8.895855484523637813e+01
-4.385571424171714483e+01
-4.385571424171714483e+01
-4.385571424171714483e+01
-8.895855484523637813e+01
-5.260580493220928844e+01
-1.067075628376885845e+02
-1.067075628376885845e+02
-1.067075628376885845e+02
-1.067075628376885845e+02
-2.488621014582446662e+02
-2.917207098506722218e+02
-1.500156630607750685e+02
-2.488621014582446662e+02
-2.488621014582446662e+02
-2.488621014582446662e+02
-1.500156630607750685e+02
-2.917207098506722218e+02
-1.758511057343590380e+02
-1.758511057343590380e+02
-1.758511057343590380e+02
-1.758511057343590380e+02
-3.128978944733258345e+02
-3.631691307001598830e+02
-5.356356290325528562e+02
-3.128978944733258345e+02
-3.128978944733258345e+02
-3.128978944733258345e+02
-5.356356290325528562e+02
-3.631691307001598830e+02
-6.216926646157687628e+02
-6.216926646157687628e+02
-6.216926646157687628e+02
-6.216926646157687628e+02
-1.807496044465046907e+02
-2.142061079735511271e+02
-1.226355519039351805e+02
-1.807496044465046907e+02
-1.807496044465046907e+02
-1.807496044465046907e+02
-1.226355519039351805e+02
-2.142061079735511271e+02
-1.453352241238521003e+02
-1.453352241238521003e+02
-1.453352241238521003e+02
-1.453352241238521003e+02
-9.762895885671889573e+01
-6.542477470080743274e+01
-1.578566479808458496e+02
-9.762895885671889573e+01
-9.762895885671889573e+01
-9.762895885671889573e+01
-1.578566479808458496e+02
-6.542477470080743274e+01
-1.057855758180170938e+02
-1.057855758180170938e+02
-1.057855758180170938e+02
-1.057855758180170938e+02
-4.335309592297219297e+02
-3.056231116452793231e+02
-3.062671249154019506e+02
-4.335309592297219297e+02
-4.335309592297219297e+02
-4.335309592297219297e+02
-3.062671249154019506e+02
-3.056231116452793231e+02
-2.159068682836559674e+02
-2.159068682836559674e+02
-2.159068682836559674e+02
-2.159068682836559674e+02
-1.239966171811773279e+02
-2.417528227948050699e+02
-2.283212155092275282e+02
-1.239966171811773279e+02
-1.239966171811773279e+02
-1.239966171811773279e+02
-2.283212155092275282e+02
-2.417528227948050699e+02
-4.451516469408628609e+02
-4.451516469408628609e+02
-4.451516469408628609e+02
-4.451516469408628609e+02
-6.864245160391172362e+01
-1.474312047114560471e+02
-4.424891053580094535e+01
-6.864245160391172362e+01
-6.864245160391172362e+01
-6.864245160391172362e+01
-4.424891053580094535e+01
-1.474312047114560471e+02
-9.503842061332800029e+01
-9.503842061332800029e+01
-9.503842061332800029e+01
-9.503842061332800029e+01
