4.154126719350198726e+01
4.154126719350198726e+01
4.154126719350198726e+01
4.154126719350198726e+01
3.688243348955784029e+01
4.154126719350198726e+01
3.688243348955784029e+01
3.688243348955784029e+01
3.688243348955784029e+01
4.154126719350198726e+01
3.688243348955784029e+01
3.688243348955784029e+01
1.669415410579986414e+01
1.669415410579986414e+01
1.669415410579986414e+01
1.669415410579986414e+01
1.203532040185571539e+01
1.669415410579986414e+01
1.203532040185571539e+01
1.203532040185571539e+01
1.203532040185571539e+01
1.669415410579986414e+01
1.203532040185571539e+01
1.203532040185571539e+01
2.911771064965092748e+01
2.911771064965092748e+01
2.911771064965092748e+01
2.911771064965092748e+01
2.445887694570677695e+01
2.911771064965092748e+01
2.445887694570677695e+01
2.445887694570677695e+01
2.445887694570677695e+01
2.911771064965092748e+01
2.445887694570677695e+01
2.445887694570677695e+01
4.270597561948802579e+00
4.270597561948802579e+00
4.270597561948802579e+00
4.270597561948802579e+00
4.930599003340890363e+01
4.270597561948802579e+00
4.930599003340890363e+01
4.930599003340890363e+01
4.930599003340890363e+01
4.270597561948802579e+00
4.930599003340890363e+01
4.930599003340890363e+01
1.048237583387433425e+01
1.048237583387433425e+01
1.048237583387433425e+01
1.048237583387433425e+01
1.824709867378124528e+01
1.048237583387433425e+01
1.824709867378124528e+01
1.824709867378124528e+01
1.824709867378124528e+01
1.048237583387433425e+01
1.824709867378124528e+01
1.824709867378124528e+01
3.532948892157645560e+01
3.532948892157645560e+01
3.532948892157645560e+01
3.532948892157645560e+01
4.309421176148337196e+01
3.532948892157645560e+01
4.309421176148337196e+01
4.309421176148337196e+01
4.309421176148337196e+01
3.532948892157645560e+01
4.309421176148337196e+01
4.309421176148337196e+01
2.290593237772539581e+01
2.290593237772539581e+01
2.290593237772539581e+01
2.290593237772539581e+01
3.067065521763230862e+01
2.290593237772539581e+01
3.067065521763230862e+01
3.067065521763230862e+01
3.067065521763230862e+01
2.290593237772539581e+01
3.067065521763230862e+01
3.067065521763230862e+01
4.775304546542751893e+01
4.775304546542751893e+01
4.775304546542751893e+01
4.775304546542751893e+01
5.823542129930185496e+00
4.775304546542751893e+01
5.823542129930185496e+00
5.823542129930185496e+00
5.823542129930185496e+00
4.775304546542751893e+01
5.823542129930185496e+00
5.823542129930185496e+00
3.222359978561369331e+01
3.222359978561369331e+01
3.222359978561369331e+01
3.222359978561369331e+01
1.514120953781848122e+01
3.222359978561369331e+01
1.514120953781848122e+01
1.514120953781848122e+01
1.514120953781848122e+01
3.222359978561369331e+01
1.514120953781848122e+01
1.514120953781848122e+01
7.376486697911567525e+00
7.376486697911567525e+00
7.376486697911567525e+00
7.376486697911567525e+00
3.998832262552060257e+01
7.376486697911567525e+00
3.998832262552060257e+01
3.998832262552060257e+01
3.998832262552060257e+01
7.376486697911567525e+00
3.998832262552060257e+01
3.998832262552060257e+01
4.464715632946475665e+01
4.464715632946475665e+01
4.464715632946475665e+01
4.464715632946475665e+01
2.756476608166954279e+01
4.464715632946475665e+01
2.756476608166954279e+01
2.756476608166954279e+01
2.756476608166954279e+01
4.464715632946475665e+01
2.756476608166954279e+01
2.756476608166954279e+01
1.980004324176262998e+01
1.980004324176262998e+01
1.980004324176262998e+01
1.980004324176262998e+01
2.717652993967419661e+00
1.980004324176262998e+01
2.717652993967419661e+00
2.717652993967419661e+00
2.717652993967419661e+00
1.980004324176262998e+01
2.717652993967419661e+00
2.717652993967419661e+00
1.358826496983709831e+01
1.358826496983709831e+01
1.358826496983709831e+01
1.358826496983709831e+01
3.377654435359507090e+01
1.358826496983709831e+01
3.377654435359507090e+01
3.377654435359507090e+01
3.377654435359507090e+01
1.358826496983709831e+01
3.377654435359507090e+01
3.377654435359507090e+01
3.843537805753922498e+01
3.843537805753922498e+01
3.843537805753922498e+01
3.843537805753922498e+01
8.929431265892951330e+00
3.843537805753922498e+01
8.929431265892951330e+00
8.929431265892951330e+00
8.929431265892951330e+00
3.843537805753922498e+01
8.929431265892951330e+00
8.929431265892951330e+00
1.164708425986036966e+00
1.164708425986036966e+00
1.164708425986036966e+00
1.164708425986036966e+00
2.135298780974401112e+01
1.164708425986036966e+00
2.135298780974401112e+01
2.135298780974401112e+01
2.135298780974401112e+01
1.164708425986036966e+00
2.135298780974401112e+01
2.135298780974401112e+01
2.601182151368816164e+01
2.601182151368816164e+01
2.601182151368816164e+01
2.601182151368816164e+01
4.620010089744613424e+01
2.601182151368816164e+01
4.620010089744613424e+01
4.620010089744613424e+01
4.620010089744613424e+01
2.601182151368816164e+01
4.620010089744613424e+01
4.620010089744613424e+01
2.445887694570677695e+01
2.445887694570677695e+01
2.445887694570677695e+01
2.445887694570677695e+01
3.843537805753922498e+01
2.445887694570677695e+01
3.843537805753922498e+01
3.843537805753922498e+01
3.843537805753922498e+01
2.445887694570677695e+01
3.843537805753922498e+01
3.843537805753922498e+01
4.930599003340890363e+01
4.930599003340890363e+01
4.930599003340890363e+01
4.930599003340890363e+01
1.358826496983709831e+01
4.930599003340890363e+01
1.358826496983709831e+01
1.358826496983709831e+01
1.358826496983709831e+01
4.930599003340890363e+01
1.358826496983709831e+01
1.358826496983709831e+01
1.203532040185571539e+01
1.203532040185571539e+01
1.203532040185571539e+01
1.203532040185571539e+01
1.164708425986036966e+00
1.203532040185571539e+01
1.164708425986036966e+00
1.164708425986036966e+00
1.164708425986036966e+00
1.203532040185571539e+01
1.164708425986036966e+00
1.164708425986036966e+00
3.688243348955784029e+01
3.688243348955784029e+01
3.688243348955784029e+01
3.688243348955784029e+01
2.601182151368816164e+01
3.688243348955784029e+01
2.601182151368816164e+01
2.601182151368816164e+01
2.601182151368816164e+01
3.688243348955784029e+01
2.601182151368816164e+01
2.601182151368816164e+01
3.067065521763230862e+01
3.067065521763230862e+01
3.067065521763230862e+01
3.067065521763230862e+01
7.376486697911567525e+00
3.067065521763230862e+01
7.376486697911567525e+00
7.376486697911567525e+00
7.376486697911567525e+00
3.067065521763230862e+01
7.376486697911567525e+00
7.376486697911567525e+00
5.823542129930185496e+00
5.823542129930185496e+00
5.823542129930185496e+00
5.823542129930185496e+00
3.222359978561369331e+01
5.823542129930185496e+00
3.222359978561369331e+01
3.222359978561369331e+01
3.222359978561369331e+01
5.823542129930185496e+00
3.222359978561369331e+01
3.222359978561369331e+01
4.309421176148337196e+01
4.309421176148337196e+01
4.309421176148337196e+01
4.309421176148337196e+01
4.464715632946475665e+01
4.309421176148337196e+01
4.464715632946475665e+01
4.464715632946475665e+01
4.464715632946475665e+01
4.309421176148337196e+01
4.464715632946475665e+01
4.464715632946475665e+01
1.824709867378124528e+01
1.824709867378124528e+01
1.824709867378124528e+01
1.824709867378124528e+01
1.980004324176262998e+01
1.824709867378124528e+01
1.980004324176262998e+01
1.980004324176262998e+01
1.980004324176262998e+01
1.824709867378124528e+01
1.980004324176262998e+01
1.980004324176262998e+01
2.717652993967419661e+00
2.717652993967419661e+00
2.717652993967419661e+00
2.717652993967419661e+00
1.048237583387433425e+01
2.717652993967419661e+00
1.048237583387433425e+01
1.048237583387433425e+01
1.048237583387433425e+01
2.717652993967419661e+00
1.048237583387433425e+01
1.048237583387433425e+01
2.756476608166954279e+01
2.756476608166954279e+01
2.756476608166954279e+01
2.756476608166954279e+01
3.532948892157645560e+01
2.756476608166954279e+01
3.532948892157645560e+01
3.532948892157645560e+01
3.532948892157645560e+01
2.756476608166954279e+01
3.532948892157645560e+01
3.532948892157645560e+01
1.514120953781848122e+01
1.514120953781848122e+01
1.514120953781848122e+01
1.514120953781848122e+01
4.775304546542751893e+01
1.514120953781848122e+01
4.775304546542751893e+01
4.775304546542751893e+01
4.775304546542751893e+01
1.514120953781848122e+01
4.775304546542751893e+01
4.775304546542751893e+01
3.998832262552060257e+01
3.998832262552060257e+01
3.998832262552060257e+01
3.998832262552060257e+01
2.290593237772539581e+01
3.998832262552060257e+01
2.290593237772539581e+01
2.290593237772539581e+01
2.290593237772539581e+01
3.998832262552060257e+01
2.290593237772539581e+01
2.290593237772539581e+01
4.620010089744613424e+01
4.620010089744613424e+01
4.620010089744613424e+01
4.620010089744613424e+01
4.154126719350198726e+01
4.620010089744613424e+01
4.154126719350198726e+01
4.154126719350198726e+01
4.154126719350198726e+01
4.620010089744613424e+01
4.154126719350198726e+01
4.154126719350198726e+01
2.135298780974401112e+01
2.135298780974401112e+01
2.135298780974401112e+01
2.135298780974401112e+01
1.669415410579986414e+01
2.135298780974401112e+01
1.669415410579986414e+01
1.669415410579986414e+01
1.669415410579986414e+01
2.135298780974401112e+01
1.669415410579986414e+01
1.669415410579986414e+01
3.377654435359507090e+01
3.377654435359507090e+01
3.377654435359507090e+01
3.377654435359507090e+01
4.270597561948802579e+00
3.377654435359507090e+01
4.270597561948802579e+00
4.270597561948802579e+00
4.270597561948802579e+00
3.377654435359507090e+01
4.270597561948802579e+00
4.270597561948802579e+00
8.929431265892951330e+00
8.929431265892951330e+00
8.929431265892951330e+00
8.929431265892951330e+00
2.911771064965092748e+01
8.929431265892951330e+00
2.911771064965092748e+01
2.911771064965092748e+01
2.911771064965092748e+01
8.929431265892951330e+00
2.911771064965092748e+01
2.911771064965092748e+01
1.747062638979055649e+01
1.747062638979055649e+01
1.747062638979055649e+01
1.747062638979055649e+01
1.281179268584640774e+01
1.747062638979055649e+01
1.281179268584640774e+01
1.281179268584640774e+01
1.281179268584640774e+01
1.747062638979055649e+01
1.281179268584640774e+01
1.281179268584640774e+01
4.231773947749267961e+01
4.231773947749267961e+01
4.231773947749267961e+01
4.231773947749267961e+01
3.765890577354853264e+01
4.231773947749267961e+01
3.765890577354853264e+01
3.765890577354853264e+01
3.765890577354853264e+01
4.231773947749267961e+01
3.765890577354853264e+01
3.765890577354853264e+01
5.047069845939494037e+00
5.047069845939494037e+00
5.047069845939494037e+00
5.047069845939494037e+00
2.523534922969746930e+01
5.047069845939494037e+00
2.523534922969746930e+01
2.523534922969746930e+01
2.523534922969746930e+01
5.047069845939494037e+00
2.523534922969746930e+01
2.523534922969746930e+01
2.989418293364161627e+01
2.989418293364161627e+01
2.989418293364161627e+01
2.989418293364161627e+01
3.882361419953456738e-01
2.989418293364161627e+01
3.882361419953456738e-01
3.882361419953456738e-01
3.882361419953456738e-01
2.989418293364161627e+01
3.882361419953456738e-01
3.882361419953456738e-01
3.610596120556714794e+01
3.610596120556714794e+01
3.610596120556714794e+01
3.610596120556714794e+01
3.144712750162300097e+01
3.610596120556714794e+01
3.144712750162300097e+01
3.144712750162300097e+01
3.144712750162300097e+01
3.610596120556714794e+01
3.144712750162300097e+01
3.144712750162300097e+01
1.125884811786502482e+01
1.125884811786502482e+01
1.125884811786502482e+01
1.125884811786502482e+01
6.600014413920876954e+00
1.125884811786502482e+01
6.600014413920876954e+00
6.600014413920876954e+00
6.600014413920876954e+00
1.125884811786502482e+01
6.600014413920876954e+00
6.600014413920876954e+00
4.852951774941821128e+01
4.852951774941821128e+01
4.852951774941821128e+01
4.852951774941821128e+01
1.902357095777193763e+01
4.852951774941821128e+01
1.902357095777193763e+01
1.902357095777193763e+01
1.902357095777193763e+01
4.852951774941821128e+01
1.902357095777193763e+01
1.902357095777193763e+01
2.368240466171608816e+01
2.368240466171608816e+01
2.368240466171608816e+01
2.368240466171608816e+01
4.387068404547406431e+01
2.368240466171608816e+01
4.387068404547406431e+01
4.387068404547406431e+01
4.387068404547406431e+01
2.368240466171608816e+01
4.387068404547406431e+01
4.387068404547406431e+01
8.152958981902258984e+00
8.152958981902258984e+00
8.152958981902258984e+00
8.152958981902258984e+00
3.455301663758576325e+01
8.152958981902258984e+00
3.455301663758576325e+01
3.455301663758576325e+01
3.455301663758576325e+01
8.152958981902258984e+00
3.455301663758576325e+01
3.455301663758576325e+01
3.300007206960438566e+01
3.300007206960438566e+01
3.300007206960438566e+01
3.300007206960438566e+01
9.705903549883641901e+00
3.300007206960438566e+01
9.705903549883641901e+00
9.705903549883641901e+00
9.705903549883641901e+00
3.300007206960438566e+01
9.705903549883641901e+00
9.705903549883641901e+00
2.057651552575332232e+01
2.057651552575332232e+01
2.057651552575332232e+01
2.057651552575332232e+01
2.212946009373470346e+01
2.057651552575332232e+01
2.212946009373470346e+01
2.212946009373470346e+01
2.212946009373470346e+01
2.057651552575332232e+01
2.212946009373470346e+01
2.212946009373470346e+01
4.542362861345544189e+01
4.542362861345544189e+01
4.542362861345544189e+01
4.542362861345544189e+01
4.697657318143682659e+01
4.542362861345544189e+01
4.697657318143682659e+01
4.697657318143682659e+01
4.697657318143682659e+01
4.542362861345544189e+01
4.697657318143682659e+01
4.697657318143682659e+01
3.921185034152991022e+01
3.921185034152991022e+01
3.921185034152991022e+01
3.921185034152991022e+01
1.591768182180917357e+01
3.921185034152991022e+01
1.591768182180917357e+01
1.591768182180917357e+01
1.591768182180917357e+01
3.921185034152991022e+01
1.591768182180917357e+01
1.591768182180917357e+01
1.436473725382779065e+01
1.436473725382779065e+01
1.436473725382779065e+01
1.436473725382779065e+01
4.076479490951129492e+01
1.436473725382779065e+01
4.076479490951129492e+01
4.076479490951129492e+01
4.076479490951129492e+01
1.436473725382779065e+01
4.076479490951129492e+01
4.076479490951129492e+01
2.678829379767885044e+01
2.678829379767885044e+01
2.678829379767885044e+01
2.678829379767885044e+01
2.834123836566023513e+01
2.678829379767885044e+01
2.834123836566023513e+01
2.834123836566023513e+01
2.834123836566023513e+01
2.678829379767885044e+01
2.834123836566023513e+01
2.834123836566023513e+01
1.941180709976728425e+00
1.941180709976728425e+00
1.941180709976728425e+00
1.941180709976728425e+00
3.494125277958111120e+00
1.941180709976728425e+00
3.494125277958111120e+00
3.494125277958111120e+00
3.494125277958111120e+00
1.941180709976728425e+00
3.494125277958111120e+00
3.494125277958111120e+00
4.697657318143682659e+01
4.697657318143682659e+01
4.697657318143682659e+01
4.697657318143682659e+01
1.125884811786502482e+01
4.697657318143682659e+01
1.125884811786502482e+01
1.125884811786502482e+01
1.125884811786502482e+01
4.697657318143682659e+01
1.125884811786502482e+01
1.125884811786502482e+01
2.212946009373470346e+01
2.212946009373470346e+01
2.212946009373470346e+01
2.212946009373470346e+01
3.610596120556714794e+01
2.212946009373470346e+01
3.610596120556714794e+01
3.610596120556714794e+01
3.610596120556714794e+01
2.212946009373470346e+01
3.610596120556714794e+01
3.610596120556714794e+01
3.455301663758576325e+01
3.455301663758576325e+01
3.455301663758576325e+01
3.455301663758576325e+01
4.852951774941821128e+01
3.455301663758576325e+01
4.852951774941821128e+01
4.852951774941821128e+01
4.852951774941821128e+01
3.455301663758576325e+01
4.852951774941821128e+01
4.852951774941821128e+01
9.705903549883641901e+00
9.705903549883641901e+00
9.705903549883641901e+00
9.705903549883641901e+00
2.368240466171608816e+01
9.705903549883641901e+00
2.368240466171608816e+01
2.368240466171608816e+01
2.368240466171608816e+01
9.705903549883641901e+00
2.368240466171608816e+01
2.368240466171608816e+01
3.494125277958111120e+00
3.494125277958111120e+00
3.494125277958111120e+00
3.494125277958111120e+00
4.231773947749267961e+01
3.494125277958111120e+00
4.231773947749267961e+01
4.231773947749267961e+01
4.231773947749267961e+01
3.494125277958111120e+00
4.231773947749267961e+01
4.231773947749267961e+01
2.834123836566023513e+01
2.834123836566023513e+01
2.834123836566023513e+01
2.834123836566023513e+01
1.747062638979055649e+01
2.834123836566023513e+01
1.747062638979055649e+01
1.747062638979055649e+01
1.747062638979055649e+01
2.834123836566023513e+01
1.747062638979055649e+01
1.747062638979055649e+01
1.591768182180917357e+01
1.591768182180917357e+01
1.591768182180917357e+01
1.591768182180917357e+01
5.047069845939494037e+00
1.591768182180917357e+01
5.047069845939494037e+00
5.047069845939494037e+00
5.047069845939494037e+00
1.591768182180917357e+01
5.047069845939494037e+00
5.047069845939494037e+00
4.076479490951129492e+01
4.076479490951129492e+01
4.076479490951129492e+01
4.076479490951129492e+01
2.989418293364161627e+01
4.076479490951129492e+01
2.989418293364161627e+01
2.989418293364161627e+01
2.989418293364161627e+01
4.076479490951129492e+01
2.989418293364161627e+01
2.989418293364161627e+01
2.523534922969746930e+01
2.523534922969746930e+01
2.523534922969746930e+01
2.523534922969746930e+01
3.921185034152991022e+01
2.523534922969746930e+01
3.921185034152991022e+01
3.921185034152991022e+01
3.921185034152991022e+01
2.523534922969746930e+01
3.921185034152991022e+01
3.921185034152991022e+01
3.882361419953456738e-01
3.882361419953456738e-01
3.882361419953456738e-01
3.882361419953456738e-01
1.436473725382779065e+01
3.882361419953456738e-01
1.436473725382779065e+01
1.436473725382779065e+01
1.436473725382779065e+01
3.882361419953456738e-01
1.436473725382779065e+01
1.436473725382779065e+01
3.765890577354853264e+01
3.765890577354853264e+01
3.765890577354853264e+01
3.765890577354853264e+01
1.941180709976728425e+00
3.765890577354853264e+01
1.941180709976728425e+00
1.941180709976728425e+00
1.941180709976728425e+00
3.765890577354853264e+01
1.941180709976728425e+00
1.941180709976728425e+00
1.281179268584640774e+01
1.281179268584640774e+01
1.281179268584640774e+01
1.281179268584640774e+01
2.678829379767885044e+01
1.281179268584640774e+01
2.678829379767885044e+01
2.678829379767885044e+01
2.678829379767885044e+01
1.281179268584640774e+01
2.678829379767885044e+01
2.678829379767885044e+01
1.902357095777193763e+01
1.902357095777193763e+01
1.902357095777193763e+01
1.902357095777193763e+01
8.152958981902258984e+00
1.902357095777193763e+01
8.152958981902258984e+00
8.152958981902258984e+00
8.152958981902258984e+00
1.902357095777193763e+01
8.152958981902258984e+00
8.152958981902258984e+00
4.387068404547406431e+01
4.387068404547406431e+01
4.387068404547406431e+01
4.387068404547406431e+01
3.300007206960438566e+01
4.387068404547406431e+01
3.300007206960438566e+01
3.300007206960438566e+01
3.300007206960438566e+01
4.387068404547406431e+01
3.300007206960438566e+01
3.300007206960438566e+01
6.600014413920876954e+00
6.600014413920876954e+00
6.600014413920876954e+00
6.600014413920876954e+00
4.542362861345544189e+01
6.600014413920876954e+00
4.542362861345544189e+01
4.542362861345544189e+01
4.542362861345544189e+01
6.600014413920876954e+00
4.542362861345544189e+01
4.542362861345544189e+01
3.144712750162300097e+01
3.144712750162300097e+01
3.144712750162300097e+01
3.144712750162300097e+01
2.057651552575332232e+01
3.144712750162300097e+01
2.057651552575332232e+01
2.057651552575332232e+01
2.057651552575332232e+01
3.144712750162300097e+01
2.057651552575332232e+01
2.057651552575332232e+01
