1.501217096333818546e+01
1.501217096333818546e+01
1.501217096333818546e+01
1.501217096333818546e+01
2.042428410033564390e+01
1.596878681625400809e+01
2.172577433799365210e+01
2.172577433799365210e+01
2.172577433799365210e+01
1.596878681625400809e+01
2.042428410033564390e+01
2.172577433799365210e+01
5.827039079170979186e+00
5.827039079170979186e+00
5.827039079170979186e+00
5.827039079170979186e+00
9.399822164210119624e+00
6.389512778095732592e+00
1.030717024787705682e+01
1.030717024787705682e+01
1.030717024787705682e+01
6.389512778095732592e+00
9.399822164210119624e+00
1.030717024787705682e+01
8.875311602331606764e+00
8.875311602331606764e+00
8.875311602331606764e+00
8.875311602331606764e+00
5.464159812111629932e+00
1.002899853224296223e+01
6.174436818783033409e+00
6.174436818783033409e+00
6.174436818783033409e+00
1.002899853224296223e+01
5.464159812111629932e+00
6.174436818783033409e+00
9.894082149266491655e+00
9.894082149266491655e+00
9.894082149266491655e+00
9.894082149266491655e+00
1.438653026028478976e+01
1.065362692518677790e+01
1.549094942094726157e+01
1.549094942094726157e+01
1.549094942094726157e+01
1.065362692518677790e+01
1.438653026028478976e+01
1.549094942094726157e+01
1.232174583830531667e+01
1.232174583830531667e+01
1.232174583830531667e+01
1.232174583830531667e+01
8.784402535442545457e+00
8.603397809160414411e+00
6.133522840023453604e+00
6.133522840023453604e+00
6.133522840023453604e+00
8.603397809160414411e+00
8.784402535442545457e+00
6.133522840023453604e+00
1.130297529137043000e+01
1.130297529137043000e+01
1.130297529137043000e+01
1.130297529137043000e+01
9.079439168477886568e+00
1.923371759129487302e+01
1.545003544218768532e+01
1.545003544218768532e+01
1.545003544218768532e+01
1.923371759129487302e+01
9.079439168477886568e+00
1.545003544218768532e+01
7.729179896221713086e+00
7.729179896221713086e+00
7.729179896221713086e+00
7.729179896221713086e+00
1.406614726455255848e+01
8.390189133644232911e+00
1.526910196371279582e+01
1.526910196371279582e+01
1.526910196371279582e+01
8.390189133644232911e+00
1.406614726455255848e+01
1.526910196371279582e+01
1.796535752436509981e+01
1.796535752436509981e+01
1.796535752436509981e+01
1.796535752436509981e+01
1.377111063151721737e+01
7.765560740700413689e+00
5.952589361548566771e+00
5.952589361548566771e+00
5.952589361548566771e+00
7.765560740700413689e+00
1.377111063151721737e+01
5.952589361548566771e+00
1.261534267438760892e+01
1.261534267438760892e+01
1.261534267438760892e+01
1.261534267438760892e+01
5.452056613221143877e+00
1.738747354580029736e+01
7.514460175945238518e+00
7.514460175945238518e+00
7.514460175945238518e+00
1.738747354580029736e+01
5.452056613221143877e+00
7.514460175945238518e+00
1.363411322132249559e+01
1.363411322132249559e+01
1.363411322132249559e+01
1.363411322132249559e+01
1.437442706139430548e+01
7.282676635653931640e+00
7.678116090983556852e+00
7.678116090983556852e+00
7.678116090983556852e+00
7.282676635653931640e+00
1.437442706139430548e+01
7.678116090983556852e+00
1.365025081984314248e+01
1.365025081984314248e+01
1.365025081984314248e+01
1.365025081984314248e+01
1.425918394191793048e+01
1.180955221873902339e+01
1.233637239206567138e+01
1.233637239206567138e+01
1.233637239206567138e+01
1.180955221873902339e+01
1.425918394191793048e+01
1.233637239206567138e+01
4.990641807664027318e+00
4.990641807664027318e+00
4.990641807664027318e+00
4.990641807664027318e+00
5.336813493744768877e+00
1.138313486770666039e+01
1.217271647702735216e+01
1.217271647702735216e+01
1.217271647702735216e+01
1.138313486770666039e+01
5.336813493744768877e+00
1.217271647702735216e+01
5.113953726400725763e+00
5.113953726400725763e+00
5.113953726400725763e+00
5.113953726400725763e+00
1.046816031243101541e+01
4.094384612777997035e+00
8.381122865082478057e+00
8.381122865082478057e+00
8.381122865082478057e+00
4.094384612777997035e+00
1.046816031243101541e+01
8.381122865082478057e+00
1.377356273857984093e+01
1.377356273857984093e+01
1.377356273857984093e+01
1.377356273857984093e+01
1.174969229535994586e+01
1.209709003497200008e+01
1.031955843799652328e+01
1.031955843799652328e+01
1.031955843799652328e+01
1.209709003497200008e+01
1.174969229535994586e+01
1.031955843799652328e+01
1.323190226807110292e+01
1.323190226807110292e+01
1.323190226807110292e+01
1.323190226807110292e+01
1.081388967086014041e+01
1.188388135945581858e+01
9.712207608489272559e+00
9.712207608489272559e+00
9.712207608489272559e+00
1.188388135945581858e+01
1.081388967086014041e+01
9.712207608489272559e+00
1.326417746511239848e+01
1.326417746511239848e+01
1.326417746511239848e+01
1.326417746511239848e+01
1.163444917588357086e+01
1.125925296651200114e+01
9.875863523527591781e+00
9.875863523527591781e+00
9.875863523527591781e+00
1.125925296651200114e+01
1.163444917588357086e+01
9.875863523527591781e+00
8.077511277732025263e+00
8.077511277732025263e+00
8.077511277732025263e+00
8.077511277732025263e+00
1.182964554867851525e+01
9.986637336126261033e+00
1.462559145355265322e+01
1.462559145355265322e+01
1.462559145355265322e+01
9.986637336126261033e+00
1.182964554867851525e+01
1.462559145355265322e+01
7.584263602785229708e+00
7.584263602785229708e+00
7.584263602785229708e+00
7.584263602785229708e+00
3.958320844481534095e+00
1.067581612315266959e+01
5.571840287382468837e+00
5.571840287382468837e+00
5.571840287382468837e+00
1.067581612315266959e+01
3.958320844481534095e+00
5.571840287382468837e+00
8.356410312246717709e+00
8.356410312246717709e+00
8.356410312246717709e+00
8.356410312246717709e+00
7.368460324591934452e+00
6.411701976061623398e+00
5.653668244901628448e+00
5.653668244901628448e+00
5.653668244901628448e+00
6.411701976061623398e+00
7.368460324591934452e+00
5.653668244901628448e+00
1.885534937638415443e+01
1.885534937638415443e+01
1.885534937638415443e+01
1.885534937638415443e+01
1.734187651674128006e+01
1.599097601421989800e+01
1.470741941107181106e+01
1.470741941107181106e+01
1.470741941107181106e+01
1.599097601421989800e+01
1.734187651674128006e+01
1.470741941107181106e+01
1.884728057712382920e+01
1.884728057712382920e+01
1.884728057712382920e+01
1.884728057712382920e+01
1.391271984420413688e+01
1.320201535068926013e+01
9.745487695236072057e+00
9.745487695236072057e+00
9.745487695236072057e+00
1.320201535068926013e+01
1.391271984420413688e+01
9.745487695236072057e+00
8.348341512986394264e+00
8.348341512986394264e+00
8.348341512986394264e+00
8.348341512986394264e+00
1.394499504124543066e+01
1.251283656366285157e+01
2.090133034935862000e+01
2.090133034935862000e+01
2.090133034935862000e+01
1.251283656366285157e+01
1.394499504124543066e+01
2.090133034935862000e+01
8.101717675512997374e+00
8.101717675512997374e+00
8.101717675512997374e+00
8.101717675512997374e+00
8.958286945170758742e+00
1.338294882916414608e+01
1.479788615030925492e+01
1.479788615030925492e+01
1.479788615030925492e+01
1.338294882916414608e+01
8.958286945170758742e+00
1.479788615030925492e+01
7.543919606483610707e+00
7.543919606483610707e+00
7.543919606483610707e+00
7.543919606483610707e+00
8.926011748129463186e+00
4.854720534982053692e+00
5.744134984139071420e+00
5.744134984139071420e+00
5.744134984139071420e+00
4.854720534982053692e+00
8.926011748129463186e+00
5.744134984139071420e+00
5.248506449936895635e+00
5.248506449936895635e+00
5.248506449936895635e+00
5.248506449936895635e+00
5.908004642599123279e+00
9.692185526357027570e+00
1.091005177050660180e+01
1.091005177050660180e+01
1.091005177050660180e+01
9.692185526357027570e+00
5.908004642599123279e+00
1.091005177050660180e+01
1.417087689811005724e+01
1.417087689811005724e+01
1.417087689811005724e+01
1.417087689811005724e+01
1.535589796276037688e+01
8.279272825431073457e+00
8.971616197592556574e+00
8.971616197592556574e+00
8.971616197592556574e+00
8.279272825431073457e+00
1.535589796276037688e+01
8.971616197592556574e+00
8.626370733006000435e+00
8.626370733006000435e+00
8.626370733006000435e+00
8.626370733006000435e+00
1.586528323622781933e+01
5.690832815260026045e+00
1.046635685603767030e+01
1.046635685603767030e+01
1.046635685603767030e+01
5.690832815260026045e+00
1.586528323622781933e+01
1.046635685603767030e+01
9.184168802035387102e+00
9.184168802035387102e+00
9.184168802035387102e+00
9.184168802035387102e+00
6.417389916066567501e+00
1.474458398143020865e+01
1.030270094099935108e+01
1.030270094099935108e+01
1.030270094099935108e+01
1.474458398143020865e+01
6.417389916066567501e+00
1.030270094099935108e+01
1.154614213207569939e+01
1.154614213207569939e+01
1.154614213207569939e+01
1.154614213207569939e+01
1.049250178542240342e+01
9.026643154653630319e+00
8.202919064495123536e+00
8.202919064495123536e+00
8.202919064495123536e+00
9.026643154653630319e+00
1.049250178542240342e+01
8.202919064495123536e+00
1.098834406304631273e+01
1.098834406304631273e+01
1.098834406304631273e+01
1.098834406304631273e+01
9.409180844404927413e+00
9.388510111603402208e+00
8.039263149456806090e+00
8.039263149456806090e+00
8.039263149456806090e+00
9.388510111603402208e+00
9.409180844404927413e+00
8.039263149456806090e+00
1.705837310013846064e+01
1.705837310013846064e+01
1.705837310013846064e+01
1.705837310013846064e+01
1.047636418690175653e+01
2.088894215923915354e+01
1.282890016853594339e+01
1.282890016853594339e+01
1.282890016853594339e+01
2.088894215923915354e+01
1.047636418690175653e+01
1.282890016853594339e+01
7.084956907989119479e+00
7.084956907989119479e+00
7.084956907989119479e+00
7.084956907989119479e+00
9.457593639966869858e+00
9.733099505116607375e+00
1.299255608357426084e+01
1.299255608357426084e+01
1.299255608357426084e+01
9.733099505116607375e+00
9.457593639966869858e+00
1.299255608357426084e+01
