3.482690466138690795e+02
3.482690466138690795e+02
3.482690466138690795e+02
3.482690466138690795e+02
1.805544397122466549e+01
3.582677240427512970e+02
1.833578219723791847e+01
1.833578219723791847e+01
1.833578219723791847e+01
3.582677240427512970e+02
1.805544397122466549e+01
1.833578219723791847e+01
1.976835568214997352e+02
1.976835568214997352e+02
1.976835568214997352e+02
1.976835568214997352e+02
6.660614771488237693e+02
1.649983646900436440e+02
5.524419236800482622e+02
5.524419236800482622e+02
5.524419236800482622e+02
1.649983646900436440e+02
6.660614771488237693e+02
5.524419236800482622e+02
4.229105195721207906e+02
4.229105195721207906e+02
4.229105195721207906e+02
4.229105195721207906e+02
3.609293164124908913e+02
6.092848878062354743e+02
5.194266319482931067e+02
5.194266319482931067e+02
5.194266319482931067e+02
6.092848878062354743e+02
3.609293164124908913e+02
5.194266319482931067e+02
2.144564222071723520e+02
2.144564222071723520e+02
2.144564222071723520e+02
2.144564222071723520e+02
2.407896096156519263e+02
1.846054823314099735e+02
2.071214306229155113e+02
2.071214306229155113e+02
2.071214306229155113e+02
1.846054823314099735e+02
2.407896096156519263e+02
2.071214306229155113e+02
1.656694971381341475e+02
1.656694971381341475e+02
1.656694971381341475e+02
1.656694971381341475e+02
2.964303105284082562e+02
2.160507292272139921e+02
3.887353810384623785e+02
3.887353810384623785e+02
3.887353810384623785e+02
2.160507292272139921e+02
2.964303105284082562e+02
3.887353810384623785e+02
3.635437733335970165e+02
3.635437733335970165e+02
3.635437733335970165e+02
3.635437733335970165e+02
2.207819956894787197e+02
1.359613207538299378e+02
8.471733180228082460e+01
8.471733180228082460e+01
8.471733180228082460e+01
1.359613207538299378e+02
2.207819956894787197e+02
8.471733180228082460e+01
9.175508951185182127e+01
9.175508951185182127e+01
9.175508951185182127e+01
9.175508951185182127e+01
2.535519082972568015e+02
6.202588324305091305e+01
1.660265371036693693e+02
1.660265371036693693e+02
1.660265371036693693e+02
6.202588324305091305e+01
2.535519082972568015e+02
1.660265371036693693e+02
1.907986379440764892e+02
1.907986379440764892e+02
1.907986379440764892e+02
1.907986379440764892e+02
1.896091440185466865e+02
5.836499919106951211e+02
5.798967310944362907e+02
5.798967310944362907e+02
5.798967310944362907e+02
5.836499919106951211e+02
1.896091440185466865e+02
5.798967310944362907e+02
3.636154545127078563e+02
3.636154545127078563e+02
3.636154545127078563e+02
3.636154545127078563e+02
4.727019819112118171e+02
2.492748873238407157e+02
3.232346156465395097e+02
3.232346156465395097e+02
3.232346156465395097e+02
2.492748873238407157e+02
4.727019819112118171e+02
3.232346156465395097e+02
1.530451957616945151e+02
1.530451957616945151e+02
1.530451957616945151e+02
1.530451957616945151e+02
1.545514920738482090e+02
3.087651270041474163e+02
3.118945077049228303e+02
3.118945077049228303e+02
3.118945077049228303e+02
3.087651270041474163e+02
1.545514920738482090e+02
3.118945077049228303e+02
4.013607517550501598e+02
4.013607517550501598e+02
4.013607517550501598e+02
4.013607517550501598e+02
1.438877453225411216e+02
4.445499803368208518e+02
1.587694636628952765e+02
1.587694636628952765e+02
1.587694636628952765e+02
4.445499803368208518e+02
1.438877453225411216e+02
1.587694636628952765e+02
1.237636312080178129e+02
1.237636312080178129e+02
1.237636312080178129e+02
1.237636312080178129e+02
4.414731337501375492e+02
8.161055851329010125e+01
2.831002421009239356e+02
2.831002421009239356e+02
2.831002421009239356e+02
8.161055851329010125e+01
4.414731337501375492e+02
2.831002421009239356e+02
2.087884009846418962e+02
2.087884009846418962e+02
2.087884009846418962e+02
2.087884009846418962e+02
1.207697574794054844e+02
2.282536823865226268e+02
1.316795542872958436e+02
1.316795542872958436e+02
1.316795542872958436e+02
2.282536823865226268e+02
1.207697574794054844e+02
1.316795542872958436e+02
4.021053906541106926e+02
4.021053906541106926e+02
4.021053906541106926e+02
4.021053906541106926e+02
4.455381182486279386e+02
4.671590443651313649e+02
5.177707208669044121e+02
5.177707208669044121e+02
5.177707208669044121e+02
4.671590443651313649e+02
4.455381182486279386e+02
5.177707208669044121e+02
6.678346633212586880e+01
6.678346633212586880e+01
6.678346633212586880e+01
6.678346633212586880e+01
7.518941153931984900e+01
4.423454410386482749e+01
4.938669144002105327e+01
4.938669144002105327e+01
4.938669144002105327e+01
4.423454410386482749e+01
7.518941153931984900e+01
4.938669144002105327e+01
5.781680320367242985e+02
5.781680320367242985e+02
5.781680320367242985e+02
5.781680320367242985e+02
4.014241221933469888e+02
4.141929781902174454e+02
2.883262754567425077e+02
2.883262754567425077e+02
2.883262754567425077e+02
4.141929781902174454e+02
4.014241221933469888e+02
2.883262754567425077e+02
8.036955785949399456e+01
8.036955785949399456e+01
8.036955785949399456e+01
8.036955785949399456e+01
2.100565137472518131e+02
4.428853703388298868e+01
1.088409362008424779e+02
1.088409362008424779e+02
1.088409362008424779e+02
4.428853703388298868e+01
2.100565137472518131e+02
1.088409362008424779e+02
5.113433402353679185e+02
5.113433402353679185e+02
5.113433402353679185e+02
5.113433402353679185e+02
4.315441000315180986e+02
5.506690502467785109e+02
4.646286037576729200e+02
4.646286037576729200e+02
4.646286037576729200e+02
5.506690502467785109e+02
4.315441000315180986e+02
4.646286037576729200e+02
2.854774696849589759e+02
2.854774696849589759e+02
2.854774696849589759e+02
2.854774696849589759e+02
6.137194358273733314e+02
2.651258353129169336e+02
5.692467633101194906e+02
5.692467633101194906e+02
5.692467633101194906e+02
2.651258353129169336e+02
6.137194358273733314e+02
5.692467633101194906e+02
1.905314690509209470e+02
1.905314690509209470e+02
1.905314690509209470e+02
1.905314690509209470e+02
9.296358502427187886e+01
3.411222497203601733e+02
1.628252160859813671e+02
1.628252160859813671e+02
1.628252160859813671e+02
3.411222497203601733e+02
9.296358502427187886e+01
1.628252160859813671e+02
2.056274516799400658e+02
2.056274516799400658e+02
2.056274516799400658e+02
2.056274516799400658e+02
3.063900210721044459e+02
4.448938227673986603e+02
6.679770721806385154e+02
6.679770721806385154e+02
6.679770721806385154e+02
4.448938227673986603e+02
3.063900210721044459e+02
6.679770721806385154e+02
3.594961005310530027e+02
3.594961005310530027e+02
3.594961005310530027e+02
3.594961005310530027e+02
1.802185815428128706e+02
1.324925486434281368e+02
6.917105367674687955e+01
6.917105367674687955e+01
6.917105367674687955e+01
1.324925486434281368e+02
1.802185815428128706e+02
6.917105367674687955e+01
7.166815467973085561e+02
7.166815467973085561e+02
7.166815467973085561e+02
7.166815467973085561e+02
3.017498149923126221e+02
4.571010883260024116e+02
1.942669826059251079e+02
1.942669826059251079e+02
1.942669826059251079e+02
4.571010883260024116e+02
3.017498149923126221e+02
1.942669826059251079e+02
1.300135831646809379e+02
1.300135831646809379e+02
1.300135831646809379e+02
1.300135831646809379e+02
2.535736762751802473e+02
2.347396354158300369e+02
4.648158554807494625e+02
4.648158554807494625e+02
4.648158554807494625e+02
2.347396354158300369e+02
2.535736762751802473e+02
4.648158554807494625e+02
2.901022579687474376e+02
2.901022579687474376e+02
2.901022579687474376e+02
2.901022579687474376e+02
5.450096449885576249e+02
2.563820038892216644e+02
4.807624422704691938e+02
4.807624422704691938e+02
4.807624422704691938e+02
2.563820038892216644e+02
5.450096449885576249e+02
4.807624422704691938e+02
3.712322386623140460e+02
3.712322386623140460e+02
3.712322386623140460e+02
3.712322386623140460e+02
8.557007450867369869e+01
5.089431040087375209e+02
1.148206668570155955e+02
1.148206668570155955e+02
1.148206668570155955e+02
5.089431040087375209e+02
8.557007450867369869e+01
1.148206668570155955e+02
1.219873608085685532e+02
1.219873608085685532e+02
1.219873608085685532e+02
1.219873608085685532e+02
1.866135083819868612e+02
2.231999632193024468e+02
3.454775538817420397e+02
3.454775538817420397e+02
3.454775538817420397e+02
2.231999632193024468e+02
1.866135083819868612e+02
3.454775538817420397e+02
6.792557157860760526e+02
6.792557157860760526e+02
6.792557157860760526e+02
6.792557157860760526e+02
4.321140015343844425e+02
1.759365059724928528e+02
1.142523780358749974e+02
1.142523780358749974e+02
1.142523780358749974e+02
1.759365059724928528e+02
4.321140015343844425e+02
1.142523780358749974e+02
6.563924056857184723e+02
6.563924056857184723e+02
6.563924056857184723e+02
6.563924056857184723e+02
3.062883779733799088e+02
6.063167589924491949e+02
2.832735476567880823e+02
2.832735476567880823e+02
2.832735476567880823e+02
6.063167589924491949e+02
3.062883779733799088e+02
2.832735476567880823e+02
4.523942191247650868e+01
4.523942191247650868e+01
4.523942191247650868e+01
4.523942191247650868e+01
1.194979564935082408e+02
1.036458956095875976e+02
2.960533663720128175e+02
2.960533663720128175e+02
2.960533663720128175e+02
1.036458956095875976e+02
1.194979564935082408e+02
2.960533663720128175e+02
2.343592068106453894e+02
2.343592068106453894e+02
2.343592068106453894e+02
2.343592068106453894e+02
3.691506221665561611e+02
2.100375857682874425e+02
3.303120758320750951e+02
3.303120758320750951e+02
3.303120758320750951e+02
2.100375857682874425e+02
3.691506221665561611e+02
3.303120758320750951e+02
2.824520763316655803e+02
2.824520763316655803e+02
2.824520763316655803e+02
2.824520763316655803e+02
2.275509696976270675e+02
2.333369370752997440e+02
1.882797814428390382e+02
1.882797814428390382e+02
1.882797814428390382e+02
2.333369370752997440e+02
2.275509696976270675e+02
1.882797814428390382e+02
6.516955182546212200e+01
6.516955182546212200e+01
6.516955182546212200e+01
6.516955182546212200e+01
1.528906134456482846e+02
9.211717414554749439e+01
2.215736302360517982e+02
2.215736302360517982e+02
2.215736302360517982e+02
9.211717414554749439e+01
1.528906134456482846e+02
2.215736302360517982e+02
9.324961613161909781e+02
9.324961613161909781e+02
9.324961613161909781e+02
9.324961613161909781e+02
3.275732935348553951e+02
6.978499965526990536e+02
2.465505371226234104e+02
2.465505371226234104e+02
2.465505371226234104e+02
6.978499965526990536e+02
3.275732935348553951e+02
2.465505371226234104e+02
2.808831413438521736e+02
2.808831413438521736e+02
2.808831413438521736e+02
2.808831413438521736e+02
1.719187587350884314e+02
3.828430220357474241e+02
2.330860295248677971e+02
2.330860295248677971e+02
2.330860295248677971e+02
3.828430220357474241e+02
1.719187587350884314e+02
2.330860295248677971e+02
3.389228965475672339e+02
3.389228965475672339e+02
3.389228965475672339e+02
3.389228965475672339e+02
3.681933922951484419e+02
2.903322290794061473e+02
3.152979321381590125e+02
3.152979321381590125e+02
3.152979321381590125e+02
2.903322290794061473e+02
3.681933922951484419e+02
3.152979321381590125e+02
2.934579284916351867e+02
2.934579284916351867e+02
2.934579284916351867e+02
2.934579284916351867e+02
1.190159330151807495e+02
3.824259610955447215e+02
1.535148890943721085e+02
1.535148890943721085e+02
1.535148890943721085e+02
3.824259610955447215e+02
1.190159330151807495e+02
1.535148890943721085e+02
2.240804700390851849e+02
2.240804700390851849e+02
2.240804700390851849e+02
2.240804700390851849e+02
6.981648349137831246e+02
1.043817703292174883e+02
3.151993373259521150e+02
3.151993373259521150e+02
3.151993373259521150e+02
1.043817703292174883e+02
6.981648349137831246e+02
3.151993373259521150e+02
6.330211857080798836e+02
6.330211857080798836e+02
6.330211857080798836e+02
6.330211857080798836e+02
3.884888029294865532e+02
4.791681279136786316e+02
2.948800779315198497e+02
2.948800779315198497e+02
2.948800779315198497e+02
4.791681279136786316e+02
3.884888029294865532e+02
2.948800779315198497e+02
5.928381299967644225e+01
5.928381299967644225e+01
5.928381299967644225e+01
5.928381299967644225e+01
1.454358570985216375e+02
1.250815382036259393e+02
3.229219104958719981e+02
3.229219104958719981e+02
3.229219104958719981e+02
1.250815382036259393e+02
1.454358570985216375e+02
3.229219104958719981e+02
3.536678101285859839e+02
3.536678101285859839e+02
3.536678101285859839e+02
3.536678101285859839e+02
1.485733122917559683e+02
1.869813866317134057e+02
8.093853518092141996e+01
8.093853518092141996e+01
8.093853518092141996e+01
1.869813866317134057e+02
1.485733122917559683e+02
8.093853518092141996e+01
4.906014632877828063e+01
4.906014632877828063e+01
4.906014632877828063e+01
4.906014632877828063e+01
8.139957921108832295e+01
4.212703809931779801e+02
7.506003010154590811e+02
7.506003010154590811e+02
7.506003010154590811e+02
4.212703809931779801e+02
8.139957921108832295e+01
7.506003010154590811e+02
1.033542737095535244e+02
1.033542737095535244e+02
1.033542737095535244e+02
1.033542737095535244e+02
2.494692635292413740e+02
1.378422433741431803e+02
3.370998425628026780e+02
3.370998425628026780e+02
3.370998425628026780e+02
1.378422433741431803e+02
2.494692635292413740e+02
3.370998425628026780e+02
5.211504200984675208e+02
5.211504200984675208e+02
5.211504200984675208e+02
5.211504200984675208e+02
3.253278404354986719e+02
2.854901041306189313e+02
1.796904911457040726e+02
1.796904911457040726e+02
1.796904911457040726e+02
2.854901041306189313e+02
3.253278404354986719e+02
1.796904911457040726e+02
5.642376215095733869e+02
5.642376215095733869e+02
5.642376215095733869e+02
5.642376215095733869e+02
3.854183483461519018e+02
7.341110158400136925e+02
5.006287585313419868e+02
5.006287585313419868e+02
5.006287585313419868e+02
7.341110158400136925e+02
3.854183483461519018e+02
5.006287585313419868e+02
1.798175198104840149e+02
1.798175198104840149e+02
1.798175198104840149e+02
1.798175198104840149e+02
1.967206648588300482e+02
1.770795307876144591e+02
1.937124832051981400e+02
1.937124832051981400e+02
1.937124832051981400e+02
1.770795307876144591e+02
1.967206648588300482e+02
1.937124832051981400e+02
2.500994541539509441e+02
2.500994541539509441e+02
2.500994541539509441e+02
2.500994541539509441e+02
1.253018833235539091e+02
1.061299189119378781e+02
5.570867324529340436e+01
5.570867324529340436e+01
5.570867324529340436e+01
1.061299189119378781e+02
1.253018833235539091e+02
5.570867324529340436e+01
3.419867278005634148e+02
3.419867278005634148e+02
3.419867278005634148e+02
3.419867278005634148e+02
5.975942162633406269e+02
3.377951921936556232e+02
5.901897063783288786e+02
5.901897063783288786e+02
5.901897063783288786e+02
3.377951921936556232e+02
5.975942162633406269e+02
5.901897063783288786e+02
3.613515948970938325e+02
3.613515948970938325e+02
3.613515948970938325e+02
3.613515948970938325e+02
4.172036733527429533e+02
1.752327166952743482e+02
2.016219551837799600e+02
2.016219551837799600e+02
2.016219551837799600e+02
1.752327166952743482e+02
4.172036733527429533e+02
2.016219551837799600e+02
4.604716345270363576e+01
4.604716345270363576e+01
4.604716345270363576e+01
4.604716345270363576e+01
7.231044232425814755e+01
4.594435895736721420e+01
7.213567121732872067e+01
7.213567121732872067e+01
7.213567121732872067e+01
4.594435895736721420e+01
7.231044232425814755e+01
7.213567121732872067e+01
4.529561770052697511e+02
4.529561770052697511e+02
4.529561770052697511e+02
4.529561770052697511e+02
3.644996064623832694e+02
4.045772271873507862e+02
3.257497833898696626e+02
3.257497833898696626e+02
3.257497833898696626e+02
4.045772271873507862e+02
3.644996064623832694e+02
3.257497833898696626e+02
9.416250853050716785e+01
9.416250853050716785e+01
9.416250853050716785e+01
9.416250853050716785e+01
1.500354452463653843e+02
1.888353047949119059e+02
3.064797257889625257e+02
3.064797257889625257e+02
3.064797257889625257e+02
1.888353047949119059e+02
1.500354452463653843e+02
3.064797257889625257e+02
1.316865778379668086e+02
1.316865778379668086e+02
1.316865778379668086e+02
1.316865778379668086e+02
1.096139932847300855e+02
2.706280646645753336e+02
2.236538648686059219e+02
2.236538648686059219e+02
2.236538648686059219e+02
2.706280646645753336e+02
1.096139932847300855e+02
2.236538648686059219e+02
5.227609464524831537e+02
5.227609464524831537e+02
5.227609464524831537e+02
5.227609464524831537e+02
4.768855196423619418e+02
2.295245862861269757e+02
2.098092793048132023e+02
2.098092793048132023e+02
2.098092793048132023e+02
2.295245862861269757e+02
4.768855196423619418e+02
2.098092793048132023e+02
1.529806882017759619e+02
1.529806882017759619e+02
1.529806882017759619e+02
1.529806882017759619e+02
4.841522057214910433e+02
1.147722880966853864e+02
3.583462039550757936e+02
3.583462039550757936e+02
3.583462039550757936e+02
1.147722880966853864e+02
4.841522057214910433e+02
3.583462039550757936e+02
5.086503156397628800e+02
5.086503156397628800e+02
5.086503156397628800e+02
5.086503156397628800e+02
1.571627229091310198e+02
8.745487693165342762e+02
2.659055229464568129e+02
2.659055229464568129e+02
2.659055229464568129e+02
8.745487693165342762e+02
1.571627229091310198e+02
2.659055229464568129e+02
4.318643991472860080e+02
4.318643991472860080e+02
4.318643991472860080e+02
4.318643991472860080e+02
2.698363864010452744e+02
3.162118669010919803e+02
1.984489788568994584e+02
1.984489788568994584e+02
1.984489788568994584e+02
3.162118669010919803e+02
2.698363864010452744e+02
1.984489788568994584e+02
1.956479748289688985e+02
1.956479748289688985e+02
1.956479748289688985e+02
1.956479748289688985e+02
2.815013984812139824e+02
3.525511265826011709e+02
5.103948161202568485e+02
5.103948161202568485e+02
5.103948161202568485e+02
3.525511265826011709e+02
2.815013984812139824e+02
5.103948161202568485e+02
1.378088609328487166e+02
1.378088609328487166e+02
1.378088609328487166e+02
1.378088609328487166e+02
1.145713004751381874e+02
5.893820975901153361e+02
4.849753474273858274e+02
4.849753474273858274e+02
4.849753474273858274e+02
5.893820975901153361e+02
1.145713004751381874e+02
4.849753474273858274e+02
2.499627672664085196e+02
2.499627672664085196e+02
2.499627672664085196e+02
2.499627672664085196e+02
2.104904863224130338e+02
4.430347698219034669e+01
3.845480635735155062e+01
3.845480635735155062e+01
3.845480635735155062e+01
4.430347698219034669e+01
2.104904863224130338e+02
3.845480635735155062e+01
1.351365748259696318e+02
1.351365748259696318e+02
1.351365748259696318e+02
1.351365748259696318e+02
7.556505320468098716e+02
1.561482687353090739e+02
8.796430494522356867e+02
8.796430494522356867e+02
8.796430494522356867e+02
1.561482687353090739e+02
7.556505320468098716e+02
8.796430494522356867e+02
2.562350744088681154e+02
2.562350744088681154e+02
2.562350744088681154e+02
2.562350744088681154e+02
7.359593737668647861e+01
3.460997311427685190e+02
9.720113860794586458e+01
9.720113860794586458e+01
9.720113860794586458e+01
3.460997311427685190e+02
7.359593737668647861e+01
9.720113860794586458e+01
2.161671596635560775e+02
2.161671596635560775e+02
2.161671596635560775e+02
2.161671596635560775e+02
2.336679917330496892e+02
1.550968044890019826e+02
1.674502822406749374e+02
1.674502822406749374e+02
1.674502822406749374e+02
1.550968044890019826e+02
2.336679917330496892e+02
1.674502822406749374e+02
3.001534809078556805e+02
3.001534809078556805e+02
3.001534809078556805e+02
3.001534809078556805e+02
2.945386128872869449e+02
3.090227424599557935e+02
3.032371072127568823e+02
3.032371072127568823e+02
3.032371072127568823e+02
3.090227424599557935e+02
2.945386128872869449e+02
3.032371072127568823e+02
