9.688535190186370016e+01
9.688535190186370016e+01
2.342827743733818693e+02
1.869622656025493086e+02
1.843649071073708399e+02
1.869622656025493086e+02
1.843649071073708399e+02
1.554638450716536795e+02
1.533040758936935788e+02
1.533040758936935788e+02
2.552622942809392157e+02
1.647443121969957360e+02
1.744047721849860579e+02
1.744047721849860579e+02
1.774967789462864971e+02
1.774967789462864971e+02
1.798199503795101748e+02
1.798199503795101748e+02
1.798199503795101748e+02
1.798199503795101748e+02
1.420614979918772747e+02
1.420614979918772747e+02
3.960024703979338483e+02
3.524562461189343026e+02
3.524562461189343026e+02
4.303854882453391610e+02
5.219536127282168536e+02
5.219536127282168536e+02
4.303854882453391610e+02
1.727604023569696210e+02
1.621084355862366237e+02
1.727604023569696210e+02
1.727604023569696210e+02
1.727604023569696210e+02
2.438221622246276183e+02
2.287887081775681963e+02
2.287887081775681963e+02
1.999791555179082820e+02
1.582968268726361032e+02
1.582968268726361032e+02
9.221656686642742784e+01
9.221656686642742784e+01
8.648555400218603495e+01
2.650694571586195138e+02
2.650694571586195138e+02
2.882490417192847190e+02
2.882490417192847190e+02
7.846066245853333498e+01
8.157181752295743138e+01
8.157181752295743138e+01
1.420297932600482511e+02
3.727757910054011177e+02
2.039263515544197674e+02
2.039263515544197674e+02
2.039263515544197674e+02
1.762519266134256668e+02
1.825809602766935598e+02
1.514208148691439533e+02
1.514208148691439533e+02
1.231556280937891472e+02
1.546110309382273726e+02
2.229020661483552317e+02
2.538950314397536374e+02
1.331963401595128289e+02
1.994298711797486590e+02
1.422279791033437277e+02
9.204778477389916702e+01
9.204778477389916702e+01
1.428812555811965694e+02
1.428812555811965694e+02
7.877667266147652469e+01
1.413242063082628306e+02
6.384875673857557388e+01
7.877667266147652469e+01
6.384875673857557388e+01
1.145437420113475326e+02
1.145437420113475326e+02
1.145437420113475326e+02
1.145437420113475326e+02
3.104046625816952769e+02
2.539163505812973938e+02
2.521030894529704938e+02
3.126372600081374458e+02
3.126372600081374458e+02
1.094250836500450674e+02
2.596581768813794042e+02
1.094250836500450674e+02
1.356525440991959499e+02
1.356525440991959499e+02
1.460413515413166579e+02
1.787501005414291342e+02
1.787501005414291342e+02
3.187260366806053185e+02
2.604036642623010493e+02
1.288900181883169296e+02
7.245482239696954707e+01
1.962890081369748145e+02
1.288900181883169296e+02
1.288900181883169296e+02
1.288900181883169296e+02
1.962890081369748145e+02
7.245482239696954707e+01
1.103427978593532686e+02
3.849773483694801257e+02
3.148450656114105186e+02
3.148450656114105186e+02
3.849773483694801257e+02
3.392303523544418340e+02
3.392303523544418340e+02
1.557529349682265263e+02
2.033683622106132134e+02
2.033683622106132134e+02
2.466391576144357600e+02
1.379140722167564661e+02
1.379140722167564661e+02
1.379140722167564661e+02
9.490597250993356226e+01
9.490597250993356226e+01
9.490597250993356226e+01
1.403325335401484608e+02
9.188878571686537100e+01
9.188878571686537100e+01
2.402703939265556983e+02
3.350028620078844028e+02
2.402703939265556983e+02
2.712902570583098054e+02
2.712902570583098054e+02
1.575954293371160020e+02
3.291332010749387678e+02
3.967895608876245319e+02
1.575954293371160020e+02
1.307239233221523023e+02
2.380043849450584617e+02
2.775582122106448537e+02
2.307479464126546418e+02
2.307479464126546418e+02
1.255759874673331637e+02
9.631177098928588975e+01
1.255759874673331637e+02
9.631177098928588975e+01
1.222041842244392740e+02
9.372573246153785931e+01
4.025602025316085246e+02
3.562529221751391901e+02
3.562529221751391901e+02
4.025602025316085246e+02
2.709456564373577407e+02
3.061643330938376835e+02
7.537583297374280278e+01
1.274766388964451522e+02
1.274766388964451522e+02
7.537583297374280278e+01
1.148833430253513228e+02
1.148833430253513228e+02
1.148833430253513228e+02
1.148833430253513228e+02
9.645194883236466410e+01
2.560959785083751967e+02
9.645194883236466410e+01
9.645194883236466410e+01
9.645194883236466410e+01
2.560959785083751967e+02
2.415860686532882369e+02
2.415860686532882369e+02
2.415860686532882369e+02
2.415860686532882369e+02
2.415860686532882369e+02
8.055813658305241631e+01
8.055813658305241631e+01
8.055813658305241631e+01
7.796548673225380810e+01
2.413968147504989474e+02
2.159576506525960156e+02
2.413968147504989474e+02
2.159576506525960156e+02
3.066812316751045842e+02
8.740408026532284680e+01
3.513216045005903538e+02
1.760164802556372479e+02
1.760164802556372479e+02
2.423752787477596371e+02
1.346142480782905864e+02
1.998502846174913543e+02
1.998502846174913543e+02
1.998502846174913543e+02
1.375526936133689446e+02
1.267332628349496844e+02
1.267332628349496844e+02
2.428510892228299269e+02
2.428510892228299269e+02
2.428510892228299269e+02
4.660904772594703900e+02
1.397533484605952196e+02
1.397533484605952196e+02
1.397533484605952196e+02
2.161723813225461299e+02
2.161723813225461299e+02
2.161723813225461299e+02
9.592154312712636965e+01
1.211370432318394990e+02
4.965501091723571676e+02
3.674756753622859264e+02
3.674756753622859264e+02
3.674756753622859264e+02
8.531816298190177861e+01
8.531816298190177861e+01
8.531816298190177861e+01
2.055586755331993345e+02
1.754114140817747227e+02
2.055586755331993345e+02
7.292496568612411068e+01
2.938455629578516550e+02
2.764472306950680718e+02
2.764472306950680718e+02
7.751453158652837772e+01
2.087941411875343363e+02
2.087941411875343363e+02
2.087941411875343363e+02
3.638951618272618020e+02
3.319866071866365473e+02
1.477280481056181998e+02
1.103713766148278097e+02
1.477280481056181998e+02
1.425099836263709676e+02
1.064728281182843972e+02
1.064728281182843972e+02
1.064728281182843972e+02
3.359569783021025273e+02
3.314375321041514439e+02
3.359569783021025273e+02
3.359569783021025273e+02
3.359569783021025273e+02
3.314375321041514439e+02
2.716547169419246188e+02
2.716547169419246188e+02
2.716547169419246188e+02
1.669416563699663811e+02
1.126050619065368181e+02
1.669416563699663811e+02
1.669416563699663811e+02
1.704029159379148837e+02
1.704029159379148837e+02
1.704029159379148837e+02
9.103943856542376523e+01
6.334033096662083295e+01
9.103943856542376523e+01
2.517895299396895723e+02
1.751815741795110739e+02
6.235379505781811105e+01
6.235379505781811105e+01
3.601082708269587442e+02
2.323042247927907908e+02
1.639045017857236246e+02
2.323042247927907908e+02
9.767353459342652400e+01
2.151789436213042848e+02
2.067194803515635613e+02
2.067194803515635613e+02
1.932928775711338005e+02
1.998624110313963342e+02
1.932928775711338005e+02
1.932928775711338005e+02
1.998624110313963342e+02
1.698462889457038330e+02
1.541385492124728955e+02
1.912986551473271675e+02
1.912986551473271675e+02
3.874065898482343755e+02
3.340147280953863742e+02
2.165916773364572236e+02
1.867412999907960511e+02
1.867412999907960511e+02
1.867412999907960511e+02
1.730254657970518508e+02
1.730254657970518508e+02
1.730254657970518508e+02
5.193802516423347697e+02
9.294518859769296171e+01
7.852835942877078423e+01
1.121378711875704397e+02
1.275511700078470909e+02
1.275511700078470909e+02
1.862945932657293611e+02
2.544189081914953761e+02
2.128529132875051744e+02
3.200981921139608630e+02
1.691787305837277415e+02
2.808241026460215153e+02
2.808241026460215153e+02
4.736853121095004440e+02
4.736853121095004440e+02
4.736853121095004440e+02
1.839015922694919993e+02
1.839015922694919993e+02
1.069624866057656050e+02
4.424568362052909976e+01
4.424568362052909976e+01
1.000353054686391516e+02
1.714544573524198938e+02
1.000353054686391516e+02
3.136308900260883092e+02
2.808157402950558321e+02
2.808157402950558321e+02
2.808157402950558321e+02
2.808157402950558321e+02
9.148187965527198173e+01
1.667286634646164032e+02
1.594693658697381693e+02
1.667286634646164032e+02
1.843109313935905789e+02
1.843109313935905789e+02
1.843109313935905789e+02
1.261975841887778671e+02
1.261975841887778671e+02
1.664260421596385697e+02
1.770830560170497847e+02
1.770830560170497847e+02
1.770830560170497847e+02
2.051733970867947221e+02
1.928258818297981350e+02
1.928258818297981350e+02
1.506685998085832807e+02
1.506685998085832807e+02
1.189981045525721584e+02
1.013394000607046763e+02
1.013394000607046763e+02
1.013394000607046763e+02
1.387221128471193197e+02
2.557493839797434418e+02
2.557493839797434418e+02
2.557493839797434418e+02
2.557493839797434418e+02
3.902053961546654364e+02
1.366506874911110287e+02
3.151505052283494024e+02
1.791381571643059374e+02
4.187100144338570544e+02
3.151505052283494024e+02
3.151505052283494024e+02
3.151505052283494024e+02
4.187100144338570544e+02
2.380035542623456308e+02
2.380035542623456308e+02
1.048480267940939825e+02
1.976772195657741236e+02
1.505775073284744963e+02
1.505775073284744963e+02
2.619219496837231418e+02
1.352085869234308859e+02
2.920033661412863921e+02
2.100439749295529737e+02
7.869911415394550147e+01
2.100439749295529737e+02
2.100439749295529737e+02
7.869911415394550147e+01
2.869275832254839997e+02
2.869275832254839997e+02
2.700706414997495699e+02
2.700706414997495699e+02
2.700706414997495699e+02
2.085461038840373362e+02
2.085461038840373362e+02
2.085461038840373362e+02
1.424459022881856356e+02
1.559507710517808050e+02
3.774228521509193683e+02
5.190671599930782776e+01
5.190671599930782776e+01
5.190671599930782776e+01
3.627601197017345385e+02
3.627601197017345385e+02
3.627601197017345385e+02
3.895959087506879541e+02
4.070296127740585348e+02
3.895959087506879541e+02
9.824958152444429516e+01
9.824958152444429516e+01
9.824958152444429516e+01
1.681658999873816640e+02
1.553742833813194579e+02
1.553742833813194579e+02
1.805285347240649401e+02
1.805285347240649401e+02
1.469732674548767477e+02
1.469732674548767477e+02
1.403991602384522537e+02
1.432770916253260793e+02
2.868638614507312354e+02
2.708450367514562913e+02
2.708450367514562913e+02
1.930716768923834934e+02
1.452824839387983786e+02
1.452824839387983786e+02
2.151098407025920380e+02
2.761438131471524002e+02
1.867426040724372740e+02
1.867426040724372740e+02
1.867426040724372740e+02
2.364722422961019959e+02
8.148057644769592400e+01
7.196986156679503210e+01
7.196986156679503210e+01
7.196986156679503210e+01
9.057117539306122467e+01
9.057117539306122467e+01
2.541874501208396282e+02
2.985218586823296505e+02
2.539921989952938191e+02
3.061676651721321036e+02
3.061676651721321036e+02
1.364418170922450884e+02
1.247269647393660819e+02
8.214203725745021245e+01
1.910587967719894493e+02
8.214203725745021245e+01
8.214203725745021245e+01
1.990738208151235256e+02
1.990738208151235256e+02
7.464808687345761484e+01
1.509026371833667781e+02
1.509026371833667781e+02
1.509026371833667781e+02
2.397523502602925021e+02
1.186000099428259205e+02
1.186000099428259205e+02
4.203706629760561668e+02
2.635015369137466337e+02
1.760487947923451770e+02
2.808550927246337778e+02
1.444243123581352677e+02
1.974704115921405503e+02
2.239591810184801091e+02
1.974704115921405503e+02
1.801528908378851952e+02
2.239591810184801091e+02
2.043186802765050345e+02
1.344597260307352258e+02
2.888224786087537268e+02
3.675621564509768859e+02
3.675621564509768859e+02
3.675621564509768859e+02
3.403877254300296613e+02
3.403877254300296613e+02
2.461649414391671087e+02
3.332857989894683328e+02
3.332857989894683328e+02
1.531419644825242585e+02
4.122964712324963443e+02
1.005723638333919894e+02
1.540405552772654403e+02
1.540405552772654403e+02
2.691864531219208061e+02
1.097339625377126850e+02
1.110067557931281215e+02
1.110067557931281215e+02
2.541221463229605604e+02
2.675155720971042115e+02
2.541221463229605604e+02
2.638593581907854855e+02
2.638593581907854855e+02
2.638593581907854855e+02
2.406033300392767558e+02
2.134419666844629546e+02
2.134419666844629546e+02
1.390494319096879963e+02
1.390494319096879963e+02
1.108026169086193420e+02
1.832068868621730076e+02
1.832068868621730076e+02
1.108026169086193420e+02
1.843093547744166756e+02
8.533359348615060469e+01
9.975518307063238410e+01
8.533359348615060469e+01
1.031783401601079504e+02
1.031783401601079504e+02
3.301562193248281005e+02
3.301562193248281005e+02
2.256728591544674316e+02
5.936583096315773389e+01
2.256728591544674316e+02
2.256728591544674316e+02
7.767422941415672710e+01
7.767422941415672710e+01
1.057905938909242991e+02
3.520269665371878318e+02
1.561072074783822075e+02
1.760070974666728887e+02
1.760070974666728887e+02
1.760070974666728887e+02
1.760070974666728887e+02
1.788811518561243759e+02
2.281444900188482450e+02
2.281444900188482450e+02
2.281444900188482450e+02
2.281444900188482450e+02
1.472127170347826848e+02
1.472127170347826848e+02
1.658241449149258244e+02
1.658241449149258244e+02
8.103015583614606498e+01
9.240296602014628036e+01
9.240296602014628036e+01
1.664260421596385697e+02
1.770830560170497847e+02
1.770830560170497847e+02
1.770830560170497847e+02
2.051733970867947221e+02
1.928258818297981350e+02
1.928258818297981350e+02
1.506685998085832807e+02
1.506685998085832807e+02
1.189981045525721584e+02
1.013394000607046763e+02
1.013394000607046763e+02
1.013394000607046763e+02
1.387221128471193197e+02
2.557493839797434418e+02
2.557493839797434418e+02
2.557493839797434418e+02
2.557493839797434418e+02
3.902053961546654364e+02
1.366506874911110287e+02
3.151505052283494024e+02
1.791381571643059374e+02
4.187100144338570544e+02
3.151505052283494024e+02
3.151505052283494024e+02
3.151505052283494024e+02
4.187100144338570544e+02
2.380035542623456308e+02
2.380035542623456308e+02
1.048480267940939825e+02
1.976772195657741236e+02
1.505775073284744963e+02
1.505775073284744963e+02
2.619219496837231418e+02
1.352085869234308859e+02
2.920033661412863921e+02
2.100439749295529737e+02
7.869911415394550147e+01
2.100439749295529737e+02
2.100439749295529737e+02
7.869911415394550147e+01
2.869275832254839997e+02
2.869275832254839997e+02
2.700706414997495699e+02
2.700706414997495699e+02
2.700706414997495699e+02
2.085461038840373362e+02
2.085461038840373362e+02
2.085461038840373362e+02
1.424459022881856356e+02
1.559507710517808050e+02
3.774228521509193683e+02
5.190671599930782776e+01
5.190671599930782776e+01
5.190671599930782776e+01
3.627601197017345385e+02
3.627601197017345385e+02
3.627601197017345385e+02
3.895959087506879541e+02
4.070296127740585348e+02
3.895959087506879541e+02
9.824958152444429516e+01
9.824958152444429516e+01
9.824958152444429516e+01
1.681658999873816640e+02
1.553742833813194579e+02
1.553742833813194579e+02
1.805285347240649401e+02
1.805285347240649401e+02
1.469732674548767477e+02
1.469732674548767477e+02
1.403991602384522537e+02
1.432770916253260793e+02
2.868638614507312354e+02
2.708450367514562913e+02
2.708450367514562913e+02
1.930716768923834934e+02
1.452824839387983786e+02
1.452824839387983786e+02
2.151098407025920380e+02
2.761438131471524002e+02
1.867426040724372740e+02
1.867426040724372740e+02
1.867426040724372740e+02
2.364722422961019959e+02
8.148057644769592400e+01
7.196986156679503210e+01
7.196986156679503210e+01
7.196986156679503210e+01
9.057117539306122467e+01
9.057117539306122467e+01
2.541874501208396282e+02
2.985218586823296505e+02
2.539921989952938191e+02
3.061676651721321036e+02
3.061676651721321036e+02
1.364418170922450884e+02
1.247269647393660819e+02
8.214203725745021245e+01
1.910587967719894493e+02
8.214203725745021245e+01
8.214203725745021245e+01
1.990738208151235256e+02
1.990738208151235256e+02
7.464808687345761484e+01
1.509026371833667781e+02
1.509026371833667781e+02
1.509026371833667781e+02
2.397523502602925021e+02
1.186000099428259205e+02
1.186000099428259205e+02
4.203706629760561668e+02
2.635015369137466337e+02
1.760487947923451770e+02
2.808550927246337778e+02
1.444243123581352677e+02
1.974704115921405503e+02
2.239591810184801091e+02
1.974704115921405503e+02
1.801528908378851952e+02
2.239591810184801091e+02
2.043186802765050345e+02
1.344597260307352258e+02
2.888224786087537268e+02
3.675621564509768859e+02
3.675621564509768859e+02
3.675621564509768859e+02
3.403877254300296613e+02
3.403877254300296613e+02
2.461649414391671087e+02
3.332857989894683328e+02
3.332857989894683328e+02
1.531419644825242585e+02
4.122964712324963443e+02
1.005723638333919894e+02
1.540405552772654403e+02
1.540405552772654403e+02
2.691864531219208061e+02
1.097339625377126850e+02
1.110067557931281215e+02
1.110067557931281215e+02
2.541221463229605604e+02
2.675155720971042115e+02
2.541221463229605604e+02
2.638593581907854855e+02
2.638593581907854855e+02
2.638593581907854855e+02
2.406033300392767558e+02
2.134419666844629546e+02
2.134419666844629546e+02
1.390494319096879963e+02
1.390494319096879963e+02
1.108026169086193420e+02
1.832068868621730076e+02
1.832068868621730076e+02
1.108026169086193420e+02
1.843093547744166756e+02
8.533359348615060469e+01
9.975518307063238410e+01
8.533359348615060469e+01
1.031783401601079504e+02
1.031783401601079504e+02
3.301562193248281005e+02
3.301562193248281005e+02
2.256728591544674316e+02
5.936583096315773389e+01
2.256728591544674316e+02
2.256728591544674316e+02
7.767422941415672710e+01
7.767422941415672710e+01
1.057905938909242991e+02
3.520269665371878318e+02
1.561072074783822075e+02
1.760070974666728887e+02
1.760070974666728887e+02
1.760070974666728887e+02
1.760070974666728887e+02
1.788811518561243759e+02
2.281444900188482450e+02
2.281444900188482450e+02
2.281444900188482450e+02
2.281444900188482450e+02
1.472127170347826848e+02
1.472127170347826848e+02
1.658241449149258244e+02
1.658241449149258244e+02
8.103015583614606498e+01
9.240296602014628036e+01
9.240296602014628036e+01
1.748907433604857431e+02
2.086003207132568775e+02
1.748907433604857431e+02
4.248885232855227514e+02
7.084673755324314470e+01
1.604017576662763815e+02
7.084673755324314470e+01
7.084673755324314470e+01
1.604017576662763815e+02
2.005579255549933748e+02
2.005579255549933748e+02
2.394058454467330250e+02
4.521603300063058555e+02
1.448660753119802962e+02
2.495890908987778971e+02
1.423713226126886866e+02
2.495890908987778971e+02
2.750297182720245814e+02
1.423713226126886866e+02
1.568832379940168948e+02
1.568832379940168948e+02
1.568832379940168948e+02
1.530456421736157040e+02
3.031064180297854591e+02
1.530456421736157040e+02
3.031064180297854591e+02
1.905087115986254105e+02
1.905087115986254105e+02
1.028602829429192695e+02
1.028602829429192695e+02
1.028602829429192695e+02
1.306078819126844905e+02
3.065813933040461734e+02
3.240539285513523282e+02
2.471327892290531167e+02
2.471327892290531167e+02
2.471327892290531167e+02
4.020061653123764813e+02
1.891452938373266477e+02
1.368242922555025984e+02
1.349739760491661684e+02
1.865874249328346934e+02
1.865874249328346934e+02
2.190213063144369130e+02
1.806297318104667795e+02
1.806297318104667795e+02
1.806297318104667795e+02
1.645374698687658110e+02
1.995087476858069238e+02
1.208099008333452389e+02
2.778944747850943600e+02
3.037851086291398701e+02
8.506376117269755355e+01
4.572151706242294722e+02
3.688415800471454418e+02
3.688415800471454418e+02
4.572151706242294722e+02
3.627676098399408033e+02
3.627676098399408033e+02
9.392044947328531634e+01
9.480054869517050520e+01
9.480054869517050520e+01
9.392044947328531634e+01
4.432531660047712307e+01
4.432531660047712307e+01
1.593336276730946395e+02
1.349145119299612929e+02
1.518323006868823768e+02
1.793134846676238396e+02
1.793134846676238396e+02
1.690476090620489913e+02
2.056263750974113407e+02
2.056263750974113407e+02
2.122482397940796659e+02
2.122482397940796659e+02
1.901854997509086616e+02
3.835523849573814346e+02
1.901854997509086616e+02
2.087938341305776646e+02
4.210803302568620552e+02
2.045970392802318258e+02
6.482662008791007224e+01
6.482662008791007224e+01
6.482662008791007224e+01
6.656468913039202562e+01
9.220118123699329260e+01
1.996236852511311213e+02
1.996236852511311213e+02
1.989388816688328347e+02
3.708539288085337944e+02
3.708539288085337944e+02
3.708539288085337944e+02
4.015476042593751913e+02
2.154040314061274159e+02
2.454997681603747992e+02
2.178269638020044852e+02
2.178269638020044852e+02
2.454997681603747992e+02
2.101099713336877812e+02
1.158217563378777868e+02
1.158217563378777868e+02
1.158217563378777868e+02
2.019263660771718207e+02
2.019263660771718207e+02
2.019263660771718207e+02
2.522837946687819795e+02
1.250110652546763248e+02
1.250110652546763248e+02
3.392858893271250054e+02
1.738492530671365444e+02
1.980560428008660097e+02
3.392858893271250054e+02
3.392858893271250054e+02
1.738492530671365444e+02
1.014834279570218598e+02
1.014834279570218598e+02
1.664260421596385697e+02
1.664260421596385697e+02
1.770830560170497847e+02
1.770830560170497847e+02
1.770830560170497847e+02
2.051733970867947221e+02
1.928258818297981350e+02
1.928258818297981350e+02
1.506685998085832807e+02
1.506685998085832807e+02
1.189981045525721584e+02
1.013394000607046763e+02
1.013394000607046763e+02
1.013394000607046763e+02
1.387221128471193197e+02
2.557493839797434418e+02
2.557493839797434418e+02
2.557493839797434418e+02
2.557493839797434418e+02
3.902053961546654364e+02
1.366506874911110287e+02
3.151505052283494024e+02
1.791381571643059374e+02
4.187100144338570544e+02
3.151505052283494024e+02
3.151505052283494024e+02
3.151505052283494024e+02
4.187100144338570544e+02
2.380035542623456308e+02
2.380035542623456308e+02
1.048480267940939825e+02
1.976772195657741236e+02
1.505775073284744963e+02
1.505775073284744963e+02
2.619219496837231418e+02
1.352085869234308859e+02
2.920033661412863921e+02
2.100439749295529737e+02
7.869911415394550147e+01
2.100439749295529737e+02
2.100439749295529737e+02
7.869911415394550147e+01
2.869275832254839997e+02
2.869275832254839997e+02
2.700706414997495699e+02
2.700706414997495699e+02
2.700706414997495699e+02
2.085461038840373362e+02
2.085461038840373362e+02
2.085461038840373362e+02
1.424459022881856356e+02
1.559507710517808050e+02
3.774228521509193683e+02
5.190671599930782776e+01
5.190671599930782776e+01
5.190671599930782776e+01
3.627601197017345385e+02
3.627601197017345385e+02
3.627601197017345385e+02
3.895959087506879541e+02
4.070296127740585348e+02
3.895959087506879541e+02
1.664260421596385697e+02
1.664260421596385697e+02
1.664260421596385697e+02
1.770830560170497847e+02
1.770830560170497847e+02
1.770830560170497847e+02
2.051733970867947221e+02
1.928258818297981350e+02
1.928258818297981350e+02
1.506685998085832807e+02
1.506685998085832807e+02
1.189981045525721584e+02
1.013394000607046763e+02
1.013394000607046763e+02
1.013394000607046763e+02
1.387221128471193197e+02
2.557493839797434418e+02
2.557493839797434418e+02
2.557493839797434418e+02
2.557493839797434418e+02
3.902053961546654364e+02
1.366506874911110287e+02
3.151505052283494024e+02
1.791381571643059374e+02
4.187100144338570544e+02
3.151505052283494024e+02
3.151505052283494024e+02
3.151505052283494024e+02
4.187100144338570544e+02
2.380035542623456308e+02
2.380035542623456308e+02
1.048480267940939825e+02
1.976772195657741236e+02
1.505775073284744963e+02
1.505775073284744963e+02
2.619219496837231418e+02
1.352085869234308859e+02
2.920033661412863921e+02
2.100439749295529737e+02
7.869911415394550147e+01
2.100439749295529737e+02
2.100439749295529737e+02
7.869911415394550147e+01
2.869275832254839997e+02
2.869275832254839997e+02
2.700706414997495699e+02
2.700706414997495699e+02
2.700706414997495699e+02
2.085461038840373362e+02
2.085461038840373362e+02
2.085461038840373362e+02
1.424459022881856356e+02
1.559507710517808050e+02
3.774228521509193683e+02
5.190671599930782776e+01
5.190671599930782776e+01
5.190671599930782776e+01
3.627601197017345385e+02
3.627601197017345385e+02
3.627601197017345385e+02
3.895959087506879541e+02
4.070296127740585348e+02
3.895959087506879541e+02
9.824958152444429516e+01
9.824958152444429516e+01
9.824958152444429516e+01
1.681658999873816640e+02
1.553742833813194579e+02
1.553742833813194579e+02
1.805285347240649401e+02
1.805285347240649401e+02
1.469732674548767477e+02
1.469732674548767477e+02
1.403991602384522537e+02
1.432770916253260793e+02
2.868638614507312354e+02
2.708450367514562913e+02
2.708450367514562913e+02
1.930716768923834934e+02
1.452824839387983786e+02
1.452824839387983786e+02
2.151098407025920380e+02
2.761438131471524002e+02
1.867426040724372740e+02
1.867426040724372740e+02
1.867426040724372740e+02
2.364722422961019959e+02
8.148057644769592400e+01
7.196986156679503210e+01
7.196986156679503210e+01
7.196986156679503210e+01
9.057117539306122467e+01
9.057117539306122467e+01
2.541874501208396282e+02
2.985218586823296505e+02
2.539921989952938191e+02
3.061676651721321036e+02
3.061676651721321036e+02
1.364418170922450884e+02
1.247269647393660819e+02
8.214203725745021245e+01
1.910587967719894493e+02
8.214203725745021245e+01
8.214203725745021245e+01
1.990738208151235256e+02
1.990738208151235256e+02
7.464808687345761484e+01
1.509026371833667781e+02
1.509026371833667781e+02
1.509026371833667781e+02
2.397523502602925021e+02
1.186000099428259205e+02
1.186000099428259205e+02
4.203706629760561668e+02
2.635015369137466337e+02
1.760487947923451770e+02
2.808550927246337778e+02
1.444243123581352677e+02
1.974704115921405503e+02
2.239591810184801091e+02
1.974704115921405503e+02
1.801528908378851952e+02
2.239591810184801091e+02
2.043186802765050345e+02
1.344597260307352258e+02
2.888224786087537268e+02
3.675621564509768859e+02
3.675621564509768859e+02
3.675621564509768859e+02
3.403877254300296613e+02
3.403877254300296613e+02
2.461649414391671087e+02
3.332857989894683328e+02
3.332857989894683328e+02
1.531419644825242585e+02
4.122964712324963443e+02
1.005723638333919894e+02
1.540405552772654403e+02
1.540405552772654403e+02
2.691864531219208061e+02
1.097339625377126850e+02
1.110067557931281215e+02
1.110067557931281215e+02
2.541221463229605604e+02
2.675155720971042115e+02
2.541221463229605604e+02
2.638593581907854855e+02
2.638593581907854855e+02
2.638593581907854855e+02
2.406033300392767558e+02
2.134419666844629546e+02
2.134419666844629546e+02
1.390494319096879963e+02
1.390494319096879963e+02
1.108026169086193420e+02
1.832068868621730076e+02
1.832068868621730076e+02
1.108026169086193420e+02
1.843093547744166756e+02
8.533359348615060469e+01
9.975518307063238410e+01
8.533359348615060469e+01
1.031783401601079504e+02
1.031783401601079504e+02
3.301562193248281005e+02
3.301562193248281005e+02
2.256728591544674316e+02
5.936583096315773389e+01
2.256728591544674316e+02
2.256728591544674316e+02
7.767422941415672710e+01
7.767422941415672710e+01
1.057905938909242991e+02
3.520269665371878318e+02
1.561072074783822075e+02
1.760070974666728887e+02
1.760070974666728887e+02
1.760070974666728887e+02
1.760070974666728887e+02
1.788811518561243759e+02
2.281444900188482450e+02
2.281444900188482450e+02
2.281444900188482450e+02
2.281444900188482450e+02
1.472127170347826848e+02
1.472127170347826848e+02
1.658241449149258244e+02
1.658241449149258244e+02
8.103015583614606498e+01
9.240296602014628036e+01
9.240296602014628036e+01
1.748907433604857431e+02
2.086003207132568775e+02
1.748907433604857431e+02
4.248885232855227514e+02
7.084673755324314470e+01
1.604017576662763815e+02
7.084673755324314470e+01
7.084673755324314470e+01
1.604017576662763815e+02
2.005579255549933748e+02
2.005579255549933748e+02
2.394058454467330250e+02
4.521603300063058555e+02
1.448660753119802962e+02
2.495890908987778971e+02
1.423713226126886866e+02
2.495890908987778971e+02
2.750297182720245814e+02
1.423713226126886866e+02
1.568832379940168948e+02
1.568832379940168948e+02
1.568832379940168948e+02
1.530456421736157040e+02
3.031064180297854591e+02
1.530456421736157040e+02
3.031064180297854591e+02
1.905087115986254105e+02
1.905087115986254105e+02
1.028602829429192695e+02
1.028602829429192695e+02
1.028602829429192695e+02
1.306078819126844905e+02
3.065813933040461734e+02
3.240539285513523282e+02
2.471327892290531167e+02
2.471327892290531167e+02
2.471327892290531167e+02
4.020061653123764813e+02
1.891452938373266477e+02
1.368242922555025984e+02
1.349739760491661684e+02
1.865874249328346934e+02
1.865874249328346934e+02
2.190213063144369130e+02
1.806297318104667795e+02
1.806297318104667795e+02
1.806297318104667795e+02
1.645374698687658110e+02
1.995087476858069238e+02
1.208099008333452389e+02
2.778944747850943600e+02
3.037851086291398701e+02
8.506376117269755355e+01
4.572151706242294722e+02
3.688415800471454418e+02
3.688415800471454418e+02
4.572151706242294722e+02
3.627676098399408033e+02
3.627676098399408033e+02
9.392044947328531634e+01
9.480054869517050520e+01
9.480054869517050520e+01
9.392044947328531634e+01
4.432531660047712307e+01
4.432531660047712307e+01
1.593336276730946395e+02
1.349145119299612929e+02
1.518323006868823768e+02
1.793134846676238396e+02
1.793134846676238396e+02
1.690476090620489913e+02
2.056263750974113407e+02
2.056263750974113407e+02
2.122482397940796659e+02
2.122482397940796659e+02
1.901854997509086616e+02
3.835523849573814346e+02
1.901854997509086616e+02
2.087938341305776646e+02
4.210803302568620552e+02
2.045970392802318258e+02
6.482662008791007224e+01
6.482662008791007224e+01
6.482662008791007224e+01
6.656468913039202562e+01
9.220118123699329260e+01
1.996236852511311213e+02
1.996236852511311213e+02
1.989388816688328347e+02
3.708539288085337944e+02
3.708539288085337944e+02
3.708539288085337944e+02
4.015476042593751913e+02
2.154040314061274159e+02
2.454997681603747992e+02
2.178269638020044852e+02
2.178269638020044852e+02
2.454997681603747992e+02
2.101099713336877812e+02
1.158217563378777868e+02
1.158217563378777868e+02
1.158217563378777868e+02
2.019263660771718207e+02
2.019263660771718207e+02
2.019263660771718207e+02
2.522837946687819795e+02
1.250110652546763248e+02
1.250110652546763248e+02
3.392858893271250054e+02
1.738492530671365444e+02
1.980560428008660097e+02
3.392858893271250054e+02
3.392858893271250054e+02
1.738492530671365444e+02
1.014834279570218598e+02
1.014834279570218598e+02
1.664260421596385697e+02
1.664260421596385697e+02
1.770830560170497847e+02
1.770830560170497847e+02
1.770830560170497847e+02
2.051733970867947221e+02
1.928258818297981350e+02
1.928258818297981350e+02
1.506685998085832807e+02
1.506685998085832807e+02
1.189981045525721584e+02
