-8.374515501979332157e+02
-1.037650883639768836e+03
-2.874543464461995882e+03
-5.608281456426921068e+03
-5.520394298844591503e+03
-5.812473451582704911e+03
-4.905896713041799558e+03
-4.109108376720404522e+03
-3.899817051995911697e+03
-4.048597862332974273e+03
-5.860019558219245482e+03
-3.518030729772640825e+03
-3.770489971010479621e+03
-3.739718812447004439e+03
-3.654230826691392849e+03
-2.791809841084087566e+03
-3.349708407790652018e+03
-3.748405946962854159e+03
-2.641936536791933122e+03
-3.429209407429694238e+03
-2.639503905812004177e+03
-3.518493320761854648e+03
-1.022737154774643386e+04
-9.012565517682403879e+03
-9.118044273693652940e+03
-9.740699106253237915e+03
-1.187087412634260909e+04
-1.188969989970344977e+04
-6.845194024938824441e+03
-4.676585069102397028e+03
-4.357440347584838491e+03
-4.765450135812536246e+03
-3.747436533295815025e+03
-9.362153907472190895e+02
-1.254843565503822447e+03
-1.139350638968421663e+03
-1.168601116677546543e+03
-2.607168358142087982e+03
-2.210693886101715179e+03
-5.249123557181647811e+03
-2.423052514619929298e+03
-2.227348060417681609e+03
-2.027150996036730930e+03
-7.262434899783728724e+03
-7.680558868803065707e+03
-6.949411770012015950e+02
-6.935564935224227838e+02
-7.162153865062031173e+02
-7.587315160174705397e+02
-7.932431383556586297e+02
-2.214655463049359696e+03
-6.390999642848648364e+03
-3.216251087031076622e+03
-3.557101813465287705e+03
-3.492881489975352906e+03
-4.543879553260726425e+03
-4.732159299359661418e+03
-3.476912984626648722e+03
-3.476912984626648722e+03
-2.683055893555632792e+03
-3.444241467092372659e+03
-4.214940677401207722e+03
-5.181502127762945747e+03
-2.097224054872906891e+03
-2.461491513500142446e+03
-3.270094169678040089e+03
-1.935186846571854403e+03
-1.934754849093473922e+03
-1.493468139147617421e+03
-3.629257552877548278e+03
-1.150307867804058560e+03
-2.164057953153778271e+03
-9.062703840259107437e+02
-1.089829773969276630e+03
-6.520611703918713147e+02
-1.282461878536661743e+03
-1.322036307783841494e+03
-1.272535604660938361e+03
-1.272535604660938361e+03
-6.987583237592296427e+03
-5.555377074584189359e+03
-6.284366977869825860e+03
-9.087456665516456269e+03
-9.087456665516456269e+03
-3.564818290331791104e+03
-6.092623081631462810e+03
-2.484521156154620712e+03
-4.452923656019755072e+03
-3.121353632969718092e+03
-1.083548608889674142e+03
-1.331686871131224734e+03
-1.258373020750098476e+03
-5.588529128430629498e+03
-1.870218648947183738e+03
-1.657624928062961317e+03
-8.390857340484885754e+02
-2.671775633415538778e+03
-1.802950245150997944e+03
-2.734781395448882904e+03
-1.657624928062961317e+03
-4.890173646683707375e+03
-1.683801777495291390e+03
-2.454923612786905778e+03
-1.091857259685497411e+04
-8.567731942793821872e+03
-5.858604153021599814e+03
-6.842361276002992781e+03
-6.219922455156990509e+03
-5.962772501715953695e+03
-2.619648508690182553e+03
-3.632616615900934448e+03
-1.356924747972944488e+03
-4.878623930984997969e+03
-2.646332474390369953e+03
-3.882479274428438657e+03
-2.639723721079505140e+03
-1.305042997394250960e+03
-2.830816680392882517e+03
-2.204738812574934400e+03
-3.208617738461862700e+03
-1.443213227591847726e+03
-1.496662824341615760e+03
-4.144914348881672595e+03
-5.882985610807429111e+03
-3.932525751346127436e+03
-1.099827573768267030e+03
-1.039234401359175081e+03
-1.014283317874249860e+03
-2.189615316634850842e+03
-6.479324403404532859e+03
-2.527633495204496285e+03
-2.067600893528104280e+03
-5.110779482828076652e+03
-7.017166632000285063e+03
-6.607250838997658320e+03
-5.749723344683176038e+03
-3.196747629941716241e+03
-2.357297998696704781e+03
-3.196747629941716241e+03
-1.739249200999198592e+03
-2.283581860154512924e+03
-2.237825581269732083e+03
-4.868510032339513600e+03
-4.308212097069648735e+03
-7.706764589616128433e+03
-8.453826648153853967e+03
-5.514086064965244077e+03
-6.305592871511482372e+03
-1.305730060786084778e+03
-2.327666437554447384e+03
-2.376770830602088154e+03
-1.775769478678697624e+03
-2.755561527785134331e+03
-2.962711474311263373e+03
-2.178864508560597187e+03
-2.904354937556583536e+03
-2.073499479171385701e+03
-5.958991704948994084e+03
-2.124816890563631659e+03
-1.326807952479417281e+03
-2.073499479171385701e+03
-3.805969114292941867e+03
-3.555322541866758002e+03
-3.563288465319748411e+03
-5.692869329620118151e+03
-3.581064509962223383e+03
-3.581064509962223383e+03
-9.590448682344778035e+02
-9.814616440641062809e+02
-9.590448682344778035e+02
-1.014658550426882584e+03
-6.393555538238096233e+03
-5.635158950856638512e+03
-7.024288013300487364e+03
-5.445913102245203845e+03
-7.924117378186252608e+03
-1.740065965743358902e+03
-7.903689996329167116e+03
-5.525411214499271409e+03
-5.787660030834292229e+03
-4.458019111835760668e+03
-9.096242463710631228e+02
-1.373185518345408354e+03
-1.427726930166287502e+03
-1.417739868673044384e+03
-2.165057472157964185e+03
-1.861296099733413030e+03
-2.065178850777513617e+03
-6.522540875738504837e+03
-6.062817297646081897e+03
-4.020427505232509702e+03
-6.676074600903652026e+03
-1.945244565873837473e+03
-3.151800533621898467e+03
-1.853371187163059403e+03
-6.178065365329502129e+03
-6.085982927423529873e+03
-6.082701700902783159e+03
-1.595912180944904776e+03
-2.520096635216196319e+03
-1.123450984928527032e+04
-8.195836913998009550e+03
-8.221766484983545524e+03
-8.203726600191581383e+03
-2.146453874912725041e+03
-2.044829453555959844e+03
-2.146453874912725041e+03
-2.494700859527662487e+03
-2.088033097927961080e+03
-4.009864930780060604e+03
-1.401030427946342115e+03
-6.137957310180104287e+03
-3.108625220276722303e+03
-5.758188442782023230e+03
-8.372309017508176794e+02
-4.326159663588697185e+03
-4.427216991591630176e+03
-4.306143122154989214e+03
-9.843081539011373025e+03
-8.885086887326555370e+03
-1.550193662163337876e+03
-9.577392644366033210e+02
-2.030633246417691680e+03
-1.362419123834409902e+03
-9.580057858999010705e+02
-2.577699974766278501e+03
-9.999372246044412123e+02
-5.831686690037125118e+03
-5.750610732420771456e+03
-5.817218463031420470e+03
-4.670602006135256488e+03
-1.022858599319369205e+04
-7.233053735103994768e+03
-8.119687204951801505e+03
-3.505659732243636881e+03
-5.524667843404976338e+03
-7.876496414375947097e+02
-5.097852180863142735e+02
-3.680495382372335825e+03
-7.876496414375947097e+02
-3.699329593734489663e+03
-3.859350697785744160e+03
-3.859350697785744160e+03
-2.769406159389753611e+03
-1.856012925984192634e+03
-2.769406159389753611e+03
-4.441639436417744037e+03
-3.042014254213581808e+03
-8.173161138001711379e+02
-7.642381609010474222e+02
-6.315241829393200533e+03
-4.942363280037807272e+03
-3.406529846986160010e+03
-4.964560634376684902e+03
-2.262012337248828771e+03
-6.270224370283325698e+03
-5.633887589326773195e+03
-6.002924010015915883e+03
-2.882513431911546377e+03
-2.982874764743352898e+03
-2.859919294930878095e+03
-1.775586083005738146e+03
-1.617417911390411746e+03
-1.338714529852701617e+03
-4.303033157792654492e+03
-5.490102370100741609e+03
-5.490102370100741609e+03
-1.272536539859897493e+04
-4.266878303412029709e+03
-2.707674994724553471e+03
-2.173789377579169923e+03
-2.331493056164242262e+03
-6.000718202266606568e+03
-4.226734212547146853e+03
-4.102440180131276975e+03
-4.226734212547146853e+03
-9.821101724493522852e+03
-1.120901800594044516e+03
-8.990273993984155823e+02
-1.636851561183250851e+03
-2.651450614648359533e+03
-2.806101509775148315e+03
-3.574017888793737711e+03
-5.230103756295285166e+03
-4.322177366476899806e+03
-6.560504038248498546e+03
-3.322940837524535254e+03
-2.863440103743649161e+03
-2.705636977224460679e+03
-7.021282995200407640e+03
-6.699122188958132028e+03
-7.064302955527336053e+03
-4.575026685557013479e+03
-4.662272168935759510e+03
-2.435721791459037377e+03
-7.885937119391793431e+02
-7.902916593550691005e+02
-2.580170192940549441e+03
-4.783416187888869899e+03
-2.580170192940549441e+03
-9.927663193426069483e+02
-1.732451908627315561e+03
-1.677233972823385102e+03
-1.719408288923080818e+03
-8.515730660922887182e+03
-2.023705032067264938e+03
-2.999882258971450028e+03
-2.859930256200040276e+03
-2.999882258971450028e+03
-4.393468521993953800e+03
-4.729827919326238771e+03
-4.423813676246378236e+03
-2.979340376703206402e+03
-3.010440993890297250e+03
