4.330903176434155455e-01
4.330903176434155455e-01
4.330903176434155455e-01
4.330903176434155455e-01
4.060690846535316978e-01
7.826933451387028950e-02
7.338597915425272566e-02
7.338597915425272566e-02
7.338597915425272566e-02
7.826933451387028950e-02
4.060690846535316978e-01
7.338597915425272566e-02
6.615137862148597059e-02
6.615137862148597059e-02
6.615137862148597059e-02
6.615137862148597059e-02
5.996579516597040638e-02
2.750504690051258638e-01
2.493314641111400720e-01
2.493314641111400720e-01
2.493314641111400720e-01
2.750504690051258638e-01
5.996579516597040638e-02
2.493314641111400720e-01
2.218399820866264194e-01
2.218399820866264194e-01
2.218399820866264194e-01
2.218399820866264194e-01
2.052365738639267412e-01
4.828281963061869519e-01
4.466913666450170184e-01
4.466913666450170184e-01
4.466913666450170184e-01
4.828281963061869519e-01
2.052365738639267412e-01
4.466913666450170184e-01
3.005524358831286880e-01
3.005524358831286880e-01
3.005524358831286880e-01
3.005524358831286880e-01
6.624633275347854289e-01
1.228344737957134530e-01
2.707458816881296859e-01
2.707458816881296859e-01
2.707458816881296859e-01
1.228344737957134530e-01
6.624633275347854289e-01
2.707458816881296859e-01
3.017099719683713488e-01
3.017099719683713488e-01
3.017099719683713488e-01
3.017099719683713488e-01
3.554268809241644678e-01
2.895196700706594295e-01
3.410661988666225386e-01
3.410661988666225386e-01
3.410661988666225386e-01
2.895196700706594295e-01
3.554268809241644678e-01
3.410661988666225386e-01
1.674357860802204723e-01
1.674357860802204723e-01
1.674357860802204723e-01
1.674357860802204723e-01
1.864266124787332113e-01
1.483002676710524215e-01
1.651207139097350951e-01
1.651207139097350951e-01
1.651207139097350951e-01
1.483002676710524215e-01
1.864266124787332113e-01
1.651207139097350951e-01
1.174718261508001134e-02
1.174718261508001134e-02
1.174718261508001134e-02
1.174718261508001134e-02
1.337496773495252915e-02
2.466908349166802294e-01
2.808743224340031208e-01
2.808743224340031208e-01
2.808743224340031208e-01
2.466908349166802294e-01
1.337496773495252915e-02
2.808743224340031208e-01
3.786861216370095984e-01
3.786861216370095984e-01
3.786861216370095984e-01
3.786861216370095984e-01
1.823752361803838429e-01
7.178080216104509859e-01
3.456963432075931819e-01
3.456963432075931819e-01
3.456963432075931819e-01
7.178080216104509859e-01
1.823752361803838429e-01
3.456963432075931819e-01
1.233047228303432857e-01
1.233047228303432857e-01
1.233047228303432857e-01
1.233047228303432857e-01
9.107457745686740880e-02
1.781068218660514235e-01
1.315521674376973760e-01
1.315521674376973760e-01
1.315521674376973760e-01
1.781068218660514235e-01
9.107457745686740880e-02
1.315521674376973760e-01
2.575789087184942039e-01
2.575789087184942039e-01
2.575789087184942039e-01
2.575789087184942039e-01
4.649587329902530874e-01
2.915453582198340721e-01
5.262719725054513242e-01
5.262719725054513242e-01
5.262719725054513242e-01
2.915453582198340721e-01
4.649587329902530874e-01
5.262719725054513242e-01
6.685042189796456258e-01
6.685042189796456258e-01
6.685042189796456258e-01
6.685042189796456258e-01
5.216780011671443562e-01
3.858845491671124561e-01
3.011312039257499906e-01
3.011312039257499906e-01
3.011312039257499906e-01
