1.111650376042596022e+01
1.111650376042596022e+01
1.111650376042596022e+01
1.111650376042596022e+01
5.198736365244434943e+00
1.111650376042596022e+01
5.198736365244434943e+00
5.198736365244434943e+00
5.198736365244434943e+00
1.111650376042596022e+01
5.198736365244434943e+00
5.198736365244434943e+00
2.481599570900924689e+01
2.481599570900924689e+01
2.481599570900924689e+01
2.481599570900924689e+01
2.310640853926615890e+01
2.481599570900924689e+01
2.310640853926615890e+01
2.310640853926615890e+01
2.310640853926615890e+01
2.481599570900924689e+01
2.310640853926615890e+01
2.310640853926615890e+01
1.441586628578028950e+01
1.441586628578028950e+01
1.441586628578028950e+01
1.441586628578028950e+01
3.567895532795184010e+01
1.441586628578028950e+01
3.567895532795184010e+01
3.567895532795184010e+01
3.567895532795184010e+01
1.441586628578028950e+01
3.567895532795184010e+01
3.567895532795184010e+01
2.981090602316720606e+01
2.981090602316720606e+01
2.981090602316720606e+01
2.981090602316720606e+01
1.851973633454532830e+01
2.981090602316720606e+01
1.851973633454532830e+01
1.851973633454532830e+01
1.851973633454532830e+01
2.981090602316720606e+01
1.851973633454532830e+01
1.851973633454532830e+01
3.570190026775513559e+01
3.570190026775513559e+01
3.570190026775513559e+01
3.570190026775513559e+01
3.342613556555979670e+01
3.570190026775513559e+01
3.342613556555979670e+01
3.342613556555979670e+01
3.342613556555979670e+01
3.570190026775513559e+01
3.342613556555979670e+01
3.342613556555979670e+01
1.759745351098887056e+01
1.759745351098887056e+01
1.759745351098887056e+01
1.759745351098887056e+01
1.408411360871151885e+01
1.759745351098887056e+01
1.408411360871151885e+01
1.408411360871151885e+01
1.408411360871151885e+01
1.759745351098887056e+01
1.408411360871151885e+01
1.408411360871151885e+01
2.025411505364985132e+01
2.025411505364985132e+01
2.025411505364985132e+01
2.025411505364985132e+01
1.169795280092492007e+01
2.025411505364985132e+01
1.169795280092492007e+01
1.169795280092492007e+01
1.169795280092492007e+01
2.025411505364985132e+01
1.169795280092492007e+01
1.169795280092492007e+01
5.913461867607133549e+00
5.913461867607133549e+00
5.913461867607133549e+00
5.913461867607133549e+00
2.449366425279773907e+01
5.913461867607133549e+00
2.449366425279773907e+01
2.449366425279773907e+01
2.449366425279773907e+01
5.913461867607133549e+00
2.449366425279773907e+01
2.449366425279773907e+01
1.921832679182960746e+01
1.921832679182960746e+01
1.921832679182960746e+01
1.921832679182960746e+01
2.915821103100124034e+01
1.921832679182960746e+01
2.915821103100124034e+01
2.915821103100124034e+01
2.915821103100124034e+01
1.921832679182960746e+01
2.915821103100124034e+01
2.915821103100124034e+01
4.001201089335586403e+01
4.001201089335586403e+01
4.001201089335586403e+01
4.001201089335586403e+01
1.481592575784366517e+01
4.001201089335586403e+01
1.481592575784366517e+01
1.481592575784366517e+01
1.481592575784366517e+01
4.001201089335586403e+01
1.481592575784366517e+01
1.481592575784366517e+01
8.581811996466770509e+00
8.581811996466770509e+00
8.581811996466770509e+00
8.581811996466770509e+00
1.095919294730965454e+01
8.581811996466770509e+00
1.095919294730965454e+01
1.095919294730965454e+01
1.095919294730965454e+01
8.581811996466770509e+00
1.095919294730965454e+01
1.095919294730965454e+01
2.201000338727714478e+01
2.201000338727714478e+01
2.201000338727714478e+01
2.201000338727714478e+01
2.799322211652891568e+01
2.201000338727714478e+01
2.799322211652891568e+01
2.799322211652891568e+01
2.799322211652891568e+01
2.201000338727714478e+01
2.799322211652891568e+01
2.799322211652891568e+01
2.621938767661684366e+01
2.621938767661684366e+01
2.621938767661684366e+01
2.621938767661684366e+01
7.231147228950060679e+00
2.621938767661684366e+01
7.231147228950060679e+00
7.231147228950060679e+00
7.231147228950060679e+00
2.621938767661684366e+01
7.231147228950060679e+00
7.231147228950060679e+00
1.217023669530839136e+01
1.217023669530839136e+01
1.217023669530839136e+01
1.217023669530839136e+01
2.003317660303443049e+01
1.217023669530839136e+01
2.003317660303443049e+01
2.003317660303443049e+01
2.003317660303443049e+01
1.217023669530839136e+01
2.003317660303443049e+01
2.003317660303443049e+01
3.154860908845358480e+01
3.154860908845358480e+01
3.154860908845358480e+01
3.154860908845358480e+01
4.563082429298719234e+01
3.154860908845358480e+01
4.563082429298719234e+01
4.563082429298719234e+01
4.563082429298719234e+01
3.154860908845358480e+01
4.563082429298719234e+01
4.563082429298719234e+01
1.538178988944510905e+01
1.538178988944510905e+01
1.538178988944510905e+01
1.538178988944510905e+01
1.756523503805224706e+01
1.538178988944510905e+01
1.756523503805224706e+01
1.756523503805224706e+01
1.756523503805224706e+01
1.538178988944510905e+01
1.756523503805224706e+01
1.756523503805224706e+01
2.165203952114854147e+01
2.165203952114854147e+01
2.165203952114854147e+01
2.165203952114854147e+01
1.571307420557982937e+01
2.165203952114854147e+01
1.571307420557982937e+01
1.571307420557982937e+01
1.571307420557982937e+01
2.165203952114854147e+01
1.571307420557982937e+01
1.571307420557982937e+01
4.241436687581909837e+00
4.241436687581909837e+00
4.241436687581909837e+00
4.241436687581909837e+00
3.024257534082153853e+01
4.241436687581909837e+00
3.024257534082153853e+01
3.024257534082153853e+01
3.024257534082153853e+01
4.241436687581909837e+00
3.024257534082153853e+01
3.024257534082153853e+01
3.894917413240487036e+01
3.894917413240487036e+01
3.894917413240487036e+01
3.894917413240487036e+01
2.678322361601868451e+01
3.894917413240487036e+01
2.678322361601868451e+01
2.678322361601868451e+01
2.678322361601868451e+01
3.894917413240487036e+01
2.678322361601868451e+01
2.678322361601868451e+01
1.690011153335126792e+01
1.690011153335126792e+01
1.690011153335126792e+01
1.690011153335126792e+01
9.776793645946298739e+00
1.690011153335126792e+01
9.776793645946298739e+00
9.776793645946298739e+00
9.776793645946298739e+00
1.690011153335126792e+01
9.776793645946298739e+00
9.776793645946298739e+00
1.347600262290064066e+01
1.347600262290064066e+01
1.347600262290064066e+01
1.347600262290064066e+01
2.109543031051538620e+01
1.347600262290064066e+01
2.109543031051538620e+01
2.109543031051538620e+01
2.109543031051538620e+01
1.347600262290064066e+01
2.109543031051538620e+01
2.109543031051538620e+01
3.063510370794983473e+01
3.063510370794983473e+01
3.063510370794983473e+01
3.063510370794983473e+01
8.281984263537930602e+00
3.063510370794983473e+01
8.281984263537930602e+00
8.281984263537930602e+00
8.281984263537930602e+00
3.063510370794983473e+01
8.281984263537930602e+00
8.281984263537930602e+00
9.918463522503236263e+00
9.918463522503236263e+00
9.918463522503236263e+00
9.918463522503236263e+00
1.673754410484256994e+01
9.918463522503236263e+00
1.673754410484256994e+01
1.673754410484256994e+01
1.673754410484256994e+01
9.918463522503236263e+00
1.673754410484256994e+01
1.673754410484256994e+01
2.547021366134804410e+01
2.547021366134804410e+01
2.547021366134804410e+01
2.547021366134804410e+01
4.065085332764827086e+01
2.547021366134804410e+01
4.065085332764827086e+01
4.065085332764827086e+01
4.065085332764827086e+01
2.547021366134804410e+01
4.065085332764827086e+01
4.065085332764827086e+01
3.348600629060945266e+01
3.348600629060945266e+01
3.348600629060945266e+01
3.348600629060945266e+01
2.201646558759522421e+01
3.348600629060945266e+01
2.201646558759522421e+01
2.201646558759522421e+01
2.201646558759522421e+01
3.348600629060945266e+01
2.201646558759522421e+01
2.201646558759522421e+01
1.492609653780094803e+01
1.492609653780094803e+01
1.492609653780094803e+01
1.492609653780094803e+01
3.127240971921252388e+00
1.492609653780094803e+01
3.127240971921252388e+00
3.127240971921252388e+00
3.127240971921252388e+00
1.492609653780094803e+01
3.127240971921252388e+00
3.127240971921252388e+00
2.768202923781058189e+01
2.768202923781058189e+01
2.768202923781058189e+01
2.768202923781058189e+01
1.932560717849071708e+01
2.768202923781058189e+01
1.932560717849071708e+01
1.932560717849071708e+01
1.932560717849071708e+01
2.768202923781058189e+01
1.932560717849071708e+01
1.932560717849071708e+01
1.167561145038874315e+01
1.167561145038874315e+01
1.167561145038874315e+01
1.167561145038874315e+01
3.843979849696896167e+01
1.167561145038874315e+01
3.843979849696896167e+01
3.843979849696896167e+01
3.843979849696896167e+01
1.167561145038874315e+01
3.843979849696896167e+01
3.843979849696896167e+01
6.565628344234998970e+00
6.565628344234998970e+00
6.565628344234998970e+00
6.565628344234998970e+00
1.325719608948659634e+01
6.565628344234998970e+00
1.325719608948659634e+01
1.325719608948659634e+01
1.325719608948659634e+01
6.565628344234998970e+00
1.325719608948659634e+01
1.325719608948659634e+01
2.286038271573207936e+01
2.286038271573207936e+01
2.286038271573207936e+01
2.286038271573207936e+01
3.206605774473075599e+01
2.286038271573207936e+01
3.206605774473075599e+01
3.206605774473075599e+01
3.206605774473075599e+01
2.286038271573207936e+01
3.206605774473075599e+01
3.206605774473075599e+01
1.790985500612659109e+01
1.790985500612659109e+01
1.790985500612659109e+01
1.790985500612659109e+01
2.549542089383928456e+01
1.790985500612659109e+01
2.549542089383928456e+01
2.549542089383928456e+01
2.549542089383928456e+01
1.790985500612659109e+01
2.549542089383928456e+01
2.549542089383928456e+01
4.281250917345812468e+01
4.281250917345812468e+01
4.281250917345812468e+01
4.281250917345812468e+01
1.276571470927149754e+01
4.281250917345812468e+01
1.276571470927149754e+01
1.276571470927149754e+01
1.276571470927149754e+01
4.281250917345812468e+01
1.276571470927149754e+01
1.276571470927149754e+01
2.499482316894048139e+01
2.499482316894048139e+01
2.499482316894048139e+01
2.499482316894048139e+01
3.106057050847746126e+01
2.499482316894048139e+01
3.106057050847746126e+01
3.106057050847746126e+01
3.106057050847746126e+01
2.499482316894048139e+01
3.106057050847746126e+01
3.106057050847746126e+01
9.205161895883653855e+00
9.205161895883653855e+00
9.205161895883653855e+00
9.205161895883653855e+00
1.618849427922206985e+01
9.205161895883653855e+00
1.618849427922206985e+01
1.618849427922206985e+01
1.618849427922206985e+01
9.205161895883653855e+00
1.618849427922206985e+01
1.618849427922206985e+01
3.012381747736904103e+01
3.012381747736904103e+01
3.012381747736904103e+01
3.012381747736904103e+01
9.286630632586629019e+00
3.012381747736904103e+01
9.286630632586629019e+00
9.286630632586629019e+00
9.286630632586629019e+00
3.012381747736904103e+01
9.286630632586629019e+00
9.286630632586629019e+00
1.301066912859469760e+01
1.301066912859469760e+01
1.301066912859469760e+01
1.301066912859469760e+01
2.626329259360790758e+01
1.301066912859469760e+01
2.626329259360790758e+01
2.626329259360790758e+01
2.626329259360790758e+01
1.301066912859469760e+01
2.626329259360790758e+01
2.626329259360790758e+01
1.660093081362552070e+01
1.660093081362552070e+01
1.660093081362552070e+01
1.660093081362552070e+01
8.958411976404377697e+00
1.660093081362552070e+01
8.958411976404377697e+00
8.958411976404377697e+00
8.958411976404377697e+00
1.660093081362552070e+01
8.958411976404377697e+00
8.958411976404377697e+00
3.751386394054861739e+01
3.751386394054861739e+01
3.751386394054861739e+01
3.751386394054861739e+01
2.165906839630651248e+01
3.751386394054861739e+01
2.165906839630651248e+01
2.165906839630651248e+01
2.165906839630651248e+01
3.751386394054861739e+01
2.165906839630651248e+01
2.165906839630651248e+01
3.046607113546556889e+00
3.046607113546556889e+00
3.046607113546556889e+00
3.046607113546556889e+00
3.935673821776180148e+01
3.046607113546556889e+00
3.935673821776180148e+01
3.935673821776180148e+01
3.935673821776180148e+01
3.046607113546556889e+00
3.935673821776180148e+01
3.935673821776180148e+01
2.101014884435693020e+01
2.101014884435693020e+01
2.101014884435693020e+01
2.101014884435693020e+01
1.637316432599465799e+01
2.101014884435693020e+01
1.637316432599465799e+01
1.637316432599465799e+01
1.637316432599465799e+01
2.101014884435693020e+01
1.637316432599465799e+01
1.637316432599465799e+01
4.469145039585991697e+01
4.469145039585991697e+01
4.469145039585991697e+01
4.469145039585991697e+01
4.335306905812201350e+00
4.469145039585991697e+01
4.335306905812201350e+00
4.335306905812201350e+00
4.335306905812201350e+00
4.469145039585991697e+01
4.335306905812201350e+00
4.335306905812201350e+00
1.850218318305490683e+01
1.850218318305490683e+01
1.850218318305490683e+01
1.850218318305490683e+01
2.247131120417143535e+01
1.850218318305490683e+01
2.247131120417143535e+01
2.247131120417143535e+01
2.247131120417143535e+01
1.850218318305490683e+01
2.247131120417143535e+01
2.247131120417143535e+01
2.321341129593287889e+01
2.321341129593287889e+01
2.321341129593287889e+01
2.321341129593287889e+01
3.709688854413073500e+01
2.321341129593287889e+01
3.709688854413073500e+01
3.709688854413073500e+01
3.709688854413073500e+01
2.321341129593287889e+01
3.709688854413073500e+01
3.709688854413073500e+01
7.468671693536064637e+00
7.468671693536064637e+00
7.468671693536064637e+00
7.468671693536064637e+00
1.881606413606200690e+01
7.468671693536064637e+00
1.881606413606200690e+01
1.881606413606200690e+01
1.881606413606200690e+01
7.468671693536064637e+00
1.881606413606200690e+01
1.881606413606200690e+01
1.197509146066653329e+01
1.197509146066653329e+01
1.197509146066653329e+01
1.197509146066653329e+01
3.276648502726871470e+01
1.197509146066653329e+01
3.276648502726871470e+01
3.276648502726871470e+01
3.276648502726871470e+01
1.197509146066653329e+01
3.276648502726871470e+01
3.276648502726871470e+01
2.846201076162842014e+01
2.846201076162842014e+01
2.846201076162842014e+01
2.846201076162842014e+01
1.360670622114672135e+01
2.846201076162842014e+01
1.360670622114672135e+01
1.360670622114672135e+01
1.360670622114672135e+01
2.846201076162842014e+01
1.360670622114672135e+01
1.360670622114672135e+01
1.524965652484221401e+01
1.524965652484221401e+01
1.524965652484221401e+01
1.524965652484221401e+01
1.228709239684754628e+01
1.524965652484221401e+01
1.228709239684754628e+01
1.228709239684754628e+01
1.228709239684754628e+01
1.524965652484221401e+01
1.228709239684754628e+01
1.228709239684754628e+01
3.467863814381824028e+01
3.467863814381824028e+01
3.467863814381824028e+01
3.467863814381824028e+01
2.486226151798712181e+01
3.467863814381824028e+01
2.486226151798712181e+01
2.486226151798712181e+01
2.486226151798712181e+01
3.467863814381824028e+01
2.486226151798712181e+01
2.486226151798712181e+01
4.618968763235114849e+00
4.618968763235114849e+00
4.618968763235114849e+00
4.618968763235114849e+00
2.369987686487868217e+01
4.618968763235114849e+00
2.369987686487868217e+01
2.369987686487868217e+01
2.369987686487868217e+01
4.618968763235114849e+00
2.369987686487868217e+01
2.369987686487868217e+01
1.986142743545120126e+01
1.986142743545120126e+01
1.986142743545120126e+01
1.986142743545120126e+01
6.248029878856939057e+00
1.986142743545120126e+01
6.248029878856939057e+00
6.248029878856939057e+00
6.248029878856939057e+00
1.986142743545120126e+01
6.248029878856939057e+00
6.248029878856939057e+00
1.708973119074164160e+01
1.708973119074164160e+01
1.708973119074164160e+01
1.708973119074164160e+01
1.812173844164680148e+01
1.708973119074164160e+01
1.812173844164680148e+01
1.812173844164680148e+01
1.812173844164680148e+01
1.708973119074164160e+01
1.812173844164680148e+01
1.812173844164680148e+01
3.501252906357533590e+01
3.501252906357533590e+01
3.501252906357533590e+01
3.501252906357533590e+01
3.484598812276502144e+01
3.501252906357533590e+01
3.484598812276502144e+01
3.484598812276502144e+01
3.484598812276502144e+01
3.501252906357533590e+01
3.484598812276502144e+01
3.484598812276502144e+01
2.899959403465821950e+01
2.899959403465821950e+01
2.899959403465821950e+01
2.899959403465821950e+01
1.452267736256868602e+01
2.899959403465821950e+01
1.452267736256868602e+01
1.452267736256868602e+01
1.452267736256868602e+01
2.899959403465821950e+01
1.452267736256868602e+01
1.452267736256868602e+01
1.413781155231929354e+01
1.413781155231929354e+01
1.413781155231929354e+01
1.413781155231929354e+01
3.444045642061891499e+01
1.413781155231929354e+01
3.444045642061891499e+01
3.444045642061891499e+01
3.444045642061891499e+01
1.413781155231929354e+01
3.444045642061891499e+01
3.444045642061891499e+01
2.409429605199985502e+01
2.409429605199985502e+01
2.409429605199985502e+01
2.409429605199985502e+01
2.400187013531769153e+01
2.409429605199985502e+01
2.400187013531769153e+01
2.400187013531769153e+01
2.400187013531769153e+01
2.409429605199985502e+01
2.400187013531769153e+01
2.400187013531769153e+01
1.071799607571341717e+01
1.071799607571341717e+01
1.071799607571341717e+01
1.071799607571341717e+01
1.130330721579841757e+01
1.071799607571341717e+01
1.130330721579841757e+01
1.130330721579841757e+01
1.130330721579841757e+01
1.071799607571341717e+01
1.130330721579841757e+01
1.130330721579841757e+01
1.592960011577415003e+01
1.592960011577415003e+01
1.592960011577415003e+01
1.592960011577415003e+01
1.516308296369754238e+01
1.592960011577415003e+01
1.516308296369754238e+01
1.516308296369754238e+01
1.516308296369754238e+01
1.592960011577415003e+01
1.516308296369754238e+01
1.516308296369754238e+01
3.217498639699857677e+01
3.217498639699857677e+01
3.217498639699857677e+01
3.217498639699857677e+01
2.977416559513812899e+01
3.217498639699857677e+01
2.977416559513812899e+01
2.977416559513812899e+01
2.977416559513812899e+01
3.217498639699857677e+01
2.977416559513812899e+01
2.977416559513812899e+01
1.268006614929121412e+01
1.268006614929121412e+01
1.268006614929121412e+01
1.268006614929121412e+01
2.726619511322852674e+01
1.268006614929121412e+01
2.726619511322852674e+01
2.726619511322852674e+01
2.726619511322852674e+01
1.268006614929121412e+01
2.726619511322852674e+01
2.726619511322852674e+01
2.662399995318265766e+01
2.662399995318265766e+01
2.662399995318265766e+01
2.662399995318265766e+01
1.041257256998578917e+01
2.662399995318265766e+01
1.041257256998578917e+01
1.041257256998578917e+01
1.041257256998578917e+01
2.662399995318265766e+01
1.041257256998578917e+01
1.041257256998578917e+01
2.262625169858171503e+01
2.262625169858171503e+01
2.262625169858171503e+01
2.262625169858171503e+01
2.044313707105374789e+01
2.262625169858171503e+01
2.044313707105374789e+01
2.044313707105374789e+01
2.044313707105374789e+01
2.262625169858171503e+01
2.044313707105374789e+01
2.044313707105374789e+01
8.984778512180804810e+00
8.984778512180804810e+00
8.984778512180804810e+00
8.984778512180804810e+00
7.854656329813456850e+00
8.984778512180804810e+00
7.854656329813456850e+00
7.854656329813456850e+00
7.854656329813456850e+00
8.984778512180804810e+00
7.854656329813456850e+00
7.854656329813456850e+00
4.217775152235729053e+01
4.217775152235729053e+01
4.217775152235729053e+01
4.217775152235729053e+01
1.707227795657684766e+01
4.217775152235729053e+01
1.707227795657684766e+01
1.707227795657684766e+01
1.707227795657684766e+01
4.217775152235729053e+01
1.707227795657684766e+01
1.707227795657684766e+01
1.958782524783601886e+01
1.958782524783601886e+01
1.958782524783601886e+01
1.958782524783601886e+01
4.279438701437066328e+01
1.958782524783601886e+01
4.279438701437066328e+01
4.279438701437066328e+01
4.279438701437066328e+01
1.958782524783601886e+01
4.279438701437066328e+01
4.279438701437066328e+01
