-2.041546799657732208e+03
-3.805702377449528740e+03
-2.479398961382059952e+03
-2.193160426072015071e+03
-1.989647332624372666e+03
-1.590959871758914460e+03
-2.002112746154567276e+03
-3.013218949963219984e+03
-3.462398628963942429e+03
-3.622922961108598429e+03
-4.703267471608653977e+03
-3.592568242495395680e+03
-4.256879910327009384e+03
-7.363933854092154434e+03
-2.500250095611266261e+03
-4.091870937986293029e+03
-4.043534624374108716e+03
-5.341813809173202571e+03
-2.631906037517093864e+03
-8.619397747227298169e+03
-5.268072967141134541e+03
-5.337419492855450699e+03
-4.018161676712800727e+03
-4.977209070813982180e+03
-4.193903935493900462e+03
-3.783765067572621319e+03
-7.082417910911746731e+03
-4.071041611626342274e+03
-4.099176335424967874e+03
-5.111665046452002571e+03
-8.323629847938569583e+03
-4.285037471647835446e+03
-7.721985701526922639e+03
-7.677664054076972207e+03
-6.156970870185407875e+03
-7.501928977197046152e+03
-2.286745212975205050e+03
-1.967911165789250390e+03
-1.838778074739805106e+03
-1.931276324621953336e+03
-4.239741259321351208e+03
-1.956859923881591840e+03
-2.792914291713271723e+03
-2.934072229205927670e+03
-2.580868004227967958e+03
-1.149152337974844158e+03
-3.139591148071748194e+03
-2.503732219277574131e+03
-1.927572255181400806e+03
-1.678553257160657267e+03
-3.881113517780434449e+03
-1.733900375429764608e+03
-2.338899929155886639e+03
-1.910591266796486707e+03
-4.173203044468341432e+03
-1.885520128227632995e+03
-3.908965575001067918e+03
-3.120091596773485435e+03
-3.740326605306349393e+03
-3.700206828267584569e+03
-6.137080351662852081e+03
-5.567435034546887437e+03
-5.181457508180191326e+03
-6.300696478829633634e+03
-6.230136891548067069e+03
-6.033991194338983405e+03
-5.314507793297749231e+03
-5.696198311135331096e+03
-4.703988438228218001e+03
-4.770239881412125214e+03
-4.917210996054073803e+03
-4.833540630922796481e+03
-3.233888328174326034e+03
-2.914726408424034616e+03
-3.927637511999807884e+03
-3.267085746814419053e+03
-3.327433076562759197e+03
-4.152903342292247544e+03
-5.240472856584212423e+03
-3.910438208440854851e+03
-4.699609534256483130e+03
-4.608741690848689359e+03
-3.667334341153987225e+03
-4.739107974392828510e+03
-3.130479291309240580e+03
-2.794792213402269681e+03
-1.769664297918714738e+03
-3.154990152920671335e+03
-1.676732898756437407e+03
-3.764996267757660462e+03
-8.709594058374525503e+02
-1.654680626901574215e+03
-7.003523651039535025e+02
-1.886624018192986796e+03
-6.740984553631003564e+02
-7.339607053183402741e+02
-1.966647674157871506e+03
-1.754367879652412739e+03
-3.063185735582193502e+03
-1.824116893648034420e+03
-1.701424800576066673e+03
-2.065581233251380127e+03
-2.610910993187236727e+03
-1.353791935272069850e+03
-2.567444398966129938e+03
-2.716705453974592729e+03
-2.197300837734562720e+03
-2.297457212182806416e+03
-5.085255056544051513e+03
-4.497561400238699207e+03
-3.781655558696468688e+03
-5.471853616861420960e+03
-6.888647466092656032e+03
-5.238591883113291260e+03
-5.755465349575261826e+03
-6.607996477180116926e+03
-5.081843372220443598e+03
-3.751613915460285625e+03
-5.011625791340069554e+03
-5.207750333760644935e+03
-9.013896161402599319e+03
-8.202157549654963077e+03
-9.872380421138077509e+03
-9.155953111258351782e+03
-8.692305328014008410e+03
-7.592102433043511155e+03
-8.231929444937855806e+03
-6.837660070438834737e+03
-7.335227506867752709e+03
-7.672691174839162159e+03
-8.881398127351336370e+03
-7.492940620990359093e+03
-4.593238563912315840e+03
-4.098871905256659375e+03
-2.378849149072268119e+03
-4.757089820445422447e+03
-2.152120310508846615e+03
-3.724882873038576690e+03
-8.828468002648808124e+02
-1.792686432332818640e+03
-6.478231490668606511e+02
-1.822695322979416915e+03
-8.651052782500868261e+02
-7.518858968221871919e+02
-2.223162125434176232e+03
-1.267407239917083871e+03
-3.012417925179072881e+03
-2.389022325753646328e+03
-2.691814306574450711e+03
-2.744821853244940030e+03
-4.696848277895222054e+03
-2.202904018887085385e+03
-2.782863964594768277e+03
-2.363033147226191886e+03
-2.279197961160187788e+03
-2.921350897266185257e+03
-9.336607911152246743e+03
-6.204267280691199630e+03
-6.273780635944111054e+03
-9.074512382684986733e+03
-8.117797533074623971e+03
-7.762157836557469636e+03
-3.905835783563405130e+03
-3.849280938568756028e+03
-2.730844178351629125e+03
-3.289606333797716161e+03
-2.651018082408709688e+03
-2.325810662728179977e+03
-6.223664059516555653e+02
-9.025611150178809794e+02
-1.696829538313141029e+03
-5.829941069151187776e+02
-3.083108146963807940e+03
-5.622577036604816385e+02
-4.849315585046941123e+03
-3.211186257276241122e+03
-6.147287896337233178e+03
-2.030388166755058364e+03
-7.441790523788303290e+03
-6.094701213882826778e+03
-1.939819385646524097e+03
-2.495934818230506153e+03
-1.794096128193322784e+03
-1.905148557725888622e+03
-2.088361940450785823e+03
-2.572444244680825705e+03
-2.569258507539758284e+03
-3.542068766231547215e+03
-3.326470175056281278e+03
-3.023437504709589120e+03
-2.443283956745873184e+03
-3.288661886652726480e+03
-1.792085603992625011e+03
-3.504551222070004769e+03
-1.822550943070456469e+03
-1.702715672772288372e+03
-2.035463162270158819e+03
-1.365211466376680619e+03
-1.493689659244939776e+03
-2.731494630031077122e+03
-2.825412344008122545e+03
-2.567297119286653015e+03
-3.778538345202973687e+03
-2.771323072450053132e+03
-5.266295588592623062e+03
-2.432254000312861535e+03
-5.316534940483451464e+03
-5.205826769651032009e+03
-4.644802680368559777e+03
-6.001117881283284987e+03
-5.082246686962268541e+03
-2.000946503351080310e+03
-2.167109584486071981e+03
-2.717759021692613715e+03
-1.830159548847248743e+03
-2.025545237079925073e+03
-4.285027389333881729e+03
-1.748846262299646924e+03
-4.340701496166832840e+03
-4.689623205854165462e+03
-1.382829372706372851e+03
-5.845597944374379040e+03
-2.386487745965586782e+03
-6.843000952363255465e+02
-4.600234993319264163e+02
-2.783351782246324547e+03
-5.992193494051343805e+02
-6.976125866429429152e+02
-4.762341774790956151e+03
-8.224940817535598399e+03
-4.803912760536059977e+03
-4.673238242522630571e+03
-4.568548746826129900e+03
-4.317751441352390430e+03
-4.092426517222814255e+03
-7.146250212684070902e+03
-7.318355999600693394e+03
-7.416160967076290035e+03
-7.950143269380481797e+03
-7.208300195960285237e+03
-4.283247455534353321e+03
-5.353391485560016918e+03
-3.598004143542161728e+03
-4.277360053246615280e+03
-3.322803792722436356e+03
-4.343873050278607479e+03
-2.716410378939231578e+03
-4.356268701223831158e+03
-3.574879442275681868e+03
-4.566864477599094243e+03
-3.517652772644156357e+03
-3.559497792145862604e+03
-6.548325110598425454e+03
-1.762691869050482410e+03
-5.659976303974101029e+03
-6.533678887316845248e+03
-7.994521976148031172e+03
-6.665795803607161361e+03
-7.191523815467604436e+03
-2.783878829675877114e+03
-2.438095671500792832e+03
-1.500842877634005390e+03
-2.389881835908611265e+03
-2.434732335519776825e+03
-4.388162892943269071e+03
-2.869529151067949442e+03
-3.574127134343341368e+03
-4.273826834747190333e+03
-4.398394943488276112e+03
-4.461040046433688076e+03
-3.533176430922103009e+03
-2.820175634182927297e+03
-2.370117326210218835e+03
-2.256932530120714546e+03
-2.233883283666122679e+03
-2.269068763732253046e+03
-3.256922759414194843e+03
-8.592360971207484909e+03
-2.734849579801870732e+03
-3.518586176742183852e+03
-3.328631845692629668e+03
-3.289787320484847896e+03
-3.068361180282850455e+03
-9.130309673476562239e+03
-7.529564591518204907e+03
-7.777391603634202511e+03
-7.760335104086745559e+03
-7.854278402459403878e+03
-7.991285768147954514e+02
-2.978875646261197289e+03
-8.142761837656196349e+02
-9.109553888317544761e+02
-1.680156406482664352e+03
-7.791275153320534628e+02
-1.760505800274099556e+03
-4.808680836968917902e+03
-4.694326533223191291e+03
-3.216844364054224570e+03
-5.082045279546486199e+03
-4.871639612830469559e+03
-7.386500774869151428e+03
-4.656018760829805615e+03
-7.455205608843994014e+03
-7.516742472332122816e+03
-7.615609015573828401e+03
-7.146267955086066650e+03
-7.527520172238027044e+03
-4.796807760891511862e+03
-4.749719214541947622e+03
-4.666401713330064922e+03
-5.003918135694437296e+03
-4.841320484019742253e+03
-5.242707780103110053e+03
-1.504740473874542658e+03
-5.324620085054591982e+03
-4.718268548533597823e+03
-5.885487506118192869e+03
-5.051686292335148210e+03
-5.522350047014517259e+03
-1.727178938399691788e+03
-1.921754724800687427e+03
-1.206814311392879063e+03
-1.818163265676845640e+03
-1.755435169082329594e+03
-3.464090350971870521e+03
-4.345983703782880184e+03
-3.499978327339186762e+03
-3.515611234296256498e+03
-3.223363253939288825e+03
-3.287365562355569637e+03
-3.171048308577072021e+03
-3.965451043629115702e+03
-3.929887042786735037e+03
-4.213392901590672409e+03
-4.220333638066084859e+03
-4.007101288644395936e+03
-2.021215217202167651e+03
-4.881343907834822858e+03
-2.049414317782341186e+03
-2.018871552561990484e+03
-1.988466592074590153e+03
-2.738415229956029179e+03
-2.719742098386465841e+03
-6.666906824926582885e+03
-6.761129414365564116e+03
-6.822811871680960394e+03
-4.902914478144456552e+03
-6.755978237519279901e+03
-6.957164486284728810e+03
-4.468716846346873353e+03
-7.025088623211298000e+03
-6.948702090780850995e+03
-6.740674611911001193e+03
-5.903862925033309693e+03
-5.786999010162257036e+03
-3.656270310758029609e+03
-3.701005743292919306e+03
-3.844479774331990029e+03
-4.312291434817975642e+03
-3.694055866300409889e+03
-4.830314064617531585e+03
-3.009155656154064673e+03
-4.886461181422820118e+03
-5.030368749227055559e+03
-2.440263417162898804e+03
-3.225084680292348366e+03
-2.160669970905066293e+03
-1.177573760536576401e+03
-9.972540311678736771e+02
-2.157679401176027568e+03
-1.581974299826788183e+03
-1.195716138008198641e+03
-2.068914906336207423e+03
-5.880637626157294108e+03
-2.090280211553837489e+03
-1.807677229258981242e+03
-2.716354334650775399e+03
-2.200022757581424685e+03
-2.778639545307225490e+03
-7.081841734916198220e+03
-7.345874577130033686e+03
-5.889081427386621726e+03
-6.622716517356537224e+03
-7.141385826815512701e+03
-1.314087038829589574e+03
-3.294446001616734065e+03
-1.701227287819048342e+03
-1.250614288939865673e+03
-1.165941772524623275e+03
-1.078229142932872264e+03
-1.200723584411193315e+03
-2.402360507009974299e+03
-3.146834707309709302e+03
-3.251805577911286946e+03
-3.778016625273874070e+03
-3.057322627215459761e+03
-3.632450905647065156e+03
-2.023997351245631535e+03
-4.237470534334991498e+03
-3.772299378134393464e+03
-3.593191157348375327e+03
-4.899537163301413784e+03
-5.917163692330210324e+03
-2.866264197185061676e+03
-3.127545358478511844e+03
-3.393136117817346985e+03
-2.486157674412549113e+03
-3.355498886204174141e+03
-3.657414817830167976e+03
-1.826200726724530341e+03
-2.911041569005887141e+03
-3.464122781159393526e+03
-4.892076230153305914e+03
-4.509623031263245139e+03
-5.133278028448764417e+03
-3.486806130885521270e+03
-2.933218077119486225e+03
-1.554332979948369029e+03
-2.237668332886732060e+03
-2.841923434519332204e+03
-4.243904061107763482e+03
-9.195470418125327342e+03
-3.667694909246171392e+03
-4.164456976402001601e+03
-3.324285604964740060e+02
-3.500184170092195927e+03
-2.184847114662130707e+02
-1.042454165500599402e+03
-9.128961416418691215e+02
-6.491216560000450954e+03
-8.889793434942768044e+02
-8.243146263212199756e+02
-3.494830956958366642e+03
-5.491656452736144274e+03
-2.792308923333909661e+03
-3.600807209456961118e+03
-3.406114055974312578e+03
-3.260537915970409813e+03
-2.632859877879819578e+03
-5.131741130242348845e+03
-4.043402275364031539e+03
-4.224470778393531873e+03
-4.460927436862958530e+03
-4.151793767290934738e+03
-7.098903394444335390e+03
-2.697699707620676691e+03
-6.081774041430519901e+03
-6.582634081247847462e+03
-6.451987888784680763e+03
-6.446634588458018698e+03
-4.427069192556384223e+03
-1.730872365091566962e+03
-1.732255036890981046e+03
-1.797880702790986561e+03
-1.522558378815756669e+03
-1.415660822651490662e+03
-2.929403477799919074e+03
-2.338280243942689140e+03
-3.690278417508154234e+03
-2.896146178178174068e+03
-2.584202636414394419e+03
-3.457855005402836923e+03
-3.802580467209955714e+03
-2.266981377553668608e+03
-3.044589590592766399e+03
-3.445911046647653620e+03
-2.543372912836533487e+03
-2.961829554931417078e+03
-2.742969414182848595e+03
-8.261150613090920160e+03
-3.271238678319877636e+03
-2.655936317142264215e+03
-2.968511933654338009e+03
-3.078418192268514758e+03
-3.902708617731464528e+03
-9.647730380202136075e+03
-1.140169385752784001e+04
-1.091065110541948525e+04
-9.922684090221160659e+03
-1.131882931918612121e+04
-1.474556599234329497e+03
-3.751204230009702314e+03
-1.007518409331349403e+03
-1.543858629689236068e+03
-2.157262569114720009e+03
-1.609996583132608748e+03
-1.795663724239257363e+03
-5.258447489869233323e+03
-3.909071765190534734e+03
-3.044908913862779173e+03
-3.549960605946837859e+03
-3.952823874820737274e+03
-7.622784485012287405e+03
-4.415107533449214316e+03
-6.213753254900369939e+03
-7.316571814803229245e+03
-6.735603531510934772e+03
-8.280095749825144594e+03
-4.995426190321363720e+03
-3.254408137467779397e+03
-3.049800697477140602e+03
-3.564231735064204713e+03
-2.344650884086462611e+03
-2.482447158663418577e+03
-6.343637224338715896e+03
-1.537600159465844854e+03
-7.147461547502953181e+03
-6.445842517549031982e+03
-6.419942604469000798e+03
-5.593981850178930472e+03
-6.435483563154873082e+03
-1.472685700398551262e+03
-1.634279629530214606e+03
-1.647532032303202413e+03
-1.877264699665522585e+03
-1.684597925275695843e+03
-4.305851523160563374e+03
-4.761599515677999079e+03
-4.665340314498846055e+03
-4.343882359787373389e+03
-4.315559819303013683e+03
-3.589588806099893645e+03
-3.923333279667681836e+03
-4.003140063891342379e+03
-4.302603930659888647e+03
-4.324510838419988431e+03
-5.204561798551706488e+03
-4.331155509072596942e+03
-2.418872036575537550e+03
-5.121058722991941067e+03
-3.326596283094894261e+03
-2.339824615263782562e+03
-2.045636732696700392e+03
-2.898417197467795631e+03
-3.232944659169706483e+03
-5.317776133177291740e+03
-7.747129047144499964e+03
-8.289900842289782304e+03
-6.258190887249640582e+03
-7.473228888986800484e+03
-7.157542606366638211e+03
-3.829237124706290160e+03
-9.180284236301387864e+03
-7.782306366096489000e+03
-8.249774520345461497e+03
-5.734406613255622688e+03
-8.245903041694878993e+03
-3.911957704291325626e+03
-4.716073138205682881e+03
-4.429247337728488674e+03
-6.265100531410814256e+03
-4.887889296363087851e+03
-4.391176712413877794e+03
-2.375700697751035477e+03
-4.006570150332286630e+03
-4.466586577056144051e+03
-4.425979809267833843e+03
-3.350481994890335045e+03
-3.130095080573753876e+03
-1.897818240330018853e+03
-1.689553680343976339e+03
-1.711491378600772578e+03
-2.241213205641694458e+03
-1.728758102328366931e+03
-6.231605626773048243e+02
-2.122329623144298694e+03
-5.613329617031798762e+02
-6.691082563833135737e+02
-9.560693358084365627e+02
-6.957407454920775081e+02
-1.047876279121251855e+03
-3.620076226330684221e+03
-3.154530067279895320e+03
-2.334414160397370324e+03
-2.841230435720387504e+03
-3.313395053515830114e+03
-2.466127017383760176e+03
-3.900837340887105711e+03
-3.574028629883259327e+03
-2.427540581476856460e+03
-1.760752410996459048e+03
-1.903608912269464327e+03
-2.127253355224387633e+03
-2.359551409001001957e+03
-3.651375080019159668e+03
-4.235666881138013196e+03
-4.521027887793124137e+03
-3.566559722200192937e+03
-4.816099571980312248e+03
-7.371472213858294708e+03
-3.649008915321336190e+03
-4.762835189618816912e+03
-5.068425452520808904e+03
-5.867298966585322887e+03
-4.706575506788794883e+03
-9.364058499895649220e+03
-7.253599298175447075e+03
-6.811857532916082164e+03
-5.862314068021672028e+03
-7.201098182236823050e+03
-3.611794043136359051e+03
-2.901402197890139632e+03
-5.488528783839051357e+03
-3.581757955267547004e+03
-3.698639512822172946e+03
-5.629469740025665487e+03
-8.783216867285724220e+03
-4.624690558844647967e+03
-7.135744553150487263e+03
-6.877815274590856461e+03
-4.499306347868726334e+03
-7.085954237860452849e+03
-2.439703849666004317e+03
-1.789383126757536502e+03
-1.625915455251310505e+03
-2.985545442449262737e+03
-3.186798047660383418e+03
-2.385640510576187353e+03
-2.483297019293256199e+03
-2.681914594865639174e+03
-1.654606111167055360e+03
-1.509255252996487798e+03
-1.975991110972980096e+03
-1.923585583198976565e+03
-1.321944299777792367e+03
-9.222109322365967046e+02
-1.893813831889809990e+03
-1.379254626114810662e+03
-3.365522484501704184e+03
-1.303487757626156508e+03
-4.229951339406087754e+03
-2.593001179860537377e+03
-3.305844517632660882e+03
-1.373320243948677899e+03
-3.423172135243702996e+03
-3.334302793814144025e+03
-7.037332097433881245e+03
-5.708431850969231164e+03
-4.316746019200577393e+03
-7.071815333566200934e+03
-6.802916319408559502e+03
-6.780275832221139353e+03
-4.002404637073962476e+03
-5.333786552470726747e+03
-3.160772809509498074e+03
-3.385283380371806288e+03
-3.319354358636690449e+03
-3.203497845413908180e+03
-4.329162136968542654e+03
-3.359590546579979218e+03
-5.431025808351533669e+03
-4.640056476569163351e+03
-2.941424188166071872e+03
-4.207103823345983983e+03
-4.321126394791259372e+03
-2.513647385208384549e+03
-2.803460696152806577e+03
-4.418754606618242178e+03
-3.355866938013899926e+03
-3.272663724915476905e+03
-4.384608848861825209e+03
-3.409474169357571554e+03
-2.805770412156427028e+03
-4.248608891726194997e+03
-4.197945323119045497e+03
-4.284273017986840387e+03
-2.450458795605238265e+03
-3.017751416264586169e+03
-1.967472344110970198e+03
-2.005648600618296086e+03
-1.878835519589340947e+03
-1.844431708755246746e+03
-1.326837545113082797e+03
-1.512128055813519950e+03
-2.235267142822339338e+03
-1.379993921877277671e+03
-1.495939686341228025e+03
-1.362381913307302511e+03
-2.566858993996928348e+03
-1.786216775817432108e+03
-2.823266399017298681e+03
-2.671846647409987327e+03
-2.791680674783990980e+03
-2.877513580791035110e+03
-5.946490366013669018e+02
-7.089955571321007710e+02
-3.373326108367758138e+02
-6.988552476850644553e+02
-5.170285445483686090e+03
-5.964509494720596194e+02
-3.821813585454939584e+03
-6.104979993129931245e+03
-4.102621046308856421e+03
-4.764847987447108153e+02
-4.193608244471229227e+03
-4.281041111390486549e+03
-6.075777406948896896e+03
-6.690688812564849286e+03
-8.826268968928643517e+03
-6.151937937967069956e+03
-2.307988093085049968e+03
-6.243509999213739320e+03
-4.457823387241377532e+03
-2.975148605023322943e+03
-4.710246186838505309e+03
-1.005939173331226630e+04
-5.018816034795693668e+03
-5.106745658296689726e+03
-3.106364378090422633e+03
-3.477859835396877770e+03
-2.293159986491383734e+03
-2.772862625424313592e+03
-3.438862214281204615e+03
-3.215843834819665062e+03
-2.492990898258638936e+03
-3.738926341617860544e+03
-3.000039914185466841e+03
-2.343138155555969206e+03
-2.696759619465439755e+03
-2.792479775858656922e+03
-2.244544630816809786e+03
-1.715561270703812170e+03
-3.283683235174905803e+03
-2.239066880987684726e+03
-1.764065050285657435e+03
-2.847317162445537178e+03
-3.359883521680695139e+03
-1.560833855957938113e+03
-2.495362477990900970e+03
-3.222566665466505128e+03
-2.019900967141910314e+03
-2.483510508935126836e+03
-8.238842696199191778e+03
-6.621382178797832239e+03
-6.398692845500510884e+03
-8.233849497998344305e+03
-8.053037986383397765e+03
-6.687246986608120096e+03
-5.076063924808016054e+03
-5.254479262196769014e+03
-4.058125915015148621e+03
-4.176049188248094651e+03
-4.947551525096065234e+03
-4.054017962908783829e+03
-2.721868283451905882e+03
-4.616199577212195436e+03
-4.538938916862361111e+03
-2.268918332880325579e+03
-4.181108350144448195e+03
-1.913751578217776114e+03
-3.877418955528823972e+03
-3.927018309603855869e+03
-5.933622533001489501e+03
-4.563149430487836980e+03
-9.224269117206267765e+03
-5.840877539955826251e+03
-2.201955687294661402e+03
-3.585180719025659073e+03
-1.580838783815225497e+03
-2.343026149732685553e+03
-1.997973507545837947e+03
-2.261813807510866809e+03
-1.601833970465457924e+03
-3.661011236677489251e+03
-2.465791464655730579e+03
-2.845688321644826829e+03
-2.596201488304449413e+03
-2.667700860971065595e+03
