-9.216285228518924555e+01
-1.569991086631489168e+02
-1.084647508338320989e+02
-9.216285228518924555e+01
-9.216285228518924555e+01
-9.216285228518924555e+01
-1.084647508338320989e+02
-1.569991086631489168e+02
-1.847693379713113870e+02
-1.847693379713113870e+02
-1.847693379713113870e+02
-1.847693379713113870e+02
-2.301022525944510164e+02
-3.769067550704524479e+02
-1.456838463741802343e+02
-2.301022525944510164e+02
-2.301022525944510164e+02
-2.301022525944510164e+02
-1.456838463741802343e+02
-3.769067550704524479e+02
-2.386296752159597077e+02
-2.386296752159597077e+02
-2.386296752159597077e+02
-2.386296752159597077e+02
-1.934889784248759952e+02
-1.765949258348497892e+02
-3.118388800803262484e+02
-1.934889784248759952e+02
-1.934889784248759952e+02
-1.934889784248759952e+02
-3.118388800803262484e+02
-1.765949258348497892e+02
-2.846113734668819006e+02
-2.846113734668819006e+02
-2.846113734668819006e+02
-2.846113734668819006e+02
-1.480312510080759409e+02
-1.341292842604800057e+02
-1.282250138625815339e+02
-1.480312510080759409e+02
-1.480312510080759409e+02
-1.480312510080759409e+02
-1.282250138625815339e+02
-1.341292842604800057e+02
-1.161830979374746988e+02
-1.161830979374746988e+02
-1.161830979374746988e+02
-1.161830979374746988e+02
-1.112142511785120718e+02
-1.009608258829596110e+02
-1.867867191961732374e+02
-1.112142511785120718e+02
-1.112142511785120718e+02
-1.112142511785120718e+02
-1.867867191961732374e+02
-1.009608258829596110e+02
-1.695658715873072993e+02
-1.695658715873072993e+02
-1.695658715873072993e+02
-1.695658715873072993e+02
-2.903969008095610889e+02
-2.654896199676730930e+02
-2.485568140882725743e+02
-2.903969008095610889e+02
-2.903969008095610889e+02
-2.903969008095610889e+02
-2.485568140882725743e+02
-2.654896199676730930e+02
-2.272381486465864100e+02
-2.272381486465864100e+02
-2.272381486465864100e+02
-2.272381486465864100e+02
-1.837745954443267351e+02
-1.674375885343771984e+02
-2.192323562657724949e+02
-1.837745954443267351e+02
-1.837745954443267351e+02
-1.837745954443267351e+02
-2.192323562657724949e+02
-1.674375885343771984e+02
-1.997432614290301558e+02
-1.997432614290301558e+02
-1.997432614290301558e+02
-1.997432614290301558e+02
-1.353657144441854143e+02
-1.224143249616187887e+02
-8.239584298311280008e+01
-1.353657144441854143e+02
-1.353657144441854143e+02
-1.353657144441854143e+02
-8.239584298311280008e+01
-1.224143249616187887e+02
-7.451245346605227837e+01
-7.451245346605227837e+01
-7.451245346605227837e+01
-7.451245346605227837e+01
-1.026441224335862756e+02
-9.291462391320669667e+01
-1.526789630622338336e+02
-1.026441224335862756e+02
-1.026441224335862756e+02
-1.026441224335862756e+02
-1.526789630622338336e+02
-9.291462391320669667e+01
-1.382067291925522454e+02
-1.382067291925522454e+02
-1.382067291925522454e+02
-1.382067291925522454e+02
-2.606961975398866116e+02
-2.377289644928298742e+02
-2.090552135016029354e+02
-2.606961975398866116e+02
-2.606961975398866116e+02
-2.606961975398866116e+02
-2.090552135016029354e+02
-2.377289644928298742e+02
-1.906375309519412724e+02
-1.906375309519412724e+02
-1.906375309519412724e+02
-1.906375309519412724e+02
-2.997846468393939290e+02
-2.742989467685031286e+02
-3.267357342664487305e+02
-2.997846468393939290e+02
-2.997846468393939290e+02
-2.997846468393939290e+02
-3.267357342664487305e+02
-2.742989467685031286e+02
-2.989588317007275009e+02
-2.989588317007275009e+02
-2.989588317007275009e+02
-2.989588317007275009e+02
-2.199611682029740791e+02
-1.998668400328413384e+02
-1.283866964414613392e+02
-2.199611682029740791e+02
-2.199611682029740791e+02
-2.199611682029740791e+02
-1.283866964414613392e+02
-1.998668400328413384e+02
-1.166580607370295155e+02
-1.166580607370295155e+02
-1.166580607370295155e+02
-1.166580607370295155e+02
-1.314942743193562649e+02
-8.654231532820435291e+01
-1.671839078086462109e+02
-1.314942743193562649e+02
-1.314942743193562649e+02
-1.314942743193562649e+02
-1.671839078086462109e+02
-8.654231532820435291e+01
-1.100312735460871210e+02
-1.100312735460871210e+02
-1.100312735460871210e+02
-1.100312735460871210e+02
-3.222458111381637309e+02
-2.187470054923786620e+02
-2.209837855482752786e+02
-3.222458111381637309e+02
-3.222458111381637309e+02
-3.222458111381637309e+02
-2.209837855482752786e+02
-2.187470054923786620e+02
-1.500082846083280685e+02
-1.500082846083280685e+02
-1.500082846083280685e+02
-1.500082846083280685e+02
-1.473648752079066924e+02
-1.805147223155700260e+02
-2.577294152975865131e+02
-1.473648752079066924e+02
-1.473648752079066924e+02
-1.473648752079066924e+02
-2.577294152975865131e+02
-1.805147223155700260e+02
-3.157058543927831806e+02
-3.157058543927831806e+02
-3.157058543927831806e+02
-3.157058543927831806e+02
-1.124338531585455740e+02
-1.399750206495913289e+02
-1.051538597306725080e+02
-1.124338531585455740e+02
-1.124338531585455740e+02
-1.124338531585455740e+02
-1.051538597306725080e+02
-1.399750206495913289e+02
-1.309117607703939257e+02
-1.309117607703939257e+02
-1.309117607703939257e+02
-1.309117607703939257e+02
-8.457249416440262735e+01
-1.429639339631377197e+02
-8.565523591074705223e+01
-8.457249416440262735e+01
-8.457249416440262735e+01
-8.457249416440262735e+01
-8.565523591074705223e+01
-1.429639339631377197e+02
-1.447942337674997759e+02
-1.447942337674997759e+02
-1.447942337674997759e+02
-1.447942337674997759e+02
-2.212951064788200597e+02
-1.077600877666155554e+02
-2.233048782260398184e+02
-2.212951064788200597e+02
-2.212951064788200597e+02
-2.212951064788200597e+02
-2.233048782260398184e+02
-1.077600877666155554e+02
-1.087387500755898202e+02
-1.087387500755898202e+02
-1.087387500755898202e+02
-1.087387500755898202e+02
-2.532862201904834762e+02
-1.267208764322463566e+02
-2.559776172011929418e+02
-2.532862201904834762e+02
-2.532862201904834762e+02
-2.532862201904834762e+02
-2.559776172011929418e+02
-1.267208764322463566e+02
-1.280674012758314007e+02
-1.280674012758314007e+02
-1.280674012758314007e+02
-1.280674012758314007e+02
-1.871428756545489307e+02
-3.101700853929824575e+02
-1.886268460859808727e+02
-1.871428756545489307e+02
-1.871428756545489307e+02
-1.871428756545489307e+02
-1.886268460859808727e+02
-3.101700853929824575e+02
-3.126296138886733615e+02
-3.126296138886733615e+02
-3.126296138886733615e+02
-3.126296138886733615e+02
-1.765961634540394698e+02
-2.169492671910809349e+02
-1.506540073425672404e+02
-1.765961634540394698e+02
-1.765961634540394698e+02
-1.765961634540394698e+02
-1.506540073425672404e+02
-2.169492671910809349e+02
-1.850791990782745984e+02
-1.850791990782745984e+02
-1.850791990782745984e+02
-1.850791990782745984e+02
-4.160097041291413689e+02
-1.541920438637580730e+02
-3.694795014096643513e+02
-4.160097041291413689e+02
-4.160097041291413689e+02
-4.160097041291413689e+02
-3.694795014096643513e+02
-1.541920438637580730e+02
-1.369458426634034822e+02
-1.369458426634034822e+02
-1.369458426634034822e+02
-1.369458426634034822e+02
-2.005431381862206877e+02
-1.353816934172322703e+02
-1.656091928614793858e+02
-2.005431381862206877e+02
-2.005431381862206877e+02
-2.005431381862206877e+02
-1.656091928614793858e+02
-1.353816934172322703e+02
-1.117986542836926560e+02
-1.117986542836926560e+02
-1.117986542836926560e+02
-1.117986542836926560e+02
-1.499430782876519856e+02
-3.353677251349924404e+02
-1.309002002189379255e+02
-1.499430782876519856e+02
-1.499430782876519856e+02
-1.499430782876519856e+02
-1.309002002189379255e+02
-3.353677251349924404e+02
-2.927757844408310461e+02
-2.927757844408310461e+02
-2.927757844408310461e+02
-2.927757844408310461e+02
-1.056873576769244067e+02
-2.382099337378819257e+02
-1.068602337163876683e+02
-1.056873576769244067e+02
-1.056873576769244067e+02
-1.056873576769244067e+02
-1.068602337163876683e+02
-2.382099337378819257e+02
-2.408534923411480122e+02
-2.408534923411480122e+02
-2.408534923411480122e+02
-2.408534923411480122e+02
-2.642724517639425699e+02
-1.777352296292462199e+02
-2.664366756482246501e+02
-2.642724517639425699e+02
-2.642724517639425699e+02
-2.642724517639425699e+02
-2.664366756482246501e+02
-1.777352296292462199e+02
-1.791907685114660183e+02
-1.791907685114660183e+02
-1.791907685114660183e+02
-1.791907685114660183e+02
-2.142039432803139505e+02
-7.864370716150403950e+01
-2.170943113948657412e+02
-2.142039432803139505e+02
-2.142039432803139505e+02
-2.142039432803139505e+02
-2.170943113948657412e+02
-7.864370716150403950e+01
-7.970488866969081698e+01
-7.970488866969081698e+01
-7.970488866969081698e+01
-7.970488866969081698e+01
-1.700529056120404903e+02
-2.093219942022140003e+02
-1.716555216884782737e+02
-1.700529056120404903e+02
-1.700529056120404903e+02
-1.700529056120404903e+02
-1.716555216884782737e+02
-2.093219942022140003e+02
-2.112946908277324667e+02
-2.112946908277324667e+02
-2.112946908277324667e+02
-2.112946908277324667e+02
-1.127434240683908939e+02
-2.502599374456221994e+02
-1.141165091011434356e+02
-1.127434240683908939e+02
-1.127434240683908939e+02
-1.127434240683908939e+02
-1.141165091011434356e+02
-2.502599374456221994e+02
-2.533078152020731864e+02
-2.533078152020731864e+02
-2.533078152020731864e+02
-2.533078152020731864e+02
-2.857824801533068921e+02
-1.936400590021832500e+02
-2.882869368406321655e+02
-2.857824801533068921e+02
-2.857824801533068921e+02
-2.857824801533068921e+02
-2.882869368406321655e+02
-1.936400590021832500e+02
-1.953370249618946843e+02
-1.953370249618946843e+02
-1.953370249618946843e+02
-1.953370249618946843e+02
-1.829772586965239327e+02
-1.221200078356094707e+02
-1.848422883298316890e+02
-1.829772586965239327e+02
-1.829772586965239327e+02
-1.829772586965239327e+02
-1.848422883298316890e+02
-1.221200078356094707e+02
-1.233647386565631905e+02
-1.233647386565631905e+02
-1.233647386565631905e+02
-1.233647386565631905e+02
-1.299462854511963030e+02
-2.975295379790482571e+02
-1.309450304602300434e+02
-1.299462854511963030e+02
-1.299462854511963030e+02
-1.299462854511963030e+02
-1.309450304602300434e+02
-2.975295379790482571e+02
-2.998162993132789325e+02
-2.998162993132789325e+02
-2.998162993132789325e+02
-2.998162993132789325e+02
-7.742155618841343312e+01
-1.589921823150070566e+02
-9.405881544097589142e+01
-7.742155618841343312e+01
-7.742155618841343312e+01
-7.742155618841343312e+01
-9.405881544097589142e+01
-1.589921823150070566e+02
-1.931583020177431820e+02
-1.931583020177431820e+02
-1.931583020177431820e+02
-1.931583020177431820e+02
-2.033638275070860857e+02
-1.203029717937690748e+02
-2.344789241812412968e+02
-2.033638275070860857e+02
-2.033638275070860857e+02
-2.033638275070860857e+02
-2.344789241812412968e+02
-1.203029717937690748e+02
-1.387095814816245252e+02
-1.387095814816245252e+02
-1.387095814816245252e+02
-1.387095814816245252e+02
-2.339247020265637502e+02
-1.411397922801587015e+02
-1.970317745911998770e+02
-2.339247020265637502e+02
-2.339247020265637502e+02
-2.339247020265637502e+02
-1.970317745911998770e+02
-1.411397922801587015e+02
-1.188802358086795721e+02
-1.188802358086795721e+02
-1.188802358086795721e+02
-1.188802358086795721e+02
-1.711561962705521012e+02
-3.421023215438960960e+02
-1.509583236167767666e+02
-1.711561962705521012e+02
-1.711561962705521012e+02
-1.711561962705521012e+02
-1.509583236167767666e+02
-3.421023215438960960e+02
-3.017313663832539987e+02
-3.017313663832539987e+02
-3.017313663832539987e+02
-3.017313663832539987e+02
-1.369538960261349132e+02
-2.028720678745368105e+02
-1.133708568925953131e+02
-1.369538960261349132e+02
-1.369538960261349132e+02
-1.369538960261349132e+02
-1.133708568925953131e+02
-2.028720678745368105e+02
-1.679381225497954802e+02
-1.679381225497954802e+02
-1.679381225497954802e+02
-1.679381225497954802e+02
-3.382071878479364955e+02
-1.512126034922329154e+02
-2.956152471537751580e+02
-3.382071878479364955e+02
-3.382071878479364955e+02
-3.382071878479364955e+02
-2.956152471537751580e+02
-1.512126034922329154e+02
-1.321697254235188552e+02
-1.321697254235188552e+02
-1.321697254235188552e+02
-1.321697254235188552e+02
-1.510844597579478261e+02
-1.229823741569968689e+02
-1.872038702857950057e+02
-1.510844597579478261e+02
-1.510844597579478261e+02
-1.510844597579478261e+02
-1.872038702857950057e+02
-1.229823741569968689e+02
-1.523834844166653966e+02
-1.523834844166653966e+02
-1.523834844166653966e+02
-1.523834844166653966e+02
-1.185498947163585797e+02
-3.198472851755554984e+02
-1.380955894100937940e+02
-1.185498947163585797e+02
-1.185498947163585797e+02
-1.185498947163585797e+02
-1.380955894100937940e+02
-3.198472851755554984e+02
-3.725815149242961866e+02
-3.725815149242961866e+02
-3.725815149242961866e+02
-3.725815149242961866e+02
-1.233647386565631905e+02
-2.482156298434288146e+02
-9.473592977462760700e+01
-1.233647386565631905e+02
-1.233647386565631905e+02
-1.233647386565631905e+02
-9.473592977462760700e+01
-2.482156298434288146e+02
-1.906131260349490617e+02
-1.906131260349490617e+02
-1.906131260349490617e+02
-1.906131260349490617e+02
-2.998162993132789325e+02
-1.800245906732657488e+02
-2.472207886259742509e+02
-2.998162993132789325e+02
-2.998162993132789325e+02
-2.998162993132789325e+02
-2.472207886259742509e+02
-1.800245906732657488e+02
-1.484436349199571339e+02
-1.484436349199571339e+02
-1.484436349199571339e+02
-1.484436349199571339e+02
-2.533078152020731864e+02
-8.300527002660992082e+01
-2.807387150101323527e+02
-2.533078152020731864e+02
-2.533078152020731864e+02
-2.533078152020731864e+02
-2.807387150101323527e+02
-8.300527002660992082e+01
-9.199397510791369825e+01
-9.199397510791369825e+01
-9.199397510791369825e+01
-9.199397510791369825e+01
-1.953370249618946843e+02
-2.146827624627556190e+02
-2.106097185992974232e+02
-1.953370249618946843e+02
-1.953370249618946843e+02
-1.953370249618946843e+02
-2.106097185992974232e+02
-2.146827624627556190e+02
-2.314680291625253119e+02
-2.314680291625253119e+02
-2.314680291625253119e+02
-2.314680291625253119e+02
-1.093249021649152439e+02
-2.170943113948657412e+02
-1.457133742204104294e+02
-1.093249021649152439e+02
-1.093249021649152439e+02
-1.093249021649152439e+02
-1.457133742204104294e+02
-2.170943113948657412e+02
-2.893535142586597999e+02
-2.893535142586597999e+02
-2.893535142586597999e+02
-2.893535142586597999e+02
-2.831504299934052824e+02
-1.716555216884782737e+02
-3.492393950750573026e+02
-2.831504299934052824e+02
-2.831504299934052824e+02
-2.831504299934052824e+02
-3.492393950750573026e+02
-1.716555216884782737e+02
-2.117209235994230028e+02
-2.117209235994230028e+02
-2.117209235994230028e+02
-2.117209235994230028e+02
-1.797315448194366923e+02
-1.068602337163876683e+02
-1.659226684408072856e+02
-1.797315448194366923e+02
-1.797315448194366923e+02
-1.797315448194366923e+02
-1.659226684408072856e+02
-1.068602337163876683e+02
-9.865010144014483728e+01
-9.865010144014483728e+01
-9.865010144014483728e+01
-9.865010144014483728e+01
-1.306416010626558659e+02
-2.664366756482246501e+02
-1.232133305053484804e+02
-1.306416010626558659e+02
-1.306416010626558659e+02
-1.306416010626558659e+02
-1.232133305053484804e+02
-2.664366756482246501e+02
-2.512871084582500032e+02
-2.512871084582500032e+02
-2.512871084582500032e+02
-2.512871084582500032e+02
-9.489622857054865790e+01
-1.436024517575096979e+02
-1.326062125138669785e+02
-9.489622857054865790e+01
-9.489622857054865790e+01
-9.489622857054865790e+01
-1.326062125138669785e+02
-1.436024517575096979e+02
-2.006673765871722424e+02
-2.006673765871722424e+02
-2.006673765871722424e+02
-2.006673765871722424e+02
-2.377499354227394690e+02
-3.489730222193650775e+02
-1.864409255312318692e+02
-2.377499354227394690e+02
-2.377499354227394690e+02
-2.377499354227394690e+02
-1.864409255312318692e+02
-3.489730222193650775e+02
-2.736608661210457285e+02
-2.736608661210457285e+02
-2.736608661210457285e+02
-2.736608661210457285e+02
-1.966369715897170920e+02
-1.608313384422147863e+02
-2.909906008483974915e+02
-1.966369715897170920e+02
-1.966369715897170920e+02
-1.966369715897170920e+02
-2.909906008483974915e+02
-1.608313384422147863e+02
-2.380041119947731261e+02
-2.380041119947731261e+02
-2.380041119947731261e+02
-2.380041119947731261e+02
-1.527646359046098894e+02
-1.229685104852109561e+02
-1.149618556185407670e+02
-1.527646359046098894e+02
-1.527646359046098894e+02
-1.527646359046098894e+02
-1.149618556185407670e+02
-1.229685104852109561e+02
-9.253900985863734263e+01
-9.253900985863734263e+01
-9.253900985863734263e+01
-9.253900985863734263e+01
-1.390301367578673535e+02
-1.123800241461860026e+02
-1.733345376679503715e+02
-1.390301367578673535e+02
-1.390301367578673535e+02
-1.390301367578673535e+02
-1.733345376679503715e+02
-1.123800241461860026e+02
-1.401087561498781611e+02
-1.401087561498781611e+02
-1.401087561498781611e+02
-1.401087561498781611e+02
-3.445440342534434990e+02
-2.828552306953180278e+02
-2.180352165142267609e+02
-3.445440342534434990e+02
-3.445440342534434990e+02
-3.445440342534434990e+02
-2.180352165142267609e+02
-2.828552306953180278e+02
-1.789971537323718564e+02
-1.789971537323718564e+02
-1.789971537323718564e+02
-1.789971537323718564e+02
-2.228876891057207104e+02
-1.816065724253593032e+02
-2.691804523765916315e+02
-2.228876891057207104e+02
-2.228876891057207104e+02
-2.228876891057207104e+02
-2.691804523765916315e+02
-1.816065724253593032e+02
-2.193254347790972929e+02
-2.193254347790972929e+02
-2.193254347790972929e+02
-2.193254347790972929e+02
-1.592539451126874042e+02
-1.276434550087060273e+02
-1.078082109867388851e+02
-1.592539451126874042e+02
-1.592539451126874042e+02
-1.592539451126874042e+02
-1.078082109867388851e+02
-1.276434550087060273e+02
-8.640924103272706702e+01
-8.640924103272706702e+01
-8.640924103272706702e+01
-8.640924103272706702e+01
-8.076308347240669150e+01
-8.922014080151011228e+01
-1.216364467732794878e+02
-8.076308347240669150e+01
-8.076308347240669150e+01
-8.076308347240669150e+01
-1.216364467732794878e+02
-8.922014080151011228e+01
-1.343735335639481434e+02
-1.343735335639481434e+02
-1.343735335639481434e+02
-1.343735335639481434e+02
-2.152069745384918633e+02
-2.359983356085335799e+02
-1.599257264687530551e+02
-2.152069745384918633e+02
-2.152069745384918633e+02
-2.152069745384918633e+02
-1.599257264687530551e+02
-2.359983356085335799e+02
-1.753763108679396794e+02
-1.753763108679396794e+02
-1.753763108679396794e+02
-1.753763108679396794e+02
-2.441590874068954520e+02
-2.668444288729935465e+02
-3.455386143504848064e+02
-2.441590874068954520e+02
-2.441590874068954520e+02
-2.441590874068954520e+02
-3.455386143504848064e+02
-2.668444288729935465e+02
-3.776433438508857421e+02
-3.776433438508857421e+02
-3.776433438508857421e+02
-3.776433438508857421e+02
-1.832250841736789653e+02
-2.016462738506715482e+02
-1.423771379739168026e+02
-1.832250841736789653e+02
-1.832250841736789653e+02
-1.832250841736789653e+02
-1.423771379739168026e+02
-2.016462738506715482e+02
-1.566915331677470817e+02
-1.566915331677470817e+02
-1.566915331677470817e+02
-1.566915331677470817e+02
-1.257327551251382403e+02
-1.009938634861736091e+02
-1.736385573437532344e+02
-1.257327551251382403e+02
-1.257327551251382403e+02
-1.257327551251382403e+02
-1.736385573437532344e+02
-1.009938634861736091e+02
-1.394738287477883887e+02
-1.394738287477883887e+02
-1.394738287477883887e+02
-1.394738287477883887e+02
-3.062187574049085583e+02
-2.499845352912932128e+02
-2.421808527367549857e+02
-3.062187574049085583e+02
-3.062187574049085583e+02
-3.062187574049085583e+02
-2.421808527367549857e+02
-2.499845352912932128e+02
-1.977065952488133007e+02
-1.977065952488133007e+02
-1.977065952488133007e+02
-1.977065952488133007e+02
-1.429581593894510831e+02
-2.105979367698251679e+02
-2.081718176640632123e+02
-1.429581593894510831e+02
-1.429581593894510831e+02
-1.429581593894510831e+02
-2.081718176640632123e+02
-2.105979367698251679e+02
-3.066670379704885931e+02
-3.066670379704885931e+02
-3.066670379704885931e+02
-3.066670379704885931e+02
-1.062730402312258775e+02
-1.614735664503598116e+02
-8.090496535591248062e+01
-1.062730402312258775e+02
-1.062730402312258775e+02
-1.062730402312258775e+02
-8.090496535591248062e+01
-1.614735664503598116e+02
-1.229287622819266517e+02
-1.229287622819266517e+02
-1.229287622819266517e+02
-1.229287622819266517e+02
