2.346315657261032754e+02
2.346315657261032754e+02
2.346315657261032754e+02
2.346315657261032754e+02
2.092743807848578967e+02
1.787228149283758114e+02
1.596357702635111195e+02
1.596357702635111195e+02
1.596357702635111195e+02
1.787228149283758114e+02
2.092743807848578967e+02
1.596357702635111195e+02
7.824689059755085907e+01
7.824689059755085907e+01
7.824689059755085907e+01
7.824689059755085907e+01
5.879101415172268474e+01
9.807159882434254428e+01
7.308324566406092515e+01
7.308324566406092515e+01
7.308324566406092515e+01
9.807159882434254428e+01
5.879101415172268474e+01
7.308324566406092515e+01
1.485708168346042726e+02
1.485708168346042726e+02
1.485708168346042726e+02
1.485708168346042726e+02
1.261642861410675209e+02
1.831487962999385104e+02
1.552097888919484490e+02
1.552097888919484490e+02
1.552097888919484490e+02
1.831487962999385104e+02
1.261642861410675209e+02
1.552097888919484490e+02
3.447885258987424351e+01
3.447885258987424351e+01
3.447885258987424351e+01
3.447885258987424351e+01
3.081212980830937909e+02
2.873122400319199699e+01
2.417623134913987712e+02
2.417623134913987712e+02
2.417623134913987712e+02
2.873122400319199699e+01
3.081212980830937909e+02
2.417623134913987712e+02
6.890315214647382902e+01
6.890315214647382902e+01
6.890315214647382902e+01
6.890315214647382902e+01
1.136240055883062325e+02
6.807328063930583539e+01
1.121794144461989902e+02
1.121794144461989902e+02
1.121794144461989902e+02
6.807328063930583539e+01
1.136240055883062325e+02
1.121794144461989902e+02
1.672582937367581906e+02
1.672582937367581906e+02
1.672582937367581906e+02
1.672582937367581906e+02
2.021436330195623725e+02
1.644613193977844503e+02
1.987319390456492272e+02
1.987319390456492272e+02
1.987319390456492272e+02
1.644613193977844503e+02
2.021436330195623725e+02
1.987319390456492272e+02
9.693436749970491917e+01
9.693436749970491917e+01
9.693436749970491917e+01
9.693436749970491917e+01
1.269019497029946990e+02
1.241357113457680015e+02
1.633240880731468394e+02
1.633240880731468394e+02
1.633240880731468394e+02
1.241357113457680015e+02
1.269019497029946990e+02
1.633240880731468394e+02
2.533190426282573640e+02
2.533190426282573640e+02
2.533190426282573640e+02
2.533190426282573640e+02
3.838232227173866562e+01
3.100269289514056936e+02
4.529791816480553734e+01
4.529791816480553734e+01
4.529791816480553734e+01
3.100269289514056936e+02
3.838232227173866562e+01
4.529791816480553734e+01
1.482019850536407262e+02
1.482019850536407262e+02
1.482019850536407262e+02
1.482019850536407262e+02
7.415900502520466375e+01
1.558552445086346268e+02
7.775511488959942596e+01
7.775511488959942596e+01
7.775511488959942596e+01
1.558552445086346268e+02
7.415900502520466375e+01
7.775511488959942596e+01
4.984684346335618699e+01
4.984684346335618699e+01
4.984684346335618699e+01
4.984684346335618699e+01
2.325107829855627415e+02
5.159879442293313190e+01
2.420082013453743457e+02
2.420082013453743457e+02
2.420082013453743457e+02
5.159879442293313190e+01
2.325107829855627415e+02
2.420082013453743457e+02
2.868827346959416218e+02
2.868827346959416218e+02
2.868827346959416218e+02
2.868827346959416218e+02
1.803825579427118271e+02
2.409324419842306213e+02
1.520132467902641906e+02
1.520132467902641906e+02
1.520132467902641906e+02
2.409324419842306213e+02
1.803825579427118271e+02
1.520132467902641906e+02
1.068928255857211695e+02
1.068928255857211695e+02
1.068928255857211695e+02
1.068928255857211695e+02
2.203077998235388435e+01
8.651486968748415052e+01
1.923380564338016185e+01
1.923380564338016185e+01
1.923380564338016185e+01
8.651486968748415052e+01
2.203077998235388435e+01
1.923380564338016185e+01
7.173086246719452674e+01
7.173086246719452674e+01
7.173086246719452674e+01
7.173086246719452674e+01
1.656292867041691466e+02
9.217029032892548912e+01
2.164358645319003358e+02
2.164358645319003358e+02
2.164358645319003358e+02
9.217029032892548912e+01
1.656292867041691466e+02
2.164358645319003358e+02
2.359839489229695175e+02
2.359839489229695175e+02
2.359839489229695175e+02
2.359839489229695175e+02
6.137283661846771565e+01
1.964267404146269769e+02
5.218277807612548003e+01
5.218277807612548003e+01
5.218277807612548003e+01
1.964267404146269769e+02
6.137283661846771565e+01
5.218277807612548003e+01
1.468488034482951221e+01
1.468488034482951221e+01
1.468488034482951221e+01
1.468488034482951221e+01
1.213694729885411334e+02
1.348617705669791711e+01
9.939324603946199943e+01
9.939324603946199943e+01
9.939324603946199943e+01
1.348617705669791711e+01
1.213694729885411334e+02
9.939324603946199943e+01
1.130400219351139413e+02
1.130400219351139413e+02
1.130400219351139413e+02
1.130400219351139413e+02
1.941522777653517551e+02
1.521669266989989069e+02
2.636463324952370613e+02
2.636463324952370613e+02
2.636463324952370613e+02
1.521669266989989069e+02
1.941522777653517551e+02
2.636463324952370613e+02
1.590825225920657999e+02
1.590825225920657999e+02
1.590825225920657999e+02
1.590825225920657999e+02
2.451125355018177459e+02
1.145460850407152691e+02
1.751267050639809497e+02
1.751267050639809497e+02
1.751267050639809497e+02
1.145460850407152691e+02
2.451125355018177459e+02
1.751267050639809497e+02
2.495692528551274165e+02
2.495692528551274165e+02
2.495692528551274165e+02
2.495692528551274165e+02
7.495814055062572834e+01
2.847004799919072298e+02
8.463997480091937575e+01
8.463997480091937575e+01
8.463997480091937575e+01
2.847004799919072298e+02
7.495814055062572834e+01
8.463997480091937575e+01
5.974382958587855086e+01
5.974382958587855086e+01
5.974382958587855086e+01
5.974382958587855086e+01
1.348617705669791711e+01
8.356421543977558031e+01
1.579137568772021005e+01
1.579137568772021005e+01
1.579137568772021005e+01
8.356421543977558031e+01
1.348617705669791711e+01
1.579137568772021005e+01
2.121942990508196090e+02
2.121942990508196090e+02
2.121942990508196090e+02
2.121942990508196090e+02
1.521669266989989069e+02
1.917548711890884476e+02
1.377517512596728295e+02
1.377517512596728295e+02
1.377517512596728295e+02
1.917548711890884476e+02
1.521669266989989069e+02
1.377517512596728295e+02
1.681803731891670850e+02
1.681803731891670850e+02
1.681803731891670850e+02
1.681803731891670850e+02
4.692692519739461687e+01
1.706085157471774210e+02
4.751090885058695790e+01
4.751090885058695790e+01
4.751090885058695790e+01
1.706085157471774210e+02
4.692692519739461687e+01
4.751090885058695790e+01
3.146672637867178679e+01
3.146672637867178679e+01
3.146672637867178679e+01
3.146672637867178679e+01
1.354465526286506361e+02
3.192776610487625177e+01
1.379976391136487450e+02
1.379976391136487450e+02
1.379976391136487450e+02
3.192776610487625177e+01
1.354465526286506361e+02
1.379976391136487450e+02
2.055553269934752336e+02
2.055553269934752336e+02
2.055553269934752336e+02
2.055553269934752336e+02
2.126553387770238146e+02
2.089670209673881232e+02
2.161899766779247614e+02
2.161899766779247614e+02
2.161899766779247614e+02
2.089670209673881232e+02
2.126553387770238146e+02
2.161899766779247614e+02
1.150685967304136597e+02
1.150685967304136597e+02
1.150685967304136597e+02
1.150685967304136597e+02
1.241357113457680157e+02
1.165131878725208736e+02
1.257032464148632016e+02
1.257032464148632016e+02
1.257032464148632016e+02
1.165131878725208736e+02
1.241357113457680157e+02
1.257032464148632016e+02
2.224593185458261857e+01
2.224593185458261857e+01
2.224593185458261857e+01
2.224593185458261857e+01
6.143430858196160216e+01
2.160047623789640525e+01
5.894469406045750048e+01
5.894469406045750048e+01
5.894469406045750048e+01
2.160047623789640525e+01
6.143430858196160216e+01
5.894469406045750048e+01
1.825648126467462475e+02
1.825648126467462475e+02
1.825648126467462475e+02
1.825648126467462475e+02
2.315887035331537618e+02
1.760180485346430146e+02
2.231977805162324842e+02
2.231977805162324842e+02
2.231977805162324842e+02
1.760180485346430146e+02
2.315887035331537618e+02
2.231977805162324842e+02
9.453696092344172541e+01
9.453696092344172541e+01
9.453696092344172541e+01
9.453696092344172541e+01
2.797827229123930124e+02
9.094085105904689215e+01
2.684411456477635056e+02
2.684411456477635056e+02
2.684411456477635056e+02
9.094085105904689215e+01
2.797827229123930124e+02
2.684411456477635056e+02
1.850236911865034131e+02
1.850236911865034131e+02
1.850236911865034131e+02
1.850236911865034131e+02
1.096283279612009380e+02
1.755262728266915531e+02
1.041880591919883727e+02
1.041880591919883727e+02
1.041880591919883727e+02
1.755262728266915531e+02
1.096283279612009380e+02
1.041880591919883727e+02
1.978098595932404464e+02
1.978098595932404464e+02
1.978098595932404464e+02
1.978098595932404464e+02
1.787228149283758114e+02
2.746190779789030216e+02
2.477865659138035994e+02
2.477865659138035994e+02
2.477865659138035994e+02
2.746190779789030216e+02
1.787228149283758114e+02
2.477865659138035994e+02
1.230599519846242771e+02
1.230599519846242771e+02
1.230599519846242771e+02
1.230599519846242771e+02
9.807159882434254428e+01
1.044646830277110610e+02
8.353347945802863705e+01
8.353347945802863705e+01
8.353347945802863705e+01
1.044646830277110610e+02
9.807159882434254428e+01
8.353347945802863705e+01
2.110878037079286287e+02
2.110878037079286287e+02
2.110878037079286287e+02
2.110878037079286287e+02
3.414075679065764746e+01
1.388889825843106109e+02
2.501217021180939781e+01
2.501217021180939781e+01
2.501217021180939781e+01
1.388889825843106109e+02
3.414075679065764746e+01
2.501217021180939781e+01
5.076892291576511695e+01
5.076892291576511695e+01
5.076892291576511695e+01
5.076892291576511695e+01
1.462656182035818517e+02
5.430356081666601398e+01
1.577916113586935012e+02
1.577916113586935012e+02
1.577916113586935012e+02
5.430356081666601398e+01
1.462656182035818517e+02
1.577916113586935012e+02
9.739540722590940902e+01
9.739540722590940902e+01
9.739540722590940902e+01
9.739540722590940902e+01
7.369796529900021653e+01
7.803173872532208577e+01
5.949794173190292668e+01
5.949794173190292668e+01
5.949794173190292668e+01
7.803173872532208577e+01
7.369796529900021653e+01
5.949794173190292668e+01
1.701782120027198744e+02
1.701782120027198744e+02
1.701782120027198744e+02
1.701782120027198744e+02
1.523820785712277370e+02
2.304822081902630373e+02
2.060471027014266951e+02
2.060471027014266951e+02
2.060471027014266951e+02
2.304822081902630373e+02
1.523820785712277370e+02
2.060471027014266951e+02
3.100568665246732536e+01
3.100568665246732536e+01
3.100568665246732536e+01
3.100568665246732536e+01
1.209084332623367857e+02
3.819790638125689242e+01
1.568695319062844646e+02
1.568695319062844646e+02
1.568695319062844646e+02
3.819790638125689242e+01
1.209084332623367857e+02
1.568695319062844646e+02
1.795219504537967907e+02
1.795219504537967907e+02
1.795219504537967907e+02
1.795219504537967907e+02
1.075067468121812553e+01
1.463885621305697669e+02
1.032037093676065709e+01
1.032037093676065709e+01
1.032037093676065709e+01
1.463885621305697669e+02
1.075067468121812553e+01
1.032037093676065709e+01
2.264865305631575723e+02
2.264865305631575723e+02
2.264865305631575723e+02
2.264865305631575723e+02
1.983631072646857660e+02
2.093358527483517832e+02
1.834254201356613976e+02
1.834254201356613976e+02
1.834254201356613976e+02
2.093358527483517832e+02
1.983631072646857660e+02
1.834254201356613976e+02
6.223344410738266674e+01
6.223344410738266674e+01
6.223344410738266674e+01
6.223344410738266674e+01
4.001132930432777357e+01
5.688538328341095252e+01
3.687625916613743016e+01
3.687625916613743016e+01
3.687625916613743016e+01
5.688538328341095252e+01
4.001132930432777357e+01
3.687625916613743016e+01
2.092743807848578683e+02
2.092743807848578683e+02
2.092743807848578683e+02
2.092743807848578683e+02
8.722179726766425745e+01
2.476943579685627697e+02
1.022824283236766405e+02
1.022824283236766405e+02
1.022824283236766405e+02
2.476943579685627697e+02
8.722179726766425745e+01
1.022824283236766405e+02
1.364915760080474456e+02
1.364915760080474456e+02
1.364915760080474456e+02
1.364915760080474456e+02
2.455735752280222641e+02
1.552405248736953922e+02
2.803052346020914456e+02
2.803052346020914456e+02
2.803052346020914456e+02
1.552405248736953922e+02
2.455735752280222641e+02
2.803052346020914456e+02
4.096414473848367521e+01
4.096414473848367521e+01
4.096414473848367521e+01
4.096414473848367521e+01
1.459889943678592488e+02
4.483687843860110434e+01
1.624020086207379450e+02
1.624020086207379450e+02
1.624020086207379450e+02
4.483687843860110434e+01
1.459889943678592488e+02
1.624020086207379450e+02
1.816119972125903814e+02
1.816119972125903814e+02
1.816119972125903814e+02
1.816119972125903814e+02
5.943646976840894069e+01
1.972873479035420701e+02
6.404686703045356921e+01
6.404686703045356921e+01
6.404686703045356921e+01
1.972873479035420701e+02
5.943646976840894069e+01
6.404686703045356921e+01
1.294837721697396944e+02
1.294837721697396944e+02
1.294837721697396944e+02
1.294837721697396944e+02
1.386123587485879511e+02
1.131937018438488423e+02
1.210928491528184594e+02
1.210928491528184594e+02
1.210928491528184594e+02
1.131937018438488423e+02
1.386123587485879511e+02
1.210928491528184594e+02
2.180033996009955217e+02
2.180033996009955217e+02
2.180033996009955217e+02
2.180033996009955217e+02
2.251648833480383303e+02
1.820423009570478428e+02
1.879743454342118412e+02
1.879743454342118412e+02
1.879743454342118412e+02
1.820423009570478428e+02
2.251648833480383303e+02
1.879743454342118412e+02
2.017748012385987124e+02
2.017748012385987124e+02
2.017748012385987124e+02
2.017748012385987124e+02
8.697590941368862616e+01
2.452354794288055189e+02
1.046183629364459193e+02
1.046183629364459193e+02
1.046183629364459193e+02
2.452354794288055189e+02
8.697590941368862616e+01
1.046183629364459193e+02
9.751835115289719624e+01
9.751835115289719624e+01
9.751835115289719624e+01
9.751835115289719624e+01
2.610645100284920659e+02
7.704818730941924798e+01
2.029735045267302667e+02
2.029735045267302667e+02
2.029735045267302667e+02
7.704818730941924798e+01
2.610645100284920659e+02
2.029735045267302667e+02
1.575149875229707561e+02
1.575149875229707561e+02
1.575149875229707561e+02
1.575149875229707561e+02
1.661517983938675229e+02
1.193408981932416282e+02
1.257647183783570739e+02
1.257647183783570739e+02
1.257647183783570739e+02
1.193408981932416282e+02
1.661517983938675229e+02
1.257647183783570739e+02
1.686713504886396464e+01
1.686713504886396464e+01
1.686713504886396464e+01
1.686713504886396464e+01
2.353684308795513402e+01
1.901865377115142053e+01
2.740957678807259157e+01
2.740957678807259157e+01
2.740957678807259157e+01
1.901865377115142053e+01
2.353684308795513402e+01
2.740957678807259157e+01
2.809506902187777087e+02
2.809506902187777087e+02
2.809506902187777087e+02
2.809506902187777087e+02
7.382090922598806060e+01
2.140077219738903693e+02
5.777672675407293212e+01
5.777672675407293212e+01
5.777672675407293212e+01
2.140077219738903693e+02
7.382090922598806060e+01
5.777672675407293212e+01
1.088291924357798734e+02
1.088291924357798734e+02
1.088291924357798734e+02
1.088291924357798734e+02
1.721760508162725216e+02
1.333565058698571022e+02
2.121942990508196090e+02
2.121942990508196090e+02
2.121942990508196090e+02
1.333565058698571022e+02
1.721760508162725216e+02
2.121942990508196090e+02
1.432534919923794803e+02
1.432534919923794803e+02
1.432534919923794803e+02
1.432534919923794803e+02
1.977483876297465599e+02
2.253185632567730181e+02
3.130083191808611218e+02
3.130083191808611218e+02
3.130083191808611218e+02
2.253185632567730181e+02
1.977483876297465599e+02
3.130083191808611218e+02
5.866807022473481936e+01
5.866807022473481936e+01
5.866807022473481936e+01
5.866807022473481936e+01
1.308668913483530503e+02
5.713127113738666907e+01
1.271171015752234723e+02
1.271171015752234723e+02
1.271171015752234723e+02
5.713127113738666907e+01
1.308668913483530503e+02
1.271171015752234723e+02
2.768620062379525848e+01
2.768620062379525848e+01
2.768620062379525848e+01
2.768620062379525848e+01
2.405328742215203306e+02
2.713295295234987492e+01
2.338324302006820119e+02
2.338324302006820119e+02
2.338324302006820119e+02
2.713295295234987492e+01
2.405328742215203306e+02
2.338324302006820119e+02
1.280084450458853667e+02
1.280084450458853667e+02
1.280084450458853667e+02
1.280084450458853667e+02
8.218109626116225286e+01
1.235209917108286106e+02
7.941485790393541322e+01
7.941485790393541322e+01
7.941485790393541322e+01
1.235209917108286106e+02
8.218109626116225286e+01
7.941485790393541322e+01
8.571573416206310014e+01
8.571573416206310014e+01
8.571573416206310014e+01
8.571573416206310014e+01
3.300352546601997972e+01
8.319538365881200548e+01
3.220438994059891513e+01
3.220438994059891513e+01
3.220438994059891513e+01
8.319538365881200548e+01
3.300352546601997972e+01
3.220438994059891513e+01
2.578372319450608643e+02
2.578372319450608643e+02
2.578372319450608643e+02
2.578372319450608643e+02
1.913553034263780717e+02
2.513826757781984895e+02
1.866219622373455422e+02
1.866219622373455422e+02
1.866219622373455422e+02
2.513826757781984895e+02
1.913553034263780717e+02
1.866219622373455422e+02
1.269019497029946990e+02
1.269019497029946990e+02
1.269019497029946990e+02
1.269019497029946990e+02
1.924617987692687109e+02
1.308976273300999935e+02
1.986704670821552838e+02
1.986704670821552838e+02
1.986704670821552838e+02
1.308976273300999935e+02
1.924617987692687109e+02
1.986704670821552838e+02
1.084288262645902456e+01
1.084288262645902456e+01
1.084288262645902456e+01
1.084288262645902456e+01
9.410665717898416460e+01
1.090435458995295726e+01
9.638111982825959956e+01
9.638111982825959956e+01
9.638111982825959956e+01
1.090435458995295726e+01
9.410665717898416460e+01
9.638111982825959956e+01
2.090284929308822655e+02
2.090284929308822655e+02
2.090284929308822655e+02
2.090284929308822655e+02
1.886497386241660834e+01
2.149912733897932640e+02
1.917233367988624337e+01
1.917233367988624337e+01
1.917233367988624337e+01
2.149912733897932640e+02
1.886497386241660834e+01
1.917233367988624337e+01
6.051222912955267930e+01
6.051222912955267930e+01
6.051222912955267930e+01
6.051222912955267930e+01
1.172201154527011084e+02
6.254080392485226980e+01
1.214616809337821479e+02
1.214616809337821479e+02
1.214616809337821479e+02
6.254080392485226980e+01
1.172201154527011084e+02
1.214616809337821479e+02
9.173998658446795673e+01
9.173998658446795673e+01
9.173998658446795673e+01
9.173998658446795673e+01
4.419142282191486260e+01
1.188491224852901809e+02
5.580962392226722102e+01
5.580962392226722102e+01
5.580962392226722102e+01
1.188491224852901809e+02
4.419142282191486260e+01
5.580962392226722102e+01
2.559930730402432175e+02
2.559930730402432175e+02
2.559930730402432175e+02
2.559930730402432175e+02
1.946747894550501599e+02
2.073687499165462782e+02
1.580989711761630474e+02
1.580989711761630474e+02
1.580989711761630474e+02
2.073687499165462782e+02
1.946747894550501599e+02
1.580989711761630474e+02
4.993905140859710912e+01
4.993905140859710912e+01
4.993905140859710912e+01
4.993905140859710912e+01
2.935217067532859687e+02
3.426370071764551284e+01
1.856384108214427044e+02
1.856384108214427044e+02
1.856384108214427044e+02
3.426370071764551284e+01
2.935217067532859687e+02
1.856384108214427044e+02
1.659981184851326930e+02
1.659981184851326930e+02
1.659981184851326930e+02
1.659981184851326930e+02
1.115646948112596135e+02
1.709773475281408253e+02
1.148227088764379005e+02
1.148227088764379005e+02
1.148227088764379005e+02
1.709773475281408253e+02
1.115646948112596135e+02
1.148227088764379005e+02
