9.370874279802542617e+01
1.596325279485577084e+02
1.100106413466682795e+02
9.370874279802542617e+01
9.370874279802542617e+01
9.370874279802542617e+01
1.100106413466682795e+02
1.596325279485577084e+02
1.874027572567201787e+02
1.874027572567201787e+02
1.874027572567201787e+02
1.874027572567201787e+02
2.329977871879969200e+02
3.816496314897072466e+02
1.485793809677261379e+02
2.329977871879969200e+02
2.329977871879969200e+02
2.329977871879969200e+02
1.485793809677261379e+02
3.816496314897072466e+02
2.433725516352145064e+02
2.433725516352145064e+02
2.433725516352145064e+02
2.433725516352145064e+02
1.973826676789493035e+02
1.801486464169965416e+02
3.157325693343995567e+02
1.973826676789493035e+02
1.973826676789493035e+02
1.973826676789493035e+02
3.157325693343995567e+02
1.801486464169965416e+02
2.881650940490286530e+02
2.881650940490286530e+02
2.881650940490286530e+02
2.881650940490286530e+02
1.501598810287503909e+02
1.360580095747912139e+02
1.303536438832559838e+02
1.501598810287503909e+02
1.501598810287503909e+02
1.501598810287503909e+02
1.303536438832559838e+02
1.360580095747912139e+02
1.181118232517859212e+02
1.181118232517859212e+02
1.181118232517859212e+02
1.181118232517859212e+02
1.137005710022566376e+02
1.032179188378139969e+02
1.892730390199178316e+02
1.137005710022566376e+02
1.137005710022566376e+02
1.137005710022566376e+02
1.892730390199178316e+02
1.032179188378139969e+02
1.718229645421616851e+02
1.718229645421616851e+02
1.718229645421616851e+02
1.718229645421616851e+02
2.948935684000942388e+02
2.696006093287974181e+02
2.530534816788056958e+02
2.948935684000942388e+02
2.948935684000942388e+02
2.948935684000942388e+02
2.530534816788056958e+02
2.696006093287974181e+02
2.313491380077107635e+02
2.313491380077107635e+02
2.313491380077107635e+02
2.313491380077107635e+02
1.871370146065322899e+02
1.705010987807215486e+02
2.225947754279780497e+02
1.871370146065322899e+02
1.871370146065322899e+02
1.871370146065322899e+02
2.225947754279780497e+02
1.705010987807215486e+02
2.028067716753744776e+02
2.028067716753744776e+02
2.028067716753744776e+02
2.028067716753744776e+02
1.371825705316009305e+02
1.240573496551802037e+02
8.421269907052833048e+01
1.371825705316009305e+02
1.371825705316009305e+02
1.371825705316009305e+02
8.421269907052833048e+01
1.240573496551802037e+02
7.615547815961370759e+01
7.615547815961370759e+01
7.615547815961370759e+01
7.615547815961370759e+01
1.046114565862147998e+02
9.469547710352316017e+01
1.546462972148623578e+02
1.046114565862147998e+02
1.046114565862147998e+02
1.046114565862147998e+02
1.546462972148623578e+02
9.469547710352316017e+01
1.399875823828687089e+02
1.399875823828687089e+02
1.399875823828687089e+02
1.399875823828687089e+02
2.643157605433365802e+02
2.410296454112581443e+02
2.126747765050529040e+02
2.643157605433365802e+02
2.643157605433365802e+02
2.643157605433365802e+02
2.126747765050529040e+02
2.410296454112581443e+02
1.939382118703695426e+02
1.939382118703695426e+02
1.939382118703695426e+02
1.939382118703695426e+02
3.046121576015867731e+02
2.787160546209026961e+02
3.315632450286416315e+02
3.046121576015867731e+02
3.046121576015867731e+02
3.046121576015867731e+02
3.315632450286416315e+02
2.787160546209026961e+02
3.033759395531270684e+02
3.033759395531270684e+02
3.033759395531270684e+02
3.033759395531270684e+02
2.226452837022810911e+02
2.023057508983929438e+02
1.310708119407683512e+02
2.226452837022810911e+02
2.226452837022810911e+02
2.226452837022810911e+02
1.310708119407683512e+02
2.023057508983929438e+02
1.190969716025811351e+02
1.190969716025811351e+02
1.190969716025811351e+02
1.190969716025811351e+02
1.337956713403280844e+02
8.805696855333734163e+01
1.694853048296180589e+02
1.337956713403280844e+02
1.337956713403280844e+02
1.337956713403280844e+02
1.694853048296180589e+02
8.805696855333734163e+01
1.115459267712201097e+02
1.115459267712201097e+02
1.115459267712201097e+02
1.115459267712201097e+02
3.264315436433325317e+02
2.215883657821023860e+02
2.251695180534440794e+02
3.264315436433325317e+02
3.264315436433325317e+02
3.264315436433325317e+02
2.251695180534440794e+02
2.215883657821023860e+02
1.528496448980517926e+02
1.528496448980517926e+02
1.528496448980517926e+02
1.528496448980517926e+02
1.504862374270677208e+02
1.843382374744111587e+02
2.608507775167475984e+02
1.504862374270677208e+02
1.504862374270677208e+02
1.504862374270677208e+02
2.608507775167475984e+02
1.843382374744111587e+02
3.195293695516243133e+02
3.195293695516243133e+02
3.195293695516243133e+02
3.195293695516243133e+02
1.141104259522982716e+02
1.420622773328178141e+02
1.068304325244252198e+02
1.141104259522982716e+02
1.141104259522982716e+02
1.141104259522982716e+02
1.068304325244252198e+02
1.420622773328178141e+02
1.329990174536203824e+02
1.329990174536203824e+02
1.329990174536203824e+02
1.329990174536203824e+02
8.631797204264050549e+01
1.459145432195400360e+02
8.740071378898494459e+01
8.631797204264050549e+01
8.631797204264050549e+01
8.631797204264050549e+01
8.740071378898494459e+01
1.459145432195400360e+02
1.477448430239020922e+02
1.477448430239020922e+02
1.477448430239020922e+02
1.477448430239020922e+02
2.245350407816428628e+02
1.093377801538788532e+02
2.265448125288626215e+02
2.245350407816428628e+02
2.245350407816428628e+02
2.245350407816428628e+02
2.265448125288626215e+02
1.093377801538788532e+02
1.103164424628531037e+02
1.103164424628531037e+02
1.103164424628531037e+02
1.103164424628531037e+02
2.576249962278992598e+02
1.288915965831139090e+02
2.603163932386087254e+02
2.576249962278992598e+02
2.576249962278992598e+02
2.576249962278992598e+02
2.603163932386087254e+02
1.288915965831139090e+02
1.302381214266989389e+02
1.302381214266989389e+02
1.302381214266989389e+02
1.302381214266989389e+02
1.895351705566054648e+02
3.141350683583280556e+02
1.910191409880374067e+02
1.895351705566054648e+02
1.895351705566054648e+02
1.895351705566054648e+02
1.910191409880374067e+02
3.141350683583280556e+02
3.165945968540189597e+02
3.165945968540189597e+02
3.165945968540189597e+02
3.165945968540189597e+02
1.793842373266410277e+02
2.203744298430030142e+02
1.534420812151687983e+02
1.793842373266410277e+02
1.793842373266410277e+02
1.793842373266410277e+02
1.534420812151687983e+02
2.203744298430030142e+02
1.885043617301966776e+02
1.885043617301966776e+02
1.885043617301966776e+02
1.885043617301966776e+02
4.210104312056258777e+02
1.560455398785736918e+02
3.744802284861488602e+02
4.210104312056258777e+02
4.210104312056258777e+02
4.210104312056258777e+02
3.744802284861488602e+02
1.560455398785736918e+02
1.387993386782190726e+02
1.387993386782190726e+02
1.387993386782190726e+02
1.387993386782190726e+02
2.042975840313650053e+02
1.379162265902743059e+02
1.693636387066237035e+02
2.042975840313650053e+02
2.042975840313650053e+02
2.042975840313650053e+02
1.693636387066237035e+02
1.379162265902743059e+02
1.143331874567347057e+02
1.143331874567347057e+02
1.143331874567347057e+02
1.143331874567347057e+02
1.519896680381099259e+02
3.399451965110231981e+02
1.329467899693958657e+02
1.519896680381099259e+02
1.519896680381099259e+02
1.519896680381099259e+02
1.329467899693958657e+02
3.399451965110231981e+02
2.973532558168618607e+02
2.973532558168618607e+02
2.973532558168618607e+02
2.973532558168618607e+02
1.075781402090566132e+02
2.424715899245073558e+02
1.087510162485198748e+02
1.075781402090566132e+02
1.075781402090566132e+02
1.075781402090566132e+02
1.087510162485198748e+02
2.424715899245073558e+02
2.451151485277734139e+02
2.451151485277734139e+02
2.451151485277734139e+02
2.451151485277734139e+02
2.677613769174452045e+02
1.800816902957970456e+02
2.699256008017272848e+02
2.677613769174452045e+02
2.677613769174452045e+02
2.677613769174452045e+02
2.699256008017272848e+02
1.800816902957970456e+02
1.815372291780168439e+02
1.815372291780168439e+02
1.815372291780168439e+02
1.815372291780168439e+02
2.188634787798432342e+02
8.035442798074720372e+01
2.217538468943950249e+02
2.188634787798432342e+02
2.188634787798432342e+02
2.188634787798432342e+02
2.217538468943950249e+02
8.035442798074720372e+01
8.141560948893398120e+01
8.141560948893398120e+01
8.141560948893398120e+01
8.141560948893398120e+01
1.726364680526455118e+02
2.125021600468785437e+02
1.742390841290832952e+02
1.726364680526455118e+02
1.726364680526455118e+02
1.726364680526455118e+02
1.742390841290832952e+02
2.125021600468785437e+02
2.144748566723970384e+02
2.144748566723970384e+02
2.144748566723970384e+02
2.144748566723970384e+02
1.149569616526771085e+02
2.551733927708832823e+02
1.163300466854296502e+02
1.149569616526771085e+02
1.149569616526771085e+02
1.149569616526771085e+02
1.163300466854296502e+02
2.551733927708832823e+02
2.582212705273342976e+02
2.582212705273342976e+02
2.582212705273342976e+02
2.582212705273342976e+02
2.898198914376599191e+02
1.963757220102822600e+02
2.923243481249851357e+02
2.898198914376599191e+02
2.898198914376599191e+02
2.898198914376599191e+02
2.923243481249851357e+02
1.963757220102822600e+02
1.980726879699936944e+02
1.980726879699936944e+02
1.980726879699936944e+02
1.980726879699936944e+02
1.859838555864910745e+02
1.241266267913031243e+02
1.878488852197988308e+02
1.859838555864910745e+02
1.859838555864910745e+02
1.859838555864910745e+02
1.878488852197988308e+02
1.241266267913031243e+02
1.253713576122568440e+02
1.253713576122568440e+02
1.253713576122568440e+02
1.253713576122568440e+02
1.315563529720567431e+02
3.012160046135762741e+02
1.325550979810905119e+02
1.315563529720567431e+02
1.315563529720567431e+02
1.315563529720567431e+02
1.325550979810905119e+02
3.012160046135762741e+02
3.035027659478068927e+02
3.035027659478068927e+02
3.035027659478068927e+02
3.035027659478068927e+02
7.899924857567673087e+01
1.622321166178298597e+02
9.563650782823917496e+01
7.899924857567673087e+01
7.899924857567673087e+01
7.899924857567673087e+01
9.563650782823917496e+01
1.622321166178298597e+02
1.963982363205660135e+02
1.963982363205660135e+02
1.963982363205660135e+02
1.963982363205660135e+02
2.063144367634884304e+02
1.220484496720069671e+02
2.374295334376436415e+02
2.063144367634884304e+02
2.063144367634884304e+02
2.063144367634884304e+02
2.374295334376436415e+02
1.220484496720069671e+02
1.404550593598623891e+02
1.404550593598623891e+02
1.404550593598623891e+02
1.404550593598623891e+02
2.378896849919093484e+02
1.435320871822152355e+02
2.009967575565454467e+02
2.378896849919093484e+02
2.378896849919093484e+02
2.378896849919093484e+02
2.009967575565454467e+02
1.435320871822152355e+02
1.212725307107360919e+02
1.212725307107360919e+02
1.212725307107360919e+02
1.212725307107360919e+02
1.733269164214196394e+02
3.464410975813118512e+02
1.531290437676443048e+02
1.733269164214196394e+02
1.733269164214196394e+02
1.733269164214196394e+02
1.531290437676443048e+02
3.464410975813118512e+02
3.060701424206697538e+02
3.060701424206697538e+02
3.060701424206697538e+02
3.060701424206697538e+02
1.394884291991769487e+02
2.066265137196811281e+02
1.159053900656373486e+02
1.394884291991769487e+02
1.394884291991769487e+02
1.394884291991769487e+02
1.159053900656373486e+02
2.066265137196811281e+02
1.716925683949397978e+02
1.716925683949397978e+02
1.716925683949397978e+02
1.716925683949397978e+02
3.427846592239673100e+02
1.532591932426908556e+02
3.001927185298059158e+02
3.427846592239673100e+02
3.427846592239673100e+02
3.427846592239673100e+02
3.001927185298059158e+02
1.532591932426908556e+02
1.342163151739767954e+02
1.342163151739767954e+02
1.342163151739767954e+02
1.342163151739767954e+02
1.545096224098699054e+02
1.257704480295984126e+02
1.906290329377170849e+02
1.545096224098699054e+02
1.545096224098699054e+02
1.545096224098699054e+02
1.906290329377170849e+02
1.257704480295984126e+02
1.551715582892669261e+02
1.551715582892669261e+02
1.551715582892669261e+02
1.551715582892669261e+02
1.204033907311741842e+02
3.248480122520400073e+02
1.399490854249094127e+02
1.204033907311741842e+02
1.204033907311741842e+02
1.204033907311741842e+02
1.399490854249094127e+02
3.248480122520400073e+02
3.775822420007806954e+02
3.775822420007806954e+02
3.775822420007806954e+02
3.775822420007806954e+02
1.253713576122568440e+02
2.522530411277817848e+02
9.674254873032126056e+01
1.253713576122568440e+02
1.253713576122568440e+02
1.253713576122568440e+02
9.674254873032126056e+01
2.522530411277817848e+02
1.946505373193020318e+02
1.946505373193020318e+02
1.946505373193020318e+02
1.946505373193020318e+02
3.035027659478068927e+02
1.822381282575519776e+02
2.509072552605022395e+02
3.035027659478068927e+02
3.035027659478068927e+02
3.035027659478068927e+02
2.509072552605022395e+02
1.822381282575519776e+02
1.506571725042433627e+02
1.506571725042433627e+02
1.506571725042433627e+02
1.506571725042433627e+02
2.582212705273342976e+02
8.461533754747037506e+01
2.856521703353934640e+02
2.582212705273342976e+02
2.582212705273342976e+02
2.582212705273342976e+02
2.856521703353934640e+02
8.461533754747037506e+01
9.360404262877415249e+01
9.360404262877415249e+01
9.360404262877415249e+01
9.360404262877415249e+01
1.980726879699936944e+02
2.176893593527227893e+02
2.133453816073964333e+02
1.980726879699936944e+02
1.980726879699936944e+02
1.980726879699936944e+02
2.133453816073964333e+02
2.176893593527227893e+02
2.344746260524924537e+02
2.344746260524924537e+02
2.344746260524924537e+02
2.344746260524924537e+02
1.116713628314660554e+02
2.217538468943950249e+02
1.480598348869612551e+02
1.116713628314660554e+02
1.116713628314660554e+02
1.116713628314660554e+02
1.480598348869612551e+02
2.217538468943950249e+02
2.940130497581890836e+02
2.940130497581890836e+02
2.940130497581890836e+02
2.940130497581890836e+02
2.874120861800307125e+02
1.742390841290832952e+02
3.535010512616827327e+02
2.874120861800307125e+02
2.874120861800307125e+02
2.874120861800307125e+02
3.535010512616827327e+02
1.742390841290832952e+02
2.143044860400279958e+02
2.143044860400279958e+02
2.143044860400279958e+02
2.143044860400279958e+02
1.829117106641012640e+02
1.087510162485198748e+02
1.691028342854718574e+02
1.829117106641012640e+02
1.829117106641012640e+02
1.829117106641012640e+02
1.691028342854718574e+02
1.087510162485198748e+02
1.005408839722770438e+02
1.005408839722770438e+02
1.005408839722770438e+02
1.005408839722770438e+02
1.323523218818990301e+02
2.699256008017272848e+02
1.249240513245916304e+02
1.323523218818990301e+02
1.323523218818990301e+02
1.323523218818990301e+02
1.249240513245916304e+02
2.699256008017272848e+02
2.547760336117526379e+02
2.547760336117526379e+02
2.547760336117526379e+02
2.547760336117526379e+02
9.653925326411008712e+01
1.460887715812542922e+02
1.342492372074283935e+02
9.653925326411008712e+01
9.653925326411008712e+01
9.653925326411008712e+01
1.342492372074283935e+02
1.460887715812542922e+02
2.031536964109168082e+02
2.031536964109168082e+02
2.031536964109168082e+02
2.031536964109168082e+02
2.408134456690838192e+02
3.534696898098981706e+02
1.895044357775761910e+02
2.408134456690838192e+02
2.408134456690838192e+02
2.408134456690838192e+02
1.895044357775761910e+02
3.534696898098981706e+02
2.781575337115788216e+02
2.781575337115788216e+02
2.781575337115788216e+02
2.781575337115788216e+02
2.007479609508414455e+02
1.641937576044203411e+02
2.951015902095218735e+02
2.007479609508414455e+02
2.007479609508414455e+02
2.007479609508414455e+02
2.951015902095218735e+02
1.641937576044203411e+02
2.413665311569786809e+02
2.413665311569786809e+02
2.413665311569786809e+02
2.413665311569786809e+02
1.550217288594642753e+02
1.247853665726264865e+02
1.172189485733951528e+02
1.550217288594642753e+02
1.550217288594642753e+02
1.550217288594642753e+02
1.172189485733951528e+02
1.247853665726264865e+02
9.435586594605287303e+01
9.435586594605287303e+01
9.435586594605287303e+01
9.435586594605287303e+01
1.416635560432761451e+02
1.145086541668604667e+02
1.759679569533591916e+02
1.416635560432761451e+02
1.416635560432761451e+02
1.416635560432761451e+02
1.759679569533591916e+02
1.145086541668604667e+02
1.422373861705526394e+02
1.422373861705526394e+02
1.422373861705526394e+02
1.422373861705526394e+02
3.492869106726982977e+02
2.867489199493913361e+02
2.227780929334815596e+02
3.492869106726982977e+02
3.492869106726982977e+02
3.492869106726982977e+02
2.227780929334815596e+02
2.867489199493913361e+02
1.828908429864451648e+02
1.828908429864451648e+02
1.828908429864451648e+02
1.828908429864451648e+02
2.264414096878674627e+02
1.845021070189052352e+02
2.727341729587383270e+02
2.264414096878674627e+02
2.264414096878674627e+02
2.264414096878674627e+02
2.727341729587383270e+02
1.845021070189052352e+02
2.222209693726432249e+02
2.222209693726432249e+02
2.222209693726432249e+02
2.222209693726432249e+02
1.611826704269986408e+02
1.291893455215422080e+02
1.097369363010501218e+02
1.611826704269986408e+02
1.611826704269986408e+02
1.611826704269986408e+02
1.097369363010501218e+02
1.291893455215422080e+02
8.795513154556324764e+01
8.795513154556324764e+01
8.795513154556324764e+01
8.795513154556324764e+01
8.254393666272315500e+01
9.118747495413863646e+01
1.234172999635959513e+02
8.254393666272315500e+01
8.254393666272315500e+01
8.254393666272315500e+01
1.234172999635959513e+02
9.118747495413863646e+01
1.363408677165766676e+02
1.363408677165766676e+02
1.363408677165766676e+02
1.363408677165766676e+02
2.185076554569201335e+02
2.396178986119835486e+02
1.632264073871813537e+02
2.185076554569201335e+02
2.185076554569201335e+02
2.185076554569201335e+02
1.632264073871813537e+02
2.396178986119835486e+02
1.789958738713896480e+02
1.789958738713896480e+02
1.789958738713896480e+02
1.789958738713896480e+02
2.485761952592950195e+02
2.716719396351863907e+02
3.499557222028843739e+02
2.485761952592950195e+02
2.485761952592950195e+02
2.485761952592950195e+02
3.499557222028843739e+02
2.716719396351863907e+02
3.824708546130785862e+02
3.824708546130785862e+02
3.824708546130785862e+02
3.824708546130785862e+02
1.856639950392305991e+02
2.043303893499785318e+02
1.448160488394684080e+02
1.856639950392305991e+02
1.856639950392305991e+02
1.856639950392305991e+02
1.448160488394684080e+02
2.043303893499785318e+02
1.593756486670540937e+02
1.593756486670540937e+02
1.593756486670540937e+02
1.593756486670540937e+02
1.278200118083647112e+02
1.026704362799263208e+02
1.757258140269797195e+02
1.278200118083647112e+02
1.278200118083647112e+02
1.278200118083647112e+02
1.757258140269797195e+02
1.026704362799263208e+02
1.411504015415411004e+02
1.411504015415411004e+02
1.411504015415411004e+02
1.411504015415411004e+02
3.100422725637496910e+02
2.531058975104542412e+02
2.460043678955961468e+02
3.100422725637496910e+02
3.100422725637496910e+02
3.100422725637496910e+02
2.460043678955961468e+02
2.531058975104542412e+02
2.008279574679743291e+02
2.008279574679743291e+02
2.008279574679743291e+02
2.008279574679743291e+02
1.457995196791748072e+02
2.147836692749939687e+02
2.110131779537869079e+02
1.457995196791748072e+02
1.457995196791748072e+02
1.457995196791748072e+02
2.110131779537869079e+02
2.147836692749939687e+02
3.108527704756573939e+02
3.108527704756573939e+02
3.108527704756573939e+02
3.108527704756573939e+02
1.077876934563588662e+02
1.637749634713316595e+02
8.241961858104546934e+01
1.077876934563588662e+02
1.077876934563588662e+02
1.077876934563588662e+02
8.241961858104546934e+01
1.637749634713316595e+02
1.252301593028984996e+02
1.252301593028984996e+02
1.252301593028984996e+02
1.252301593028984996e+02
