1.291555761834334604e+01
1.291555761834334604e+01
1.291555761834334604e+01
1.291555761834334604e+01
1.146708386675343760e+01
1.291555761834334604e+01
1.146708386675343760e+01
1.146708386675343760e+01
1.146708386675343760e+01
1.291555761834334604e+01
1.146708386675343760e+01
1.146708386675343760e+01
5.190364276530503140e+00
5.190364276530503140e+00
5.190364276530503140e+00
5.190364276530503140e+00
3.741890524940595153e+00
5.190364276530503140e+00
3.741890524940595153e+00
3.741890524940595153e+00
3.741890524940595153e+00
5.190364276530503140e+00
3.741890524940595153e+00
3.741890524940595153e+00
9.052960947436924144e+00
9.052960947436924144e+00
9.052960947436924144e+00
9.052960947436924144e+00
7.604487195847016601e+00
9.052960947436924144e+00
7.604487195847016601e+00
7.604487195847016601e+00
7.604487195847016601e+00
9.052960947436924144e+00
7.604487195847016601e+00
7.604487195847016601e+00
1.327767605624082137e+00
1.327767605624082137e+00
1.327767605624082137e+00
1.327767605624082137e+00
1.532968053765985772e+01
1.327767605624082137e+00
1.532968053765985772e+01
1.532968053765985772e+01
1.532968053765985772e+01
1.327767605624082137e+00
1.532968053765985772e+01
1.532968053765985772e+01
3.259065941077292639e+00
3.259065941077292639e+00
3.259065941077292639e+00
3.259065941077292639e+00
5.673188860393805655e+00
3.259065941077292639e+00
5.673188860393805655e+00
5.673188860393805655e+00
5.673188860393805655e+00
3.259065941077292639e+00
5.673188860393805655e+00
5.673188860393805655e+00
1.098425928289013420e+01
1.098425928289013420e+01
1.098425928289013420e+01
1.098425928289013420e+01
1.339838220220664766e+01
1.098425928289013420e+01
1.339838220220664766e+01
1.339838220220664766e+01
1.339838220220664766e+01
1.098425928289013420e+01
1.339838220220664766e+01
1.339838220220664766e+01
7.121662611983714086e+00
7.121662611983714086e+00
7.121662611983714086e+00
7.121662611983714086e+00
9.535785531300227547e+00
7.121662611983714086e+00
9.535785531300227547e+00
9.535785531300227547e+00
9.535785531300227547e+00
7.121662611983714086e+00
9.535785531300227547e+00
9.535785531300227547e+00
1.484685595379655609e+01
1.484685595379655609e+01
1.484685595379655609e+01
1.484685595379655609e+01
1.810592189487384873e+00
1.484685595379655609e+01
1.810592189487384873e+00
1.810592189487384873e+00
1.810592189487384873e+00
1.484685595379655609e+01
1.810592189487384873e+00
1.810592189487384873e+00
1.001861011516352917e+01
1.001861011516352917e+01
1.001861011516352917e+01
1.001861011516352917e+01
4.707539692667200626e+00
1.001861011516352917e+01
4.707539692667200626e+00
4.707539692667200626e+00
4.707539692667200626e+00
1.001861011516352917e+01
4.707539692667200626e+00
4.707539692667200626e+00
2.293416773350687610e+00
2.293416773350687610e+00
2.293416773350687610e+00
2.293416773350687610e+00
1.243273303448004263e+01
2.293416773350687610e+00
1.243273303448004263e+01
1.243273303448004263e+01
1.243273303448004263e+01
2.293416773350687610e+00
1.243273303448004263e+01
1.243273303448004263e+01
1.388120678606995106e+01
1.388120678606995106e+01
1.388120678606995106e+01
1.388120678606995106e+01
8.570136363573622518e+00
1.388120678606995106e+01
8.570136363573622518e+00
8.570136363573622518e+00
8.570136363573622518e+00
1.388120678606995106e+01
8.570136363573622518e+00
8.570136363573622518e+00
6.156013444257108169e+00
6.156013444257108169e+00
6.156013444257108169e+00
6.156013444257108169e+00
8.449430217607796223e-01
6.156013444257108169e+00
8.449430217607796223e-01
8.449430217607796223e-01
8.449430217607796223e-01
6.156013444257108169e+00
8.449430217607796223e-01
8.449430217607796223e-01
4.224715108803898111e+00
4.224715108803898111e+00
4.224715108803898111e+00
4.224715108803898111e+00
1.050143469902683258e+01
4.224715108803898111e+00
1.050143469902683258e+01
1.050143469902683258e+01
1.050143469902683258e+01
4.224715108803898111e+00
1.050143469902683258e+01
1.050143469902683258e+01
1.194990845061673923e+01
1.194990845061673923e+01
1.194990845061673923e+01
1.194990845061673923e+01
2.776241357213990124e+00
1.194990845061673923e+01
2.776241357213990124e+00
2.776241357213990124e+00
2.776241357213990124e+00
1.194990845061673923e+01
2.776241357213990124e+00
2.776241357213990124e+00
3.621184378974769968e-01
3.621184378974769968e-01
3.621184378974769968e-01
3.621184378974769968e-01
6.638838028120411572e+00
3.621184378974769968e-01
6.638838028120411572e+00
6.638838028120411572e+00
6.638838028120411572e+00
3.621184378974769968e-01
6.638838028120411572e+00
6.638838028120411572e+00
8.087311779710319115e+00
8.087311779710319115e+00
8.087311779710319115e+00
8.087311779710319115e+00
1.436403136993325269e+01
8.087311779710319115e+00
1.436403136993325269e+01
1.436403136993325269e+01
1.436403136993325269e+01
8.087311779710319115e+00
1.436403136993325269e+01
1.436403136993325269e+01
7.604487195847016601e+00
7.604487195847016601e+00
7.604487195847016601e+00
7.604487195847016601e+00
1.194990845061673923e+01
7.604487195847016601e+00
1.194990845061673923e+01
1.194990845061673923e+01
1.194990845061673923e+01
7.604487195847016601e+00
1.194990845061673923e+01
1.194990845061673923e+01
1.532968053765985772e+01
1.532968053765985772e+01
1.532968053765985772e+01
1.532968053765985772e+01
4.224715108803898111e+00
1.532968053765985772e+01
4.224715108803898111e+00
4.224715108803898111e+00
4.224715108803898111e+00
1.532968053765985772e+01
4.224715108803898111e+00
4.224715108803898111e+00
3.741890524940595153e+00
3.741890524940595153e+00
3.741890524940595153e+00
3.741890524940595153e+00
3.621184378974769968e-01
3.741890524940595153e+00
3.621184378974769968e-01
3.621184378974769968e-01
3.621184378974769968e-01
3.741890524940595153e+00
3.621184378974769968e-01
3.621184378974769968e-01
1.146708386675343760e+01
1.146708386675343760e+01
1.146708386675343760e+01
1.146708386675343760e+01
8.087311779710319115e+00
1.146708386675343760e+01
8.087311779710319115e+00
8.087311779710319115e+00
8.087311779710319115e+00
1.146708386675343760e+01
8.087311779710319115e+00
8.087311779710319115e+00
9.535785531300227547e+00
9.535785531300227547e+00
9.535785531300227547e+00
9.535785531300227547e+00
2.293416773350687610e+00
9.535785531300227547e+00
2.293416773350687610e+00
2.293416773350687610e+00
2.293416773350687610e+00
9.535785531300227547e+00
2.293416773350687610e+00
2.293416773350687610e+00
1.810592189487384873e+00
1.810592189487384873e+00
1.810592189487384873e+00
1.810592189487384873e+00
1.001861011516352917e+01
1.810592189487384873e+00
1.001861011516352917e+01
1.001861011516352917e+01
1.001861011516352917e+01
1.810592189487384873e+00
1.001861011516352917e+01
1.001861011516352917e+01
1.339838220220664766e+01
1.339838220220664766e+01
1.339838220220664766e+01
1.339838220220664766e+01
1.388120678606995106e+01
1.339838220220664766e+01
1.388120678606995106e+01
1.388120678606995106e+01
1.388120678606995106e+01
1.339838220220664766e+01
1.388120678606995106e+01
1.388120678606995106e+01
5.673188860393805655e+00
5.673188860393805655e+00
5.673188860393805655e+00
5.673188860393805655e+00
6.156013444257108169e+00
5.673188860393805655e+00
6.156013444257108169e+00
6.156013444257108169e+00
6.156013444257108169e+00
5.673188860393805655e+00
6.156013444257108169e+00
6.156013444257108169e+00
8.449430217607796223e-01
8.449430217607796223e-01
8.449430217607796223e-01
8.449430217607796223e-01
3.259065941077292639e+00
8.449430217607796223e-01
3.259065941077292639e+00
3.259065941077292639e+00
3.259065941077292639e+00
8.449430217607796223e-01
3.259065941077292639e+00
3.259065941077292639e+00
8.570136363573622518e+00
8.570136363573622518e+00
8.570136363573622518e+00
8.570136363573622518e+00
1.098425928289013420e+01
8.570136363573622518e+00
1.098425928289013420e+01
1.098425928289013420e+01
1.098425928289013420e+01
8.570136363573622518e+00
1.098425928289013420e+01
1.098425928289013420e+01
4.707539692667200626e+00
4.707539692667200626e+00
4.707539692667200626e+00
4.707539692667200626e+00
1.484685595379655609e+01
4.707539692667200626e+00
1.484685595379655609e+01
1.484685595379655609e+01
1.484685595379655609e+01
4.707539692667200626e+00
1.484685595379655609e+01
1.484685595379655609e+01
1.243273303448004263e+01
1.243273303448004263e+01
1.243273303448004263e+01
1.243273303448004263e+01
7.121662611983714086e+00
1.243273303448004263e+01
7.121662611983714086e+00
7.121662611983714086e+00
7.121662611983714086e+00
1.243273303448004263e+01
7.121662611983714086e+00
7.121662611983714086e+00
1.436403136993325269e+01
1.436403136993325269e+01
1.436403136993325269e+01
1.436403136993325269e+01
1.291555761834334604e+01
1.436403136993325269e+01
1.291555761834334604e+01
1.291555761834334604e+01
1.291555761834334604e+01
1.436403136993325269e+01
1.291555761834334604e+01
1.291555761834334604e+01
6.638838028120411572e+00
6.638838028120411572e+00
6.638838028120411572e+00
6.638838028120411572e+00
5.190364276530503140e+00
6.638838028120411572e+00
5.190364276530503140e+00
5.190364276530503140e+00
5.190364276530503140e+00
6.638838028120411572e+00
5.190364276530503140e+00
5.190364276530503140e+00
1.050143469902683258e+01
1.050143469902683258e+01
1.050143469902683258e+01
1.050143469902683258e+01
1.327767605624082137e+00
1.050143469902683258e+01
1.327767605624082137e+00
1.327767605624082137e+00
1.327767605624082137e+00
1.050143469902683258e+01
1.327767605624082137e+00
1.327767605624082137e+00
2.776241357213990124e+00
2.776241357213990124e+00
2.776241357213990124e+00
2.776241357213990124e+00
9.052960947436924144e+00
2.776241357213990124e+00
9.052960947436924144e+00
9.052960947436924144e+00
9.052960947436924144e+00
2.776241357213990124e+00
9.052960947436924144e+00
9.052960947436924144e+00
5.431776568462154842e+00
5.431776568462154842e+00
5.431776568462154842e+00
5.431776568462154842e+00
3.983302816872246854e+00
5.431776568462154842e+00
3.983302816872246854e+00
3.983302816872246854e+00
3.983302816872246854e+00
5.431776568462154842e+00
3.983302816872246854e+00
3.983302816872246854e+00
1.315696991027499685e+01
1.315696991027499685e+01
1.315696991027499685e+01
1.315696991027499685e+01
1.170849615868508842e+01
1.315696991027499685e+01
1.170849615868508842e+01
1.170849615868508842e+01
1.170849615868508842e+01
1.315696991027499685e+01
1.170849615868508842e+01
1.170849615868508842e+01
1.569179897555733616e+00
1.569179897555733616e+00
1.569179897555733616e+00
1.569179897555733616e+00
7.845899487778667414e+00
1.569179897555733616e+00
7.845899487778667414e+00
7.845899487778667414e+00
7.845899487778667414e+00
1.569179897555733616e+00
7.845899487778667414e+00
7.845899487778667414e+00
9.294373239368574957e+00
9.294373239368574957e+00
9.294373239368574957e+00
9.294373239368574957e+00
1.207061459658256564e-01
9.294373239368574957e+00
1.207061459658256564e-01
1.207061459658256564e-01
1.207061459658256564e-01
9.294373239368574957e+00
1.207061459658256564e-01
1.207061459658256564e-01
1.122567157482178679e+01
1.122567157482178679e+01
1.122567157482178679e+01
1.122567157482178679e+01
9.777197823231878360e+00
1.122567157482178679e+01
9.777197823231878360e+00
9.777197823231878360e+00
9.777197823231878360e+00
1.122567157482178679e+01
9.777197823231878360e+00
9.777197823231878360e+00
3.500478233008943896e+00
3.500478233008943896e+00
3.500478233008943896e+00
3.500478233008943896e+00
2.052004481419036352e+00
3.500478233008943896e+00
2.052004481419036352e+00
2.052004481419036352e+00
2.052004481419036352e+00
3.500478233008943896e+00
2.052004481419036352e+00
2.052004481419036352e+00
1.508826824572820691e+01
1.508826824572820691e+01
1.508826824572820691e+01
1.508826824572820691e+01
5.914601152325457356e+00
1.508826824572820691e+01
5.914601152325457356e+00
5.914601152325457356e+00
5.914601152325457356e+00
1.508826824572820691e+01
5.914601152325457356e+00
5.914601152325457356e+00
7.363074903915364899e+00
7.363074903915364899e+00
7.363074903915364899e+00
7.363074903915364899e+00
1.363979449413829848e+01
7.363074903915364899e+00
1.363979449413829848e+01
1.363979449413829848e+01
1.363979449413829848e+01
7.363074903915364899e+00
1.363979449413829848e+01
1.363979449413829848e+01
2.534829065282338867e+00
2.534829065282338867e+00
2.534829065282338867e+00
2.534829065282338867e+00
1.074284699095848339e+01
2.534829065282338867e+00
1.074284699095848339e+01
1.074284699095848339e+01
1.074284699095848339e+01
2.534829065282338867e+00
1.074284699095848339e+01
1.074284699095848339e+01
1.026002240709517999e+01
1.026002240709517999e+01
1.026002240709517999e+01
1.026002240709517999e+01
3.017653649145641381e+00
1.026002240709517999e+01
3.017653649145641381e+00
3.017653649145641381e+00
3.017653649145641381e+00
1.026002240709517999e+01
3.017653649145641381e+00
3.017653649145641381e+00
6.397425736188759871e+00
6.397425736188759871e+00
6.397425736188759871e+00
6.397425736188759871e+00
6.880250320052062385e+00
6.397425736188759871e+00
6.880250320052062385e+00
6.880250320052062385e+00
6.880250320052062385e+00
6.397425736188759871e+00
6.880250320052062385e+00
6.880250320052062385e+00
1.412261907800160188e+01
1.412261907800160188e+01
1.412261907800160188e+01
1.412261907800160188e+01
1.460544366186490528e+01
1.412261907800160188e+01
1.460544366186490528e+01
1.460544366186490528e+01
1.460544366186490528e+01
1.412261907800160188e+01
1.460544366186490528e+01
1.460544366186490528e+01
1.219132074254839182e+01
1.219132074254839182e+01
1.219132074254839182e+01
1.219132074254839182e+01
4.948951984598852327e+00
1.219132074254839182e+01
4.948951984598852327e+00
4.948951984598852327e+00
4.948951984598852327e+00
1.219132074254839182e+01
4.948951984598852327e+00
4.948951984598852327e+00
4.466127400735548925e+00
4.466127400735548925e+00
4.466127400735548925e+00
4.466127400735548925e+00
1.267414532641169345e+01
4.466127400735548925e+00
1.267414532641169345e+01
1.267414532641169345e+01
1.267414532641169345e+01
4.466127400735548925e+00
1.267414532641169345e+01
1.267414532641169345e+01
8.328724071641969928e+00
8.328724071641969928e+00
8.328724071641969928e+00
8.328724071641969928e+00
8.811548655505273331e+00
8.328724071641969928e+00
8.811548655505273331e+00
8.811548655505273331e+00
8.811548655505273331e+00
8.328724071641969928e+00
8.811548655505273331e+00
8.811548655505273331e+00
6.035307298291282541e-01
6.035307298291282541e-01
6.035307298291282541e-01
6.035307298291282541e-01
1.086355313692430880e+00
6.035307298291282541e-01
1.086355313692430880e+00
1.086355313692430880e+00
1.086355313692430880e+00
6.035307298291282541e-01
1.086355313692430880e+00
1.086355313692430880e+00
1.460544366186490528e+01
1.460544366186490528e+01
1.460544366186490528e+01
1.460544366186490528e+01
3.500478233008943896e+00
1.460544366186490528e+01
3.500478233008943896e+00
3.500478233008943896e+00
3.500478233008943896e+00
1.460544366186490528e+01
3.500478233008943896e+00
3.500478233008943896e+00
6.880250320052062385e+00
6.880250320052062385e+00
6.880250320052062385e+00
6.880250320052062385e+00
1.122567157482178679e+01
6.880250320052062385e+00
1.122567157482178679e+01
1.122567157482178679e+01
1.122567157482178679e+01
6.880250320052062385e+00
1.122567157482178679e+01
1.122567157482178679e+01
1.074284699095848339e+01
1.074284699095848339e+01
1.074284699095848339e+01
1.074284699095848339e+01
1.508826824572820691e+01
1.074284699095848339e+01
1.508826824572820691e+01
1.508826824572820691e+01
1.508826824572820691e+01
1.074284699095848339e+01
1.508826824572820691e+01
1.508826824572820691e+01
3.017653649145641381e+00
3.017653649145641381e+00
3.017653649145641381e+00
3.017653649145641381e+00
7.363074903915364899e+00
3.017653649145641381e+00
7.363074903915364899e+00
7.363074903915364899e+00
7.363074903915364899e+00
3.017653649145641381e+00
7.363074903915364899e+00
7.363074903915364899e+00
1.086355313692430880e+00
1.086355313692430880e+00
1.086355313692430880e+00
1.086355313692430880e+00
1.315696991027499685e+01
1.086355313692430880e+00
1.315696991027499685e+01
1.315696991027499685e+01
1.315696991027499685e+01
1.086355313692430880e+00
1.315696991027499685e+01
1.315696991027499685e+01
8.811548655505273331e+00
8.811548655505273331e+00
8.811548655505273331e+00
8.811548655505273331e+00
5.431776568462154842e+00
8.811548655505273331e+00
5.431776568462154842e+00
5.431776568462154842e+00
5.431776568462154842e+00
8.811548655505273331e+00
5.431776568462154842e+00
5.431776568462154842e+00
4.948951984598852327e+00
4.948951984598852327e+00
4.948951984598852327e+00
4.948951984598852327e+00
1.569179897555733616e+00
4.948951984598852327e+00
1.569179897555733616e+00
1.569179897555733616e+00
1.569179897555733616e+00
4.948951984598852327e+00
1.569179897555733616e+00
1.569179897555733616e+00
1.267414532641169345e+01
1.267414532641169345e+01
1.267414532641169345e+01
1.267414532641169345e+01
9.294373239368574957e+00
1.267414532641169345e+01
9.294373239368574957e+00
9.294373239368574957e+00
9.294373239368574957e+00
1.267414532641169345e+01
9.294373239368574957e+00
9.294373239368574957e+00
7.845899487778667414e+00
7.845899487778667414e+00
7.845899487778667414e+00
7.845899487778667414e+00
1.219132074254839182e+01
7.845899487778667414e+00
1.219132074254839182e+01
1.219132074254839182e+01
1.219132074254839182e+01
7.845899487778667414e+00
1.219132074254839182e+01
1.219132074254839182e+01
1.207061459658256564e-01
1.207061459658256564e-01
1.207061459658256564e-01
1.207061459658256564e-01
4.466127400735548925e+00
1.207061459658256564e-01
4.466127400735548925e+00
4.466127400735548925e+00
4.466127400735548925e+00
1.207061459658256564e-01
4.466127400735548925e+00
4.466127400735548925e+00
1.170849615868508842e+01
1.170849615868508842e+01
1.170849615868508842e+01
1.170849615868508842e+01
6.035307298291282541e-01
1.170849615868508842e+01
6.035307298291282541e-01
6.035307298291282541e-01
6.035307298291282541e-01
1.170849615868508842e+01
6.035307298291282541e-01
6.035307298291282541e-01
3.983302816872246854e+00
3.983302816872246854e+00
3.983302816872246854e+00
3.983302816872246854e+00
8.328724071641969928e+00
3.983302816872246854e+00
8.328724071641969928e+00
8.328724071641969928e+00
8.328724071641969928e+00
3.983302816872246854e+00
8.328724071641969928e+00
8.328724071641969928e+00
5.914601152325457356e+00
5.914601152325457356e+00
5.914601152325457356e+00
5.914601152325457356e+00
2.534829065282338867e+00
5.914601152325457356e+00
2.534829065282338867e+00
2.534829065282338867e+00
2.534829065282338867e+00
5.914601152325457356e+00
2.534829065282338867e+00
2.534829065282338867e+00
1.363979449413829848e+01
1.363979449413829848e+01
1.363979449413829848e+01
1.363979449413829848e+01
1.026002240709517999e+01
1.363979449413829848e+01
1.026002240709517999e+01
1.026002240709517999e+01
1.026002240709517999e+01
1.363979449413829848e+01
1.026002240709517999e+01
1.026002240709517999e+01
2.052004481419036352e+00
2.052004481419036352e+00
2.052004481419036352e+00
2.052004481419036352e+00
1.412261907800160188e+01
2.052004481419036352e+00
1.412261907800160188e+01
1.412261907800160188e+01
1.412261907800160188e+01
2.052004481419036352e+00
1.412261907800160188e+01
1.412261907800160188e+01
9.777197823231878360e+00
9.777197823231878360e+00
9.777197823231878360e+00
9.777197823231878360e+00
6.397425736188759871e+00
9.777197823231878360e+00
6.397425736188759871e+00
6.397425736188759871e+00
6.397425736188759871e+00
9.777197823231878360e+00
6.397425736188759871e+00
6.397425736188759871e+00
