3.033513219642428593e-01
3.033513219642428593e-01
3.033513219642428593e-01
3.033513219642428593e-01
2.693306129589072007e-01
2.283408132603573226e-01
2.027324977545228446e-01
2.027324977545228446e-01
2.027324977545228446e-01
2.283408132603573226e-01
2.693306129589072007e-01
2.027324977545228446e-01
9.353633115315462820e-02
9.353633115315462820e-02
9.353633115315462820e-02
9.353633115315462820e-02
6.743316897087892059e-02
1.201343400118716070e-01
8.660847768297720572e-02
8.660847768297720572e-02
8.660847768297720572e-02
1.201343400118716070e-01
6.743316897087892059e-02
8.660847768297720572e-02
1.878870974612854849e-01
1.878870974612854849e-01
1.878870974612854849e-01
1.878870974612854849e-01
1.578251618674798018e-01
2.342789733776522720e-01
1.967943376372278952e-01
1.967943376372278952e-01
1.967943376372278952e-01
2.342789733776522720e-01
1.578251618674798018e-01
1.967943376372278952e-01
3.481452554879347489e-02
3.481452554879347489e-02
3.481452554879347489e-02
3.481452554879347489e-02
4.019495222451610061e-01
2.710316484091739378e-02
3.129183577087735757e-01
3.129183577087735757e-01
3.129183577087735757e-01
2.710316484091739378e-02
4.019495222451610061e-01
3.129183577087735757e-01
8.100021534997639550e-02
8.100021534997639550e-02
8.100021534997639550e-02
8.100021534997639550e-02
1.410003748684774405e-01
7.988681032798360115e-02
1.390622253857492219e-01
1.390622253857492219e-01
1.390622253857492219e-01
7.988681032798360115e-02
1.410003748684774405e-01
1.390622253857492219e-01
2.129593290676419226e-01
2.129593290676419226e-01
2.129593290676419226e-01
2.129593290676419226e-01
2.597635772143764288e-01
2.092067417712958066e-01
2.551862454572949024e-01
2.551862454572949024e-01
2.551862454572949024e-01
2.092067417712958066e-01
2.597635772143764288e-01
2.551862454572949024e-01
1.186085627595110797e-01
1.186085627595110797e-01
1.186085627595110797e-01
1.186085627595110797e-01
1.588148552203622887e-01
1.551035051470529280e-01
2.076809645189352793e-01
2.076809645189352793e-01
2.076809645189352793e-01
1.551035051470529280e-01
1.588148552203622887e-01
2.076809645189352793e-01
3.284235535705992692e-01
3.284235535705992692e-01
3.284235535705992692e-01
3.284235535705992692e-01
4.005165287446332822e-02
4.045062300734407201e-01
4.933002805773667454e-02
4.933002805773667454e-02
4.933002805773667454e-02
4.045062300734407201e-01
4.005165287446332822e-02
4.933002805773667454e-02
1.873922507848442276e-01
1.873922507848442276e-01
1.873922507848442276e-01
1.873922507848442276e-01
8.805178048926415313e-02
1.976603193210000886e-01
9.287653558456630820e-02
9.287653558456630820e-02
9.287653558456630820e-02
1.976603193210000886e-01
8.805178048926415313e-02
9.287653558456630820e-02
5.543313706717871436e-02
5.543313706717871436e-02
5.543313706717871436e-02
5.543313706717871436e-02
3.005059535747056643e-01
5.778365878027463126e-02
3.132482554930677288e-01
3.132482554930677288e-01
3.132482554930677288e-01
5.778365878027463126e-02
3.005059535747056643e-01
3.132482554930677288e-01
3.734546011267526056e-01
3.734546011267526056e-01
3.734546011267526056e-01
3.734546011267526056e-01
2.305676233043429113e-01
3.118049526867807675e-01
1.925056664414037666e-01
1.925056664414037666e-01
1.925056664414037666e-01
3.118049526867807675e-01
2.305676233043429113e-01
1.925056664414037666e-01
1.319694230234247090e-01
1.319694230234247090e-01
1.319694230234247090e-01
1.319694230234247090e-01
1.811345021890143139e-02
1.046291441500458858e-01
1.436086292255531888e-02
1.436086292255531888e-02
1.436086292255531888e-02
1.046291441500458858e-01
1.811345021890143139e-02
1.436086292255531888e-02
8.479403986935929449e-02
8.479403986935929449e-02
8.479403986935929449e-02
8.479403986935929449e-02
2.107737562466930892e-01
1.122167931888116560e-01
2.789388859264747000e-01
2.789388859264747000e-01
2.789388859264747000e-01
1.122167931888116560e-01
2.107737562466930892e-01
2.789388859264747000e-01
3.051657597778607567e-01
3.051657597778607567e-01
3.051657597778607567e-01
3.051657597778607567e-01
7.089709570596763877e-02
2.520934537295371203e-01
5.856716601797326560e-02
5.856716601797326560e-02
5.856716601797326560e-02
2.520934537295371203e-01
7.089709570596763877e-02
5.856716601797326560e-02
8.257753913113287728e-03
8.257753913113287728e-03
8.257753913113287728e-03
8.257753913113287728e-03
1.513921550737435950e-01
6.649502214679239506e-03
1.219075406024527214e-01
1.219075406024527214e-01
1.219075406024527214e-01
6.649502214679239506e-03
1.513921550737435950e-01
1.219075406024527214e-01
1.402168676307788131e-01
1.402168676307788131e-01
1.402168676307788131e-01
1.402168676307788131e-01
2.490418992248161212e-01
1.927118525565876261e-01
3.422792605109541419e-01
3.422792605109541419e-01
3.422792605109541419e-01
1.927118525565876261e-01
2.490418992248161212e-01
3.422792605109541419e-01
2.019902277398609725e-01
2.019902277398609725e-01
2.019902277398609725e-01
2.019902277398609725e-01
3.174132150197815361e-01
1.422374915595805700e-01
2.235160581650551537e-01
2.235160581650551537e-01
2.235160581650551537e-01
1.422374915595805700e-01
3.174132150197815361e-01
2.235160581650551537e-01
3.233926123601132407e-01
3.233926123601132407e-01
3.233926123601132407e-01
3.233926123601132407e-01
8.912394828822019222e-02
3.705267582911419000e-01
1.021136735448028993e-01
1.021136735448028993e-01
1.021136735448028993e-01
3.705267582911419000e-01
8.912394828822019222e-02
1.021136735448028993e-01
6.871152288501880534e-02
6.871152288501880534e-02
6.871152288501880534e-02
6.871152288501880534e-02
6.649502214679239506e-03
1.006703707385159102e-01
9.742293942437023346e-03
9.742293942437023346e-03
9.742293942437023346e-03
1.006703707385159102e-01
6.649502214679239506e-03
9.742293942437023346e-03
2.732481491474003654e-01
2.732481491474003654e-01
2.732481491474003654e-01
2.732481491474003654e-01
1.927118525565876261e-01
2.458253958279479900e-01
1.733715949523422506e-01
1.733715949523422506e-01
1.733715949523422506e-01
2.458253958279479900e-01
1.927118525565876261e-01
1.733715949523422506e-01
2.141964457587450521e-01
2.141964457587450521e-01
2.141964457587450521e-01
2.141964457587450521e-01
5.151560087868552185e-02
2.174541863786499107e-01
5.229910811638415619e-02
5.229910811638415619e-02
5.229910811638415619e-02
2.174541863786499107e-01
5.151560087868552185e-02
5.229910811638415619e-02
3.077327769118996803e-02
3.077327769118996803e-02
3.077327769118996803e-02
3.077327769118996803e-02
1.702788032245844962e-01
3.139183603674152584e-02
1.737014927366364592e-01
1.737014927366364592e-01
1.737014927366364592e-01
3.139183603674152584e-02
1.702788032245844962e-01
1.737014927366364592e-01
2.643409089714579552e-01
2.643409089714579552e-01
2.643409089714579552e-01
2.643409089714579552e-01
2.738667074929519440e-01
2.689182407285394816e-01
2.786089881421805470e-01
2.786089881421805470e-01
2.786089881421805470e-01
2.689182407285394816e-01
2.738667074929519440e-01
2.786089881421805470e-01
1.429385243512056869e-01
1.429385243512056869e-01
1.429385243512056869e-01
1.429385243512056869e-01
1.551035051470529558e-01
1.448766738339338778e-01
1.572066035219282509e-01
1.572066035219282509e-01
1.572066035219282509e-01
1.448766738339338778e-01
1.551035051470529558e-01
1.572066035219282509e-01
1.840211078015882226e-02
1.840211078015882226e-02
1.840211078015882226e-02
1.840211078015882226e-02
7.097957015204117703e-02
1.753612909638664619e-02
6.763935508606278013e-02
6.763935508606278013e-02
6.763935508606278013e-02
1.753612909638664619e-02
7.097957015204117703e-02
6.763935508606278013e-02
2.334954661399535891e-01
2.334954661399535891e-01
2.334954661399535891e-01
2.334954661399535891e-01
2.992688368836025070e-01
2.247119376331215002e-01
2.880110749945641868e-01
2.880110749945641868e-01
2.880110749945641868e-01
2.247119376331215002e-01
2.992688368836025070e-01
2.880110749945641868e-01
1.153920593626429764e-01
1.153920593626429764e-01
1.153920593626429764e-01
1.153920593626429764e-01
3.639288026052586167e-01
1.105673042673408490e-01
3.487122673046903487e-01
3.487122673046903487e-01
3.487122673046903487e-01
1.105673042673408490e-01
3.639288026052586167e-01
3.487122673046903487e-01
2.367944439828952585e-01
2.367944439828952585e-01
2.367944439828952585e-01
2.367944439828952585e-01
1.356395358736972867e-01
2.240521420645331663e-01
1.283405473961889143e-01
1.283405473961889143e-01
1.283405473961889143e-01
2.240521420645331663e-01
1.356395358736972867e-01
1.283405473961889143e-01
2.539491287661918006e-01
2.539491287661918006e-01
2.539491287661918006e-01
2.539491287661918006e-01
2.283408132603573226e-01
3.570009491350811803e-01
3.210008534239805478e-01
3.210008534239805478e-01
3.210008534239805478e-01
3.570009491350811803e-01
2.283408132603573226e-01
3.210008534239805478e-01
1.536602023407660222e-01
1.536602023407660222e-01
1.536602023407660222e-01
1.536602023407660222e-01
1.201343400118716070e-01
1.287116824035198503e-01
1.006291335154791550e-01
1.006291335154791550e-01
1.006291335154791550e-01
1.287116824035198503e-01
1.201343400118716070e-01
1.006291335154791550e-01
2.717636091180766211e-01
2.717636091180766211e-01
2.717636091180766211e-01
2.717636091180766211e-01
3.436091609538900055e-02
1.748973722047027779e-01
2.211346085346816911e-02
2.211346085346816911e-02
2.211346085346816911e-02
1.748973722047027779e-01
3.436091609538900055e-02
2.211346085346816911e-02
5.667025375828182304e-02
5.667025375828182304e-02
5.667025375828182304e-02
5.667025375828182304e-02
1.847943057335277028e-01
6.141253440751043291e-02
2.002582643723166411e-01
2.002582643723166411e-01
2.002582643723166411e-01
6.141253440751043291e-02
1.847943057335277028e-01
2.002582643723166411e-01
1.192271211050626306e-01
1.192271211050626306e-01
1.192271211050626306e-01
1.192271211050626306e-01
8.743322214371260226e-02
9.324767059189724427e-02
6.838162510072465228e-02
6.838162510072465228e-02
6.838162510072465228e-02
9.324767059189724427e-02
8.743322214371260226e-02
6.838162510072465228e-02
2.168768652561351151e-01
2.168768652561351151e-01
2.168768652561351151e-01
2.168768652561351151e-01
1.930005131178449962e-01
2.977842968542787627e-01
2.650007045400462613e-01
2.650007045400462613e-01
2.650007045400462613e-01
2.977842968542787627e-01
1.930005131178449962e-01
2.650007045400462613e-01
3.015471934563841022e-02
3.015471934563841022e-02
3.015471934563841022e-02
3.015471934563841022e-02
1.507735967281920442e-01
3.980422953624269955e-02
1.990211476812135116e-01
1.990211476812135116e-01
1.990211476812135116e-01
3.980422953624269955e-02
1.507735967281920442e-01
1.990211476812135116e-01
2.294129810593133756e-01
2.294129810593133756e-01
2.294129810593133756e-01
2.294129810593133756e-01
2.979389364406666990e-03
1.849592546256747794e-01
2.402068241891880482e-03
2.402068241891880482e-03
2.402068241891880482e-03
1.849592546256747794e-01
2.979389364406666990e-03
2.402068241891880482e-03
2.924234578594985812e-01
2.924234578594985812e-01
2.924234578594985812e-01
2.924234578594985812e-01
2.546913987808536173e-01
2.694130874049807667e-01
2.346501083849832359e-01
2.346501083849832359e-01
2.346501083849832359e-01
2.694130874049807667e-01
2.546913987808536173e-01
2.346501083849832359e-01
7.205173795099721612e-02
7.205173795099721612e-02
7.205173795099721612e-02
7.205173795099721612e-02
4.223722569541215471e-02
6.487646114259915109e-02
3.803102894566157133e-02
3.803102894566157133e-02
3.803102894566157133e-02
6.487646114259915109e-02
4.223722569541215471e-02
3.803102894566157133e-02
2.693306129589071451e-01
2.693306129589071451e-01
2.693306129589071451e-01
2.693306129589071451e-01
1.055776002798916036e-01
3.208771417548702543e-01
1.257838395679091448e-01
1.257838395679091448e-01
1.257838395679091448e-01
3.208771417548702543e-01
1.055776002798916036e-01
1.257838395679091448e-01
1.716808688078346745e-01
1.716808688078346745e-01
1.716808688078346745e-01
1.716808688078346745e-01
3.180317733653331147e-01
1.968355748602646782e-01
3.646298353968837613e-01
3.646298353968837613e-01
3.646298353968837613e-01
1.968355748602646782e-01
3.180317733653331147e-01
3.646298353968837613e-01
4.351557960955204640e-02
4.351557960955204640e-02
4.351557960955204640e-02
4.351557960955204640e-02
1.844231707261967668e-01
4.871146971218512367e-02
2.064438478278322053e-01
2.064438478278322053e-01
2.064438478278322053e-01
4.871146971218512367e-02
1.844231707261967668e-01
2.064438478278322053e-01
2.322171122258137321e-01
2.322171122258137321e-01
2.322171122258137321e-01
2.322171122258137321e-01
6.829915065465110013e-02
2.532480959745667115e-01
7.448473411016667822e-02
7.448473411016667822e-02
7.448473411016667822e-02
2.532480959745667115e-01
6.829915065465110013e-02
7.448473411016667822e-02
1.622787819554510069e-01
1.622787819554510069e-01
1.622787819554510069e-01
1.622787819554510069e-01
1.745262371973718418e-01
1.404230537459626726e-01
1.510210200664126867e-01
1.510210200664126867e-01
1.510210200664126867e-01
1.404230537459626726e-01
1.745262371973718418e-01
1.510210200664126867e-01
2.810419843013500230e-01
2.810419843013500230e-01
2.810419843013500230e-01
2.810419843013500230e-01
2.906502572689175223e-01
2.327944333483285000e-01
2.407532173944252063e-01
2.407532173944252063e-01
2.407532173944252063e-01
2.327944333483285000e-01
2.906502572689175223e-01
2.407532173944252063e-01
2.592687305379351437e-01
2.592687305379351437e-01
2.592687305379351437e-01
2.592687305379351437e-01
1.052477024955974505e-01
3.175781639119286126e-01
1.289178685187036821e-01
1.289178685187036821e-01
1.289178685187036821e-01
3.175781639119286126e-01
1.052477024955974505e-01
1.289178685187036821e-01
1.193920699972097210e-01
1.193920699972097210e-01
1.193920699972097210e-01
1.193920699972097210e-01
3.388153337758654238e-01
9.192807945472057651e-02
2.608769822363692370e-01
2.608769822363692370e-01
2.608769822363692370e-01
9.192807945472057651e-02
3.388153337758654238e-01
2.608769822363692370e-01
1.998871293649857050e-01
1.998871293649857050e-01
1.998871293649857050e-01
1.998871293649857050e-01
2.114747890383182338e-01
1.486704983533167490e-01
1.572890779680017892e-01
1.572890779680017892e-01
1.572890779680017892e-01
1.486704983533167490e-01
2.114747890383182338e-01
1.572890779680017892e-01
1.118559674872399157e-02
1.118559674872399157e-02
1.118559674872399157e-02
1.118559674872399157e-02
2.013407414770318482e-02
1.407220236129792454e-02
2.532996425033626556e-02
2.532996425033626556e-02
2.532996425033626556e-02
1.407220236129792454e-02
2.013407414770318482e-02
2.532996425033626556e-02
3.654958170806559270e-01
3.654958170806559270e-01
3.654958170806559270e-01
3.654958170806559270e-01
8.759817103585967879e-02
2.756811453065697859e-01
6.607234061066549757e-02
6.607234061066549757e-02
6.607234061066549757e-02
2.756811453065697859e-01
8.759817103585967879e-02
6.607234061066549757e-02
1.345673680747412615e-01
1.345673680747412615e-01
1.345673680747412615e-01
1.345673680747412615e-01
2.195572847535252337e-01
1.674746720580841119e-01
2.732481491474003654e-01
2.732481491474003654e-01
2.732481491474003654e-01
1.674746720580841119e-01
2.195572847535252337e-01
2.732481491474003654e-01
1.807530578759241890e-01
1.807530578759241890e-01
1.807530578759241890e-01
1.807530578759241890e-01
2.538666543201182346e-01
2.908564433841013264e-01
4.085062407080075064e-01
4.085062407080075064e-01
4.085062407080075064e-01
2.908564433841013264e-01
2.538666543201182346e-01
4.085062407080075064e-01
6.726822007873183018e-02
6.726822007873183018e-02
6.726822007873183018e-02
6.726822007873183018e-02
1.641344569921056873e-01
6.520635892689330415e-02
1.591035157816196866e-01
1.591035157816196866e-01
1.591035157816196866e-01
6.520635892689330415e-02
1.641344569921056873e-01
1.591035157816196866e-01
2.570109925766719816e-02
2.570109925766719816e-02
2.570109925766719816e-02
2.570109925766719816e-02
3.112688687873027549e-01
2.495882924300532602e-02
3.022791541652867231e-01
3.022791541652867231e-01
3.022791541652867231e-01
2.495882924300532602e-02
3.112688687873027549e-01
3.022791541652867231e-01
1.602993952496860330e-01
1.602993952496860330e-01
1.602993952496860330e-01
1.602993952496860330e-01
9.881469570186124374e-02
1.542787606863175454e-01
9.510334562855191076e-02
9.510334562855191076e-02
9.510334562855191076e-02
1.542787606863175454e-01
9.881469570186124374e-02
9.510334562855191076e-02
1.035569763510898605e-01
1.035569763510898605e-01
1.035569763510898605e-01
1.035569763510898605e-01
3.283513884302849406e-02
1.001755240620746806e-01
3.176297104407246191e-02
3.176297104407246191e-02
3.176297104407246191e-02
1.001755240620746806e-01
3.283513884302849406e-02
3.176297104407246191e-02
3.344854253570045399e-01
3.344854253570045399e-01
3.344854253570045399e-01
3.344854253570045399e-01
2.452893119284700052e-01
3.258256085192827167e-01
2.389387795808073089e-01
2.389387795808073089e-01
2.389387795808073089e-01
3.258256085192827167e-01
2.452893119284700052e-01
2.389387795808073089e-01
1.588148552203622887e-01
1.588148552203622887e-01
1.588148552203622887e-01
1.588148552203622887e-01
2.467738519577937217e-01
1.641756942151424703e-01
2.551037710112213364e-01
2.551037710112213364e-01
2.551037710112213364e-01
1.641756942151424703e-01
2.467738519577937217e-01
2.551037710112213364e-01
3.103101033516978292e-03
3.103101033516978292e-03
3.103101033516978292e-03
3.103101033516978292e-03
1.148147382401281946e-01
3.185575479590519593e-03
1.178662927448492215e-01
1.178662927448492215e-01
1.178662927448492215e-01
3.185575479590519593e-03
1.148147382401281946e-01
1.178662927448492215e-01
2.690007151746129921e-01
2.690007151746129921e-01
2.690007151746129921e-01
2.690007151746129921e-01
1.386601624611407020e-02
2.770007364437464537e-01
1.427838847648177714e-02
1.427838847648177714e-02
1.427838847648177714e-02
2.770007364437464537e-01
1.386601624611407020e-02
1.427838847648177714e-02
6.974245346093807529e-02
6.974245346093807529e-02
6.974245346093807529e-02
6.974245346093807529e-02
1.458251299637796095e-01
7.246411018136490745e-02
1.515158667428539163e-01
1.515158667428539163e-01
1.515158667428539163e-01
7.246411018136490745e-02
1.458251299637796095e-01
1.515158667428539163e-01
1.116394720662968604e-01
1.116394720662968604e-01
1.116394720662968604e-01
1.116394720662968604e-01
4.784548802841294413e-02
1.480107027847284429e-01
6.343315833631218981e-02
6.343315833631218981e-02
6.343315833631218981e-02
1.480107027847284429e-01
4.784548802841294413e-02
6.343315833631218981e-02
3.320111919747983364e-01
3.320111919747983364e-01
3.320111919747983364e-01
3.320111919747983364e-01
2.497429320164412103e-01
2.667739051306274312e-01
2.006706366026843602e-01
2.006706366026843602e-01
2.006706366026843602e-01
2.667739051306274312e-01
2.497429320164412103e-01
2.006706366026843602e-01
5.555684873628902176e-02
5.555684873628902176e-02
5.555684873628902176e-02
5.555684873628902176e-02
3.823618413026950158e-01
3.452586498753608402e-02
2.376191884436306689e-01
2.376191884436306689e-01
2.376191884436306689e-01
3.452586498753608402e-02
3.823618413026950158e-01
2.376191884436306689e-01
2.112686029231343188e-01
2.112686029231343188e-01
2.112686029231343188e-01
2.112686029231343188e-01
1.382374809250138115e-01
2.179490330550911403e-01
1.426086265669114783e-01
1.426086265669114783e-01
1.426086265669114783e-01
2.179490330550911403e-01
1.382374809250138115e-01
1.426086265669114783e-01
