9.108123441976390566e+00
9.108123441976390566e+00
9.108123441976390566e+00
9.108123441976390566e+00
8.086651654091188135e+00
6.855932918142227273e+00
6.087043245079548193e+00
6.087043245079548193e+00
6.087043245079548193e+00
6.855932918142227273e+00
8.086651654091188135e+00
6.087043245079548193e+00
2.808428342873467098e+00
2.808428342873467098e+00
2.808428342873467098e+00
2.808428342873467098e+00
2.024680898350639247e+00
3.607033558856445055e+00
2.600419542431390063e+00
2.600419542431390063e+00
2.600419542431390063e+00
3.607033558856445055e+00
2.024680898350639247e+00
2.600419542431390063e+00
5.641310101275096578e+00
5.641310101275096578e+00
5.641310101275096578e+00
5.641310101275096578e+00
4.738700485071080770e+00
7.034226175664008984e+00
5.908749987557767369e+00
5.908749987557767369e+00
5.908749987557767369e+00
7.034226175664008984e+00
4.738700485071080770e+00
5.908749987557767369e+00
1.045306129602523892e+00
1.045306129602523892e+00
1.045306129602523892e+00
1.045306129602523892e+00
1.206853440541095956e+01
8.137725243485446347e-01
9.395373690205925499e+00
9.395373690205925499e+00
9.395373690205925499e+00
8.137725243485446347e-01
1.206853440541095956e+01
9.395373690205925499e+00
2.432031465883041310e+00
2.432031465883041310e+00
2.432031465883041310e+00
2.432031465883041310e+00
4.233536255426034955e+00
2.398601480097707572e+00
4.175343317207119931e+00
4.175343317207119931e+00
4.175343317207119931e+00
2.398601480097707572e+00
4.233536255426034955e+00
4.175343317207119931e+00
6.394103855255948154e+00
6.394103855255948154e+00
6.394103855255948154e+00
6.394103855255948154e+00
7.799401405861652314e+00
6.281432421683155631e+00
7.661967019855278949e+00
7.661967019855278949e+00
7.661967019855278949e+00
6.281432421683155631e+00
7.799401405861652314e+00
7.661967019855278949e+00
3.561222096854320007e+00
3.561222096854320007e+00
3.561222096854320007e+00
3.561222096854320007e+00
4.768416027991377426e+00
4.656982742040264078e+00
6.235620959681031472e+00
6.235620959681031472e+00
6.235620959681031472e+00
4.656982742040264078e+00
4.768416027991377426e+00
6.235620959681031472e+00
9.860917195957242143e+00
9.860917195957242143e+00
9.860917195957242143e+00
9.860917195957242143e+00
1.202550877555761399e+00
1.214529955795505778e+01
1.481134092433543659e+00
1.481134092433543659e+00
1.481134092433543659e+00
1.214529955795505778e+01
1.202550877555761399e+00
1.481134092433543659e+00
5.626452329814948250e+00
5.626452329814948250e+00
5.626452329814948250e+00
5.626452329814948250e+00
2.643754709190156316e+00
5.934751087613026499e+00
2.788617980926602957e+00
2.788617980926602957e+00
2.788617980926602957e+00
5.934751087613026499e+00
2.643754709190156316e+00
2.788617980926602957e+00
1.664379940442040740e+00
1.664379940442040740e+00
1.664379940442040740e+00
1.664379940442040740e+00
9.022691256080536348e+00
1.734954354877745741e+00
9.405278871179358902e+00
9.405278871179358902e+00
9.405278871179358902e+00
1.734954354877745741e+00
9.022691256080536348e+00
9.405278871179358902e+00
1.121297439883074532e+01
1.121297439883074532e+01
1.121297439883074532e+01
1.121297439883074532e+01
6.922792889712894748e+00
9.361943704420591317e+00
5.779982634903147343e+00
5.779982634903147343e+00
5.779982634903147343e+00
9.361943704420591317e+00
6.922792889712894748e+00
5.779982634903147343e+00
3.962381926278326638e+00
3.962381926278326638e+00
3.962381926278326638e+00
3.962381926278326638e+00
5.438563428225153817e-01
3.141490053105127522e+00
4.311849092497234137e-01
4.311849092497234137e-01
4.311849092497234137e-01
3.141490053105127522e+00
5.438563428225153817e-01
4.311849092497234137e-01
2.545941047077512565e+00
2.545941047077512565e+00
2.545941047077512565e+00
2.545941047077512565e+00
6.328482031306959854e+00
3.369309215494070031e+00
8.375140049942402243e+00
8.375140049942402243e+00
8.375140049942402243e+00
3.369309215494070031e+00
6.328482031306959854e+00
8.375140049942402243e+00
9.162601937330268953e+00
9.162601937330268953e+00
9.162601937330268953e+00
9.162601937330268953e+00
2.128685298571678430e+00
7.569105948229351455e+00
1.758479159689647187e+00
1.758479159689647187e+00
1.758479159689647187e+00
7.569105948229351455e+00
2.128685298571678430e+00
1.758479159689647187e+00
2.479390612412264716e-01
2.479390612412264716e-01
2.479390612412264716e-01
2.479390612412264716e-01
4.545549456089150731e+00
1.996513039957441560e-01
3.660273906588642934e+00
3.660273906588642934e+00
3.660273906588642934e+00
1.996513039957441560e-01
4.545549456089150731e+00
3.660273906588642934e+00
4.210011450614133288e+00
4.210011450614133288e+00
4.210011450614133288e+00
4.210011450614133288e+00
7.477483024225103136e+00
5.786173373011543219e+00
1.027693479684139710e+01
1.027693479684139710e+01
1.027693479684139710e+01
5.786173373011543219e+00
7.477483024225103136e+00
1.027693479684139710e+01
6.064756587889325701e+00
6.064756587889325701e+00
6.064756587889325701e+00
6.064756587889325701e+00
9.530331780968939626e+00
4.270680684076406664e+00
6.711069646405780631e+00
6.711069646405780631e+00
6.711069646405780631e+00
4.270680684076406664e+00
9.530331780968939626e+00
6.711069646405780631e+00
9.709863186112398736e+00
9.709863186112398736e+00
9.709863186112398736e+00
9.709863186112398736e+00
2.675946547353811322e+00
1.112506591769153452e+01
3.065963048182707151e+00
3.065963048182707151e+00
3.065963048182707151e+00
1.112506591769153452e+01
2.675946547353811322e+00
3.065963048182707151e+00
2.063063474622689242e+00
2.063063474622689242e+00
2.063063474622689242e+00
2.063063474622689242e+00
1.996513039957441560e-01
3.022627881423939566e+00
2.925123756216715942e-01
2.925123756216715942e-01
2.925123756216715942e-01
3.022627881423939566e+00
1.996513039957441560e-01
2.925123756216715942e-01
8.204275678150695583e+00
8.204275678150695583e+00
8.204275678150695583e+00
8.204275678150695583e+00
5.786173373011543219e+00
7.380907509734138117e+00
5.205482138444075701e+00
5.205482138444075701e+00
5.205482138444075701e+00
7.380907509734138117e+00
5.786173373011543219e+00
5.205482138444075701e+00
6.431248283906319863e+00
6.431248283906319863e+00
6.431248283906319863e+00
6.431248283906319863e+00
1.546755916382532847e+00
6.529061946018963170e+00
1.570280721194434070e+00
1.570280721194434070e+00
1.570280721194434070e+00
6.529061946018963170e+00
1.546755916382532847e+00
1.570280721194434070e+00
9.239676626779786961e-01
9.239676626779786961e-01
9.239676626779786961e-01
9.239676626779786961e-01
5.112621066818149096e+00
9.425398770031642171e-01
5.215387319417509104e+00
5.215387319417509104e+00
5.215387319417509104e+00
9.425398770031642171e-01
5.112621066818149096e+00
5.215387319417509104e+00
7.936835791868024792e+00
7.936835791868024792e+00
7.936835791868024792e+00
7.936835791868024792e+00
8.222847892475881437e+00
8.074270177874396381e+00
8.365234868968970616e+00
8.365234868968970616e+00
8.365234868968970616e+00
8.074270177874396381e+00
8.222847892475881437e+00
8.365234868968970616e+00
4.291729193644950868e+00
4.291729193644950868e+00
4.291729193644950868e+00
4.291729193644950868e+00
4.656982742040264966e+00
4.349922131863864116e+00
4.720128270745895804e+00
4.720128270745895804e+00
4.720128270745895804e+00
4.349922131863864116e+00
4.656982742040264966e+00
4.720128270745895804e+00
5.525233761742686101e-01
5.525233761742686101e-01
5.525233761742686101e-01
5.525233761742686101e-01
2.131161593815036337e+00
5.265222761190089251e-01
2.030871636459034679e+00
2.030871636459034679e+00
2.030871636459034679e+00
5.265222761190089251e-01
2.131161593815036337e+00
2.030871636459034679e+00
7.010701370852105541e+00
7.010701370852105541e+00
7.010701370852105541e+00
7.010701370852105541e+00
8.985546827430164640e+00
6.746975927434473164e+00
8.647532526711788847e+00
8.647532526711788847e+00
8.647532526711788847e+00
6.746975927434473164e+00
8.985546827430164640e+00
8.647532526711788847e+00
3.464646582363355432e+00
3.464646582363355432e+00
3.464646582363355432e+00
3.464646582363355432e+00
1.092696229822288778e+01
3.319783310626908346e+00
1.047008582582332714e+01
1.047008582582332714e+01
1.047008582582332714e+01
3.319783310626908346e+00
1.092696229822288778e+01
1.047008582582332714e+01
7.109753180586429799e+00
7.109753180586429799e+00
7.109753180586429799e+00
7.109753180586429799e+00
4.072577064607760811e+00
6.727165565487608134e+00
3.853424935570571641e+00
3.853424935570571641e+00
3.853424935570571641e+00
6.727165565487608134e+00
4.072577064607760811e+00
3.853424935570571641e+00
7.624822591204908129e+00
7.624822591204908129e+00
7.624822591204908129e+00
7.624822591204908129e+00
6.855932918142227273e+00
1.071895349778081119e+01
9.638050624055015447e+00
9.638050624055015447e+00
9.638050624055015447e+00
1.071895349778081119e+01
6.855932918142227273e+00
9.638050624055015447e+00
4.613647575281499158e+00
4.613647575281499158e+00
4.613647575281499158e+00
4.613647575281499158e+00
3.607033558856445055e+00
3.864568264165683331e+00
3.021389733802261279e+00
3.021389733802261279e+00
3.021389733802261279e+00
3.864568264165683331e+00
3.607033558856445055e+00
3.021389733802261279e+00
8.159702363770250599e+00
8.159702363770250599e+00
8.159702363770250599e+00
8.159702363770250599e+00
1.031686505764054518e+00
5.251293600446200749e+00
6.639566621253817358e-01
6.639566621253817358e-01
6.639566621253817358e-01
5.251293600446200749e+00
1.031686505764054518e+00
6.639566621253817358e-01
1.701524369092411559e+00
1.701524369092411559e+00
1.701524369092411559e+00
1.701524369092411559e+00
5.548449029649169084e+00
1.843911345585500738e+00
6.012754387778806553e+00
6.012754387778806553e+00
6.012754387778806553e+00
1.843911345585500738e+00
5.548449029649169084e+00
6.012754387778806553e+00
3.579794311179505417e+00
3.579794311179505417e+00
3.579794311179505417e+00
3.579794311179505417e+00
2.625182494864970906e+00
2.799761309521714647e+00
2.053158293649257615e+00
2.053158293649257615e+00
2.053158293649257615e+00
2.799761309521714647e+00
2.625182494864970906e+00
2.053158293649257615e+00
6.511727879315456491e+00
6.511727879315456491e+00
6.511727879315456491e+00
6.511727879315456491e+00
5.794840406363295671e+00
8.940973513049717880e+00
7.956646153814888933e+00
7.956646153814888933e+00
7.956646153814888933e+00
8.940973513049717880e+00
5.794840406363295671e+00
7.956646153814888933e+00
9.053954483527932862e-01
9.053954483527932862e-01
9.053954483527932862e-01
9.053954483527932862e-01
4.526977241763965765e+00
1.195121991825687013e+00
5.975609959128434845e+00
5.975609959128434845e+00
5.975609959128434845e+00
1.195121991825687013e+00
4.526977241763965765e+00
5.975609959128434845e+00
6.888124756305884056e+00
6.888124756305884056e+00
6.888124756305884056e+00
6.888124756305884056e+00
8.945616566631017785e-02
5.553401620135884897e+00
7.212209896280370736e-02
7.212209896280370736e-02
7.212209896280370736e-02
5.553401620135884897e+00
8.945616566631017785e-02
7.212209896280370736e-02
8.780014322231444623e+00
8.780014322231444623e+00
8.780014322231444623e+00
8.780014322231444623e+00
7.647109248395129733e+00
8.089127949334546486e+00
7.045369504259120674e+00
7.045369504259120674e+00
7.045369504259120674e+00
8.089127949334546486e+00
7.647109248395129733e+00
7.045369504259120674e+00
2.163353431978691344e+00
2.163353431978691344e+00
2.163353431978691344e+00
2.163353431978691344e+00
1.268172701504749922e+00
1.947915745806539256e+00
1.141881644093488690e+00
1.141881644093488690e+00
1.141881644093488690e+00
1.947915745806539256e+00
1.268172701504749922e+00
1.141881644093488690e+00
8.086651654091186359e+00
8.086651654091186359e+00
8.086651654091186359e+00
8.086651654091186359e+00
3.169967448403745447e+00
9.634336181189979698e+00
3.776659783026471651e+00
3.776659783026471651e+00
3.776659783026471651e+00
9.634336181189979698e+00
3.169967448403745447e+00
3.776659783026471651e+00
5.154718085955234841e+00
5.154718085955234841e+00
5.154718085955234841e+00
5.154718085955234841e+00
9.548903995294125480e+00
5.909988135179446544e+00
1.094801080779143376e+01
1.094801080779143376e+01
1.094801080779143376e+01
5.909988135179446544e+00
9.548903995294125480e+00
1.094801080779143376e+01
1.306555277776800139e+00
1.306555277776800139e+00
1.306555277776800139e+00
1.306555277776800139e+00
5.537305701054058282e+00
1.462561878108358249e+00
6.198476531030661540e+00
6.198476531030661540e+00
6.198476531030661540e+00
1.462561878108358249e+00
5.537305701054058282e+00
6.198476531030661540e+00
6.972318794580056434e+00
6.972318794580056434e+00
6.972318794580056434e+00
6.972318794580056434e+00
2.050681998405899265e+00
7.603774081636364812e+00
2.236404141657754252e+00
2.236404141657754252e+00
2.236404141657754252e+00
7.603774081636364812e+00
2.050681998405899265e+00
2.236404141657754252e+00
4.872420428212415722e+00
4.872420428212415722e+00
4.872420428212415722e+00
4.872420428212415722e+00
5.240150271851089059e+00
4.216202188722529165e+00
4.534406127494039929e+00
4.534406127494039929e+00
4.534406127494039929e+00
4.216202188722529165e+00
5.240150271851089059e+00
4.534406127494039929e+00
8.438285578648033081e+00
8.438285578648033081e+00
8.438285578648033081e+00
8.438285578648033081e+00
8.726773974499248965e+00
6.989652861283562224e+00
7.228615352267616423e+00
7.228615352267616423e+00
7.228615352267616423e+00
6.989652861283562224e+00
8.726773974499248965e+00
7.228615352267616423e+00
7.784543634401502210e+00
7.784543634401502210e+00
7.784543634401502210e+00
7.784543634401502210e+00
3.160062267430313376e+00
9.535284371455656327e+00
3.870759002274077876e+00
3.870759002274077876e+00
3.870759002274077876e+00
9.535284371455656327e+00
3.160062267430313376e+00
3.870759002274077876e+00
3.584746901666221675e+00
3.584746901666221675e+00
3.584746901666221675e+00
3.584746901666221675e+00
1.017293039662035881e+01
2.760140585627985033e+00
7.832831391646985608e+00
7.832831391646985608e+00
7.832831391646985608e+00
2.760140585627985033e+00
1.017293039662035881e+01
7.832831391646985608e+00
6.001611059183695751e+00
6.001611059183695751e+00
6.001611059183695751e+00
6.001611059183695751e+00
6.349530540875504947e+00
4.463831713058334927e+00
4.722604565989253267e+00
4.722604565989253267e+00
4.722604565989253267e+00
4.463831713058334927e+00
6.349530540875504947e+00
4.722604565989253267e+00
3.358475423804378468e-01
3.358475423804378468e-01
3.358475423804378468e-01
3.358475423804378468e-01
6.045255762847880909e-01
4.225178758979701299e-01
7.605321766163464225e-01
7.605321766163464225e-01
7.605321766163464225e-01
4.225178758979701299e-01
6.045255762847880909e-01
7.605321766163464225e-01
1.097401190784669467e+01
1.097401190784669467e+01
1.097401190784669467e+01
1.097401190784669467e+01
2.630135085351686719e+00
8.277326387829756271e+00
1.983822026835231567e+00
1.983822026835231567e+00
1.983822026835231567e+00
8.277326387829756271e+00
2.630135085351686719e+00
1.983822026835231567e+00
4.040385226444105804e+00
4.040385226444105804e+00
4.040385226444105804e+00
4.040385226444105804e+00
6.592207474724594896e+00
5.028427028543975830e+00
8.204275678150695583e+00
8.204275678150695583e+00
8.204275678150695583e+00
5.028427028543975830e+00
6.592207474724594896e+00
8.204275678150695583e+00
5.427110562724624110e+00
5.427110562724624110e+00
5.427110562724624110e+00
5.427110562724624110e+00
7.622346295961548890e+00
8.732964712607641289e+00
1.226539987725792535e+01
1.226539987725792535e+01
1.226539987725792535e+01
8.732964712607641289e+00
7.622346295961548890e+00
1.226539987725792535e+01
2.019728307863922989e+00
2.019728307863922989e+00
2.019728307863922989e+00
2.019728307863922989e+00
4.928137071187972396e+00
1.957820926779971327e+00
4.777083061343130765e+00
4.777083061343130765e+00
4.777083061343130765e+00
1.957820926779971327e+00
4.928137071187972396e+00
4.777083061343130765e+00
7.716755052114576685e-01
7.716755052114576685e-01
7.716755052114576685e-01
7.716755052114576685e-01
9.345847785338765590e+00
7.493888480212348435e-01
9.075931603812733783e+00
9.075931603812733783e+00
9.075931603812733783e+00
7.493888480212348435e-01
9.345847785338765590e+00
9.075931603812733783e+00
4.812989342371822410e+00
4.812989342371822410e+00
4.812989342371822410e+00
4.812989342371822410e+00
2.966911238448383337e+00
4.632219789606684124e+00
2.855477952497270877e+00
2.855477952497270877e+00
2.855477952497270877e+00
4.632219789606684124e+00
2.966911238448383337e+00
2.855477952497270877e+00
3.109298214941472516e+00
3.109298214941472516e+00
3.109298214941472516e+00
3.109298214941472516e+00
9.858750437619304696e-01
3.007770109963792127e+00
9.536832055982755740e-01
9.536832055982755740e-01
9.536832055982755740e-01
3.007770109963792127e+00
9.858750437619304696e-01
9.536832055982755740e-01
1.004292489634405960e+01
1.004292489634405960e+01
1.004292489634405960e+01
1.004292489634405960e+01
7.364811590652311502e+00
9.782913895791462977e+00
7.174136856913739813e+00
7.174136856913739813e+00
7.174136856913739813e+00
9.782913895791462977e+00
7.364811590652311502e+00
7.174136856913739813e+00
4.768416027991377426e+00
4.768416027991377426e+00
4.768416027991377426e+00
4.768416027991377426e+00
7.409384905032756485e+00
4.929375218809652459e+00
7.659490724611919710e+00
7.659490724611919710e+00
7.659490724611919710e+00
4.929375218809652459e+00
7.409384905032756485e+00
7.659490724611919710e+00
9.317060853134725984e-02
9.317060853134725984e-02
9.317060853134725984e-02
9.317060853134725984e-02
3.447312515659848753e+00
9.564690377470534688e-02
3.538935439664097515e+00
3.538935439664097515e+00
3.538935439664097515e+00
9.564690377470534688e-02
3.447312515659848753e+00
3.538935439664097515e+00
8.076746473117754732e+00
8.076746473117754732e+00
8.076746473117754732e+00
8.076746473117754732e+00
4.163271377895749747e-01
8.316947111723486330e+00
4.287086140063653406e-01
4.287086140063653406e-01
4.287086140063653406e-01
8.316947111723486330e+00
4.163271377895749747e-01
4.287086140063653406e-01
2.094017165164665517e+00
2.094017165164665517e+00
2.094017165164665517e+00
2.094017165164665517e+00
4.378399527162482485e+00
2.175734908195481321e+00
4.549263898954188257e+00
4.549263898954188257e+00
4.549263898954188257e+00
2.175734908195481321e+00
4.378399527162482485e+00
4.549263898954188257e+00
3.351975148790562908e+00
3.351975148790562908e+00
3.351975148790562908e+00
3.351975148790562908e+00
1.436560778053098675e+00
4.444021351111470786e+00
1.904580579047773448e+00
1.904580579047773448e+00
1.904580579047773448e+00
4.444021351111470786e+00
1.436560778053098675e+00
1.904580579047773448e+00
9.968636039043319741e+00
9.968636039043319741e+00
9.968636039043319741e+00
9.968636039043319741e+00
7.498531533793647341e+00
8.009886501547088145e+00
6.025135863995597418e+00
6.025135863995597418e+00
6.025135863995597418e+00
8.009886501547088145e+00
7.498531533793647341e+00
6.025135863995597418e+00
1.668094383307077599e+00
1.668094383307077599e+00
1.668094383307077599e+00
1.668094383307077599e+00
1.148041428511341699e+01
1.036639096250770775e+00
7.134516133020009754e+00
7.134516133020009754e+00
7.134516133020009754e+00
1.036639096250770775e+00
1.148041428511341699e+01
7.134516133020009754e+00
6.343339802767107294e+00
6.343339802767107294e+00
6.343339802767107294e+00
6.343339802767107294e+00
4.150580364773539088e+00
6.543919717479110609e+00
4.281824012671516577e+00
4.281824012671516577e+00
4.281824012671516577e+00
6.543919717479110609e+00
4.150580364773539088e+00
4.281824012671516577e+00
