2.826663577336271591e-02
3.630913412821571568e-02
4.364804718012985779e-02
3.408629134477194483e-02
4.364804718012985779e-02
4.248689816047257484e-02
4.248689816047257484e-02
4.250892768492220419e-02
4.250892768492220419e-02
3.493888539661159365e-02
3.842531564053287135e-02
3.493888539661159365e-02
3.088840902248685127e-02
3.400941059176842279e-02
4.540510086847920901e-02
4.216563575048392493e-02
3.524817648725778879e-02
3.799290282440104249e-02
3.524817648725778879e-02
4.798866445666772479e-02
4.798866445666772479e-02
3.813585413771380939e-02
3.813585413771380939e-02
3.486924142581514924e-02
3.521696804653905166e-02
3.486924142581514924e-02
4.834932214656179755e-02
4.882000513575982664e-02
4.253428034527376861e-02
4.203320493441800587e-02
3.820728619225697426e-02
3.866713337167409364e-02
3.820728619225697426e-02
3.085356615039389072e-02
3.085356615039389072e-02
4.006006656811673255e-02
4.006006656811673255e-02
4.073744073682090960e-02
3.907052165936899385e-02
4.073744073682090960e-02
4.283207868724392409e-02
4.108954647083385564e-02
4.445061045339238071e-02
3.080473902108689724e-02
2.765892507210860121e-02
4.003783047715255700e-02
2.765892507210860121e-02
3.828461942984155014e-02
3.828461942984155014e-02
3.651260610383899596e-02
3.651260610383899596e-02
3.949301652785021377e-02
4.768892390776944407e-02
3.949301652785021377e-02
4.035810026279750690e-02
4.870848157859639094e-02
3.940547505765640973e-02
3.353867017899452713e-02
3.410900549879427451e-02
4.006572550341810923e-02
3.410900549879427451e-02
3.585087986699387469e-02
3.585087986699387469e-02
4.295897908836519147e-02
4.295897908836519147e-02
4.185043833228856841e-02
4.962722498879369032e-02
4.185043833228856841e-02
4.103320529488512641e-02
4.867361947862173382e-02
4.078215082726490553e-02
3.982538015884858756e-02
3.295099169187432758e-02
3.375746523497336754e-02
3.295099169187432758e-02
4.115110061491738386e-02
4.115110061491738386e-02
4.320449640152946441e-02
4.320449640152946441e-02
3.047225950272068606e-02
2.906881373502792978e-02
3.047225950272068606e-02
3.954733043211260818e-02
3.777733576790683750e-02
3.960155583486554137e-02
3.277054295984895005e-02
4.119356836401572713e-02
4.951449245351469824e-02
4.119356836401572713e-02
4.673262507699484786e-02
4.673262507699484786e-02
3.912609309802533158e-02
3.912609309802533158e-02
3.732785308155530529e-02
3.885413273739383305e-02
3.732785308155530529e-02
3.992515134807775312e-02
4.154382898853101191e-02
4.418448226885423463e-02
4.305589213407556848e-02
4.380515908981102297e-02
4.495152152560131370e-02
4.380515908981102297e-02
3.803974520257689257e-02
3.803974520257689257e-02
3.704478889803331648e-02
3.704478889803331648e-02
3.408838386056984443e-02
4.134815512601281579e-02
3.408838386056984443e-02
2.906444109197720005e-02
3.534336323856745316e-02
5.255299392935020020e-02
4.215425008799365131e-02
4.265248205152363803e-02
5.315360970180785238e-02
4.265248205152363803e-02
2.952373569239738482e-02
2.952373569239738482e-02
3.415756453883585925e-02
3.415756453883585925e-02
4.073902964942174854e-02
2.721110251561224824e-02
4.073902964942174854e-02
3.664484020426794775e-02
2.443610396464881984e-02
3.369810611931892130e-02
4.289524039646789438e-02
4.710020524487982391e-02
3.708587497409793904e-02
4.710020524487982391e-02
2.941484636159109878e-02
2.941484636159109878e-02
2.896494930922289060e-02
2.896494930922289060e-02
4.774342102417150624e-02
4.353534269498465781e-02
4.774342102417150624e-02
4.680768743425143402e-02
4.267048510709853942e-02
3.840857511471321151e-02
4.236634991766035502e-02
4.878927023375139588e-02
4.431364058287976665e-02
4.878927023375139588e-02
4.556807718799473633e-02
4.556807718799473633e-02
3.649154748659092645e-02
3.649154748659092645e-02
4.506526843671130461e-02
3.992619650471468384e-02
4.506526843671130461e-02
5.051446564843964371e-02
4.484617261179521530e-02
3.249689777479836811e-02
3.651073201230376625e-02
3.587025873520855584e-02
3.192218135879507090e-02
3.587025873520855584e-02
4.859902363719108970e-02
4.859902363719108970e-02
3.235304959531421637e-02
3.235304959531421637e-02
3.612520386513094067e-02
4.511556253157453233e-02
3.612520386513094067e-02
4.211041476714536685e-02
5.228631475769000142e-02
3.416684355595116240e-02
3.295763222045802049e-02
3.614900347140211773e-02
3.746599244027263437e-02
3.614900347140211773e-02
4.659070040619910785e-02
4.659070040619910785e-02
5.137146136535538504e-02
5.137146136535538504e-02
2.891661869763216194e-02
3.141815455512640687e-02
2.891661869763216194e-02
3.892691495095920023e-02
4.218871115960978052e-02
4.228971155491278999e-02
3.623950028255409211e-02
3.061842090473369804e-02
3.580328971348293449e-02
3.061842090473369804e-02
4.226060532844966300e-02
4.226060532844966300e-02
4.088641616832318360e-02
4.088641616832318360e-02
3.911289780804010768e-02
4.222023491886844893e-02
3.911289780804010768e-02
3.213596399672898063e-02
3.475223555849125262e-02
3.617271897689983140e-02
3.285967483163798608e-02
3.946270530975042740e-02
4.338083436766498879e-02
3.946270530975042740e-02
3.534921419455466784e-02
3.534921419455466784e-02
3.585391939254844312e-02
3.585391939254844312e-02
3.717651494055877054e-02
3.706421834483394212e-02
3.717651494055877054e-02
3.501318894462569775e-02
3.490671443764260806e-02
3.931991910268772122e-02
3.891739466876558556e-02
3.697269428808217656e-02
3.735679521541491327e-02
3.697269428808217656e-02
4.085034313077847562e-02
4.085034313077847562e-02
4.320040980031419203e-02
4.320040980031419203e-02
4.917940674966222309e-02
5.980591755274133198e-02
4.917940674966222309e-02
3.320118997248844989e-02
4.074527260560355940e-02
3.216635796883299953e-02
4.940720968689007314e-02
5.334590939782630353e-02
3.488526943634521343e-02
5.334590939782630353e-02
3.879128033910905077e-02
3.879128033910905077e-02
3.758687757342932950e-02
3.758687757342932950e-02
4.088974648325001404e-02
3.249861645460665888e-02
4.088974648325001404e-02
3.855386383280563073e-02
3.060542907422312761e-02
3.548845957209887519e-02
3.323682273406609183e-02
4.222816743849305138e-02
4.503714454980286414e-02
4.222816743849305138e-02
4.420796871153962609e-02
4.420796871153962609e-02
3.569586618769641367e-02
3.569586618769641367e-02
3.823159912436472491e-02
3.743101875355774738e-02
3.823159912436472491e-02
4.587397671095650581e-02
4.493379919972811942e-02
3.572041921239807460e-02
3.753203188015188929e-02
4.606450160628974139e-02
4.388756259403465282e-02
4.606450160628974139e-02
3.861879607838075018e-02
3.861879607838075018e-02
3.103363973111607221e-02
3.103363973111607221e-02
3.452218973323221973e-02
3.385781291267645626e-02
3.452218973323221973e-02
3.662503833521677660e-02
3.592299301063468786e-02
5.628665565844667706e-02
4.106828979208394098e-02
3.520274796687849345e-02
4.860501745494241049e-02
3.520274796687849345e-02
3.519396997768468177e-02
3.519396997768468177e-02
4.233381251755882063e-02
4.233381251755882063e-02
4.261287478296445913e-02
3.875643642554778973e-02
4.261287478296445913e-02
4.893621432239781549e-02
4.457217886435227427e-02
4.563488186945487829e-02
3.085002356707389551e-02
3.019016409555797323e-02
4.471005160750812779e-02
3.019016409555797323e-02
2.975990861493050740e-02
2.975990861493050740e-02
4.047136334723535483e-02
4.047136334723535483e-02
4.604682951039204553e-02
3.964404785815547200e-02
4.604682951039204553e-02
4.387457555128811831e-02
3.774992776477032602e-02
3.716676560170653620e-02
3.662692290176811083e-02
4.026499702446157541e-02
4.085236135334065904e-02
4.026499702446157541e-02
4.863306831944131520e-02
4.863306831944131520e-02
5.127082699496429696e-02
5.127082699496429696e-02
3.621409661039192568e-02
3.635695387191792416e-02
3.621409661039192568e-02
3.686604987453275667e-02
3.701125038482629831e-02
4.397634129954227505e-02
3.442209367090401373e-02
2.909834444386834307e-02
3.732979765072818451e-02
2.909834444386834307e-02
3.115174293941841768e-02
3.115174293941841768e-02
4.174719819108817925e-02
4.174719819108817925e-02
3.361001873720053518e-02
2.914529037664531988e-02
3.361001873720053518e-02
3.648982496950685384e-02
3.166973508435049628e-02
4.394453112861199107e-02
4.721784213407962533e-02
4.717866209038856784e-02
4.390771392298205983e-02
4.717866209038856784e-02
3.624938977519872457e-02
3.624938977519872457e-02
4.197317984698800686e-02
4.197317984698800686e-02
5.122509861846422791e-02
4.366861276448848889e-02
5.122509861846422791e-02
3.941664065144073748e-02
3.340317891947953283e-02
3.760330940059865984e-02
3.909937417982855407e-02
3.439616073011531050e-02
3.307178804211949319e-02
3.439616073011531050e-02
3.575438662459425737e-02
3.575438662459425737e-02
3.442226340307529692e-02
3.442226340307529692e-02
4.304455740480491593e-02
4.741362475492853085e-02
4.304455740480491593e-02
3.858687203983165309e-02
4.255964767879754501e-02
3.906982385738961422e-02
4.598432748666247266e-02
4.398472635445493939e-02
3.734064309184070146e-02
4.398472635445493939e-02
3.889360152554680733e-02
3.889360152554680733e-02
3.989522534201294518e-02
3.989522534201294518e-02
3.849791020142003667e-02
4.371903855940412892e-02
3.849791020142003667e-02
3.363799264068225575e-02
3.824102735558601585e-02
3.465779175044462340e-02
4.806861962151901674e-02
4.475155589091237701e-02
3.219662583205035872e-02
4.475155589091237701e-02
3.774846613696914571e-02
3.774846613696914571e-02
3.813215261971355380e-02
3.813215261971355380e-02
4.413011827860222752e-02
4.059196662267383626e-02
4.413011827860222752e-02
5.273451541062982445e-02
4.861769401007423608e-02
3.976822301283036015e-02
3.304459334116665453e-02
3.111313260428982819e-02
3.746655860475095468e-02
3.111313260428982819e-02
3.424250047749139575e-02
3.424250047749139575e-02
3.477107281341150491e-02
3.477107281341150491e-02
4.133035615714685668e-02
4.645106212107222993e-02
4.133035615714685668e-02
3.885592046496801066e-02
4.370929246045657246e-02
3.028206722690654495e-02
2.865991538395542756e-02
3.593768027895902911e-02
3.795146184887629448e-02
3.593768027895902911e-02
3.854063582676230115e-02
3.854063582676230115e-02
4.719090515935440294e-02
4.719090515935440294e-02
4.740583703355408240e-02
5.139480806674307650e-02
4.740583703355408240e-02
3.861196890992546482e-02
4.193114949409122022e-02
3.754692632955980436e-02
2.955030117395376563e-02
2.685156335905259165e-02
3.418297222731114804e-02
2.685156335905259165e-02
3.370653197206181090e-02
3.370653197206181090e-02
3.910509032254268907e-02
3.910509032254268907e-02
4.024318686107430931e-02
4.524924594483756973e-02
4.024318686107430931e-02
3.650315375585840710e-02
4.111312214273572102e-02
3.135405563440693544e-02
3.266380480776625433e-02
3.773297131312416258e-02
3.623591575203005677e-02
3.773297131312416258e-02
5.103919875112106208e-02
5.103919875112106208e-02
4.482827461191555424e-02
4.482827461191555424e-02
4.551735509969804389e-02
4.551287685221829665e-02
4.551735509969804389e-02
3.495295214535506373e-02
3.494939310301897056e-02
3.793772699594109149e-02
4.143785355707483437e-02
3.703000272874692328e-02
3.387555072146603702e-02
3.703000272874692328e-02
4.898441191906863224e-02
4.898441191906863224e-02
4.334228642515052660e-02
4.334228642515052660e-02
2.853555465673201022e-02
3.297684760854453084e-02
2.853555465673201022e-02
3.595648577575589339e-02
4.141800029477756689e-02
3.651813878594997731e-02
4.223148465438809201e-02
3.628062912392325534e-02
3.132558814172596573e-02
3.628062912392325534e-02
5.115334071784302661e-02
5.115334071784302661e-02
3.939527665819376329e-02
3.939527665819376329e-02
3.256868120922116333e-02
3.915978333730627675e-02
3.256868120922116333e-02
2.736569948998873389e-02
3.300715287823541982e-02
4.461468073295232067e-02
4.532140376371426860e-02
4.094746444091825616e-02
4.030035798154774085e-02
4.094746444091825616e-02
4.272247710220660605e-02
4.272247710220660605e-02
4.096267135785165020e-02
4.096267135785165020e-02
3.108437254376509792e-02
3.072689493957882559e-02
3.108437254376509792e-02
4.397912435575681428e-02
4.348736259502522516e-02
4.678375237863081210e-02
4.259414750388982457e-02
3.709031280906402439e-02
4.079472475575546958e-02
3.709031280906402439e-02
3.337653369612172266e-02
3.337653369612172266e-02
3.538833764275674948e-02
3.538833764275674948e-02
3.031895784900948479e-02
3.195580043959508898e-02
3.031895784900948479e-02
4.562117757391432465e-02
4.792866979601928534e-02
3.721205127135624596e-02
2.891242512661567829e-02
3.111458976687911382e-02
3.999346842825469289e-02
3.111458976687911382e-02
3.918132232823508254e-02
3.918132232823508254e-02
3.485631390265398616e-02
3.485631390265398616e-02
4.143164852148756988e-02
4.292778515784679422e-02
4.143164852148756988e-02
4.259366397884010308e-02
4.412734179169800625e-02
4.295568942049430433e-02
3.363110336952607193e-02
3.203804362495932950e-02
4.095358174520807859e-02
3.203804362495932950e-02
4.148618078798903958e-02
4.148618078798903958e-02
4.276576998021159454e-02
4.276576998021159454e-02
3.942492081275270760e-02
4.268764091616781414e-02
3.942492081275270760e-02
5.034272157750233068e-02
5.437516339950045768e-02
3.626595679754818918e-02
3.930200813056752146e-02
3.680539662407645435e-02
3.394304158482867179e-02
3.680539662407645435e-02
3.897216862952487815e-02
3.897216862952487815e-02
4.427022837751148909e-02
4.427022837751148909e-02
4.263673381731781370e-02
4.562126869810741864e-02
4.263673381731781370e-02
3.982655074962507952e-02
4.264994667390979016e-02
4.039607596343159496e-02
3.303859387521562024e-02
3.485155696983806284e-02
4.256878460914084727e-02
3.485155696983806284e-02
3.440403821888367297e-02
3.440403821888367297e-02
3.589554238425784333e-02
3.589554238425784333e-02
4.172764299188088527e-02
3.699222577233921699e-02
4.172764299188088527e-02
4.542452552197351334e-02
4.033693442244855321e-02
3.750073140928086163e-02
3.973213011758455065e-02
3.775606787923282970e-02
3.562903712179950333e-02
3.775606787923282970e-02
3.976867666002709134e-02
3.976867666002709134e-02
4.045379905519475711e-02
4.045379905519475711e-02
4.677427863898884347e-02
5.047939104823651740e-02
4.677427863898884347e-02
3.102374365680948820e-02
3.360551623527708448e-02
4.148620439809853205e-02
4.192295659693184851e-02
4.172541824480417022e-02
4.129047403197771970e-02
4.172541824480417022e-02
3.316938201215956922e-02
3.316938201215956922e-02
2.808370960378786529e-02
2.808370960378786529e-02
5.032943103178871835e-02
4.483272561462991329e-02
5.032943103178871835e-02
4.163348058594998347e-02
3.697459311019792721e-02
3.317340658762314709e-02
4.295261413086078756e-02
5.132529780368211975e-02
3.982650218512129303e-02
5.132529780368211975e-02
3.607998645359882656e-02
3.607998645359882656e-02
3.223511282438317610e-02
3.223511282438317610e-02
4.367035871173976375e-02
4.852270238982717143e-02
4.367035871173976375e-02
4.265320702862324814e-02
4.740949596509979463e-02
2.571132185409008911e-02
3.712774847730044431e-02
4.580177829206987655e-02
3.189404821476007901e-02
4.580177829206987655e-02
4.420172012558557656e-02
4.420172012558557656e-02
3.661277300187009559e-02
3.661277300187009559e-02
3.122233433545634415e-02
3.230032473093150808e-02
3.122233433545634415e-02
2.864388379979150925e-02
2.963974703878933734e-02
4.249141776480055976e-02
4.135104735223864986e-02
4.370727363354656031e-02
4.490413798888290980e-02
4.370727363354656031e-02
2.940829385648585301e-02
2.940829385648585301e-02
4.489979319606243746e-02
4.489979319606243746e-02
4.745050963325908588e-02
3.870106702075021970e-02
4.745050963325908588e-02
4.071785521951937215e-02
3.311172216875064162e-02
4.895135896014991134e-02
4.177338024531354610e-02
4.058310878440527653e-02
4.758303176366190240e-02
4.058310878440527653e-02
3.684036454143137934e-02
3.684036454143137934e-02
3.152232161897231683e-02
3.152232161897231683e-02
4.609009319538902999e-02
3.958149382486546297e-02
4.609009319538902999e-02
4.171579152011618136e-02
3.575363983166869597e-02
3.175296181680763163e-02
4.180104226382780341e-02
5.376896004963931802e-02
4.119969392247478657e-02
5.376896004963931802e-02
4.387453241071754412e-02
4.387453241071754412e-02
3.973151126988858778e-02
3.973151126988858778e-02
4.217533466044987023e-02
4.264053940623416944e-02
4.217533466044987023e-02
4.067856365747272301e-02
4.112853964421319536e-02
3.625039390236797082e-02
4.431205256573766266e-02
3.994195713992059610e-02
3.260284440634658026e-02
3.994195713992059610e-02
3.960589890323686080e-02
3.960589890323686080e-02
3.687337023849576040e-02
3.687337023849576040e-02
3.571590261265070870e-02
4.078865843353698256e-02
3.571590261265070870e-02
4.804926278742489149e-02
5.470759687041353708e-02
3.455563388682691972e-02
4.082821219879435859e-02
4.044457808402443511e-02
3.422330792725875731e-02
4.044457808402443511e-02
4.160218032781404923e-02
4.160218032781404923e-02
3.723201504805521284e-02
3.723201504805521284e-02
3.887155392881049693e-02
2.996538683036733750e-02
3.887155392881049693e-02
4.148656874209813439e-02
3.201634713535612270e-02
3.779407489275212612e-02
3.230063085007794932e-02
3.205903452192669645e-02
3.751464207938619982e-02
3.205903452192669645e-02
4.140903720967746560e-02
4.140903720967746560e-02
3.996431880396903585e-02
3.996431880396903585e-02
4.856938051082407282e-02
5.393680843723311358e-02
4.856938051082407282e-02
4.544072981605624256e-02
5.051241889088342596e-02
3.929888856303270783e-02
3.817671513766170838e-02
3.414730595512469741e-02
3.516245492489975671e-02
3.414730595512469741e-02
4.246069550693198913e-02
4.246069550693198913e-02
4.531964666652871926e-02
4.531964666652871926e-02
3.864412878842201499e-02
4.367765782712900585e-02
3.864412878842201499e-02
2.752757952883284898e-02
3.121438154953316488e-02
3.282517808217711580e-02
3.903751190071431953e-02
3.239569508860735275e-02
2.717607691544632331e-02
3.239569508860735275e-02
4.110861957919224874e-02
4.110861957919224874e-02
4.509622475932722335e-02
4.509622475932722335e-02
4.284171732463682575e-02
4.607643753287132132e-02
4.284171732463682575e-02
3.740073321966214809e-02
4.027415088103251939e-02
3.654336127712596444e-02
4.487656204802851351e-02
4.618311518599726301e-02
3.762774309908503007e-02
4.618311518599726301e-02
4.398568242890250196e-02
4.398568242890250196e-02
3.593308648978498637e-02
3.593308648978498637e-02
2.490764418343289002e-02
3.118344398713543755e-02
2.490764418343289002e-02
2.987074328849503857e-02
3.728052353239277167e-02
3.431760028999980561e-02
4.420209430665320710e-02
4.026304465679327038e-02
3.120055728681000659e-02
4.026304465679327038e-02
4.087433616402810083e-02
4.087433616402810083e-02
3.928750891242886040e-02
3.928750891242886040e-02
3.335979696668400080e-02
4.167196145280699371e-02
3.335979696668400080e-02
3.084356272820441836e-02
3.860505266395577312e-02
5.132725587000080275e-02
4.697260100057939342e-02
4.067570477584251526e-02
4.451953673589859051e-02
4.067570477584251526e-02
4.449790050538984798e-02
4.449790050538984798e-02
3.286038161199743984e-02
3.286038161199743984e-02
3.268664479471828505e-02
3.045951990217120667e-02
3.268664479471828505e-02
4.075632624471930976e-02
3.802800134624997191e-02
5.150032601864202447e-02
5.068434129222162965e-02
4.107637942096150491e-02
4.175781407746887580e-02
4.107637942096150491e-02
3.594889564631834761e-02
3.594889564631834761e-02
4.233496302937414524e-02
4.233496302937414524e-02
3.561557106564251785e-02
3.684575275516247667e-02
3.561557106564251785e-02
3.802709999398185686e-02
3.933247965731962587e-02
5.415888189937695385e-02
3.507222131160760148e-02
3.757742253017207906e-02
5.778941284303090731e-02
3.757742253017207906e-02
3.140132248462115111e-02
3.140132248462115111e-02
3.783525369019904994e-02
3.783525369019904994e-02
4.413887530200042569e-02
3.406034092824987425e-02
4.413887530200042569e-02
4.973072423960547134e-02
3.848971299357257375e-02
3.822309909238085640e-02
3.218552874665172453e-02
3.865959593190272658e-02
4.581950332334566028e-02
3.865959593190272658e-02
3.901978725185751423e-02
3.901978725185751423e-02
4.741384330598628211e-02
4.741384330598628211e-02
3.730286781811033986e-02
4.168581081051556808e-02
3.730286781811033986e-02
4.017700340819439775e-02
4.485855625972099553e-02
3.542503105263423296e-02
3.385740136285705221e-02
2.954011741176955017e-02
3.092287505262881694e-02
2.954011741176955017e-02
3.363116388393253692e-02
3.363116388393253692e-02
4.829806256055143437e-02
4.829806256055143437e-02
3.731397632325748892e-02
3.755268680801758518e-02
3.731397632325748892e-02
3.338666854002105694e-02
3.360179908442360169e-02
3.969891747478852123e-02
3.673406625477941556e-02
3.397116635822089448e-02
3.673545694529348205e-02
3.397116635822089448e-02
4.186985145299641081e-02
4.186985145299641081e-02
4.608620425897250183e-02
4.608620425897250183e-02
3.803651085151212724e-02
3.774446157219363274e-02
3.803651085151212724e-02
3.745208287902040273e-02
3.716394295546740500e-02
3.443913264715611766e-02
3.376428310552882089e-02
3.891492371671222833e-02
3.968512329979675263e-02
3.891492371671222833e-02
3.775484791898751219e-02
3.775484791898751219e-02
4.042258637971778146e-02
4.042258637971778146e-02
4.612539288800895920e-02
5.063662924258843789e-02
4.612539288800895920e-02
3.499242003015156505e-02
3.852213711012320713e-02
4.088314416459701978e-02
3.754158668225159728e-02
3.784900568730440590e-02
4.121593410755181042e-02
3.784900568730440590e-02
4.269360228979465072e-02
4.269360228979465072e-02
2.492307789420987810e-02
2.492307789420987810e-02
4.097299526326169533e-02
4.965443138937699480e-02
4.097299526326169533e-02
3.729123813724041087e-02
4.531705002928973491e-02
3.494883317646510501e-02
4.407241065300943061e-02
4.133593704450117673e-02
3.272822458467688350e-02
4.133593704450117673e-02
3.776374410108453150e-02
3.776374410108453150e-02
3.509053226506071016e-02
3.509053226506071016e-02
4.537993351915192014e-02
4.468405311501208454e-02
4.537993351915192014e-02
5.110593668596863370e-02
5.033419948187307230e-02
2.968399731124550175e-02
3.796984450103708247e-02
4.553919315985281019e-02
3.578401005708869292e-02
4.553919315985281019e-02
4.640325470333570013e-02
4.640325470333570013e-02
3.416777089487843533e-02
3.416777089487843533e-02
4.056193328821983135e-02
4.321208315366900643e-02
4.056193328821983135e-02
4.504411799598978527e-02
4.794487488468474057e-02
3.336983865142362921e-02
3.743534132047125068e-02
3.811359220606997528e-02
3.398092708157975789e-02
3.811359220606997528e-02
4.931138662987566423e-02
4.931138662987566423e-02
2.677074010294697506e-02
2.677074010294697506e-02
3.272773053822892325e-02
3.783134472699437728e-02
3.272773053822892325e-02
3.732992117970199142e-02
4.308029043621641047e-02
4.752500755581915565e-02
3.640991372512474705e-02
3.674470968292033179e-02
4.794429477494677877e-02
3.674470968292033179e-02
3.266371115880519621e-02
3.266371115880519621e-02
4.028846504015151653e-02
4.028846504015151653e-02
4.188922645528286859e-02
3.777903615303476043e-02
4.188922645528286859e-02
4.551873232031550948e-02
4.108595034424606524e-02
3.058715418280745502e-02
3.750526928995262521e-02
3.993331790864584202e-02
3.260719191556449986e-02
3.993331790864584202e-02
3.188618426792087790e-02
3.188618426792087790e-02
3.449769088268766354e-02
3.449769088268766354e-02
4.845794642418525117e-02
4.118933918848814713e-02
4.845794642418525117e-02
4.351406381034977899e-02
3.686910620225303248e-02
3.628903570540315676e-02
3.681653052285158156e-02
4.072801484278473078e-02
4.015157904647170123e-02
4.072801484278473078e-02
4.826802409639421171e-02
4.826802409639421171e-02
4.756563362187688632e-02
4.756563362187688632e-02
3.969118233574290416e-02
3.588086100036213394e-02
3.969118233574290416e-02
3.734546294526234350e-02
3.374470681919974208e-02
3.699656218507849093e-02
4.537408388110928531e-02
4.610499543352866714e-02
3.760849574345231233e-02
4.610499543352866714e-02
4.372096540331798370e-02
4.372096540331798370e-02
4.432166740781089825e-02
4.432166740781089825e-02
4.227719984983944329e-02
3.694414384159423054e-02
4.227719984983944329e-02
3.595663487746311032e-02
3.133369791003525612e-02
3.900122110008944626e-02
4.548403150503952524e-02
5.197237359069181023e-02
4.470472177441606187e-02
5.197237359069181023e-02
4.224080108963743085e-02
4.224080108963743085e-02
3.489453491241690380e-02
3.489453491241690380e-02
3.619189093076038283e-02
3.048940205090514000e-02
3.619189093076038283e-02
3.665952508434092844e-02
3.088973522284306147e-02
3.322327745989819142e-02
3.134516808389450210e-02
3.963808361675316000e-02
4.197777073238898732e-02
3.963808361675316000e-02
3.752045404228021575e-02
3.752045404228021575e-02
3.760462184935971924e-02
3.760462184935971924e-02
4.588731022299791240e-02
4.021516681892872008e-02
4.588731022299791240e-02
4.006568944181105457e-02
3.506697487341290526e-02
3.912358328347874392e-02
5.536483876084988959e-02
4.868592593498210358e-02
3.419794011513584836e-02
4.868592593498210358e-02
3.599520143487342644e-02
3.599520143487342644e-02
4.002147842418726786e-02
4.002147842418726786e-02
3.925145683739581642e-02
3.988858954634998816e-02
3.925145683739581642e-02
3.961549701827465908e-02
4.025801840687925209e-02
3.043973869221941811e-02
3.321597374123571450e-02
4.028287000618954727e-02
3.700832157077799112e-02
4.028287000618954727e-02
3.609442123214227915e-02
3.609442123214227915e-02
3.904545525046020787e-02
3.904545525046020787e-02
4.063919089140554525e-02
3.501539474321035267e-02
4.063919089140554525e-02
4.677238835821680846e-02
4.038512102101064066e-02
2.922738301823203308e-02
3.250886372066236901e-02
3.500275222445806134e-02
3.148660558315726637e-02
3.500275222445806134e-02
4.557192795531656709e-02
4.557192795531656709e-02
5.192924018903340849e-02
5.192924018903340849e-02
3.779866493456680160e-02
4.006688725525919120e-02
3.779866493456680160e-02
3.855490454750893498e-02
4.086367740107962193e-02
4.471795164335210654e-02
3.542724421412649788e-02
3.256812769717570138e-02
4.118313800380781625e-02
3.256812769717570138e-02
5.877871673516194689e-02
5.877871673516194689e-02
4.389811405779566605e-02
4.389811405779566605e-02
3.479413773869088899e-02
3.036181822755122661e-02
3.479413773869088899e-02
3.574144648292906096e-02
3.119465130973916867e-02
4.217520277265785628e-02
3.020004896960300222e-02
2.838511672484941503e-02
3.972692297199002104e-02
2.838511672484941503e-02
3.594940830126624326e-02
3.594940830126624326e-02
4.459682802404246749e-02
4.459682802404246749e-02
3.460796599122171330e-02
3.383080121378369970e-02
3.460796599122171330e-02
2.912104552506944791e-02
2.846065036394024306e-02
4.765289182697046017e-02
4.703651517311000646e-02
4.393318469102196894e-02
4.451495910200703454e-02
4.393318469102196894e-02
2.645331446991433175e-02
2.645331446991433175e-02
4.678253212634927299e-02
4.678253212634927299e-02
4.326061915655312479e-02
4.062747244466923674e-02
4.326061915655312479e-02
4.025966796155115018e-02
3.779060203098021098e-02
4.274254068774423904e-02
4.363419025639277832e-02
4.717751848800803144e-02
4.622651760265009818e-02
4.717751848800803144e-02
2.784494023568341234e-02
2.784494023568341234e-02
3.502377313094739986e-02
3.502377313094739986e-02
4.658216239594518276e-02
4.192276279480494638e-02
4.658216239594518276e-02
3.806182343668759738e-02
3.418866969886533158e-02
3.451031078311858624e-02
4.881047776423314000e-02
5.226133343252010316e-02
3.703701902194941192e-02
5.226133343252010316e-02
3.683667413943462338e-02
3.683667413943462338e-02
4.287509380573608503e-02
4.287509380573608503e-02
3.876458715798936777e-02
3.820149288933203519e-02
3.876458715798936777e-02
4.140774660242606958e-02
4.080964579825897137e-02
4.084195220656505754e-02
4.498375541889257367e-02
3.835769980366288828e-02
3.476525853108155401e-02
3.835769980366288828e-02
4.377596315601112176e-02
4.377596315601112176e-02
3.071954059906670600e-02
3.071954059906670600e-02
4.346201995397305090e-02
3.349053803307624338e-02
4.346201995397305090e-02
4.544139733684706556e-02
3.503766489156707326e-02
4.118065146628451662e-02
3.893360180445359225e-02
3.829896197253670337e-02
4.051399342274365767e-02
3.829896197253670337e-02
3.917802558882998304e-02
3.917802558882998304e-02
3.769613888540237351e-02
3.769613888540237351e-02
3.804784989855126281e-02
3.238608853891063871e-02
3.804784989855126281e-02
4.630675194440733028e-02
3.958958461190343475e-02
4.368252327932564683e-02
3.409836239093681776e-02
3.311526721528944978e-02
4.244892926197916388e-02
3.311526721528944978e-02
3.777421280298757372e-02
3.777421280298757372e-02
4.491742772776925047e-02
4.491742772776925047e-02
3.561365844221581894e-02
4.070014534122969735e-02
3.561365844221581894e-02
4.223112031447695536e-02
4.816935545127474377e-02
3.706917381711515719e-02
4.058813979359707919e-02
3.456956879613375805e-02
3.152407424371932859e-02
3.456956879613375805e-02
3.253496231951488044e-02
3.253496231951488044e-02
4.401665593556083889e-02
4.401665593556083889e-02
4.102774750482257593e-02
3.439267202524304984e-02
4.102774750482257593e-02
3.368494083568669001e-02
2.817063623184548962e-02
4.350028312415657461e-02
4.456705960596419464e-02
3.901730327103173496e-02
3.806613165002031146e-02
3.901730327103173496e-02
4.022508373938189080e-02
4.022508373938189080e-02
4.877007842593170106e-02
4.877007842593170106e-02
4.612006554636614158e-02
4.410454855308695854e-02
4.612006554636614158e-02
3.987394776378084399e-02
3.809528685156245847e-02
3.056848635001013781e-02
4.190727080206983063e-02
4.100491057965830605e-02
2.989697148477737584e-02
4.100491057965830605e-02
4.585276941794585309e-02
4.585276941794585309e-02
3.871688836763488573e-02
3.871688836763488573e-02
3.806707466294808467e-02
4.167173207409208269e-02
3.806707466294808467e-02
3.379138531761299163e-02
3.703687466735853390e-02
3.215744188012640420e-02
3.703839867024137644e-02
4.167960474468569015e-02
3.622744883494276313e-02
4.167960474468569015e-02
5.055114634044776539e-02
5.055114634044776539e-02
4.362532825472726500e-02
4.362532825472726500e-02
3.375319778614058186e-02
3.551439837736894423e-02
3.375319778614058186e-02
3.010555878681830597e-02
3.169295831798645685e-02
4.087369032435967525e-02
4.172899525203957460e-02
3.746426918467041928e-02
3.668936887628872906e-02
3.746426918467041928e-02
4.095168592926481249e-02
4.095168592926481249e-02
3.107726565343798750e-02
3.107726565343798750e-02
4.126071821648421428e-02
4.746254211603115336e-02
4.126071821648421428e-02
3.171204830454303625e-02
3.660043645374738003e-02
3.597569378650909006e-02
3.875956386865129361e-02
4.035038795649824317e-02
3.746677731086967000e-02
4.035038795649824317e-02
3.857579967042600727e-02
3.857579967042600727e-02
4.678622107353181542e-02
4.678622107353181542e-02
3.369333794081393052e-02
4.700274376884033822e-02
3.369333794081393052e-02
2.719834201481146144e-02
3.818371239549146756e-02
2.859698835432603406e-02
4.550676054378383073e-02
4.011306548399757449e-02
2.504994688824260449e-02
4.011306548399757449e-02
4.025337880165380522e-02
4.025337880165380522e-02
4.204665538972904293e-02
4.204665538972904293e-02
3.905355416381328659e-02
3.947132568180999196e-02
3.905355416381328659e-02
3.947913324579011701e-02
3.990094050223243205e-02
3.147702068532858694e-02
4.375082946197610817e-02
5.264487396184339141e-02
3.819578249655728591e-02
5.264487396184339141e-02
4.350763139355486725e-02
4.350763139355486725e-02
3.524381222456927920e-02
3.524381222456927920e-02
3.432254029461748873e-02
3.571177411170677746e-02
3.432254029461748873e-02
3.017507900824064823e-02
3.140609671097113059e-02
4.811717504290136116e-02
4.315982879280379908e-02
3.984682502638660362e-02
4.447555864514823182e-02
3.984682502638660362e-02
5.250875514109262787e-02
5.250875514109262787e-02
3.377117934352839163e-02
3.377117934352839163e-02
3.682492446019874216e-02
3.888155743064330289e-02
3.682492446019874216e-02
4.279302966706569761e-02
4.514184347503282652e-02
4.676840713338703548e-02
4.829019846946774885e-02
4.430692006032848490e-02
4.289015094837669156e-02
4.430692006032848490e-02
3.314489981766567672e-02
3.314489981766567672e-02
3.012669061138628646e-02
3.012669061138628646e-02
4.401212037190977561e-02
4.153483360721835910e-02
4.401212037190977561e-02
4.285203208419473969e-02
4.043353805260684053e-02
3.691766089428689945e-02
3.151348246148021753e-02
3.706671333499723248e-02
4.328720223444351700e-02
3.706671333499723248e-02
4.483789971657630574e-02
4.483789971657630574e-02
3.907263836723767758e-02
3.907263836723767758e-02
2.740974116685775119e-02
2.779758474167650165e-02
2.740974116685775119e-02
3.885945383844715412e-02
3.939779070542096667e-02
3.379231031417444936e-02
3.573571786544591650e-02
3.785996905994693656e-02
3.581376842551389078e-02
3.785996905994693656e-02
4.186206558630489738e-02
4.186206558630489738e-02
3.624999711588608453e-02
3.624999711588608453e-02
3.442524451855172307e-02
3.625913604362927117e-02
3.442524451855172307e-02
4.840173856043761269e-02
5.090225034472192073e-02
5.111139043409774346e-02
4.267734802500246921e-02
4.031441545036929669e-02
4.836358129444601195e-02
4.031441545036929669e-02
