2.429683346856113535e-01
3.501658440653980242e-01
3.484796314466946932e-01
2.425548690402858920e-01
3.484796314466946932e-01
3.702353752090364880e-01
4.817045668447104134e-01
4.762006154373332190e-01
3.660050696344175347e-01
2.396050778792783165e-01
2.635144379127395409e-01
2.396050778792783165e-01
2.450898288922084001e-01
2.698539965782379979e-01
5.207397059838330122e-01
4.670195070827716788e-01
2.761623800013138230e-01
3.082265319099902756e-01
2.761623800013138230e-01
4.866848272828746547e-01
4.604508305590395145e-01
3.422388903127260851e-01
3.617378103523150590e-01
2.243740223075142703e-01
2.266115479136050215e-01
2.243740223075142703e-01
4.801072984533925614e-01
4.847811662211106709e-01
3.529244829857332011e-01
3.468311157650178500e-01
2.535337403614586482e-01
2.580172241614270279e-01
2.535337403614586482e-01
2.550401195408600330e-01
2.695709254737284066e-01
3.726695383384848737e-01
3.525813603231005566e-01
3.505833945774740612e-01
3.362380125876124892e-01
3.505833945774740612e-01
4.230783904196810941e-01
4.058663440290217750e-01
4.565681620241056615e-01
2.669138977679701985e-01
1.482576156820218372e-01
2.544054965495951004e-01
1.482576156820218372e-01
3.627169592811620991e-01
3.070515933999660163e-01
3.106442736502821322e-01
3.669609563294584653e-01
3.095625300681475456e-01
3.738054278711760992e-01
3.095625300681475456e-01
4.080018444725819760e-01
4.924203616156178076e-01
2.405144349537846060e-01
1.899874664296961613e-01
2.616466680265966960e-01
3.311499006821844726e-01
2.616466680265966960e-01
3.306548993831647243e-01
2.949444706455138787e-01
3.746738361658742966e-01
4.200375051201721832e-01
3.946939450697082297e-01
4.680372773676957365e-01
3.946939450697082297e-01
4.529312129691988043e-01
5.372673509568950401e-01
3.250290240548161513e-01
3.138939777464869740e-01
2.428211933235135400e-01
2.515456968936704563e-01
2.428211933235135400e-01
4.752264235760007560e-01
3.207174403173517763e-01
3.578565694377609518e-01
5.302577168201569879e-01
2.003503249378191797e-01
1.911228892248637568e-01
2.003503249378191797e-01
3.945835802393687364e-01
3.769234544110073859e-01
3.562153666113574424e-01
2.700478071957838067e-01
3.394583001234268704e-01
4.453820742662726873e-01
3.394583001234268704e-01
4.242228218621556524e-01
3.756242945602356054e-01
3.215494195596059757e-01
3.631517026698591888e-01
3.116871140939814211e-01
3.244315304468130545e-01
3.116871140939814211e-01
3.648422305585418690e-01
3.796339581026539345e-01
3.618344641677309625e-01
3.483229698715373246e-01
3.790353697540521649e-01
3.937218437964321582e-01
3.790353697540521649e-01
2.538499767463012202e-01
2.347322583130502516e-01
2.504309793918459981e-01
2.708272767963191829e-01
3.315088897385468636e-01
4.021100282908095513e-01
3.315088897385468636e-01
2.768518941921213616e-01
3.366614561330256161e-01
4.437283451015397451e-01
3.205126463968417938e-01
4.140549360596444961e-01
5.730101668043922070e-01
4.140549360596444961e-01
3.095198014849522283e-01
2.036635274801113782e-01
2.271734519077820424e-01
3.452492579655165317e-01
3.786034946104785970e-01
2.528832569963043175e-01
3.786034946104785970e-01
3.056355718906308971e-01
2.038088464401192623e-01
2.620686547711610914e-01
3.731935323248502523e-01
4.627944657484587831e-01
3.257305333922652091e-01
4.627944657484587831e-01
2.188021289455369389e-01
2.188021289455369389e-01
2.108607840815874268e-01
2.108607840815874268e-01
4.284599175808357918e-01
3.906957009532865399e-01
4.284599175808357918e-01
4.413515314208609763e-01
4.023416874619659134e-01
3.922628698359711397e-01
4.529708816071489896e-01
5.481386247050666904e-01
4.755577719909558909e-01
5.481386247050666904e-01
3.132011822150880809e-01
3.387097853256325064e-01
2.551780722666798784e-01
2.359603335122277545e-01
4.143831521231128301e-01
3.671284724098684005e-01
4.143831521231128301e-01
4.624870415689095182e-01
4.105907769323991485e-01
2.499964862176744795e-01
2.963597371194923169e-01
3.288315841024349040e-01
2.773479216020140470e-01
3.288315841024349040e-01
3.434338995162880548e-01
5.097814613725263344e-01
2.916194613951159642e-01
1.964606726421884164e-01
3.378042809091913456e-01
4.218725025245461113e-01
3.378042809091913456e-01
2.849171624878757414e-01
3.537668417678911381e-01
3.627525187228815007e-01
3.441603994598149696e-01
4.137843409471090306e-01
4.360292727112342059e-01
4.137843409471090306e-01
3.429530129102391633e-01
3.429530129102391633e-01
4.003385226649252004e-01
4.003385226649252004e-01
2.203854025732570610e-01
2.394506325979020578e-01
2.203854025732570610e-01
2.986584719257593945e-01
3.236839092776811477e-01
3.977608542235208655e-01
3.171831535281251502e-01
2.679851328769604635e-01
3.367520509558258324e-01
2.679851328769604635e-01
3.627435961396181519e-01
3.862512980905287718e-01
3.620702801265737736e-01
3.400342629725205401e-01
3.368383919877414034e-01
3.635986295163475823e-01
3.368383919877414034e-01
2.373537661323017467e-01
2.566773472911654252e-01
3.818739552137273008e-01
3.318450075090407791e-01
2.962287613913227591e-01
3.404122086345887088e-01
2.962287613913227591e-01
1.784884027730855582e-01
3.507971362467086074e-01
4.032867431619272525e-01
2.051955367044629441e-01
2.713667388055321927e-01
2.705470395677329054e-01
2.713667388055321927e-01
1.963375926682937589e-01
1.957405334168594857e-01
4.053926875424956888e-01
3.993237069692230357e-01
3.793695201186264576e-01
3.851526645006885241e-01
3.793695201186264576e-01
3.852254977636711541e-01
3.852254977636711541e-01
4.474553708626127779e-01
4.474553708626127779e-01
4.634362205668653423e-01
5.635738661765447022e-01
4.634362205668653423e-01
2.771917867474459340e-01
3.401762082749981708e-01
2.826209858091818794e-01
5.304728319468109410e-01
4.798097192204638928e-01
2.567672895225223684e-01
4.798097192204638928e-01
2.796056388134818271e-01
3.630930241360266764e-01
3.384257392250717422e-01
2.606101982601050082e-01
3.056446687119903638e-01
2.429222412502663742e-01
3.056446687119903638e-01
3.771857766813261903e-01
2.994234919251677063e-01
3.412032521605560254e-01
3.100054383499502020e-01
2.804630910597695204e-01
3.083333705348225706e-01
2.804630910597695204e-01
4.342500185689988634e-01
4.836444354066392060e-01
3.617205651125182109e-01
3.247781854139027424e-01
3.205881000602374686e-01
3.138748956455426620e-01
3.205881000602374686e-01
3.679278402428936556e-01
3.603872364855441601e-01
2.540376130593456905e-01
2.731144675504363906e-01
3.854256658601086794e-01
3.588843853233760206e-01
3.854256658601086794e-01
4.270869900988401024e-01
3.138847096517767277e-01
2.468460914198014888e-01
3.358709454790079763e-01
2.204474131576241169e-01
2.162049200659296178e-01
2.204474131576241169e-01
3.375419948295591555e-01
3.310718369787660209e-01
6.350076912647940608e-01
3.983204486794818533e-01
2.714412499305222659e-01
4.359412240188659804e-01
2.714412499305222659e-01
2.908120065914055474e-01
2.375256473468656537e-01
2.897437683495767136e-01
3.547447090968118832e-01
3.508958509952342930e-01
3.191399972508311422e-01
3.508958509952342930e-01
5.686760156373152908e-01
5.179626057271941031e-01
3.811410327604295989e-01
2.146903524889869630e-01
1.827220157674346868e-01
3.247598425021909763e-01
1.827220157674346868e-01
2.550096018219456528e-01
2.695386690203284141e-01
4.009984627980909266e-01
3.793832577011100327e-01
5.263391906687245880e-01
4.531520690210508739e-01
5.263391906687245880e-01
4.188532110261629082e-01
3.603836222141079126e-01
2.798179415456789054e-01
2.738901748659325897e-01
3.429089671594574007e-01
3.502781967483951653e-01
3.429089671594574007e-01
4.331617838086626038e-01
5.170767787985607322e-01
5.215506185761271674e-01
4.369095762023330609e-01
3.253463402527912995e-01
3.266297655364882035e-01
3.253463402527912995e-01
3.148565471261348114e-01
3.160966401512234070e-01
4.329924865048870863e-01
3.022837991567975946e-01
1.580789091010205427e-01
2.273761777498119196e-01
1.580789091010205427e-01
1.939470817851839390e-01
2.878883736306840913e-01
4.148942361507029220e-01
2.795094686739558743e-01
2.210035014381107887e-01
1.916455707458375457e-01
2.210035014381107887e-01
2.679202091253708451e-01
2.325295353933551634e-01
4.859997122814854187e-01
5.402635204594526952e-01
5.398152249131171754e-01
4.855925364422259971e-01
5.398152249131171754e-01
3.302006538831523952e-01
3.113205377889383674e-01
3.641330079626481919e-01
3.862159502346129147e-01
4.703498205578885427e-01
4.009660250880523469e-01
4.703498205578885427e-01
3.000774257755643437e-01
2.542971642742375415e-01
3.312940805153357093e-01
3.507850699035779951e-01
2.709605794323747818e-01
2.558409929974717056e-01
2.709605794323747818e-01
2.649014757523880381e-01
2.820684912548386825e-01
2.759181816903149564e-01
2.591254811606900077e-01
2.712085470376403573e-01
2.987364966641906094e-01
2.712085470376403573e-01
4.333707186530732502e-01
4.779891223404424960e-01
3.722092374883679833e-01
4.729354762546206792e-01
3.543105570718587116e-01
2.786234285709961456e-01
3.543105570718587116e-01
3.845109513088624809e-01
3.649109623034180738e-01
3.695842120234008044e-01
3.894352092269908194e-01
3.141458849544568888e-01
3.567506907711430753e-01
3.141458849544568888e-01
2.398251686895597201e-01
2.726429289161492742e-01
2.653312463337849092e-01
4.288741619368858782e-01
4.251542929260543335e-01
2.624629872931364960e-01
4.251542929260543335e-01
3.678777800332818648e-01
3.480478943759763855e-01
3.406197118960428982e-01
3.600263799111822483e-01
3.109444916316835839e-01
2.860143801594489110e-01
3.109444916316835839e-01
5.254125415106332131e-01
4.843952006254779730e-01
4.064302921615328690e-01
3.099538727730520860e-01
2.603188949874474800e-01
3.415536922225736460e-01
2.603188949874474800e-01
2.889821835011817663e-01
2.225353908019230276e-01
2.327035437995191303e-01
3.021864430341514307e-01
3.249596558356351861e-01
3.652211730929678657e-01
3.249596558356351861e-01
3.789730228971032178e-01
4.263093627486512771e-01
2.647571515994034397e-01
2.443214921851206145e-01
2.502274708317190899e-01
2.710122159506646589e-01
2.502274708317190899e-01
3.390613592862498082e-01
3.968089835535135723e-01
5.266016774106641041e-01
4.499653181899289089e-01
5.996979287401913439e-01
6.501595979374859002e-01
5.996979287401913439e-01
3.615756367866550525e-01
3.926575750356297578e-01
2.584601225989565099e-01
1.822047576040958516e-01
1.903702159069838584e-01
2.705581386359083296e-01
1.903702159069838584e-01
3.270633031935585300e-01
2.600190182447051357e-01
3.232856878581710225e-01
4.066428896619689315e-01
2.630556519815306915e-01
2.957785111498031916e-01
2.630556519815306915e-01
3.019119217086745355e-01
3.400402550578169314e-01
2.450649526996781791e-01
2.601393373156973832e-01
3.779957942870395549e-01
3.562488140968201322e-01
3.779957942870395549e-01
4.797741888820066802e-01
4.212711594867785125e-01
3.791945697653689162e-01
4.318543129306033901e-01
4.360473496077353905e-01
4.360044488737152557e-01
4.360473496077353905e-01
3.296110774395636933e-01
3.295775151878210241e-01
3.042078913413638896e-01
3.462388193978394035e-01
2.488262963151099960e-01
2.184487466938575539e-01
2.488262963151099960e-01
3.807192145318966103e-01
4.072018569200407945e-01
3.711105340693829913e-01
3.469751147602256891e-01
2.604428381891578659e-01
3.009783369910594142e-01
2.604428381891578659e-01
3.275715329379897955e-01
3.773271373737630552e-01
3.082256837122979154e-01
3.814336015761123910e-01
4.067529979611349544e-01
3.281956174879647747e-01
4.067529979611349544e-01
5.238114786019210101e-01
4.336403660712632169e-01
2.939025006545783469e-01
3.550165424576205431e-01
3.350444025330000519e-01
4.028491705661932931e-01
3.350444025330000519e-01
1.967529189803150502e-01
2.373136370366902836e-01
3.190922643690485838e-01
3.265702229922111122e-01
3.612451847563437624e-01
3.528980129341229843e-01
3.612451847563437624e-01
2.893701357433096089e-01
3.598236326677177188e-01
3.232206599811535686e-01
2.599340281247174422e-01
2.765608854883035428e-01
2.733803701789854212e-01
2.765608854883035428e-01
4.595976887030287505e-01
4.544586011942256532e-01
4.519511725518131073e-01
3.936293208672650978e-01
3.817546679129837361e-01
4.389214670542647134e-01
3.817546679129837361e-01
2.708290570135712949e-01
1.821347329482018162e-01
1.828551536311945891e-01
2.719003016414891505e-01
2.510519344164863775e-01
2.646055829537574122e-01
2.510519344164863775e-01
3.077895194203223994e-01
3.233573315610136500e-01
3.305146836569065050e-01
2.286931006302368174e-01
2.759099257125857130e-01
3.982272007652121748e-01
2.759099257125857130e-01
2.946185879298742760e-01
3.558815328132903244e-01
3.180096794880222788e-01
2.632661548300888055e-01
4.399073953754758515e-01
4.557928740931588840e-01
4.399073953754758515e-01
3.878392656462766874e-01
4.018042646886764158e-01
4.485143810470953452e-01
3.133932748124772516e-01
2.824554759269712334e-01
4.045600769703348587e-01
2.824554759269712334e-01
2.404228393268424691e-01
3.043952047896010260e-01
3.295100299328475590e-01
2.602594776021074363e-01
3.213716251751330688e-01
3.479676370506196159e-01
3.213716251751330688e-01
4.005337436667365525e-01
4.326164155698982161e-01
2.960005133683724643e-01
3.329993383019126951e-01
4.057354764217295240e-01
3.604515787215413769e-01
4.057354764217295240e-01
3.137976603748779403e-01
4.436068125390771888e-01
5.101228245039596265e-01
3.608496179689891226e-01
4.771549953297054003e-01
5.105554366769758934e-01
4.771549953297054003e-01
2.709777638463147231e-01
2.901880017307158499e-01
3.822534764990307421e-01
2.848383347848491010e-01
2.660472122747614132e-01
3.566671895389524338e-01
2.660472122747614132e-01
2.762706241388432904e-01
2.930251289787988433e-01
3.300050912453756924e-01
3.111361569742788769e-01
3.016822563568248849e-01
2.674461661022121683e-01
3.016822563568248849e-01
3.894102525568398088e-01
3.457959250056673595e-01
3.298681346487151722e-01
3.590288101651331054e-01
3.618631554388347937e-01
3.324106036327861835e-01
3.618631554388347937e-01
3.781297991542129089e-01
3.781297991542129089e-01
4.026297714886251655e-01
4.026297714886251655e-01
3.608930152013730686e-01
3.894802906856994484e-01
3.608930152013730686e-01
1.977626366689056170e-01
2.142202943276763638e-01
4.489918042770026929e-01
4.559530563461970387e-01
2.761146175297346517e-01
2.718973983957779228e-01
2.761146175297346517e-01
2.357968199795790754e-01
3.172266041649945967e-01
2.728569831540686996e-01
2.028165610709224964e-01
4.362571467056868824e-01
3.886115251993201292e-01
4.362571467056868824e-01
3.724433729309781227e-01
3.307660559938842004e-01
2.955979765908458567e-01
4.315900653269810205e-01
4.566389595424757974e-01
3.142267807583107864e-01
4.566389595424757974e-01
3.075706374648465857e-01
3.075706374648465857e-01
2.604652669416935851e-01
2.604652669416935851e-01
3.707644202666480759e-01
4.119611597442419670e-01
3.707644202666480759e-01
3.581366265629195023e-01
3.980726921798647400e-01
1.509160262186351187e-01
2.579015435104426990e-01
3.698866780860575743e-01
2.176464683706315073e-01
3.698866780860575743e-01
4.615756484369160084e-01
4.615756484369160084e-01
3.729875016226607554e-01
3.729875016226607554e-01
2.041000086417376069e-01
2.111468183603286142e-01
2.041000086417376069e-01
2.603843112407066562e-01
2.694371046883003440e-01
4.253780419518609079e-01
4.087133682205580376e-01
2.910349654453429635e-01
3.028442503618319348e-01
2.910349654453429635e-01
2.685100887319923357e-01
2.377498509380840397e-01
3.800118078468769922e-01
4.291779946088913889e-01
4.077386062428964841e-01
3.325553139284543880e-01
4.077386062428964841e-01
3.676157349443008315e-01
2.989447753255322082e-01
4.604673859703742878e-01
3.645579740656352263e-01
3.326152040917174091e-01
4.203548226432506918e-01
3.326152040917174091e-01
3.316996544892762411e-01
3.127338289782694569e-01
2.571905327632434402e-01
2.727879204312385619e-01
5.036495164429934945e-01
4.325267935665444430e-01
5.036495164429934945e-01
4.138072480230710615e-01
3.546646189948566286e-01
2.130904806778548821e-01
3.186400936665571559e-01
4.406275200097288236e-01
2.972353567241562411e-01
4.406275200097288236e-01
4.350267431446163124e-01
3.007860058054627195e-01
2.792732231027677536e-01
4.039128096021626924e-01
2.706884972556221070e-01
2.736742607253456194e-01
2.706884972556221070e-01
4.594446152370599279e-01
4.645268754130755795e-01
2.763482285157537466e-01
3.710694784773921340e-01
3.777487732387010966e-01
2.806983120401596032e-01
3.777487732387010966e-01
3.450332594700029620e-01
3.240341351515365620e-01
2.753124332133055074e-01
2.931541337760009136e-01
3.536575741733409273e-01
4.038878185954121181e-01
3.536575741733409273e-01
5.174679892867288800e-01
5.891751196368151255e-01
2.539287236691750715e-01
3.242570068298431529e-01
3.420263086436877153e-01
2.677843230511275374e-01
3.420263086436877153e-01
3.308265505038089360e-01
3.077327272862218632e-01
2.525572118903295360e-01
2.715103848438747969e-01
3.911078768457607602e-01
3.014980786091132070e-01
3.911078768457607602e-01
4.083782796526846393e-01
3.151569570667427378e-01
2.908534685103085216e-01
2.312018628463992920e-01
2.929817837910885236e-01
3.686049731423104436e-01
2.929817837910885236e-01
3.425074826387032312e-01
2.586806182543469057e-01
2.611987577192435572e-01
3.458416389232954469e-01
5.211130793952354345e-01
5.787015613924405555e-01
5.211130793952354345e-01
4.213690504524187919e-01
4.683985065879300302e-01
2.711801849857362612e-01
2.599031252124879843e-01
3.018848855010478061e-01
3.150858155816469997e-01
3.018848855010478061e-01
2.999149473920280640e-01
3.224220847916240973e-01
3.535125795834872520e-01
3.288351254744941721e-01
4.570225428760138486e-01
5.165512814718584700e-01
4.570225428760138486e-01
2.271058540186714492e-01
2.575224157302419270e-01
2.749750862284042752e-01
3.543115834578501322e-01
3.606809612031702805e-01
2.792580579587176093e-01
3.606809612031702805e-01
3.690417787893790491e-01
3.014211429315057367e-01
3.335882933109969861e-01
4.084252881184855521e-01
3.857578244032677239e-01
4.148840758237317128e-01
3.857578244032677239e-01
2.775284713887731236e-01
2.988503852276811479e-01
2.936425176644834045e-01
3.969500829967235744e-01
5.399370063393789110e-01
3.996337604094778451e-01
5.399370063393789110e-01
2.947742625309961451e-01
3.902974690856071960e-01
3.146487535057469476e-01
2.376401632535568575e-01
2.230883597835706667e-01
2.792983278651482992e-01
2.230883597835706667e-01
2.309583683802474141e-01
2.882502388455515652e-01
3.316837835364104259e-01
4.806777208481268771e-01
4.155238497231540928e-01
2.861856643115870402e-01
4.155238497231540928e-01
3.112506297998385296e-01
3.329010714047058173e-01
3.180465873877168503e-01
2.973622169865954290e-01
2.615089158399668268e-01
3.266683388790324050e-01
2.615089158399668268e-01
1.722488019546137283e-01
2.155935787755303423e-01
5.087715520260939206e-01
4.462739737690373798e-01
4.084666315939215475e-01
4.664337383777642509e-01
4.084666315939215475e-01
3.251165730901456330e-01
3.980530273364362159e-01
2.591794180465802344e-01
2.116891932078750482e-01
3.241337239675628479e-01
3.020486708917332619e-01
3.241337239675628479e-01
3.386747543099428714e-01
3.160030650335688973e-01
4.990323087775500599e-01
4.873544280191525746e-01
3.269775667726688706e-01
3.349740261574408740e-01
3.269775667726688706e-01
3.098495212674651778e-01
3.660221233324210122e-01
4.273743971872718261e-01
3.617861979620897728e-01
2.816262965454861544e-01
2.913538259078269910e-01
2.816262965454861544e-01
2.492721759141520721e-01
2.578290952986380113e-01
5.708859884667349949e-01
3.012364813152070275e-01
3.594658442727093339e-01
6.784444995301580628e-01
3.594658442727093339e-01
2.925413920315207417e-01
2.767723984448757224e-01
3.348891495905222393e-01
3.539693211748348167e-01
2.911955509999104019e-01
2.247048588344301989e-01
2.911955509999104019e-01
4.317863918587140359e-01
3.341864521638426289e-01
4.227893954036340829e-01
3.287294187063693474e-01
3.342556273259394417e-01
4.290343452000080493e-01
3.342556273259394417e-01
2.854746898321735560e-01
3.448362539197780130e-01
4.601725782414070598e-01
3.809565338605562790e-01
3.231250558715977883e-01
3.610910027850786075e-01
3.231250558715977883e-01
4.038741131590178335e-01
4.509348156934367968e-01
3.254632699026838716e-01
3.046352681331360168e-01
1.936431997126827620e-01
2.069831936025734453e-01
1.936431997126827620e-01
2.570159784581832474e-01
3.190314353907908740e-01
5.711439864095750885e-01
4.601212113400457437e-01
3.104765277863557049e-01
3.124627541218298332e-01
3.104765277863557049e-01
2.295001707423777737e-01
2.309789794654793504e-01
2.352878947662984110e-01
2.099925511091814689e-01
2.629737392204299362e-01
2.948311759701150447e-01
2.629737392204299362e-01
4.231793069634037230e-01
4.003684775926739103e-01
4.274418657742347638e-01
4.517951903034505556e-01
3.141737181645017363e-01
3.117614514787127589e-01
3.141737181645017363e-01
3.071253483132944107e-01
3.047624603887417738e-01
3.205527176178422089e-01
3.114137478079181398e-01
2.971331607739577940e-01
3.057945093045759677e-01
2.971331607739577940e-01
4.157074577702623008e-01
2.805497025474008588e-01
3.319740442243938605e-01
4.919060142183491746e-01
3.862920932395069173e-01
4.240729082179241494e-01
3.862920932395069173e-01
3.816631117025937603e-01
4.201618152221266445e-01
3.073389697941832921e-01
2.712165420303871421e-01
2.528445951057334828e-01
2.865062754914118881e-01
2.528445951057334828e-01
4.107371256039882290e-01
4.107371256039882290e-01
1.954231261533224129e-01
1.954231261533224129e-01
3.647169441243778842e-01
4.419938635729975807e-01
3.647169441243778842e-01
3.369656956617590460e-01
4.094873769613155967e-01
2.477757646818921633e-01
3.481625651541436772e-01
3.718931733983397714e-01
2.642553222123918966e-01
3.718931733983397714e-01
3.406728087986528597e-01
3.211939189036116526e-01
2.977739717404204178e-01
3.158325527650549525e-01
3.864695451752618305e-01
3.805432124896752089e-01
3.864695451752618305e-01
5.497840425061135683e-01
5.414818994023259391e-01
2.045156565005980809e-01
2.929603949314044664e-01
4.486062095422996276e-01
3.147770343599997633e-01
4.486062095422996276e-01
5.078776467036837383e-01
2.837582570632991574e-01
1.964604804798050774e-01
3.516298962680071694e-01
4.168644699964745293e-01
4.441006796520075572e-01
4.168644699964745293e-01
4.863051368944935615e-01
5.176222774805304683e-01
2.049489296288148354e-01
2.424524031140896096e-01
2.869826228973818560e-01
2.426374274485439964e-01
2.869826228973818560e-01
4.291313127303977293e-01
4.291313127303977293e-01
2.004240687911980345e-01
2.004240687911980345e-01
2.741622416403038942e-01
3.169155362760190942e-01
2.741622416403038942e-01
3.323033312003542128e-01
3.834919434230574797e-01
5.353203057379266605e-01
3.618384983079043771e-01
2.762780557440741025e-01
4.085873398272563128e-01
2.762780557440741025e-01
2.267791085734122136e-01
2.944930320154268144e-01
3.836027755943183792e-01
2.953995036833643173e-01
3.691611642124837944e-01
3.329388997900903369e-01
3.691611642124837944e-01
5.178159692891923793e-01
4.673891410674931302e-01
2.551268241830350059e-01
3.436003892783230373e-01
2.817246027043895373e-01
2.094394413171709324e-01
2.817246027043895373e-01
2.752836306969552727e-01
2.909678023533757707e-01
3.377576019452052103e-01
3.195512981400306374e-01
3.957168134723916264e-01
3.363599833559410834e-01
3.957168134723916264e-01
2.934838742343651163e-01
2.486664581583354350e-01
2.294516535091463416e-01
2.343479500537107296e-01
3.432556664232437882e-01
3.361433831581082110e-01
3.432556664232437882e-01
5.019773645839201714e-01
4.749190471684075487e-01
4.781465781903112555e-01
5.053887828585668096e-01
3.060013913475392311e-01
2.766255057857289756e-01
3.060013913475392311e-01
3.380686697465902224e-01
3.054729342109487877e-01
3.607072408225323046e-01
4.867715888194239504e-01
3.932227457159812589e-01
2.915095243035524808e-01
3.932227457159812589e-01
4.664270023356103523e-01
3.142264997642859048e-01
2.965898025143989813e-01
4.402476958941221596e-01
3.579900998719532934e-01
3.128314502973486566e-01
3.579900998719532934e-01
3.334043859183352665e-01
2.905386542941972849e-01
3.144804304064478528e-01
3.941966493524700632e-01
4.211352306076409646e-01
3.370263545401520067e-01
4.211352306076409646e-01
3.884098172121804304e-01
4.588246108550227409e-01
3.444168137883411585e-01
2.915599305779191242e-01
3.272528502868956024e-01
2.756900363064891946e-01
3.272528502868956024e-01
2.974481528951936626e-01
2.506332164510487459e-01
2.052235590866322013e-01
1.884969303164220900e-01
3.227850169498666100e-01
3.511325998080159771e-01
3.227850169498666100e-01
3.313223961468119705e-01
2.933664454410047639e-01
2.922980823506621251e-01
3.301158075115130930e-01
4.303244967649332842e-01
3.771319639258371437e-01
4.303244967649332842e-01
3.525206269451124919e-01
3.085391051462520462e-01
2.818070105001755365e-01
4.704642026642865682e-01
5.848499865415016652e-01
3.482263427314162274e-01
5.848499865415016652e-01
4.054438921930872963e-01
2.736231001592774881e-01
2.978069550555190181e-01
4.412785722754976048e-01
3.896186210093483537e-01
3.959429408553871155e-01
3.896186210093483537e-01
4.161407502635668387e-01
4.228901123273814400e-01
1.909479183223223853e-01
2.168602491797214926e-01
2.233150304874356729e-01
1.971233101022937806e-01
2.233150304874356729e-01
2.859463912953020270e-01
3.058366824437657172e-01
3.147669006863392238e-01
2.942958268814432898e-01
3.470892132068372216e-01
2.990577702204683108e-01
3.470892132068372216e-01
4.785234046979051081e-01
4.131759417993449701e-01
2.189215765636340905e-01
2.556336373027598419e-01
3.108556447895189923e-01
2.663574416641554254e-01
3.108556447895189923e-01
4.326757807933978017e-01
4.079363719628362750e-01
4.869305296121046456e-01
5.164605599602030139e-01
4.046478256497743065e-01
4.289299327492530622e-01
4.046478256497743065e-01
2.534544508207282609e-01
2.686319947036471811e-01
3.584003841726178807e-01
2.546833839662800969e-01
2.989275123161124204e-01
4.214206909826925251e-01
2.989275123161124204e-01
4.358888547617897347e-01
4.713897290490152159e-01
3.220788599170542610e-01
2.978227499259531452e-01
3.462953128280026327e-01
3.021818048804560952e-01
3.462953128280026327e-01
3.966842232911651500e-01
3.462206274038998055e-01
3.686352332677735322e-01
2.261489272667895623e-01
2.254486952624238094e-01
3.682940881682951195e-01
2.254486952624238094e-01
2.803498610889523235e-01
2.621171222430621617e-01
3.459012704619526257e-01
3.699619936868404069e-01
3.325364328943588021e-01
3.250689150712677833e-01
3.325364328943588021e-01
1.883649783642408204e-01
1.840933144182858583e-01
3.233754608561646982e-01
3.172175105469481338e-01
4.398003566297912226e-01
4.483990204469540108e-01
4.398003566297912226e-01
1.815110088265076971e-01
2.049950268887087146e-01
4.523278530087104787e-01
4.005096424339726346e-01
4.079108912079276172e-01
3.830825544234072177e-01
4.079108912079276172e-01
3.460389392403157016e-01
3.248168825570580398e-01
3.938222582237610458e-01
4.059693156288655680e-01
4.389361824089024755e-01
4.259230092355299480e-01
4.389361824089024755e-01
2.271572728978971667e-01
2.133322178271078173e-01
2.735321531677731288e-01
2.912584821756157294e-01
3.541315271196386893e-01
3.187093781393659508e-01
3.541315271196386893e-01
2.631841527224364485e-01
2.364026537606724876e-01
3.583252326329686710e-01
5.961392077263817368e-01
6.382856987729851328e-01
3.845603866182402131e-01
6.382856987729851328e-01
2.118058831537046882e-01
3.607711180139808738e-01
4.306701702388171515e-01
2.528430664226675728e-01
4.006495533488396710e-01
3.948297192226207786e-01
4.006495533488396710e-01
3.280613676542808443e-01
3.233227913271477516e-01
3.443970330650323319e-01
3.969966439524166280e-01
3.179168043585315906e-01
2.753139225879558394e-01
3.179168043585315906e-01
3.977380865359400608e-01
4.235136163931608744e-01
2.344203845839108458e-01
2.201532881126263830e-01
3.719156849671125253e-01
2.865871490942992761e-01
3.719156849671125253e-01
3.971080348986095743e-01
3.061908098773180598e-01
3.985545200312256009e-01
3.670504511041428608e-01
3.416045418899496533e-01
3.709667907860421110e-01
3.416045418899496533e-01
4.146439621890070648e-01
4.146439621890070648e-01
3.640922153842920395e-01
3.640922153842920395e-01
2.653631700802340232e-01
2.258754474720448269e-01
2.653631700802340232e-01
3.048256399038502540e-01
2.606082257148805148e-01
4.274073528171151715e-01
2.973060879718641969e-01
1.887952878507597188e-01
2.715773952026717675e-01
1.887952878507597188e-01
2.789236114852732817e-01
3.561189915862785771e-01
4.413699778582761413e-01
3.456948692262581391e-01
2.538272962830743218e-01
2.900799384891762922e-01
2.538272962830743218e-01
4.473043646925571326e-01
5.102010739316393817e-01
3.362636192833518556e-01
3.841111050143268812e-01
2.918212912590992247e-01
2.550789465218156749e-01
2.918212912590992247e-01
3.284638308662752859e-01
2.524554219195863092e-01
3.936952624936831957e-01
5.122276761945288026e-01
2.964881826779982577e-01
2.485396212650022307e-01
2.964881826779982577e-01
2.554289839745499391e-01
2.136146542669221104e-01
3.711491962361346264e-01
3.846430907487509154e-01
2.956827927629192554e-01
2.851806366408657367e-01
2.956827927629192554e-01
3.855597672476511195e-01
4.512268211946444119e-01
5.560636093790228829e-01
4.751396542418332425e-01
3.860586446597633614e-01
3.691872948579764668e-01
3.860586446597633614e-01
4.317354083762447448e-01
4.124769466897147963e-01
2.456341123627897027e-01
3.896619782570280854e-01
3.347798958392966817e-01
2.109438120807398953e-01
3.347798958392966817e-01
4.969248491099514942e-01
3.693678198818881042e-01
2.945655480899747047e-01
3.962904526561286667e-01
2.470868926986706238e-01
2.704841095021387476e-01
2.470868926986706238e-01
2.748458721379243852e-01
3.012434093344896757e-01
2.392637508302361549e-01
2.941692601951171326e-01
3.770021526116507093e-01
3.069787525165783570e-01
3.770021526116507093e-01
5.933330087156581945e-01
5.069852366822757972e-01
3.963539934365277739e-01
4.638594783964895552e-01
2.948938984813083142e-01
3.102811015441296338e-01
2.948938984813083142e-01
2.638292823999375258e-01
2.777404169567045389e-01
3.373672454087130457e-01
3.477837441051732092e-01
2.715544919403761748e-01
2.633708353848928652e-01
2.715544919403761748e-01
2.796982921820014845e-01
3.216039983073418207e-01
2.553439972328828134e-01
2.220721145285979026e-01
4.765147706580613041e-01
5.481388436479885939e-01
4.765147706580613041e-01
2.928039128738253449e-01
3.379394135512766018e-01
3.111957003720610682e-01
3.470861278361090374e-01
4.024319370359716319e-01
3.609583548986106671e-01
4.024319370359716319e-01
3.350291271382032088e-01
2.323514190238968324e-01
3.058552890192838269e-01
4.410148685177372463e-01
2.812212840642023259e-01
3.923081761870298445e-01
2.812212840642023259e-01
2.720167027612135913e-01
3.818838493665463463e-01
2.187838830098065845e-01
4.319142725267742788e-01
3.151825597981605664e-01
1.586560099876972718e-01
3.151825597981605664e-01
4.054003760129903933e-01
3.396090430487115341e-01
3.636724029269746694e-01
4.341254507495443393e-01
2.733324444515229934e-01
2.762563911365617519e-01
2.733324444515229934e-01
3.400122653363757408e-01
3.436450614240043056e-01
2.954811532572166333e-01
4.784603112476329412e-01
5.169271799989620941e-01
3.219328007648585843e-01
5.169271799989620941e-01
3.423551262660867733e-01
3.423551262660867733e-01
2.580440264994968702e-01
2.580440264994968702e-01
2.963850644389295352e-01
3.083815003339532845e-01
2.963850644389295352e-01
2.006158446652282490e-01
2.088001366156712335e-01
4.916634161416587046e-01
4.188424229919954778e-01
4.487793042123651155e-01
5.274208960883122188e-01
4.487793042123651155e-01
5.086772771052996411e-01
3.841812491797153006e-01
2.183262024523270062e-01
2.890759984286446205e-01
2.917023639752547304e-01
3.079936315909301281e-01
2.917023639752547304e-01
4.340210976121364750e-01
4.578435461499413828e-01
2.838569044552519682e-01
2.976190603049362893e-01
4.176194394323649584e-01
3.981180351422495822e-01
4.176194394323649584e-01
3.246961377822080719e-01
2.748657429044007450e-01
2.332624945712723497e-01
2.755506389280305557e-01
3.975352308504777055e-01
3.751593771637514729e-01
3.975352308504777055e-01
3.822203705907679661e-01
3.606485188006626208e-01
3.339755845580902882e-01
2.650527985986265156e-01
3.117597719104184817e-01
3.915976343010881267e-01
3.117597719104184817e-01
5.159873933612316721e-01
4.446015198334312135e-01
3.770789184692340812e-01
4.376232638730224722e-01
1.733272511569232677e-01
1.757798048053864359e-01
1.733272511569232677e-01
2.884547773829887474e-01
2.924508665139777808e-01
2.231436401627930610e-01
2.421409877634806973e-01
3.898712678050106906e-01
3.594113821237802098e-01
3.898712678050106906e-01
4.093850651951785879e-01
2.982603129031946576e-01
2.600485841617410365e-01
3.569365482947159385e-01
3.069500829854126533e-01
3.233018377421710277e-01
3.069500829854126533e-01
4.482159170088483302e-01
4.713714733115409450e-01
4.137341641473553655e-01
3.169977278788025377e-01
3.617132357453146652e-01
4.728979703380100097e-01
3.617132357453146652e-01
