1.978631701968189915e+01
2.959661908830995003e+01
3.308078826769615688e+01
2.218556179943883322e+01
3.187409277701301846e+01
2.037782327159571594e+01
2.535268216243888517e+01
2.538788866542389044e+01
2.040738135254060737e+01
1.958025850475229745e+01
1.900595952462748173e+01
1.958025850475229745e+01
1.731228153211700160e+01
1.682367434680176288e+01
2.911942288872797135e+01
2.637365213175216638e+01
2.876745604131970424e+01
3.179321396799300103e+01
2.848583339949451343e+01
2.468891528706967620e+01
2.064196749183368240e+01
1.687181928905589245e+01
2.018021655821178229e+01
2.330908192647058286e+01
2.323552331953997907e+01
2.330908192647058286e+01
3.728368233218705541e+01
3.715729207298644354e+01
2.291639242140936972e+01
2.195430860534917272e+01
2.699562171862658033e+01
2.818104079945006291e+01
2.769134775550222471e+01
1.311479184658989006e+01
1.935651630175997084e+01
2.265415729652722021e+01
1.534901952487457599e+01
2.059884351094679289e+01
2.088151123356677275e+01
2.059884351094679289e+01
2.170441798323852822e+01
2.200766467555597217e+01
2.810818032183990667e+01
1.589611760264568296e+01
1.668623825658108117e+01
2.959877059732922078e+01
1.724901079337999832e+01
1.898153936400283115e+01
1.685133037079065588e+01
2.162353603652227108e+01
2.435690754331735874e+01
2.822491210447532239e+01
2.640944217490739732e+01
2.822491210447532239e+01
2.312637750433489714e+01
2.162772809722469347e+01
2.338248422190432052e+01
1.879003277550902240e+01
2.220659625376162793e+01
2.762776560673619031e+01
2.182912572563312992e+01
1.798359623635156623e+01
2.309727076196217865e+01
2.801467987021225170e+01
2.181315493511558046e+01
2.687644050994643408e+01
2.533764962602387172e+01
2.687644050994643408e+01
2.928365067299009183e+01
2.761582438943452189e+01
2.268204587528090954e+01
2.237315192570098432e+01
2.388566698311545267e+01
2.422611796817569640e+01
2.338586963431636434e+01
2.515588870168861035e+01
2.158761078086996577e+01
2.736456830795838968e+01
3.188716380031771891e+01
1.513448327764495183e+01
1.533920015388159896e+01
1.513448327764495183e+01
2.218436080169560398e+01
2.251508231742022303e+01
2.553916376288786338e+01
1.923291814422985979e+01
2.173709738876042152e+01
2.871005664056001194e+01
2.188203698971776490e+01
1.888413023797274093e+01
2.632075649209414792e+01
2.992465070441661013e+01
2.146863578606984291e+01
2.003664508405361389e+01
1.977889375089355539e+01
2.003664508405361389e+01
2.477799455872772327e+01
2.445112740626978720e+01
3.177907793193479691e+01
3.115673974869878293e+01
2.442755273922645642e+01
2.491374014629875333e+01
2.398441655472683465e+01
1.707378288650354392e+01
1.609406291523860588e+01
2.397028875838472217e+01
2.542908048966380363e+01
2.519686084867202069e+01
2.366338546160806899e+01
2.519686084867202069e+01
1.999087718427481164e+01
1.882168343383918696e+01
2.934583060466324511e+01
2.131869321950030383e+01
2.546969689080776433e+01
3.504649157878024113e+01
2.532445961769538201e+01
1.808959590951321772e+01
2.561324972422859148e+01
2.139739609793147679e+01
1.511251949816207940e+01
1.861994241636616110e+01
2.175213484131633379e+01
1.861994241636616110e+01
1.990784587653872606e+01
2.321835766673678236e+01
2.161828108341074994e+01
3.090435412600203691e+01
2.881088337129392585e+01
2.019979819982074432e+01
2.869965771632112705e+01
1.811668974074129679e+01
1.656440644604047563e+01
1.550950649944656590e+01
1.696281606955805188e+01
2.578256996108920873e+01
2.667843632493181261e+01
2.578256996108920873e+01
2.487286611499915523e+01
2.573012885160006746e+01
2.300892526725634113e+01
2.605204995316352168e+01
3.085710457590743161e+01
2.730266764389287459e+01
3.146967114100193896e+01
2.464364198947702178e+01
3.130558212966647957e+01
2.507018926012339577e+01
1.973351125116918325e+01
2.132433994382714815e+01
2.227198883256511408e+01
2.132433994382714815e+01
2.121883135229154149e+01
2.220744050417085802e+01
2.002698517861955807e+01
2.382253829536524492e+01
2.583868488802283991e+01
2.171877394018680718e+01
2.575039610270671631e+01
2.945067210923909684e+01
2.887312660531155828e+01
1.915940367755963436e+01
1.954256040189678245e+01
2.305145163254073282e+01
2.111168552129008091e+01
2.305145163254073282e+01
2.443754606492133874e+01
2.225177528717188125e+01
2.201996816650803979e+01
2.058085199403300081e+01
2.228497711188604669e+01
2.383709884089829245e+01
2.262100012836607732e+01
2.522028951001628627e+01
2.866617885597376514e+01
3.469882217859082374e+01
3.052790238938652223e+01
1.242822599893350066e+01
1.213562320593637622e+01
1.242822599893350066e+01
2.142719138536254420e+01
2.087042528145178366e+01
2.526635711864701861e+01
2.102988124566200412e+01
2.687249916660739757e+01
3.235344679355480935e+01
2.574666646688305605e+01
3.014841478990871693e+01
2.784963534591917877e+01
2.493216994798379815e+01
2.699013892387208102e+01
2.414493843571153775e+01
2.353483279032482756e+01
2.414493843571153775e+01
1.673403781324509865e+01
1.634092074816886608e+01
2.417442489345008383e+01
2.066438874542944859e+01
1.988434956147822774e+01
2.322935514735243956e+01
2.021432524650108675e+01
2.068676893256790805e+01
1.785651597502388555e+01
2.784521951841965048e+01
3.225963651261091059e+01
1.750485858328044841e+01
1.752155773239593373e+01
1.750485858328044841e+01
1.596603877060683452e+01
1.598094372138592512e+01
2.503572285901562111e+01
2.489126457729597419e+01
2.582384492929102748e+01
2.597491949357558738e+01
2.558490087605277452e+01
2.075969028210462142e+01
1.934404842324197560e+01
2.839562722203431733e+01
3.047314878104468860e+01
4.625110855357782924e+01
4.290210820385206603e+01
4.625110855357782924e+01
1.951232163855953416e+01
1.826535593026062898e+01
1.570601934395139665e+01
3.077420982741036326e+01
3.221593953815383315e+01
1.651535246544356639e+01
3.086151138646653180e+01
2.312899478190365343e+01
2.995223907899338656e+01
2.663645061693528149e+01
2.056921774924101598e+01
1.812987339928192654e+01
1.952816751798550143e+01
1.812987339928192654e+01
1.635951911538272441e+01
1.760019027101037636e+01
3.181203115838718531e+01
2.825278391926826771e+01
2.649285354005786886e+01
2.979607347061934775e+01
2.710280386621371917e+01
2.668347643027256666e+01
2.564325927709594666e+01
2.029272720726863710e+01
2.111595326164455599e+01
2.097662099546496961e+01
2.111835284251572986e+01
2.097662099546496961e+01
3.142530139636729913e+01
3.165202708723441916e+01
2.307929164979418601e+01
2.471248765403459302e+01
2.561072681696381537e+01
2.394348446205563619e+01
2.571422390941750180e+01
1.809611635334807289e+01
2.031480681987891401e+01
1.987112062227193476e+01
1.770080018633688113e+01
1.666027766148187794e+01
1.676383363403872551e+01
1.666027766148187794e+01
2.154974518846729836e+01
2.168538347514946096e+01
3.170792001335551547e+01
1.886245615602209824e+01
2.265023172881690883e+01
3.835583707054193070e+01
2.388247723071217976e+01
2.089881062578533388e+01
1.850877152772874723e+01
1.791075380724625532e+01
2.022395526092067186e+01
2.773439836334271646e+01
2.861013376213556114e+01
2.773439836334271646e+01
2.897353555484817278e+01
2.993181996871077288e+01
2.376457717524568736e+01
1.376223810883546683e+01
1.408665258005480325e+01
2.435276772427581093e+01
1.370177659223916855e+01
1.854419612176987542e+01
2.179865798703934487e+01
2.813302934518560150e+01
2.393301176887149495e+01
2.496545588334683430e+01
2.625745173752049766e+01
2.496545588334683430e+01
1.892168786452630158e+01
1.988831028462110240e+01
2.411045699682121324e+01
2.369755913408951997e+01
2.503895322145477209e+01
2.547146562662423719e+01
2.493559134180781811e+01
3.450081471627744634e+01
2.572123209435399005e+01
2.074931124922264658e+01
2.783268352324805051e+01
2.255409695020549421e+01
2.252642402111467490e+01
2.255409695020549421e+01
1.864065250577270305e+01
1.861766622932961823e+01
2.240920177426255933e+01
1.546038289469680826e+01
1.620674986985487820e+01
2.358890114624348300e+01
1.639972928119584950e+01
2.131882952885360893e+01
2.375842338628900663e+01
2.760468527332664124e+01
2.476958742587946460e+01
1.841645617617521680e+01
1.924291859120959103e+01
1.841645617617521680e+01
2.023519675577854215e+01
2.116144541812746382e+01
2.705329774489639760e+01
3.036481057675228001e+01
2.957378914587637908e+01
2.634829206405715141e+01
2.929041972276634098e+01
2.565597843203674699e+01
2.055008917941469804e+01
2.220624864359337991e+01
2.772062258985774008e+01
2.743327463906617325e+01
2.914046355225447726e+01
2.743327463906617325e+01
1.646297906680413448e+01
1.738396463649401369e+01
2.434280366207291024e+01
2.614073551863168987e+01
2.815810756303480034e+01
2.621493427059202830e+01
2.776417374134969762e+01
1.717917492598228435e+01
1.969594235305086372e+01
2.149775314397700399e+01
1.875095417490948080e+01
2.305731680211762935e+01
2.228709023787565613e+01
2.305731680211762935e+01
2.834756350613777087e+01
2.743682664716191155e+01
2.261951835240842357e+01
2.919579905837700196e+01
2.523206308182799873e+01
1.953247061463698131e+01
2.483840135036708929e+01
2.298369176154608340e+01
1.827613717339960786e+01
1.745852135509113623e+01
2.195511300620881912e+01
3.065341335575507387e+01
2.934142798509253680e+01
3.065341335575507387e+01
1.740402904778796156e+01
1.667701181844319791e+01
1.897525503408099823e+01
2.981928612725057448e+01
2.974287936910968710e+01
1.888593378130082456e+01
3.059264053132724825e+01
2.462470011048538865e+01
2.670541511805878443e+01
2.218396946138596704e+01
2.045495049579525215e+01
2.174032257936050883e+01
2.240491034069069087e+01
2.174032257936050883e+01
2.696353886233186259e+01
2.785149504571940327e+01
3.124280133466848852e+01
2.309901023373270945e+01
2.176533099107845715e+01
2.945725800129435967e+01
2.245117247117930148e+01
1.923105756977740555e+01
1.537669158950345683e+01
1.682339216369606305e+01
2.104092599629173677e+01
2.661148959831426097e+01
2.555245665545966460e+01
2.661148959831426097e+01
1.917299080526973754e+01
1.842652382491382212e+01
2.193475639670176847e+01
2.070268011891458215e+01
2.966291897189271864e+01
3.141327562502229043e+01
2.900409667001853720e+01
1.737174397030743833e+01
2.105965311730346556e+01
2.707116447791921487e+01
2.233083693298003780e+01
3.154866811735246301e+01
3.066354385009920236e+01
3.154866811735246301e+01
2.491051808282985291e+01
2.425221822178687958e+01
2.731687880205377539e+01
1.898453200163162435e+01
1.639966900619490886e+01
2.364281978823941088e+01
1.663556945811901855e+01
2.364495709308166838e+01
1.823832418167562253e+01
2.200788867017542927e+01
2.853333877207233726e+01
2.276677592520227122e+01
2.181011621248861232e+01
2.276677592520227122e+01
1.824812992446997484e+01
1.751079648501668373e+01
2.103127795746617679e+01
2.231118690695609885e+01
2.112091649203289379e+01
1.991806044468775738e+01
2.113394565967824335e+01
3.097152841483173447e+01
3.282314792585192720e+01
3.874200176050207034e+01
3.655676835081487752e+01
2.456695981899403947e+01
2.456782427676128577e+01
2.456695981899403947e+01
1.629226840051327585e+01
1.629278566467687028e+01
2.655186023515565452e+01
2.960219815368120422e+01
2.705420354663035098e+01
2.424768926430078864e+01
2.761958035992372018e+01
2.470249853062767897e+01
1.481172707399559840e+01
1.703235239052943939e+01
2.840876308889510327e+01
1.794639316169373089e+01
1.720193298234865509e+01
1.794639316169373089e+01
1.992159970863026430e+01
1.903326752060386085e+01
1.985455462581962394e+01
2.619362251574164802e+01
2.631571229554888092e+01
1.991698746612403781e+01
2.468434656199326582e+01
3.669072745088607235e+01
3.651889078603680616e+01
2.511453336123372893e+01
2.523269099595202292e+01
1.662083258517671069e+01
1.568235260546352805e+01
1.662083258517671069e+01
1.699162933576408818e+01
1.608254847156979395e+01
2.440713351031521583e+01
2.488574129376189603e+01
2.423781950329914636e+01
2.376663923848563442e+01
2.432879661565796425e+01
2.679245695921817472e+01
2.367943902313984594e+01
1.851225177522792009e+01
2.094610592938916938e+01
1.805577381359114142e+01
1.811818488468252752e+01
1.805577381359114142e+01
2.862573248403032267e+01
2.873393539589487133e+01
2.611428246677994025e+01
2.183477347827482618e+01
1.986418982097055164e+01
2.379121075956394193e+01
2.069255309775556029e+01
2.678914194280737604e+01
2.745298684775951870e+01
2.154334941357786803e+01
2.102237054857547705e+01
1.198623308424633827e+01
1.178921516101366507e+01
1.198623308424633827e+01
2.506133320392923736e+01
2.456969693466963278e+01
2.845535527229163009e+01
1.871815821268875624e+01
1.642539538758356699e+01
2.493772292772297305e+01
1.727798921622571982e+01
1.811821918157585642e+01
2.122300991318135388e+01
2.222605148844721157e+01
1.897435027958156795e+01
3.135724818788537149e+01
3.099251702175226697e+01
3.135724818788537149e+01
3.071189475147404480e+01
3.035162962076351434e+01
2.809398104818029296e+01
2.054230916847384592e+01
1.863344873263876167e+01
2.550283394934799119e+01
1.780555104348027839e+01
2.400914095960364492e+01
2.134929111533378077e+01
2.585318430827074110e+01
2.907395169506800414e+01
2.060186612088236657e+01
2.006141936730686837e+01
2.060186612088236657e+01
3.480840294697632231e+01
3.381206954291322830e+01
1.949928882998437274e+01
2.200894544718531165e+01
2.218717995707764601e+01
1.964610210824580605e+01
2.211426185728253913e+01
3.121367667848241112e+01
2.597761880540363322e+01
2.568404084149810629e+01
3.086145028310451721e+01
2.179672221634197982e+01
2.119655077637553120e+01
2.179672221634197982e+01
1.904871374583105492e+01
1.853967124788950116e+01
2.552711576113662773e+01
1.866079835273381704e+01
1.673082910647512378e+01
2.286363798449153251e+01
1.705457447907189916e+01
2.158377444335183171e+01
2.008032760573550846e+01
2.628422899004867830e+01
2.825228861377455303e+01
1.788991400554179378e+01
1.869903851631500302e+01
1.788991400554179378e+01
1.725932804070848192e+01
1.807010961148077044e+01
3.178674191658927839e+01
3.456888955186405354e+01
3.106290599541769026e+01
2.855764097726537898e+01
3.108793150094133750e+01
2.100054801742884081e+01
1.726557273014196525e+01
2.099398455620151083e+01
2.553463181704770690e+01
3.338610719375658675e+01
3.248355000239089208e+01
3.338610719375658675e+01
1.586449936306003394e+01
1.549292551488241720e+01
2.365823217823993829e+01
2.378276144160560079e+01
2.043966481466558349e+01
2.033271310402305687e+01
2.064808025079775078e+01
2.022987551314731647e+01
2.060882661587311659e+01
2.356679586333619980e+01
2.313349789553767621e+01
2.442448977384829334e+01
2.549173330883117217e+01
2.442448977384829334e+01
2.123083797850857835e+01
2.209167085915481721e+01
2.221700550492937154e+01
3.297326286514682891e+01
2.829947857179855930e+01
1.915747546082262076e+01
2.783992389439002935e+01
2.426334984592869048e+01
1.761079121413790460e+01
1.478547136011213858e+01
2.037091377928706848e+01
2.779022048598855577e+01
2.672859068971449403e+01
2.779022048598855577e+01
2.401073398683883298e+01
2.310175271691259979e+01
1.649423398302094057e+01
2.732538075482910855e+01
2.508815694480003700e+01
1.522780802353526575e+01
2.587941521185607385e+01
2.821106201180718642e+01
2.890784168915917007e+01
2.709432228954844035e+01
2.644115214498084399e+01
1.696892718219606166e+01
1.679747204108392467e+01
1.696892718219606166e+01
1.764195420951423543e+01
1.746776346393847845e+01
2.523375963141803879e+01
2.423662571918342579e+01
2.024095803036236063e+01
2.106973030040922978e+01
2.024812497709920933e+01
2.323341645521584198e+01
2.454358442411814067e+01
2.595812148767710781e+01
2.457265059130376628e+01
2.953933632335557036e+01
3.166428351753106085e+01
2.953933632335557036e+01
2.182256710039596825e+01
2.332327791301466391e+01
2.894593457384415558e+01
2.256978502231929795e+01
2.328512516373268326e+01
2.987992710267415575e+01
2.364316409886008330e+01
2.312153257109320847e+01
2.602489966876127880e+01
2.370313166538064209e+01
2.105892730151916581e+01
1.956754041740358119e+01
2.064063368143737520e+01
1.956754041740358119e+01
2.389312949906256378e+01
2.515330181082059013e+01
2.083791736936098005e+01
3.258394540819101337e+01
2.547866611211377119e+01
1.643516629680169672e+01
2.436381272443243162e+01
2.015308462411543999e+01
2.000285956666723663e+01
2.280500626275808784e+01
2.297628049134778294e+01
3.150342560276531501e+01
3.138811087821662227e+01
3.150342560276531501e+01
2.888211691621007660e+01
2.877729350640996131e+01
1.734136279780071987e+01
2.287252917149277565e+01
3.337537805494866916e+01
2.524735603290337949e+01
3.397654121833652141e+01
2.104991279123629155e+01
2.443169195958263984e+01
1.706308039628782680e+01
1.470081886694214290e+01
2.133847887171913271e+01
2.042992182751926222e+01
2.133847887171913271e+01
4.416572256630701787e+01
4.215719491367455163e+01
1.681024932889605950e+01
2.182722789951415976e+01
1.658692497343974637e+01
1.277117388355100225e+01
1.631192375516183901e+01
2.509039219843321789e+01
2.486348446852045768e+01
1.959367774180452670e+01
1.977242749119188758e+01
2.541608076882057787e+01
2.773029664844409936e+01
2.541608076882057787e+01
2.419031478659773526e+01
2.642188089847331511e+01
2.258966279410211087e+01
1.867758553832096169e+01
1.923412830329951007e+01
2.326494787419105137e+01
1.849189898302212143e+01
1.878702400743156531e+01
2.180628838621869292e+01
2.688272668128466591e+01
2.316099144067807103e+01
2.322693515649374163e+01
2.231340027457079955e+01
2.322693515649374163e+01
3.182704286959826234e+01
3.060555966087332536e+01
2.285179985628891686e+01
2.146142565061792240e+01
1.486123520016920274e+01
1.583001562800241402e+01
1.516679653293051011e+01
2.737103296237640038e+01
2.048028612215404465e+01
2.207322025992067083e+01
2.950021259152756059e+01
2.880663481396643633e+01
2.765731322263629011e+01
2.880663481396643633e+01
1.569356137017713415e+01
1.511645163775501288e+01
1.645592150443138735e+01
2.147892364003444143e+01
2.285159712690229128e+01
1.746629565502764692e+01
2.255892041777865131e+01
2.823067319968248867e+01
3.007914647374205330e+01
2.983728827899635050e+01
2.800357510090692514e+01
2.266618490403391206e+01
2.209933641812631322e+01
2.266618490403391206e+01
2.452866810039431300e+01
2.394467941496091257e+01
2.475229838564575502e+01
3.149071359092289057e+01
2.677320101511245909e+01
2.105692109715119997e+01
2.844957575223588719e+01
2.370577972588702664e+01
2.301886827273451175e+01
2.304752836118933956e+01
2.373536070819568167e+01
1.963273368009607722e+01
1.836493497710814538e+01
1.963273368009607722e+01
2.270127441138972202e+01
2.116914930223767399e+01
1.851779469034910619e+01
2.754978120463432845e+01
2.754844183368802035e+01
1.848193968823666822e+01
2.683463110593103451e+01
2.349875141201418671e+01
2.513025200080758736e+01
2.495427601649556593e+01
2.333422954927201332e+01
1.851885405872009827e+01
1.721069420119639659e+01
1.851885405872009827e+01
2.050603075759617511e+01
1.909523252943980864e+01
2.967459401507213101e+01
2.645016308523673843e+01
2.263725105367829826e+01
2.543805274223652546e+01
2.227668125823809930e+01
2.392334436639384876e+01
2.553923165808280160e+01
1.658627066278235418e+01
1.553655984883831032e+01
1.917622001287290701e+01
1.958610896781125987e+01
1.917622001287290701e+01
2.900682785895547866e+01
2.966478196454469796e+01
2.286532657671769186e+01
2.264252753854816902e+01
2.914984089328119765e+01
2.945131645109562157e+01
2.874825819153204520e+01
2.289096962942458546e+01
2.392234146078794765e+01
2.178902088834121642e+01
2.084958655730783406e+01
1.864816771581704558e+01
1.845248830380460348e+01
1.864816771581704558e+01
2.301498208260159117e+01
2.276879317783350132e+01
3.788039010582716770e+01
1.964825069047496342e+01
1.701981835171117297e+01
3.267877706803329119e+01
1.731446595365619601e+01
1.745999581629267894e+01
1.963495689763943020e+01
1.950944181024233970e+01
1.734890025065391583e+01
2.758587275013075057e+01
3.007845421998034752e+01
2.758587275013075057e+01
3.087912709940958322e+01
3.376960343620974214e+01
2.849355373413311909e+01
2.305755051028252822e+01
2.386518979183016498e+01
2.943313590481710662e+01
2.293101103933273066e+01
1.890012790495631734e+01
2.005775969973193540e+01
2.783851089573768434e+01
2.623213884332923485e+01
2.338132815084428273e+01
2.255489694008895185e+01
2.338132815084428273e+01
2.048520964995432792e+01
1.974393902660287736e+01
2.185516884288628958e+01
2.028826038949280530e+01
2.151962889935347434e+01
2.319288836809558063e+01
2.169811488560030455e+01
1.355293583361426357e+01
1.432241080805616917e+01
2.914969539651020014e+01
2.758344872533436387e+01
2.935824088886024086e+01
2.929648110015118334e+01
2.935824088886024086e+01
2.662691526938968778e+01
2.657212257799187682e+01
1.750948054406183374e+01
1.563911944028598811e+01
2.070616330777832914e+01
2.319671686666177735e+01
2.069023858142460881e+01
2.671170345783211530e+01
2.822107924784715394e+01
2.374427769629922480e+01
2.247420050995899388e+01
1.585059681068596937e+01
1.589067854634746801e+01
1.585059681068596937e+01
2.034127565878034005e+01
2.039239593386959015e+01
2.661860065328711400e+01
2.563604445929554387e+01
2.304390139854407948e+01
2.392260588556108303e+01
2.324502005249079062e+01
1.870188840691369592e+01
1.984961142415405888e+01
2.877096960057443198e+01
2.710749808485131140e+01
3.709425649579085160e+01
3.589358108933880231e+01
3.709425649579085160e+01
2.563967685914700212e+01
2.487908196671228822e+01
2.876085230128465753e+01
2.526447216818861818e+01
2.115605199038278528e+01
2.408282499717086367e+01
2.125332900638132827e+01
2.409341526841409120e+01
2.421893291629520562e+01
1.268565363582681904e+01
1.261989884010977825e+01
2.261067359890303052e+01
2.098892756181573915e+01
2.261067359890303052e+01
2.297894961997360852e+01
2.138954023947438543e+01
1.903289034899958310e+01
2.733619551441447015e+01
2.573344293706337282e+01
1.788911151030389846e+01
2.517579738090023511e+01
1.929431493198488567e+01
2.119071052425161028e+01
2.141719976660584734e+01
1.950049332996831097e+01
3.200923431158207677e+01
3.218182772849517193e+01
3.200923431158207677e+01
3.340014172859149255e+01
3.358820839936098679e+01
1.469387771794385422e+01
2.049236750981771493e+01
2.392254203379087585e+01
1.724072484448804943e+01
2.457071316518626602e+01
2.196985965044256162e+01
2.522641496959729679e+01
2.193981725472639255e+01
1.910745048032650928e+01
2.074307244133846595e+01
2.029870535854119140e+01
2.074307244133846595e+01
3.005203831231489175e+01
2.938236402246799273e+01
1.932604864700331859e+01
2.297388740996779077e+01
2.198104423857473932e+01
1.849436534430892110e+01
2.187445494763080944e+01
2.485050548735074472e+01
2.670320050274867185e+01
1.854542640151935373e+01
1.725884119186490651e+01
2.456700678461785614e+01
2.347665631903167593e+01
2.456700678461785614e+01
2.960090342929110463e+01
2.824064582538190393e+01
2.399149563154958642e+01
1.742584599201711981e+01
2.255995956461779528e+01
3.105181036396189498e+01
2.099657272375621631e+01
1.982970724411285701e+01
2.689279633789571733e+01
3.158081622595551607e+01
2.328726475317290578e+01
2.098123308869231707e+01
2.169605670702920364e+01
2.098123308869231707e+01
2.735672430420105172e+01
2.831186883951771449e+01
1.878468266692222599e+01
2.508895444380118889e+01
2.408301846464526363e+01
1.805360142943007418e+01
2.428455527813995118e+01
1.865853515937609686e+01
1.756077074007004768e+01
2.221224726350768819e+01
2.360090648779147315e+01
2.158591661949740015e+01
2.311400253509982861e+01
2.158591661949740015e+01
1.929601386866777446e+01
2.059611983520838763e+01
2.012016341267351649e+01
2.018382164527400491e+01
2.218421476082316346e+01
2.211784426873928666e+01
2.258582424851903525e+01
2.336191853709384603e+01
3.096166057301454089e+01
3.350358629680992806e+01
2.527951682434097336e+01
1.978526839215992439e+01
2.044477035256949193e+01
1.978526839215992439e+01
2.062835395901060664e+01
2.130609491897974195e+01
2.107178465323044847e+01
2.685849753092701064e+01
2.658149049692044841e+01
2.086335194924632574e+01
2.814297254239501811e+01
3.475355932623042321e+01
3.022678472121454263e+01
2.261443097320177387e+01
2.600142262078378863e+01
2.391008338208835937e+01
2.502228349482022907e+01
2.391008338208835937e+01
1.413581693368693237e+01
1.475230837813281504e+01
2.204254490182253789e+01
2.845029206151276568e+01
3.123150339574376133e+01
2.427392964452560875e+01
3.033177323046131235e+01
2.575793383407300396e+01
3.163401577886155636e+01
2.367844081379264765e+01
1.928051450091065178e+01
1.626369170469427772e+01
1.713792613386202746e+01
1.626369170469427772e+01
1.799142368244817192e+01
1.896244712607902017e+01
2.838941771352876842e+01
2.642567150816606514e+01
2.533871154853433794e+01
2.719887894412569906e+01
2.500306324675399949e+01
2.007743388872998835e+01
1.881713825503224413e+01
1.811688224665202540e+01
1.933038919112939524e+01
3.043058782673068663e+01
3.183334359102073918e+01
3.043058782673068663e+01
2.551025469619581187e+01
2.665109874444677018e+01
1.894746866948230135e+01
3.096573095498887440e+01
3.756643770277342753e+01
2.284832665290683096e+01
3.837401682662196123e+01
2.203834285552717276e+01
2.693541078915630749e+01
2.373690314396625922e+01
1.942110827872749823e+01
2.362127880492544207e+01
2.349876334556747892e+01
2.362127880492544207e+01
2.880121063378773272e+01
2.865145824603409608e+01
1.815055755985921238e+01
2.067060318952905007e+01
1.405606334816731540e+01
1.237323288707957225e+01
1.401726096204673944e+01
2.583315098244638719e+01
2.094205100781592677e+01
1.729370316452282452e+01
2.133184253037630995e+01
2.335577442356280997e+01
2.449510602534354575e+01
2.335577442356280997e+01
2.704452049447718309e+01
2.842380433809937657e+01
1.867998687922659684e+01
2.139880472866849814e+01
2.423141441214599112e+01
2.116385671813575087e+01
2.469953264772788160e+01
1.835038326085997440e+01
2.666327135828730732e+01
3.127464756925168032e+01
2.152571188768769517e+01
2.003108449330306229e+01
1.966129955794228223e+01
2.003108449330306229e+01
2.291747072087900605e+01
2.249174307577693455e+01
2.699344831240569320e+01
1.956359807591348599e+01
2.000211492149037795e+01
2.764823959304694867e+01
1.961180278594531856e+01
3.238001862376366802e+01
2.724860075919626112e+01
2.163259141643363037e+01
2.570640742690985192e+01
2.318299515993195925e+01
2.426332501266950814e+01
2.318299515993195925e+01
2.306852121272575218e+01
2.414831541448158703e+01
2.280728556481563984e+01
1.354618415492891792e+01
1.711581311212813361e+01
2.887896775457110365e+01
1.767806166309824434e+01
1.887066074618018519e+01
2.801516329942025152e+01
3.171117231174746109e+01
2.135836009566231652e+01
2.082838343949067195e+01
2.098487235457532663e+01
2.082838343949067195e+01
1.386650664721639714e+01
1.396752574892077980e+01
2.640682131331985261e+01
2.557906347540080105e+01
2.778543777625302980e+01
2.868838626629882427e+01
2.813824726573872681e+01
1.366848981511828498e+01
1.312775794700785603e+01
2.593411418974593730e+01
2.700227816043171813e+01
3.028425486674160538e+01
3.092053283642040995e+01
3.028425486674160538e+01
2.075388231028462371e+01
2.117951324220814513e+01
2.258035224115705475e+01
2.318705092586860772e+01
2.408713814108411100e+01
2.346347795531245595e+01
2.418035470360112527e+01
2.017945365977579186e+01
2.219401927288357612e+01
2.211430517952614494e+01
2.010694129411370668e+01
2.463777231798261269e+01
2.553134821307785174e+01
2.463777231798261269e+01
1.968929176447485929e+01
2.036407872956230136e+01
2.100767736376725381e+01
3.587174420071356451e+01
4.176786883748219736e+01
2.451875872328798778e+01
4.069574919653931744e+01
2.188989902243860897e+01
1.916107135389548688e+01
1.973363338587259008e+01
2.254428390110892977e+01
2.700630032044143647e+01
2.713308084728296876e+01
2.700630032044143647e+01
2.541869473416764080e+01
2.554014260484933629e+01
1.766438334259812493e+01
1.930576213388819085e+01
2.300074395048973130e+01
2.100763500560308117e+01
2.425841790103471851e+01
3.938151908093028197e+01
3.597064587097884925e+01
1.597636225992383174e+01
1.749141129130115502e+01
2.536137500364526431e+01
2.783069821559576340e+01
2.536137500364526431e+01
2.476861367834289851e+01
2.719720438292961617e+01
2.306507637820267576e+01
2.119661353121567871e+01
2.276911132745622623e+01
2.477898786072785242e+01
2.281771578184903149e+01
2.664523800935383235e+01
2.589770020435416953e+01
1.895723412819220499e+01
1.950434555278643955e+01
1.906479470129220388e+01
2.009639256843854582e+01
1.906479470129220388e+01
2.053643477743819901e+01
2.174299014998657853e+01
2.827709789252944361e+01
2.020182253251012483e+01
2.121856527245809332e+01
2.971852476720392744e+01
2.065973655037472057e+01
1.914472666828180181e+01
2.330968116836152504e+01
2.682641312434780545e+01
2.203411591133221847e+01
2.221402170267963072e+01
2.127670554068032160e+01
2.221402170267963072e+01
2.611158863237148253e+01
2.496142346971014447e+01
1.888327279177453732e+01
2.156643260326279332e+01
2.386685052378974703e+01
2.086549377554345952e+01
2.387102275340872737e+01
1.473094609886275386e+01
1.151697475726917475e+01
1.771340838946984420e+01
2.265734769304633289e+01
2.587644495787117549e+01
2.744387596786183892e+01
2.587644495787117549e+01
2.178018718491130201e+01
2.304491273560936193e+01
1.957482608207282837e+01
1.995780111880881336e+01
2.383714812208123490e+01
2.336883256017685895e+01
2.422942089053454495e+01
2.714513010898239997e+01
3.250425765557861268e+01
3.253470517634848846e+01
2.717068185499072897e+01
2.190735831406309231e+01
2.226983083905119543e+01
2.190735831406309231e+01
1.717440238797415120e+01
1.744203235839777477e+01
1.919548076360981881e+01
2.947132003409133816e+01
3.650103485493885813e+01
2.376265817911889044e+01
3.771269776344666269e+01
2.836916419495326736e+01
2.637512826520420717e+01
2.247338004945371281e+01
2.417239933641235083e+01
2.494022038249986295e+01
2.421078798893140416e+01
2.494022038249986295e+01
1.971923145679818745e+01
1.916615118483907310e+01
2.154048089270621347e+01
2.692906530989774794e+01
2.765105080065117704e+01
2.214284998053884124e+01
2.719374562305957355e+01
2.826628715619514409e+01
3.669810562734979698e+01
2.678755515497034523e+01
2.063325364649020699e+01
1.672025625286509509e+01
1.646262022498678945e+01
1.672025625286509509e+01
1.339920248078721698e+01
1.319962307136582780e+01
2.635721159749475007e+01
2.766553246681242584e+01
2.952914904297665899e+01
2.812740291703422102e+01
2.900139872197713942e+01
2.177755792643360522e+01
1.731920793924004087e+01
2.173468771736438043e+01
2.733135641327605825e+01
3.191305088867810014e+01
3.042918211144569796e+01
3.191305088867810014e+01
2.011994155170159360e+01
1.924847942667973300e+01
1.782007643220438453e+01
2.007442919902020861e+01
1.879869264957553909e+01
1.669401630721054275e+01
1.861213413749048229e+01
2.756817775362194922e+01
2.940690445312293022e+01
3.818866826888481825e+01
3.580096699041461505e+01
2.624323147937146317e+01
2.337919468805032963e+01
2.624323147937146317e+01
1.713183245234192498e+01
1.535934168140445699e+01
1.412197191797381812e+01
2.708192265845930891e+01
2.814302189933970411e+01
1.458355647305818614e+01
2.897137436202978122e+01
2.668756219303968180e+01
2.266659058931351467e+01
2.457073167796201218e+01
2.892950654754424988e+01
2.303298359577898680e+01
2.295415668112977059e+01
2.303298359577898680e+01
2.136378638687613929e+01
2.129039626576293998e+01
1.662315095351419103e+01
2.760467740229944766e+01
2.270115974478908072e+01
1.378547084756019636e+01
2.213531691476235608e+01
2.779805489195877399e+01
2.931801568853768458e+01
2.480477690111951006e+01
2.351907793508287625e+01
1.713222674890034014e+01
1.691010718430382198e+01
1.713222674890034014e+01
1.968999964529395186e+01
1.944069561049755279e+01
2.790483428191487647e+01
2.359082368262913931e+01
2.212375261410164740e+01
2.620017569975735583e+01
2.229357370552498097e+01
3.383703818276464403e+01
2.940218425674049740e+01
2.063365595685821674e+01
2.374648993273464370e+01
2.197763617977026840e+01
2.160208047454714730e+01
2.197763617977026840e+01
2.652863204258380492e+01
2.605157134758968951e+01
2.235094383737140689e+01
2.310649917119098617e+01
2.104274876197191091e+01
2.034519696695092605e+01
2.134178560748506825e+01
2.600817012502567493e+01
2.402455187505829315e+01
1.924391497557772368e+01
2.083271293391387857e+01
2.681913222846115374e+01
2.734055099280338652e+01
2.681913222846115374e+01
2.255912310085645345e+01
2.299401953283974009e+01
2.436012218988227929e+01
1.930929307448840504e+01
1.952726586890226557e+01
2.455794399030041220e+01
1.955113705083895326e+01
2.508333268169539210e+01
2.205808900767511815e+01
2.153032685050545680e+01
2.448256856658206004e+01
1.740496373702224986e+01
1.732940880025311614e+01
1.740496373702224986e+01
2.738343796280842568e+01
2.725659772050711283e+01
1.561050928688907646e+01
1.671774165508969645e+01
2.023299630341059441e+01
1.889933164218506434e+01
2.050103795952800922e+01
2.235554625084952818e+01
2.418999297713336816e+01
2.622112898833043815e+01
2.423273853729438443e+01
1.981205814820910760e+01
1.949491082222089489e+01
1.981205814820910760e+01
2.793476627087730435e+01
2.744557309621777108e+01
2.957042016066065671e+01
2.389044689431193547e+01
2.420775933640244304e+01
3.001405255964988683e+01
2.295734122398768662e+01
