7.295549443521180066e+00
1.051434225829068936e+01
1.046371077354204004e+01
7.283134413955404618e+00
1.046371077354204004e+01
1.111696505255793710e+01
1.446402260250440897e+01
1.429875682958294547e+01
1.098994272464524791e+01
7.194561772211619299e+00
7.912482148596351905e+00
7.194561772211619299e+00
7.359251019689118323e+00
8.102838491755607109e+00
1.563612096665005780e+01
1.402307798429761476e+01
8.292258743704449486e+00
9.255041017028300843e+00
8.292258743704449486e+00
1.461356363761605692e+01
1.382584197648863977e+01
1.027632159969764736e+01
1.086181079699637486e+01
6.737222674322153715e+00
6.804408296314839788e+00
6.737222674322153715e+00
1.441606182383540613e+01
1.455640288282973493e+01
1.059717521949186469e+01
1.041421120529724931e+01
7.612794238398429059e+00
7.747418685589128273e+00
7.612794238398429059e+00
7.658025909423519018e+00
8.094338786468274094e+00
1.119005506030510233e+01
1.058687236108166019e+01
1.052687994312917041e+01
1.009613474446509329e+01
1.052687994312917041e+01
1.270366905953415859e+01
1.218684724557342847e+01
1.370925805905731565e+01
8.014556879804398903e+00
4.451694361680149647e+00
7.638970243520555314e+00
4.451694361680149647e+00
1.089121145709563443e+01
9.219761432122430378e+00
9.327637943828609224e+00
1.101864489546556669e+01
9.295156699723749583e+00
1.122416213133083751e+01
9.295156699723749583e+00
1.225096938351710030e+01
1.478578309314175243e+01
7.221866809748551219e+00
5.704706157617879470e+00
7.856399089167612537e+00
9.943355280308782795e+00
7.856399089167612537e+00
9.928492000053442013e+00
8.856223883955184562e+00
1.125023761009366474e+01
1.261236115686712900e+01
1.185137641512186235e+01
1.405363831820045739e+01
1.185137641512186235e+01
1.360005229902289159e+01
1.613239243034494663e+01
9.759565248037951335e+00
9.425215996299328935e+00
7.291131266626810437e+00
7.553099754202019511e+00
7.291131266626810437e+00
1.426950501411068117e+01
9.630102401049043692e+00
1.074526974636528820e+01
1.592191589852964739e+01
6.015869119326662684e+00
5.738799214032678009e+00
6.015869119326662684e+00
1.184806251795246368e+01
1.131778633473571638e+01
1.069598975939757679e+01
8.108657994716001127e+00
1.019282951323110709e+01
1.337337619847480319e+01
1.019282951323110709e+01
1.273803261634948214e+01
1.127877678668655470e+01
9.655084033761399454e+00
1.090426538814219448e+01
9.358951053121456809e+00
9.741624456843844371e+00
9.358951053121456809e+00
1.095502644642369638e+01
1.139917395145886303e+01
1.086471299694841619e+01
1.045900673559018301e+01
1.138120028876248568e+01
1.182218737321452018e+01
1.138120028876248568e+01
7.622289789267001403e+00
7.048246837301381795e+00
7.519628410454111567e+00
8.132062933543876326e+00
9.954134554956912240e+00
1.207405729198106492e+01
9.954134554956912240e+00
8.312962613933279954e+00
1.010884937794232741e+01
1.332372008627765858e+01
9.623953105196369151e+00
1.243272405132893077e+01
1.720563302609378198e+01
1.243272405132893077e+01
9.293873699238289987e+00
6.115353823763434171e+00
6.821280447071994324e+00
1.036671315661607373e+01
1.136823248179518941e+01
7.593262337013780616e+00
1.136823248179518941e+01
9.177242908267000843e+00
6.119717279845851898e+00
7.869069979649961688e+00
1.120578889673519640e+01
1.389621372441253477e+01
9.780629293536199143e+00
1.389621372441253477e+01
6.569916825315400999e+00
6.569916825315400999e+00
6.331464048421805657e+00
6.331464048421805657e+00
1.286525883022036076e+01
1.173132213859909712e+01
1.286525883022036076e+01
1.325235209609133769e+01
1.208101326399858522e+01
1.177837912684724486e+01
1.360124341929746095e+01
1.645882144936286196e+01
1.427945433012943433e+01
1.645882144936286196e+01
9.404413598076894587e+00
1.017035404652643571e+01
7.662168181433528957e+00
7.085121944288284013e+00
1.244257931301267739e+01
1.102367485893301691e+01
1.244257931301267739e+01
1.388698277542925297e+01
1.232870661125491552e+01
7.506581992536556669e+00
8.898719736552717308e+00
9.873743767947786409e+00
8.327856704963274126e+00
9.873743767947786409e+00
1.031220384230070231e+01
1.530708049526750436e+01
8.756384662445798384e+00
5.899075502258830817e+00
1.014316469179006042e+01
1.266746016517891427e+01
1.014316469179006042e+01
8.555136408732822773e+00
1.062246851605402398e+01
1.089227919156228275e+01
1.033401827447999821e+01
1.242459895953360594e+01
1.309254196438205220e+01
1.242459895953360594e+01
1.029776438040252273e+01
1.029776438040252273e+01
1.202086473542904344e+01
1.202086473542904344e+01
6.617457386716546708e+00
7.189924282359054786e+00
6.617457386716546708e+00
8.967743271896795321e+00
9.719175822903611817e+00
1.194346572955610597e+01
9.523979255200631044e+00
8.046722588613272720e+00
1.011156964603784303e+01
8.046722588613272720e+00
1.089201127538527913e+01
1.159787116493978409e+01
1.087179378379059891e+01
1.021012380571013090e+01
1.011416218661791433e+01
1.091768514882998886e+01
1.011416218661791433e+01
7.126962197213091876e+00
7.707186537775001511e+00
1.146643378471378583e+01
9.964227079222091277e+00
8.894786961106900591e+00
1.022147228561863663e+01
8.894786961106900591e+00
5.359426647966746060e+00
1.053329791079585753e+01
1.210939021523739889e+01
6.161355081740731876e+00
8.148261224429013794e+00
8.123648320340423723e+00
8.148261224429013794e+00
5.895379810652689123e+00
5.877452061774685710e+00
1.217262488066663195e+01
1.199039311823811715e+01
1.139123373822196683e+01
1.156488276879604804e+01
1.139123373822196683e+01
1.156706971497531278e+01
1.156706971497531278e+01
1.343563055704895781e+01
1.343563055704895781e+01
1.391548353590612308e+01
1.692229158621656282e+01
1.391548353590612308e+01
8.323168482718871886e+00
1.021438596182130176e+01
8.486189685645852521e+00
1.592837510665890655e+01
1.440712648660306350e+01
7.709887210670398616e+00
1.440712648660306350e+01
8.395648615242716772e+00
1.090250346247643876e+01
1.016182506527642282e+01
7.825277270606607161e+00
9.177516056247757348e+00
7.294165407461435713e+00
9.177516056247757348e+00
1.132566301996601155e+01
8.990714336164030485e+00
1.024522475181197478e+01
9.308455795974365898e+00
8.421395119478935598e+00
9.258249033706483999e+00
8.421395119478935598e+00
1.303911674506668739e+01
1.452227055084630436e+01
1.086129297849230646e+01
9.752033378876904024e+00
9.626218733483735690e+00
9.424643022824799488e+00
9.626218733483735690e+00
1.104767727701330671e+01
1.082125745314231224e+01
7.627923897929707486e+00
8.200739838520066272e+00
1.157308011236501777e+01
1.077613171700868122e+01
1.157308011236501777e+01
1.282403427995034662e+01
9.424937705536486021e+00
7.411985875539524038e+00
1.008511291216180261e+01
6.619319363030689907e+00
6.491931083589651763e+00
6.619319363030689907e+00
1.013528909324846516e+01
9.941011281002163358e+00
1.906721719368515267e+01
1.196026853238663179e+01
8.150498551351310184e+00
1.308989814830848353e+01
8.150498551351310184e+00
8.732139418918487550e+00
7.132123231472498048e+00
8.700063696290651905e+00
1.065183069387269654e+01
1.053626199387115214e+01
9.582736912451393252e+00
1.053626199387115214e+01
1.707549255253775655e+01
1.555273367151902697e+01
1.144442650543922824e+01
6.446453541598689441e+00
5.486548286944818997e+00
9.751482600852662941e+00
5.486548286944818997e+00
7.657109561507106754e+00
8.093370230006145860e+00
1.204068059282257686e+01
1.139164623317680558e+01
1.580425529341212787e+01
1.360668388847783739e+01
1.580425529341212787e+01
1.257680065417983606e+01
1.082114892831746467e+01
8.402023376306715363e+00
8.224031808155640277e+00
1.029644182965523669e+01
1.051771584421487482e+01
1.029644182965523669e+01
1.300644059197675872e+01
1.552613516778968261e+01
1.566047003633072698e+01
1.311897461723340363e+01
9.769093222185501801e+00
9.807630312322746846e+00
9.769093222185501801e+00
9.454118826419668054e+00
9.491354789660746860e+00
1.300135714416061816e+01
9.076600066331371508e+00
4.746595883849068720e+00
6.827367645249164951e+00
4.746595883849068720e+00
5.823600537993272042e+00
8.644352222915143713e+00
1.245792550533811927e+01
8.392760938505704260e+00
6.636016886806793025e+00
5.754493641392577352e+00
6.636016886806793025e+00
8.044773139355228864e+00
6.982106226872427435e+00
1.459299186074809285e+01
1.622235766295586856e+01
1.620889680465993976e+01
1.458076569361660901e+01
1.620889680465993976e+01
9.914852483985946208e+00
9.347943958054004909e+00
1.093373079684244686e+01
1.159680978370716353e+01
1.412307647443657999e+01
1.203970659381267616e+01
1.412307647443657999e+01
9.010349844406427167e+00
7.635717377371462611e+00
9.947684532113855838e+00
1.053293559772725985e+01
8.136065578471059823e+00
7.682073536486832666e+00
8.136065578471059823e+00
7.954130387048016892e+00
8.469600069786226371e+00
8.284926262069664205e+00
7.780696041441748534e+00
8.143511239762467824e+00
8.970086101211485641e+00
8.143511239762467824e+00
1.301271422631616659e+01
1.435245987923588196e+01
1.117623372175385299e+01
1.420071531162843215e+01
1.063879451955743249e+01
8.366156033844159623e+00
1.063879451955743249e+01
1.154561420721338649e+01
1.095709023734415766e+01
1.109741273837364872e+01
1.169347366865654614e+01
9.432779951056238232e+00
1.071206380411242165e+01
9.432779951056238232e+00
7.201170383949237142e+00
8.186581065832985615e+00
7.967035000852976445e+00
1.287769724193838705e+01
1.276600166511740220e+01
7.880910503704185999e+00
1.276600166511740220e+01
1.104617413161434669e+01
1.045074711245384869e+01
1.022770293417450560e+01
1.081042210299809092e+01
9.336652514101654532e+00
8.588082289452733775e+00
9.336652514101654532e+00
1.577643103080440667e+01
1.454481359038106980e+01
1.220378077516130766e+01
9.306907449288241096e+00
7.816530380064338424e+00
1.025574732794416377e+01
7.816530380064338424e+00
8.677195778444110275e+00
6.682014545761641777e+00
6.987331133782211268e+00
9.073676778375705965e+00
9.757482345862658946e+00
1.096640485916927332e+01
9.757482345862658946e+00
1.137932821527559391e+01
1.280068465791306487e+01
7.949796801787386791e+00
7.336180365469570752e+00
7.513517709796320609e+00
8.137616055296620132e+00
7.513517709796320609e+00
1.018091066994840155e+01
1.191488414691546360e+01
1.581213691719065828e+01
1.351099611795944710e+01
1.800697978179954006e+01
1.952217970736940700e+01
1.800697978179954006e+01
1.085694125188369341e+01
1.179023084120109566e+01
7.760717486248217334e+00
5.471016705388784374e+00
5.716198880485027445e+00
8.123981589285760307e+00
5.716198880485027445e+00
9.820648039167183541e+00
7.807526056079199250e+00
9.707218527895337346e+00
1.221016438715752628e+01
7.898706298136426440e+00
8.881267409667353618e+00
7.898706298136426440e+00
9.065433795165942499e+00
1.021030372855730484e+01
7.358504068475061999e+00
7.811138846744116293e+00
1.134998521610836519e+01
1.069699407868169239e+01
1.134998521610836519e+01
1.440605962601279444e+01
1.264940378811962596e+01
1.138598054770229062e+01
1.296718149078899529e+01
1.309308475483406831e+01
1.309179658521882850e+01
1.309308475483406831e+01
9.897149419508419754e+00
9.896141654165905521e+00
9.134374301334299062e+00
1.039642647035407386e+01
7.471444992879729519e+00
6.559305904789787256e+00
7.471444992879729519e+00
1.143176067494562531e+01
1.222694835727383378e+01
1.114324322886784557e+01
1.041853502712660706e+01
7.820251991596295582e+00
9.037401280246292856e+00
7.820251991596295582e+00
9.835908526645784633e+00
1.132990762213763958e+01
9.255015548408241699e+00
1.145321139612553196e+01
1.221347058152950993e+01
9.854647757406747033e+00
1.221347058152950993e+01
1.572835631511022925e+01
1.302081086193030224e+01
8.824936911529860595e+00
1.065999296623935777e+01
1.006029451375775885e+01
1.209625133229844529e+01
1.006029451375775885e+01
5.907850709992175098e+00
7.125757250891439298e+00
9.581303649143329437e+00
9.805842443231375327e+00
1.084701885138254518e+01
1.059638040986967766e+01
1.084701885138254518e+01
8.688844723430422690e+00
1.080433426220539239e+01
9.705265952089101589e+00
7.804974078993859088e+00
8.304224568335918377e+00
8.208724030271850935e+00
8.304224568335918377e+00
1.380022489926366802e+01
1.364591480340871499e+01
1.357062487042015420e+01
1.181940921035115188e+01
1.146285197475618389e+01
1.317938516087164302e+01
1.146285197475618389e+01
8.132116387682252423e+00
5.468914092552418893e+00
5.490545984295472692e+00
8.164282382313583497e+00
7.538273671740232551e+00
7.945245687956735026e+00
7.538273671740232551e+00
9.241918952254165376e+00
9.709369755449667849e+00
9.924281777495018275e+00
6.866910559348963439e+00
8.284678361890382092e+00
1.195746860057683492e+01
8.284678361890382092e+00
8.846438685123350965e+00
1.068596581540146495e+01
9.548797143566972068e+00
7.905027014544368846e+00
1.320898938409056989e+01
1.368597868217675995e+01
1.320898938409056989e+01
1.164555266974433856e+01
1.206487620474071498e+01
1.346742919110586989e+01
9.410181514475551623e+00
8.481219961790184669e+00
1.214762429116900222e+01
8.481219961790184669e+00
7.219116490757267357e+00
9.139998715416151498e+00
9.894115291286130542e+00
7.814746269089078545e+00
9.649745446227425916e+00
1.044833724580969303e+01
9.649745446227425916e+00
1.202672658764518054e+01
1.299006495621344115e+01
8.887933414783777408e+00
9.998887881356957053e+00
1.218291771664616796e+01
1.082318944137704264e+01
1.218291771664616796e+01
9.422323898661366215e+00
1.332007085840773541e+01
1.531733052067427003e+01
1.083514126635034458e+01
1.432741375601623268e+01
1.533032045824038470e+01
1.432741375601623268e+01
8.136581570572332112e+00
8.713402580967771982e+00
1.147782957546727189e+01
8.552769469000967462e+00
7.988533131171191570e+00
1.070955653348874037e+01
7.988533131171191570e+00
8.295508963361013954e+00
8.798592291564148127e+00
9.908980373552083165e+00
9.342407601427428432e+00
9.058537691062291231e+00
8.030539168009598328e+00
9.058537691062291231e+00
1.169272430096108906e+01
1.038312779116392193e+01
9.904868012063307248e+00
1.078046832562590929e+01
1.086557450257303259e+01
9.981210092630762531e+00
1.086557450257303259e+01
1.135400894675376371e+01
1.135400894675376371e+01
1.208966349104607474e+01
1.208966349104607474e+01
1.083644434419782954e+01
1.169482731834682632e+01
1.083644434419782954e+01
5.938169250598061666e+00
6.432339222703556736e+00
1.348176465907449106e+01
1.369078843464317252e+01
8.290824591910959995e+00
8.164195207280425137e+00
8.290824591910959995e+00
7.080212164321825874e+00
9.525283936611250724e+00
8.193008418921431613e+00
6.089922175136321947e+00
1.309938427984498333e+01
1.166874111427868499e+01
1.309938427984498333e+01
1.118326404815524810e+01
9.931829671814362825e+00
8.875846543599180904e+00
1.295924699405692770e+01
1.371138387844203521e+01
9.435208989134606483e+00
1.371138387844203521e+01
9.235346638497581750e+00
9.235346638497581750e+00
7.820925454141497646e+00
7.820925454141497646e+00
1.113285055624157671e+01
1.236985475335041684e+01
1.113285055624157671e+01
1.075367895164814414e+01
1.195282920991175324e+01
4.531517790260402023e+00
7.743945171602184985e+00
1.110649481122052862e+01
6.535216094147859422e+00
1.110649481122052862e+01
1.385961660170316634e+01
1.385961660170316634e+01
1.119960246434822793e+01
1.119960246434822793e+01
6.128459934483294624e+00
6.340052728200997301e+00
6.128459934483294624e+00
7.818494617546887682e+00
8.090320583199421378e+00
1.277272012117803968e+01
1.227233412921664168e+01
8.738834148685953096e+00
9.093428594552136701e+00
8.738834148685953096e+00
8.062485306833350407e+00
7.138855336655114847e+00
1.141051955126621387e+01
1.288682034962252843e+01
1.224306519500389179e+01
9.985555272501217772e+00
1.224306519500389179e+01
1.103830576923878581e+01
8.976340032505923716e+00
1.382633908168593528e+01
1.094649114777531373e+01
9.987353579460975794e+00
1.262188917080322881e+01
9.987353579460975794e+00
9.959862600435874569e+00
9.390380499273252468e+00
7.722595829648720489e+00
8.190934689808692326e+00
1.512295811785465460e+01
1.298737389872423797e+01
1.512295811785465460e+01
1.242528678457674829e+01
1.064942584840381201e+01
6.398414590693779047e+00
9.567726432502293932e+00
1.323061238645212434e+01
8.925011747517057614e+00
1.323061238645212434e+01
1.306243925971760689e+01
9.031626199819177359e+00
8.385667251801031341e+00
1.212818895572173794e+01
8.127895834970251698e+00
8.217548608234771734e+00
8.127895834970251698e+00
1.379562860056939044e+01
1.394823235630956759e+01
8.297839170585408652e+00
1.114201046287103480e+01
1.134256797684516727e+01
8.428458041051861471e+00
1.134256797684516727e+01
1.036022742379091177e+01
9.729691967661400653e+00
8.266737603987621696e+00
8.802465886358536551e+00
1.061918756530936570e+01
1.212743855700979090e+01
1.061918756530936570e+01
1.553788194731528449e+01
1.769101402355473951e+01
7.624654303433402447e+00
9.736384079827994142e+00
1.026993846306685043e+01
8.040692922175443513e+00
1.026993846306685043e+01
9.933646125340244382e+00
9.240213669041562383e+00
7.583472262127952668e+00
8.152574448110819105e+00
1.174369844107844685e+01
9.053007431876190836e+00
1.174369844107844685e+01
1.226227250856124762e+01
9.463139160603816435e+00
8.733384385591905996e+00
6.942240535223120013e+00
8.797290776449067096e+00
1.106800937730086964e+01
8.797290776449067096e+00
1.028438655432168147e+01
7.767338254168710598e+00
7.842949798346296575e+00
1.038450043154006153e+01
1.564733215673088651e+01
1.737652710854046489e+01
1.564733215673088651e+01
1.265234313567216518e+01
1.406448485768912704e+01
8.142659619520456360e+00
7.804046164974073108e+00
9.064621985718588348e+00
9.461003013016219043e+00
9.064621985718588348e+00
9.005471146603579058e+00
9.681287334516898824e+00
1.061483384900847504e+01
9.873850103841267156e+00
1.372290163930234996e+01
1.551035619093512530e+01
1.372290163930234996e+01
6.819250702155143173e+00
7.732561196528040526e+00
8.256608170408737735e+00
1.063882533859300139e+01
1.083007705180729374e+01
8.385211891811923834e+00
1.083007705180729374e+01
1.108112523126398763e+01
9.050697303518591141e+00
1.001657228617597895e+01
1.226368402001173585e+01
1.158305375390082048e+01
1.245762042374023615e+01
1.158305375390082048e+01
8.333278028272843585e+00
8.973505804635275140e+00
8.817130467282026984e+00
1.191912090462187024e+01
1.621255350510094573e+01
1.199970301537528883e+01
1.621255350510094573e+01
8.851113087452588957e+00
1.171936452986625454e+01
9.447879459328687446e+00
7.135561771973738310e+00
6.698618407131330166e+00
8.386421066224841070e+00
6.698618407131330166e+00
6.934929187761594171e+00
8.655217859255666113e+00
9.959386047301912015e+00
1.443318975447649244e+01
1.247683075467471703e+01
8.593225395867946759e+00
1.247683075467471703e+01
9.345844848342300892e+00
9.995937245801250981e+00
9.549905367844125692e+00
8.928820948902254528e+00
7.852262838697724234e+00
9.808788544435985912e+00
7.852262838697724234e+00
5.172071714090697547e+00
6.473574491498156114e+00
1.527675619979951449e+01
1.340015704186944312e+01
1.226492543021278259e+01
1.400548925383453280e+01
1.226492543021278259e+01
9.762194061034531245e+00
1.195223873857433716e+01
7.782315590830152452e+00
6.356338482154561653e+00
9.732682296143018164e+00
9.069539928698350906e+00
9.732682296143018164e+00
1.016930217897607669e+01
9.488545032996714923e+00
1.498431837758630181e+01
1.463366957152408965e+01
9.818073653091236253e+00
1.005818133992293895e+01
9.818073653091236253e+00
9.303774112717860589e+00
1.099045479177177143e+01
1.283266418074291515e+01
1.086326371965818005e+01
8.456322399797176814e+00
8.748408492077844656e+00
8.456322399797176814e+00
7.484833308130266261e+00
7.741769787258379054e+00
1.714185085419353527e+01
9.045152515331391641e+00
1.079359103951557408e+01
2.037148337626717520e+01
1.079359103951557408e+01
8.784067243182464679e+00
8.310575615004671235e+00
1.005563277246721299e+01
1.062854831458647098e+01
8.743656010986560645e+00
6.747156620006727223e+00
8.743656010986560645e+00
1.296514204174364160e+01
1.003453305251066041e+01
1.269499147843606934e+01
9.870676073141476436e+00
1.003661015780915200e+01
1.288250702473434117e+01
1.003661015780915200e+01
8.571877142918218340e+00
1.035431198738569414e+01
1.381748696371017004e+01
1.143888660309745831e+01
9.702395271392498799e+00
1.084238926787685919e+01
9.702395271392498799e+00
1.212702702729753845e+01
1.354010697712290323e+01
9.772604239550412686e+00
9.147207037416642095e+00
5.814475946972796905e+00
6.215032608506072087e+00
5.814475946972796905e+00
7.717354531169252851e+00
9.579477152620430758e+00
1.714959769392370958e+01
1.381594458260471825e+01
9.322601080708956545e+00
9.382241002327655011e+00
9.322601080708956545e+00
6.891144251838691837e+00
6.935548071665082581e+00
7.064930794173950090e+00
6.305393834017614552e+00
7.896246724137044204e+00
8.852822013060652750e+00
7.896246724137044204e+00
1.270669925536338241e+01
1.202176418455582052e+01
1.283469004313650252e+01
1.356594123044413536e+01
9.433615691895951727e+00
9.361183163188437462e+00
9.433615691895951727e+00
9.221976052466212437e+00
9.151026207477652719e+00
9.625156313731544344e+00
9.350742751991406365e+00
8.921943135269437164e+00
9.182015282261177802e+00
8.921943135269437164e+00
1.248234390760322299e+01
8.423995780965167768e+00
9.968101632414818170e+00
1.477033891243081598e+01
1.159909611067936375e+01
1.273353119683255485e+01
1.159909611067936375e+01
1.146010283931585683e+01
1.261609378522099156e+01
9.228390411267492155e+00
8.143751303410926567e+00
7.592101446091082728e+00
8.602852307611751570e+00
7.592101446091082728e+00
1.233310098622955309e+01
1.233310098622955309e+01
5.867921353224272885e+00
5.867921353224272885e+00
1.095126450198666390e+01
1.327163924304050546e+01
1.095126450198666390e+01
1.011798470221172153e+01
1.229557509617318267e+01
7.439900942162005038e+00
1.045419030324218390e+01
1.116674334433859883e+01
7.934728496240937901e+00
1.116674334433859883e+01
1.022929726159494912e+01
9.644409504439019898e+00
8.941184605956667752e+00
9.483425103738113648e+00
1.160442441559129456e+01
1.142647590562435411e+01
1.160442441559129456e+01
1.650822799832044652e+01
1.625894162287879041e+01
6.140940488829333965e+00
8.796648538506548931e+00
1.347018650237424531e+01
9.451731316469123456e+00
1.347018650237424531e+01
1.524991512815983441e+01
8.520338245275418387e+00
5.899069732246987385e+00
1.055830298776538356e+01
1.251708522446664062e+01
1.333490008274091743e+01
1.251708522446664062e+01
1.460216276924673373e+01
1.554251472033851833e+01
6.153950272732015669e+00
7.280057695205989887e+00
8.617155472083959822e+00
7.285613374640568907e+00
8.617155472083959822e+00
1.288541864452747099e+01
1.288541864452747099e+01
6.018083407576105159e+00
6.018083407576105159e+00
8.232201089172994202e+00
9.515943578875955211e+00
8.232201089172994202e+00
9.977989050120235959e+00
1.151501671217829070e+01
1.607392899031628986e+01
1.086483412906686752e+01
8.295732110313377206e+00
1.226854990615806962e+01
8.295732110313377206e+00
6.809439598356704870e+00
8.842668649069217679e+00
1.151834464207670017e+01
8.869887047224459309e+00
1.108470998751719705e+01
9.997073109272095692e+00
1.108470998751719705e+01
1.554833065585425800e+01
1.403417689154835024e+01
7.660629368037946918e+00
1.031720298876288666e+01
8.459274214254028479e+00
6.288785744570361658e+00
8.459274214254028479e+00
8.265872758029800593e+00
8.736817459314226042e+00
1.014176307420819079e+01
9.595086941426163918e+00
1.188208982893213594e+01
1.009979713023300363e+01
1.188208982893213594e+01
8.812366920666724113e+00
7.466645572505798967e+00
6.889687437005759918e+00
7.036707309275258559e+00
1.030685208177413514e+01
1.009329333024272479e+01
1.030685208177413514e+01
1.507274883202022586e+01
1.426027549956398133e+01
1.435718776667592955e+01
1.517518263569847115e+01
9.188227277644722690e+00
8.306164905851636249e+00
9.188227277644722690e+00
1.015110342931342835e+01
9.172359427318607317e+00
1.083086614336797204e+01
1.461616880458363710e+01
1.180720107992734036e+01
8.753083608881693678e+00
1.180720107992734036e+01
1.400528699238078723e+01
9.435200551797271018e+00
8.905627852649230292e+00
1.321920750268883360e+01
1.074927923133017416e+01
9.393311750215914913e+00
1.074927923133017416e+01
1.001105014487337286e+01
8.723931537828288896e+00
9.442825263706808414e+00
1.183644424094428160e+01
1.264532228564798366e+01
1.011980609118850971e+01
1.264532228564798366e+01
1.166268447897583904e+01
1.377701188399105448e+01
1.034171756341907411e+01
8.754597145480534692e+00
9.826339522352041556e+00
8.278075797665874092e+00
9.826339522352041556e+00
8.931401324945756670e+00
7.525700932071528904e+00
6.162196502804533793e+00
5.659950202378627004e+00
9.692185007699405830e+00
1.054337079128534249e+01
9.692185007699405830e+00
9.948534758501287101e+00
8.808840915645689051e+00
8.776761444222744402e+00
9.912304823196325998e+00
1.292124608323646129e+01
1.132404719781013114e+01
1.292124608323646129e+01
1.058504873512415756e+01
9.264426575450222856e+00
8.461748652536146054e+00
1.412651099734986637e+01
1.756114433338503744e+01
1.045610533661055186e+01
1.756114433338503744e+01
1.217416238990878341e+01
8.216012422707585472e+00
8.942174987713306322e+00
1.325016137007329853e+01
1.169898092839245152e+01
1.188887969932949495e+01
1.169898092839245152e+01
1.249535427297655588e+01
1.269801568032620231e+01
5.733545406484793716e+00
6.511608487057202410e+00
6.705424591688609048e+00
5.918972351614049110e+00
6.705424591688609048e+00
8.586040804826209794e+00
9.183281604568341194e+00
9.451427035183536773e+00
8.836747219812377097e+00
1.042196103265840001e+01
8.979732901967446779e+00
1.042196103265840001e+01
1.436850264201282279e+01
1.240633071042348234e+01
6.573503449082100047e+00
7.675847318880644643e+00
9.333984732183688848e+00
7.997848311489178741e+00
9.333984732183688848e+00
1.299184750093815666e+01
1.224900345683509428e+01
1.462094128003026405e+01
1.550763211878502545e+01
1.215025909882936084e+01
1.287937185817863472e+01
1.215025909882936084e+01
7.610413431181303423e+00
8.066145746967738006e+00
1.076159873545515211e+01
7.647314299509501367e+00
8.975821680437828576e+00
1.265389373296456199e+01
8.975821680437828576e+00
1.308832566971856970e+01
1.415430154672251817e+01
9.670981407014409115e+00
8.942649256339114672e+00
1.039812278445822891e+01
9.073537509694235226e+00
1.039812278445822891e+01
1.191113800170799308e+01
1.039588022390004873e+01
1.106891799052311853e+01
6.790517301808073114e+00
6.769491610470984355e+00
1.105867451190735551e+01
6.769491610470984355e+00
8.417995191452698478e+00
7.870525300311867589e+00
1.038629097284343672e+01
1.110875629393633446e+01
9.984988336410689058e+00
9.760763045616188904e+00
9.984988336410689058e+00
5.655988114098468245e+00
5.527723928709264989e+00
9.709914119262844423e+00
9.525010884815573675e+00
1.320577535843358419e+01
1.346396528720557662e+01
1.320577535843358419e+01
5.450185684281340315e+00
6.155334423630534069e+00
1.358193536032929849e+01
1.202600290595428767e+01
1.224823835257764060e+01
1.150272409103304305e+01
1.224823835257764060e+01
1.039042471883414898e+01
9.753195328320142465e+00
1.182520249212031693e+01
1.218993914805903955e+01
1.317982701514651289e+01
1.278908371756294748e+01
1.317982701514651289e+01
6.820794643986934247e+00
6.405673171640109409e+00
8.213281580130431081e+00
8.745545629666668930e+00
1.063341883193961124e+01
9.569806820046206752e+00
1.063341883193961124e+01
7.902564757758418601e+00
7.098403383808272515e+00
1.075934217896199208e+01
1.790012295559813182e+01
1.916564510563172874e+01
1.154709858888924501e+01
1.916564510563172874e+01
6.359842301985501933e+00
1.083278416782630060e+01
1.293162553421840144e+01
7.592055544706833636e+00
1.203020397601727076e+01
1.185545327166782847e+01
1.203020397601727076e+01
9.850616671213177966e+00
9.708332624482434170e+00
1.034112361258545931e+01
1.192051897879822597e+01
9.546008405272537800e+00
8.266782325067904225e+00
9.546008405272537800e+00
1.194278208989303813e+01
1.271673748103334312e+01
7.038882282804944879e+00
6.610487743835804508e+00
1.116741929358624574e+01
8.605280679067250915e+00
1.116741929358624574e+01
1.192386368689182419e+01
9.193914900483759922e+00
1.196729693434760300e+01
1.102133213269132028e+01
1.025727417819404685e+01
1.113892708523479058e+01
1.025727417819404685e+01
1.245041059165876796e+01
1.245041059165876796e+01
1.093250592829028989e+01
1.093250592829028989e+01
7.967993567206665517e+00
6.782305592381222326e+00
7.967993567206665517e+00
9.152923282982936115e+00
7.825218041484288456e+00
1.283365373120131459e+01
8.927135577009172707e+00
5.668908909472799351e+00
8.154586551401823868e+00
5.668908909472799351e+00
8.375169551165429382e+00
1.069309593061328911e+01
1.325290598265599229e+01
1.038009341453954626e+01
7.621608768667801570e+00
8.710157793029873474e+00
7.621608768667801570e+00
1.343109633253224011e+01
1.531968009667685138e+01
1.009690363031638505e+01
1.153360812248894085e+01
8.762444957314157179e+00
7.659191757473928774e+00
8.762444957314157179e+00
9.862701333463931519e+00
7.580415840123938764e+00
1.182138922308220153e+01
1.538053237617406666e+01
8.902576539226584984e+00
7.462837072818905959e+00
8.902576539226584984e+00
7.669702244557817572e+00
6.414153820009303786e+00
1.114440412808335523e+01
1.154958192514005688e+01
8.878393297593985878e+00
8.563047681256115595e+00
8.878393297593985878e+00
1.157710674120340855e+01
1.354887495330628866e+01
1.669678298292157592e+01
1.426689961300596643e+01
1.159208640853755057e+01
1.108549460587674496e+01
1.159208640853755057e+01
1.296361117346140723e+01
1.238534215901539426e+01
7.375594083389396260e+00
1.170028280562921630e+01
1.005235223739260064e+01
6.333957109395356611e+00
1.005235223739260064e+01
1.492103821301223654e+01
1.109091518563848311e+01
8.844846071110648467e+00
1.189931434929241050e+01
7.419216355339807834e+00
8.121758734993344220e+00
7.419216355339807834e+00
8.252728291217421130e+00
9.045360541234387597e+00
7.184312830241792902e+00
8.832946833563733335e+00
1.132014938593188091e+01
9.217574257127168380e+00
1.132014938593188091e+01
1.781586191945288888e+01
1.522311895554952343e+01
1.190122227242025943e+01
1.392819259294179268e+01
8.854705366223623031e+00
9.316733065790193891e+00
8.854705366223623031e+00
7.921935905302323278e+00
8.339642064854729142e+00
1.013004193607607384e+01
1.044281553831000942e+01
8.153898840870690279e+00
7.908170231393332195e+00
8.153898840870690279e+00
8.398430694775912642e+00
9.656722856174976499e+00
7.667150368912463598e+00
6.668103864921577362e+00
1.430818988985694240e+01
1.645882802350724106e+01
1.430818988985694240e+01
8.791949890884133367e+00
1.014722228585079478e+01
9.344195496146783242e+00
1.042186838900288670e+01
1.208372316539486135e+01
1.083840628295185837e+01
1.208372316539486135e+01
1.005983584329704250e+01
6.976757971175794104e+00
9.183840299559781428e+00
1.324224320326496596e+01
8.444161191274787370e+00
1.177973952932389778e+01
8.444161191274787370e+00
8.167777529635269929e+00
1.146673087396694513e+01
6.569368959164710198e+00
1.296898188259332052e+01
9.463907927419418442e+00
4.763924347898089273e+00
9.463907927419418442e+00
1.217285574044806040e+01
1.019735583336289864e+01
1.091990032458753745e+01
1.303537637829387918e+01
8.207284976434769064e+00
8.295081592559753858e+00
8.207284976434769064e+00
1.020946328818902060e+01
1.031854434811322108e+01
8.872338718566128435e+00
1.436660815075486219e+01
1.552164320203383419e+01
9.666595725366217806e+00
1.552164320203383419e+01
1.027981178761022107e+01
1.027981178761022107e+01
7.748223472693767100e+00
7.748223472693767100e+00
8.899480233641627436e+00
9.259694215152530106e+00
8.899480233641627436e+00
6.023841813801642076e+00
6.269589502124605751e+00
1.476305448063155090e+01
1.257647672457489918e+01
1.347538397275863353e+01
1.583673539161972776e+01
1.347538397275863353e+01
1.527392543032155636e+01
1.153571432380701545e+01
6.555626299485409980e+00
8.680012735817303593e+00
8.758873957493978679e+00
9.248047777372960354e+00
8.758873957493978679e+00
1.303224299272521947e+01
1.374755369935775207e+01
8.523300305851737591e+00
8.936533119011246029e+00
1.253975450297576444e+01
1.195419071170754322e+01
1.253975450297576444e+01
9.749569755151915373e+00
8.253324945754714648e+00
7.004114608867952008e+00
8.273890147432242159e+00
1.193669099293958169e+01
1.126481682825167496e+01
1.193669099293958169e+01
1.147683551263634172e+01
1.082910291189779706e+01
1.002820138362963753e+01
7.958674120321308720e+00
9.361132731211156965e+00
1.175840426575019926e+01
9.361132731211156965e+00
1.549342446360936165e+01
1.334993868565847919e+01
1.132245441514607442e+01
1.314040433849927680e+01
5.204454038676145977e+00
5.278096253940137039e+00
5.204454038676145977e+00
8.661359486784657946e+00
8.781349056098582295e+00
6.700278297258146942e+00
7.270706904327094655e+00
1.170656709056410349e+01
1.079195571818521771e+01
1.170656709056410349e+01
1.229250300634932813e+01
8.955787850466000677e+00
7.808413824478557252e+00
1.071764450150836190e+01
9.216713404282238287e+00
9.707703456424734867e+00
9.216713404282238287e+00
1.345846728604543685e+01
1.415375338625731061e+01
1.242309231331160291e+01
9.518411525584834720e+00
1.086107290141562665e+01
1.419958913084684227e+01
1.086107290141562665e+01
