6.274796298143371587e+00
9.043233328824097583e+00
1.087107926076104825e+01
7.566678131154439768e+00
1.087107926076104825e+01
1.014140259865043525e+01
1.014140259865043525e+01
1.002552703726383143e+01
1.002552703726383143e+01
8.035593372872522622e+00
8.837437376910301623e+00
8.035593372872522622e+00
6.713444457399234899e+00
7.391778866645566382e+00
1.149125471019383049e+01
1.030580162958404067e+01
8.615089235979992210e+00
9.615354116257860184e+00
8.615089235979992210e+00
1.189140622298549665e+01
1.189140622298549665e+01
8.838515211431637653e+00
8.838515211431637653e+00
8.137647221794896524e+00
8.218798300894171405e+00
8.137647221794896524e+00
1.315098915498617060e+01
1.327901467037222005e+01
1.029371397422446499e+01
1.011598932678906770e+01
9.195218397680777755e+00
9.357826390859109722e+00
9.195218397680777755e+00
6.586557050916820977e+00
6.586557050916820977e+00
9.105615418620073953e+00
9.105615418620073953e+00
9.603100046299701376e+00
9.210154628513853581e+00
9.603100046299701376e+00
1.033727932866731614e+01
9.916729058582076206e+00
1.115555114676890902e+01
6.521636605438184908e+00
5.855639877158449913e+00
1.004809745328146420e+01
5.855639877158449913e+00
8.410686919012077212e+00
8.410686919012077212e+00
8.509096793557709759e+00
8.509096793557709759e+00
9.657031564690827352e+00
1.166113616919344231e+01
9.657031564690827352e+00
9.968906775741482207e+00
1.203154531266557647e+01
9.499450735591427275e+00
7.503818130814146947e+00
7.631422847713071889e+00
9.658616855870109319e+00
7.631422847713071889e+00
8.079051385549460562e+00
8.079051385549460562e+00
1.026297990459065979e+01
1.026297990459065979e+01
1.081136614225898995e+01
1.282036990193629578e+01
1.081136614225898995e+01
1.050257654255253037e+01
1.245816432090969350e+01
9.480089844253880571e+00
9.155315034589238010e+00
7.574986313701619345e+00
7.847153640750909709e+00
7.574986313701619345e+00
1.000501722159233964e+01
1.000501722159233964e+01
1.116359976102941154e+01
1.116359976102941154e+01
6.250076233369252776e+00
5.962219566990575537e+00
6.250076233369252776e+00
9.149610658826921039e+00
8.740107365716303534e+00
9.757369734299405906e+00
7.397087682690806076e+00
9.298364007117047692e+00
1.219980376755218110e+01
9.298364007117047692e+00
1.095579716448634144e+01
1.095579716448634144e+01
9.378600559310825702e+00
9.378600559310825702e+00
8.537662040138316755e+00
8.886754173881387331e+00
8.537662040138316755e+00
9.422259409553760179e+00
9.804264238936312381e+00
1.128769312258670787e+01
1.086619208731684694e+01
1.105528766197936896e+01
1.148364661798935238e+01
1.105528766197936896e+01
8.513322041839884946e+00
8.513322041839884946e+00
9.082686768909347563e+00
9.082686768909347563e+00
8.099917345729595652e+00
9.824949175912932375e+00
8.099917345729595652e+00
6.419646353454429466e+00
7.806511476180251208e+00
1.384243317125708472e+01
9.998628524115980909e+00
1.011680489569840447e+01
1.400063507509200100e+01
1.011680489569840447e+01
6.830227915869047983e+00
6.830227915869047983e+00
7.618676118218527193e+00
7.618676118218527193e+00
9.777651929499198147e+00
6.530854841294754465e+00
9.777651929499198147e+00
8.371899582155332808e+00
5.582685241108545249e+00
7.643730893935060777e+00
1.088489935944113363e+01
1.195193194305431028e+01
8.412177445948850973e+00
1.195193194305431028e+01
6.381780354999583516e+00
6.381780354999583516e+00
6.150155923878784847e+00
6.150155923878784847e+00
1.173627592749214976e+01
1.070184715518374219e+01
1.173627592749214976e+01
1.139815589189009870e+01
1.039070434565813095e+01
9.095797987174195853e+00
1.050349637959285864e+01
1.209587147014447162e+01
1.049421702352386987e+01
1.209587147014447162e+01
1.135925052331752028e+01
1.135925052331752028e+01
8.557862147819912835e+00
8.557862147819912835e+00
1.070168206206614236e+01
9.481302913819147804e+00
1.070168206206614236e+01
1.266833911416742531e+01
1.124680851961577055e+01
7.291623131144227443e+00
8.643895548350856828e+00
8.492263855322754296e+00
7.162668806278552402e+00
8.492263855322754296e+00
1.245573747587673985e+01
1.245573747587673985e+01
7.125279613374920551e+00
7.125279613374920551e+00
8.253735688825832639e+00
1.030781528537570857e+01
8.253735688825832639e+00
1.033343937019352055e+01
1.283049493639719962e+01
8.004923652851628546e+00
7.594648086000899134e+00
8.330057153028954886e+00
8.777878722439378834e+00
8.330057153028954886e+00
1.150155490083841237e+01
1.150155490083841237e+01
1.342608265277528368e+01
1.342608265277528368e+01
6.036746469996689513e+00
6.558976884112677652e+00
6.036746469996689513e+00
9.316871424375765542e+00
1.009755840989206632e+01
1.027240170558694565e+01
8.191436469147367561e+00
6.920869428971696102e+00
8.696814444828721236e+00
6.920869428971696102e+00
1.058010708991749560e+01
1.058010708991749560e+01
9.917746184293045886e+00
9.917746184293045886e+00
9.226600083530692942e+00
9.959610380723077583e+00
9.226600083530692942e+00
6.922874147469239681e+00
7.486483154484762537e+00
8.854899661137261901e+00
7.694827584922104613e+00
9.241074811268388700e+00
1.061941005284669259e+01
9.241074811268388700e+00
7.741102124335889734e+00
7.741102124335889734e+00
8.899399515085377743e+00
8.899399515085377743e+00
8.465485669972181881e+00
8.439914547358478458e+00
8.465485669972181881e+00
7.754625161917853227e+00
7.731043479819152964e+00
9.400252419776776946e+00
9.259524796727324869e+00
8.796826778260143698e+00
8.930926426926594885e+00
8.796826778260143698e+00
9.412401259628902395e+00
9.412401259628902395e+00
1.093289390443914222e+01
1.093289390443914222e+01
1.351699904595101920e+01
1.643770398894009332e+01
1.351699904595101920e+01
7.592773934305813377e+00
9.318028782774497643e+00
6.905415498897881754e+00
1.296129975975319404e+01
1.399456328425949359e+01
7.489106490774609881e+00
1.399456328425949359e+01
9.377085152591885020e+00
9.377085152591885020e+00
8.740038402262101158e+00
8.740038402262101158e+00
9.534810988530775688e+00
7.578138578344191245e+00
9.534810988530775688e+00
8.746190098908344979e+00
6.943036939245534001e+00
8.811769263438614885e+00
8.006067866743199701e+00
1.017189811149589751e+01
1.118270364062250621e+01
1.017189811149589751e+01
1.121475525817483998e+01
1.121475525817483998e+01
8.387582514362785346e+00
8.387582514362785346e+00
8.781475809035397262e+00
8.597589251307036662e+00
8.781475809035397262e+00
1.147778048580997812e+01
1.124254578707069641e+01
8.519614767882901063e+00
9.159391883128753520e+00
1.124167280525378665e+01
1.046754586443222657e+01
1.124167280525378665e+01
8.597858074317990429e+00
8.597858074317990429e+00
6.761551598298964016e+00
6.761551598298964016e+00
7.995236082969366720e+00
7.841368394695741983e+00
7.995236082969366720e+00
8.717215197466124721e+00
8.550119667988619554e+00
1.472456896688106553e+01
9.236261226723211593e+00
7.917100462831093033e+00
1.271505516324556595e+01
7.917100462831093033e+00
7.965855876682968351e+00
7.965855876682968351e+00
9.717085820501820237e+00
9.717085820501820237e+00
1.023454506281176002e+01
9.308325173823766008e+00
1.023454506281176002e+01
1.254907368916754073e+01
1.142997195023126800e+01
1.111670332951930185e+01
6.261852572116391791e+00
6.127916119200441436e+00
1.089141374332876211e+01
6.127916119200441436e+00
6.585768913360049659e+00
6.585768913360049659e+00
9.797789757586361503e+00
9.797789757586361503e+00
1.161481952390119154e+01
9.999786434057510220e+00
1.161481952390119154e+01
1.081712389152772680e+01
9.307113297321786050e+00
8.729127175949122019e+00
8.544206120026005991e+00
9.392883888223813926e+00
9.594740137268383151e+00
9.392883888223813926e+00
1.263398750171569418e+01
1.263398750171569418e+01
1.274329899693655044e+01
1.274329899693655044e+01
8.402255438241704510e+00
8.435400630719174231e+00
8.402255438241704510e+00
8.624478423824994522e+00
8.658446767936091248e+00
1.057951524249491548e+01
7.385846545636344906e+00
6.243545463829344833e+00
8.980537070036801239e+00
6.243545463829344833e+00
7.034116138014135267e+00
7.034116138014135267e+00
1.013731192153170291e+01
1.013731192153170291e+01
7.411755574030304494e+00
6.427183813698326809e+00
7.411755574030304494e+00
8.357968633260293601e+00
7.253930449922948220e+00
1.072464115705601806e+01
1.192209015922117921e+01
1.191219754252767160e+01
1.071565593617310697e+01
1.191219754252767160e+01
8.527620865951574203e+00
8.527620865951574203e+00
9.974247952729577094e+00
9.974247952729577094e+00
1.288371455533488508e+01
1.098316952155807691e+01
1.288371455533488508e+01
8.752329010793221897e+00
7.417060588571270152e+00
9.074731573553124875e+00
9.608624290640424448e+00
8.452815228604444897e+00
7.981148572388697460e+00
8.452815228604444897e+00
7.726355507207105511e+00
7.726355507207105511e+00
7.557887636288639577e+00
7.557887636288639577e+00
1.071175720555168631e+01
1.179901170393347520e+01
1.071175720555168631e+01
9.123822431486553697e+00
1.006318075658334088e+01
9.094368664896347099e+00
1.155546166664460195e+01
1.105297928852337641e+01
8.691863462222514158e+00
1.105297928852337641e+01
8.916046370700534851e+00
8.916046370700534851e+00
9.030230145674616793e+00
9.030230145674616793e+00
9.800012702619650184e+00
1.112910105994987475e+01
9.800012702619650184e+00
8.042974519683687262e+00
9.143577974849895540e+00
7.738890583838823112e+00
1.250893085275693473e+01
1.164572901407190564e+01
7.189326033152123152e+00
1.164572901407190564e+01
8.988536065956353127e+00
8.988536065956353127e+00
8.796699002137598811e+00
8.796699002137598811e+00
1.042809075000350738e+01
9.592013984417619099e+00
1.042809075000350738e+01
1.356907958699633099e+01
1.250978328371924952e+01
9.930508276581994309e+00
7.573253171070494005e+00
7.130595547799704725e+00
9.355760507566202477e+00
7.130595547799704725e+00
7.463130278309423993e+00
7.463130278309423993e+00
7.804137837769428820e+00
7.804137837769428820e+00
1.013735626519450328e+01
1.139334400670447600e+01
1.013735626519450328e+01
9.259631511386574587e+00
1.041622324124727328e+01
7.252167256371730986e+00
6.692398354299284868e+00
8.391834697840129920e+00
9.088889040815253395e+00
8.391834697840129920e+00
8.756453654118136143e+00
8.756453654118136143e+00
1.162061186501713728e+01
1.162061186501713728e+01
1.262553554924396870e+01
1.368791306931148988e+01
1.262553554924396870e+01
9.337897755867917482e+00
1.014060659986666302e+01
8.667931692809958122e+00
6.110568923113537387e+00
5.552509520392398201e+00
7.891342841831672672e+00
5.552509520392398201e+00
7.583949345270688092e+00
7.583949345270688092e+00
9.429242127435371046e+00
9.429242127435371046e+00
9.540561217871690758e+00
1.072736119258053122e+01
9.540561217871690758e+00
8.269902209239694102e+00
9.314304783388328346e+00
7.147785574001424003e+00
7.587458679879497403e+00
8.764972800698865640e+00
8.260703460284286592e+00
8.764972800698865640e+00
1.314186469390251233e+01
1.314186469390251233e+01
1.182925442745732347e+01
1.182925442745732347e+01
1.126117236089316442e+01
1.126006442488427695e+01
1.126117236089316442e+01
7.643027177103912884e+00
7.642248935049104297e+00
8.872801897103130386e+00
1.009871387641473461e+01
9.024487764198521944e+00
7.922748000664216583e+00
9.024487764198521944e+00
1.187681684604867449e+01
1.187681684604867449e+01
1.082414475248048547e+01
1.082414475248048547e+01
6.039152888381896567e+00
6.979090712641468741e+00
6.039152888381896567e+00
8.459722312852365533e+00
9.744689273380185313e+00
8.442847331932670230e+00
1.044814185044456245e+01
8.975889969587734996e+00
7.242350433405657206e+00
8.975889969587734996e+00
1.352773122106345483e+01
1.352773122106345483e+01
9.168505390939976962e+00
9.168505390939976962e+00
7.393483777960546455e+00
8.889743523629379141e+00
7.393483777960546455e+00
5.738673198421871291e+00
6.921703706051363980e+00
1.070134117187073031e+01
1.095212815554715746e+01
9.895145360892362518e+00
9.666501542182558637e+00
9.895145360892362518e+00
1.049494080011905872e+01
1.049494080011905872e+01
9.427345465688626192e+00
9.427345465688626192e+00
6.757346131151341417e+00
6.679635059383033813e+00
6.757346131151341417e+00
1.122957304016462565e+01
1.110400722476038204e+01
1.167189769045083558e+01
1.016570249211522103e+01
8.852133625212289303e+00
1.017771831993470677e+01
8.852133625212289303e+00
7.899244691730072709e+00
7.899244691730072709e+00
7.930489579313165116e+00
7.930489579313165116e+00
6.134073568473049853e+00
6.465236431018147378e+00
6.134073568473049853e+00
1.116297912677073434e+01
1.172759601919553241e+01
9.053382513320858749e+00
6.264309032370122488e+00
6.741440915508806420e+00
9.730078169437460289e+00
6.741440915508806420e+00
9.190844261923759362e+00
9.190844261923759362e+00
8.212781975096497433e+00
8.212781975096497433e+00
1.020058004233866633e+01
1.056893278856218821e+01
1.020058004233866633e+01
1.062360433349488886e+01
1.100613038870714711e+01
1.095876921345230137e+01
7.657289747766973242e+00
7.294574319860299916e+00
1.044799552433359580e+01
7.294574319860299916e+00
9.495833039439842693e+00
9.495833039439842693e+00
1.027930854306953279e+01
1.027930854306953279e+01
9.373414847839340425e+00
1.014913813228034378e+01
9.373414847839340425e+00
1.343262974519204356e+01
1.450858067248825023e+01
8.107978265936937490e+00
9.121441604269117320e+00
8.542013296449576742e+00
7.588644220416387753e+00
8.542013296449576742e+00
9.789149579890116470e+00
9.789149579890116470e+00
1.125697011865751129e+01
1.125697011865751129e+01
1.004561974841249672e+01
1.074880453425339333e+01
1.004561974841249672e+01
9.087733626648551777e+00
9.731983997306276279e+00
9.871914800717428662e+00
7.356113013615424912e+00
7.759773092610526390e+00
1.040287713123290558e+01
7.759773092610526390e+00
7.567541659114962016e+00
7.567541659114962016e+00
8.522570348907185789e+00
8.522570348907185789e+00
9.411200611080603906e+00
8.343180511336566241e+00
9.411200611080603906e+00
1.066663644712864212e+01
9.471962776315523413e+00
9.035672390974701429e+00
9.834434935730541838e+00
9.345323089612245226e+00
8.584694083027489597e+00
9.345323089612245226e+00
9.239028617066741944e+00
9.239028617066741944e+00
9.837648313322585381e+00
9.837648313322585381e+00
1.210320560371953214e+01
1.306193203582826179e+01
1.210320560371953214e+01
6.632330778144528871e+00
7.184268349694885814e+00
9.907981139999174403e+00
1.006159631416348077e+01
1.001418670098225583e+01
9.861235654260330108e+00
1.001418670098225583e+01
7.355855803656961456e+00
7.355855803656961456e+00
6.327012289480813401e+00
6.327012289480813401e+00
1.272426964943986682e+01
1.133459445388103859e+01
1.272426964943986682e+01
9.618563261584272439e+00
8.542222699050414647e+00
7.633986921180283325e+00
1.114606044336349733e+01
1.331874399659521124e+01
9.165021867576543357e+00
1.331874399659521124e+01
8.424904455154921479e+00
8.424904455154921479e+00
7.134604934845238056e+00
7.134604934845238056e+00
1.081404968495288443e+01
1.201563096734336078e+01
1.081404968495288443e+01
1.044573605759553026e+01
1.161054738844704026e+01
5.473456190927645792e+00
9.353630859137492592e+00
1.153888787783633241e+01
6.789642191307760477e+00
1.153888787783633241e+01
1.070302385677423551e+01
1.070302385677423551e+01
8.648840426623069177e+00
8.648840426623069177e+00
6.844866107850581471e+00
7.081193726512876374e+00
6.844866107850581471e+00
6.037795764522225106e+00
6.247712090411948971e+00
1.039346782891938581e+01
9.986291780266324025e+00
1.055532121608782781e+01
1.098362300255908686e+01
1.055532121608782781e+01
6.934426714369009481e+00
6.934426714369009481e+00
1.108376733659996383e+01
1.108376733659996383e+01
1.189247216119879624e+01
9.699608406952931361e+00
1.189247216119879624e+01
9.493886747639455947e+00
7.720419913933080913e+00
1.261301717059625815e+01
9.985888526887944039e+00
9.701355217503687456e+00
1.226044811447777505e+01
9.701355217503687456e+00
8.566333414508124022e+00
8.566333414508124022e+00
7.044904166277478730e+00
7.044904166277478730e+00
1.111412249077099368e+01
9.544644851819493070e+00
1.111412249077099368e+01
9.595369388951498379e+00
8.223969117760978165e+00
7.146377987948626220e+00
1.068617680251551150e+01
1.374570064428874616e+01
9.272476295485175157e+00
1.374570064428874616e+01
1.008740739677036835e+01
1.008740739677036835e+01
9.365936985342278476e+00
9.365936985342278476e+00
1.069121711911036066e+01
1.080914398281073296e+01
1.069121711911036066e+01
1.013864515850836234e+01
1.025079628797856834e+01
8.060221828644808184e+00
1.082294728803307216e+01
9.755578260901545562e+00
7.249194556828777003e+00
9.755578260901545562e+00
9.451072016644273432e+00
9.451072016644273432e+00
8.030010888080285625e+00
8.030010888080285625e+00
8.641086885345773183e+00
9.868386787907823532e+00
8.641086885345773183e+00
1.336390697901239122e+01
1.521578465950690884e+01
7.406314317377732159e+00
9.457572493148580506e+00
9.368706308324826537e+00
7.335086843431024128e+00
9.368706308324826537e+00
1.032037837379659173e+01
1.032037837379659173e+01
8.469966814140734712e+00
8.469966814140734712e+00
9.069015990397524263e+00
6.991142489974667029e+00
9.069015990397524263e+00
9.978104398910081940e+00
7.700382650931491213e+00
9.073388583190380885e+00
7.212512725075229447e+00
7.158565896630602943e+00
9.006303927572858470e+00
7.158565896630602943e+00
9.381886516187726954e+00
9.381886516187726954e+00
9.473214961476832841e+00
9.473214961476832841e+00
1.273260839010686141e+01
1.413969567700069341e+01
1.273260839010686141e+01
1.154204451920975139e+01
1.283026461000065588e+01
9.094522188814517349e+00
8.716325417771718875e+00
7.796349941890553303e+00
8.137271516337589716e+00
7.796349941890553303e+00
1.005819486389614070e+01
1.005819486389614070e+01
1.102808579191246885e+01
1.102808579191246885e+01
9.621768035798583085e+00
1.087503600509499968e+01
9.621768035798583085e+00
5.865138656553668284e+00
6.650663770667701868e+00
7.101388974741261961e+00
9.150299421310947423e+00
7.593473446160527551e+00
5.879264158169380750e+00
7.593473446160527551e+00
1.010870787890567790e+01
1.010870787890567790e+01
1.118749194601074315e+01
1.118749194601074315e+01
1.056658997170174352e+01
1.136440957950573960e+01
1.056658997170174352e+01
8.657705464908096005e+00
9.322858301450116514e+00
8.564642673519301752e+00
1.157780435589137902e+01
1.191488491468705213e+01
8.818788501986169592e+00
1.191488491468705213e+01
1.069093887907568785e+01
1.069093887907568785e+01
8.618786588568585927e+00
8.618786588568585927e+00
5.172976618281288630e+00
6.476374298386303074e+00
5.172976618281288630e+00
6.736340204983569890e+00
8.407366603120985715e+00
7.691089120747943930e+00
1.114596303136754329e+01
1.015269557504587006e+01
6.992513016120882163e+00
1.015269557504587006e+01
9.709693081540741844e+00
9.709693081540741844e+00
9.276433794987491765e+00
9.276433794987491765e+00
7.627405043120725203e+00
9.527903579848047144e+00
7.627405043120725203e+00
6.803205008243725871e+00
8.515167003932765155e+00
1.313931650963835729e+01
1.152528078272876577e+01
9.980263144703952705e+00
1.139660155448389389e+01
9.980263144703952705e+00
1.090337735434168742e+01
1.090337735434168742e+01
7.099383256422392208e+00
7.099383256422392208e+00
7.152715914446825529e+00
6.665361162607742251e+00
7.152715914446825529e+00
9.878093527725660294e+00
9.216830577790505075e+00
1.288779497881107439e+01
1.258620702477678499e+01
1.020030648597664680e+01
1.044976193740841985e+01
1.020030648597664680e+01
8.487327118318455987e+00
8.487327118318455987e+00
9.909964670709959123e+00
9.909964670709959123e+00
8.214166724093617589e+00
8.497888624270927949e+00
8.214166724093617589e+00
9.040659025216550404e+00
9.351003291188881406e+00
1.474345737986048022e+01
7.779604532698531472e+00
8.335300009814369915e+00
1.573178240350988055e+01
8.335300009814369915e+00
7.147805591363817435e+00
7.147805591363817435e+00
8.648703950899795601e+00
8.648703950899795601e+00
1.056114536889547928e+01
8.149646074943929008e+00
1.056114536889547928e+01
1.259387157885467445e+01
9.747183656778220850e+00
9.803647572657213871e+00
7.622583259651013243e+00
9.155853585473579415e+00
1.175201051726904744e+01
9.155853585473579415e+00
8.905593613098876205e+00
8.905593613098876205e+00
1.188422019763413040e+01
1.188422019763413040e+01
8.850967521553316786e+00
9.890922043649457152e+00
8.850967521553316786e+00
9.868051916339014795e+00
1.101790886606182518e+01
7.952201786690397789e+00
7.443301126611263641e+00
6.494177945164635979e+00
6.941558975001465903e+00
6.494177945164635979e+00
7.040122814733359213e+00
7.040122814733359213e+00
1.260353483441047651e+01
1.260353483441047651e+01
9.055638604908844869e+00
9.113570674717299980e+00
9.055638604908844869e+00
7.696706878723674983e+00
7.746301426887168162e+00
9.293021291811246698e+00
8.293946658487014290e+00
7.670129403793240819e+00
8.599312154388819351e+00
7.670129403793240819e+00
1.033974507148228206e+01
1.033974507148228206e+01
1.103893081582906177e+01
1.103893081582906177e+01
8.605774529303760190e+00
8.539698272754568720e+00
8.605774529303760190e+00
8.412707196705069279e+00
8.347983511873906082e+00
8.278457390222833112e+00
8.042438264494546019e+00
9.269288217404044516e+00
9.539485376390162585e+00
9.269288217404044516e+00
8.751955000395067685e+00
8.751955000395067685e+00
1.035617528719413194e+01
1.035617528719413194e+01
1.205066690979423960e+01
1.322926731309886605e+01
1.205066690979423960e+01
8.035213986413129561e+00
8.845733293869745495e+00
1.030717299801094811e+01
9.095741488629194293e+00
9.170224323420349322e+00
1.039107367600732168e+01
9.170224323420349322e+00
1.003573922508906335e+01
1.003573922508906335e+01
4.774867939542748019e+00
4.774867939542748019e+00
9.990242998326364088e+00
1.210699467628110604e+01
9.990242998326364088e+00
8.702331941631923584e+00
1.057524586657779686e+01
7.729547823412897145e+00
1.086118814378836106e+01
1.018681262694809497e+01
7.238421260742208041e+00
1.018681262694809497e+01
8.798070260035755652e+00
8.798070260035755652e+00
8.156556431469420332e+00
8.156556431469420332e+00
1.127211953142843726e+01
1.109926676398811907e+01
1.127211953142843726e+01
1.343313992518494437e+01
1.323028963967334271e+01
6.380016825243546741e+00
9.139115707686116252e+00
1.096101290357392877e+01
7.691099815334500711e+00
1.096101290357392877e+01
1.120742538512523900e+01
1.120742538512523900e+01
7.759478786240571857e+00
7.759478786240571857e+00
9.666260303209215365e+00
1.029781398828434114e+01
9.666260303209215365e+00
1.127645164878100736e+01
1.200263402853477146e+01
7.433133616145492617e+00
8.793317980077018703e+00
8.952634697835300415e+00
7.569253601623374017e+00
8.952634697835300415e+00
1.251643114487116293e+01
1.251643114487116293e+01
5.845749266905580832e+00
5.845749266905580832e+00
7.509789328620976256e+00
8.680877783025719552e+00
7.509789328620976256e+00
9.102376737157380049e+00
1.050452347887143922e+01
1.181300737025866709e+01
7.984753803542797179e+00
8.058175106257236209e+00
1.191722709087612309e+01
8.058175106257236209e+00
7.605451095141616769e+00
7.605451095141616769e+00
9.906761222079925489e+00
9.906761222079925489e+00
1.011197805707120700e+01
9.119786086396176827e+00
1.011197805707120700e+01
1.142673609815486380e+01
1.031395840775780037e+01
6.588796247923522920e+00
8.873676701427065439e+00
9.448148472075091675e+00
7.023933722783301192e+00
9.448148472075091675e+00
7.109357312226809000e+00
7.109357312226809000e+00
8.252595159079042730e+00
8.252595159079042730e+00
1.154183370395699804e+01
9.810578829071840090e+00
1.154183370395699804e+01
9.842517094027625646e+00
8.339483290247960312e+00
8.321803885816498436e+00
8.499383863940479955e+00
9.402380595049109502e+00
9.207562560854889000e+00
9.402380595049109502e+00
1.226505619732750496e+01
1.226505619732750496e+01
1.234840903313876304e+01
1.234840903313876304e+01
9.545939214387363592e+00
8.629536786584823815e+00
9.545939214387363592e+00
8.730816878623413047e+00
7.889013353324710209e+00
8.364085533776622228e+00
1.128726774381867948e+01
1.146908947295429471e+01
8.502429864193656428e+00
1.146908947295429471e+01
1.139643696950179397e+01
1.139643696950179397e+01
1.075678528923518051e+01
1.075678528923518051e+01
9.805982821286990614e+00
8.569007435321060129e+00
9.805982821286990614e+00
7.730986477560693793e+00
6.737015175641080766e+00
9.172420042125095208e+00
1.149749522533412716e+01
1.313762429221017847e+01
1.051378583580655146e+01
1.313762429221017847e+01
1.063923275130843038e+01
1.063923275130843038e+01
7.986342839216301392e+00
7.986342839216301392e+00
7.995927471413622811e+00
6.736068251095528758e+00
7.995927471413622811e+00
8.147631676286838598e+00
6.865287659748037008e+00
8.105588713213000673e+00
7.444947342537393986e+00
9.414639107883708391e+00
1.024145029234385440e+01
9.414639107883708391e+00
8.556590501902654466e+00
8.556590501902654466e+00
8.525429659844977692e+00
8.525429659844977692e+00
1.178735005343789233e+01
1.033031237717955442e+01
1.178735005343789233e+01
9.656164271608441041e+00
8.451432500065186204e+00
8.791177649802312644e+00
1.467647797744110427e+01
1.290598755073706627e+01
7.684371971531954948e+00
1.290598755073706627e+01
8.535874527466239314e+00
8.535874527466239314e+00
9.290307727238493740e+00
9.290307727238493740e+00
9.519740568712448336e+00
9.674265740152865334e+00
9.519740568712448336e+00
9.649478677936825122e+00
9.805982998369769277e+00
6.403786767022247695e+00
7.272804051448521712e+00
8.820136433973781109e+00
7.785658160240022774e+00
8.820136433973781109e+00
8.920308688329523505e+00
8.920308688329523505e+00
9.180775492839000407e+00
9.180775492839000407e+00
9.507388230505965154e+00
8.191721945392419713e+00
9.507388230505965154e+00
1.169199423010059746e+01
1.009532800299301769e+01
6.385264272026796029e+00
7.456041367046846169e+00
8.028024934632592036e+00
6.878833371845794353e+00
8.028024934632592036e+00
1.117409966665703713e+01
1.117409966665703713e+01
1.333788954008601735e+01
1.333788954008601735e+01
8.929434761811734234e+00
9.465272291337434751e+00
8.929434761811734234e+00
9.192342706884641501e+00
9.742805262853933002e+00
1.118056446298704465e+01
7.945036104412268152e+00
7.303840762866688152e+00
1.029677595503453169e+01
7.303840762866688152e+00
1.580891447006360728e+01
1.580891447006360728e+01
1.080150210170334724e+01
1.080150210170334724e+01
8.029901506369800046e+00
7.006996746191318515e+00
8.029901506369800046e+00
8.351455829617544069e+00
7.289037746640680382e+00
1.009757187709344706e+01
6.194619618318551346e+00
5.822341583253588304e+00
9.511405607882132074e+00
5.822341583253588304e+00
8.176937055624714290e+00
8.176937055624714290e+00
1.079064538716097132e+01
1.079064538716097132e+01
8.125023805582939573e+00
7.942566323997741762e+00
8.125023805582939573e+00
6.317163163743917842e+00
6.173905120971767246e+00
1.172825353652664582e+01
1.150491561750022562e+01
1.074585523221789352e+01
1.095595055200755041e+01
1.074585523221789352e+01
5.294113891522035154e+00
5.294113891522035154e+00
1.168162567883080705e+01
1.168162567883080705e+01
1.053453221974709209e+01
9.893326212609769854e+00
1.053453221974709209e+01
9.478619366570791627e+00
8.897309650623791200e+00
1.017068520976804002e+01
1.048438991922126995e+01
1.133577812131117746e+01
1.099970547644972108e+01
1.133577812131117746e+01
6.222239990893373651e+00
6.222239990893373651e+00
7.978085633624445450e+00
7.978085633624445450e+00
1.187644676663129673e+01
1.068850038369948585e+01
1.187644676663129673e+01
8.826360660549161352e+00
7.928194238211606404e+00
7.907225951774718986e+00
1.315510878083431656e+01
1.408516281395707459e+01
8.486161710545667702e+00
1.408516281395707459e+01
8.365566719160410614e+00
8.365566719160410614e+00
9.986387111357894142e+00
9.986387111357894142e+00
9.290268544755432956e+00
9.155318133687758930e+00
9.290268544755432956e+00
1.023411645426079986e+01
1.008629306894104793e+01
9.433644648681239531e+00
1.087444114264171446e+01
9.272648426033091695e+00
8.030054328525450202e+00
9.272648426033091695e+00
1.160078797826506047e+01
1.160078797826506047e+01
6.421189482646396662e+00
6.421189482646396662e+00
1.084762851018752094e+01
8.358859426548745475e+00
1.084762851018752094e+01
1.158241132360850578e+01
8.930637488645599475e+00
9.738075719676503539e+00
8.968321537323223680e+00
8.822132800365103833e+00
9.580429682618362364e+00
8.822132800365103833e+00
9.614771131027017859e+00
9.614771131027017859e+00
8.442576380535491865e+00
8.442576380535491865e+00
8.278199913300557711e+00
7.046351266886241582e+00
8.278199913300557711e+00
1.105548448160232766e+01
9.451797414671437636e+00
1.103803949895909930e+01
7.678099875176115141e+00
7.456731386599354749e+00
1.072632537470669867e+01
7.456731386599354749e+00
8.701227889750990485e+00
8.701227889750990485e+00
1.078420654830132541e+01
1.078420654830132541e+01
8.512561411132001155e+00
9.728359899372909680e+00
8.512561411132001155e+00
1.092920429751152511e+01
1.246599007286961758e+01
8.216091956747096248e+00
9.385172761571165978e+00
7.993501971132878303e+00
6.987064079592084198e+00
7.993501971132878303e+00
6.915201094582479335e+00
6.915201094582479335e+00
1.078401045787575363e+01
1.078401045787575363e+01
9.943272058126870760e+00
8.335229583654907515e+00
9.943272058126870760e+00
7.450072263382957694e+00
6.230477786987175470e+00
1.016643377492223621e+01
1.053605544275691308e+01
9.224042917012120313e+00
8.896420406801807346e+00
9.224042917012120313e+00
9.957301651546666577e+00
9.957301651546666577e+00
1.227075350125588216e+01
1.227075350125588216e+01
1.126013483616836375e+01
1.076804982197652016e+01
1.126013483616836375e+01
9.089393985022656608e+00
8.683942538562222424e+00
6.728353345562176457e+00
1.067353165985269747e+01
1.044370589887697953e+01
6.580547882172520069e+00
1.044370589887697953e+01
1.152270171326996717e+01
1.152270171326996717e+01
9.189189644977764360e+00
9.189189644977764360e+00
8.961402684823786657e+00
9.809978176586938048e+00
8.961402684823786657e+00
7.528515178632395610e+00
8.251590471402755256e+00
7.464009269937346147e+00
9.176827151660171822e+00
1.032675661539347090e+01
8.408691678217868670e+00
1.032675661539347090e+01
1.309318389354577050e+01
1.309318389354577050e+01
1.023606872059262507e+01
1.023606872059262507e+01
7.615803701045663843e+00
8.013187026499593912e+00
7.615803701045663843e+00
6.446268703406545342e+00
6.786166195096747344e+00
9.839957543125928296e+00
1.014377454467574147e+01
9.107075255346938292e+00
8.832621404180065028e+00
9.107075255346938292e+00
9.380192452322926755e+00
9.380192452322926755e+00
7.447593463377580214e+00
7.447593463377580214e+00
1.051533528148395114e+01
1.209587630159644789e+01
1.051533528148395114e+01
7.154219890316330321e+00
8.257037450152546754e+00
8.036807064671300793e+00
8.963697894629021334e+00
9.331598487506747475e+00
8.369908371173133688e+00
9.331598487506747475e+00
9.177041115167948959e+00
9.177041115167948959e+00
1.208017826795740746e+01
1.208017826795740746e+01
8.202353764553221183e+00
1.144241431270209830e+01
8.202353764553221183e+00
6.002640438087190944e+00
8.427098092106149352e+00
5.650218992444968613e+00
1.115443327984742439e+01
9.832352539374969780e+00
4.949391310511019881e+00
9.832352539374969780e+00
9.905343836247363143e+00
9.905343836247363143e+00
1.060719750689702146e+01
1.060719750689702146e+01
9.166702136138887624e+00
9.264762022068216751e+00
9.166702136138887624e+00
9.313538095349402468e+00
9.413046813722525386e+00
6.851621924269216457e+00
1.109454570046047373e+01
1.334994026964151281e+01
8.314098827339456932e+00
1.334994026964151281e+01
1.068002080212193761e+01
1.068002080212193761e+01
8.049873828195480030e+00
8.049873828195480030e+00
8.118511800783680954e+00
8.447115425144660961e+00
8.118511800783680954e+00
6.728018313106658432e+00
7.002493473402587654e+00
1.201305049709930906e+01
1.023377988383940718e+01
9.448221825613339675e+00
1.110387572450992799e+01
9.448221825613339675e+00
1.393357146652311940e+01
1.393357146652311940e+01
7.918303538705640854e+00
7.918303538705640854e+00
8.508054400090381719e+00
8.983220213735812365e+00
8.508054400090381719e+00
1.060464779612323838e+01
1.118671322514174626e+01
1.121132160050303916e+01
1.175487700720753992e+01
1.078526103400954383e+01
1.028162610723379622e+01
1.078526103400954383e+01
7.529059474116494677e+00
7.529059474116494677e+00
6.389472824624473191e+00
6.389472824624473191e+00
1.088919399159492940e+01
1.027627973239572334e+01
1.088919399159492940e+01
1.046969284709165926e+01
9.878801623695304457e+00
8.625110611088519619e+00
6.845140218009217570e+00
8.051374534977062680e+00
1.011323302377511624e+01
8.051374534977062680e+00
1.086316437932255496e+01
1.086316437932255496e+01
9.213351940054353761e+00
9.213351940054353761e+00
5.812845550111923387e+00
5.895096410647251872e+00
5.812845550111923387e+00
9.673857157067462964e+00
9.807873295717755013e+00
7.483529030191150788e+00
8.120639736831327227e+00
8.603357860083477249e+00
7.931194203684147404e+00
8.603357860083477249e+00
1.000270367793849147e+01
1.000270367793849147e+01
8.721203648980290879e+00
8.721203648980290879e+00
7.927161565822466116e+00
8.349454990801570275e+00
7.927161565822466116e+00
1.307306993652329119e+01
1.374844578882312796e+01
1.290674256242324880e+01
9.888978047139490357e+00
9.341451327725513565e+00
1.221286073148603357e+01
9.341451327725513565e+00
