-4.365906074058106242e+03
-4.705401111983325791e+03
-4.462041000031932526e+03
-4.156570210144555858e+03
-4.288648179083857940e+03
-3.573088899905194921e+03
-5.917624467395748070e+03
-6.208854229960151315e+03
-3.749061560578125864e+03
-3.095593082920566758e+03
-3.085034112175071186e+03
-3.095593082920566758e+03
-3.998034200644671273e+03
-3.983430237631261207e+03
-5.474158417520467083e+03
-5.482821753647286641e+03
-4.090505696841399185e+03
-4.081757707613357070e+03
-4.047482826602999921e+03
-4.542193930255980376e+03
-3.535555186067412706e+03
-3.371944480231419220e+03
-4.347270335595512734e+03
-3.269062173261001590e+03
-3.268059573555754014e+03
-3.269062173261001590e+03
-4.373998707434373500e+03
-4.373063510213602967e+03
-3.570859206465178431e+03
-3.466694933945127559e+03
-3.586701780157385656e+03
-3.691777081852567335e+03
-3.686462623192294359e+03
-3.163947204423466246e+03
-5.284208327993844250e+03
-5.366146337716993912e+03
-3.234905345419736477e+03
-3.668489137336411204e+03
-3.673873944456759546e+03
-3.668489137336411204e+03
-4.293862808469048105e+03
-4.299985178529650511e+03
-4.735195092308134008e+03
-4.310997072130344350e+03
-2.800915352089739827e+03
-3.069348705589367455e+03
-2.907165363073987010e+03
-5.389572794571853592e+03
-3.775236562643360685e+03
-3.909065952858563378e+03
-5.564428821159427571e+03
-3.939377213836796727e+03
-3.917455129981672599e+03
-3.939377213836796727e+03
-3.922512858913381933e+03
-3.896163720136871689e+03
-2.771640386219004995e+03
-2.754262046925925006e+03
-4.434017458353482652e+03
-4.447386800778191173e+03
-4.351427163670417031e+03
-4.269436234620676260e+03
-4.913041814933699243e+03
-5.139106905257099243e+03
-4.485441809152983296e+03
-3.667823719831686049e+03
-3.648956023885848481e+03
-3.667823719831686049e+03
-4.923675126143692978e+03
-4.900385636744930707e+03
-4.168539848174134022e+03
-4.251315518757098289e+03
-4.071635521386049277e+03
-3.992209263030268175e+03
-3.978830853981569817e+03
-5.444169571336714398e+03
-3.031939860479581057e+03
-3.161033034910535207e+03
-5.659599363456462015e+03
-3.521685720807882262e+03
-3.528363955545810768e+03
-3.521685720807882262e+03
-5.289196402189928449e+03
-5.297080102058782359e+03
-3.904164373284284011e+03
-3.768227503938740483e+03
-4.879201505795986122e+03
-5.037828126720941327e+03
-4.914924509161726746e+03
-3.939206530088169075e+03
-5.029847233420920020e+03
-4.943412797920073899e+03
-3.885762329985318047e+03
-4.110826930817506764e+03
-4.104890428081110258e+03
-4.110826930817506764e+03
-4.992049628619246505e+03
-4.985938247986434362e+03
-4.119778934479086274e+03
-4.189229845339596068e+03
-3.424878395818030185e+03
-3.369304760189389071e+03
-3.357435885547032740e+03
-2.890157213430332831e+03
-2.512781804943357656e+03
-2.731801430016983886e+03
-3.134811385841403080e+03
-4.926937069764388980e+03
-4.898272543079668139e+03
-4.926937069764388980e+03
-4.969864895171701392e+03
-4.935769581682933676e+03
-3.472205375167455713e+03
-3.391714229628618341e+03
-5.396627023856875894e+03
-5.500421052791979491e+03
-5.363263041180379332e+03
-3.898149030724116983e+03
-3.693643813972588759e+03
-3.670539984523433304e+03
-3.849553665784602799e+03
-3.406168568475254233e+03
-3.465257711025200933e+03
-3.406168568475254233e+03
-3.892217269910572213e+03
-3.955160684845318883e+03
-4.171578009341063989e+03
-4.322332909650773217e+03
-4.570184792509696308e+03
-4.402721948434234037e+03
-4.551236727609482841e+03
-3.752116423111936911e+03
-3.335309789662807361e+03
-3.348195104661879213e+03
-3.769117930087913464e+03
-4.399214521497287933e+03
-4.412317389311140687e+03
-4.399214521497287933e+03
-4.526236932173501373e+03
-4.540058163935865196e+03
-4.823798129671213246e+03
-4.785168547969085012e+03
-6.589827569760535880e+03
-6.655025828589627054e+03
-6.729811773202189215e+03
-2.850587853894987802e+03
-4.089760731745501744e+03
-3.780893334084859816e+03
-2.623647119321531591e+03
-4.148459456897317978e+03
-4.167072755419933856e+03
-4.148459456897317978e+03
-3.294384438187765682e+03
-3.309921717307724521e+03
-3.740751205112917432e+03
-3.821095164197601207e+03
-4.920653375351067552e+03
-4.823186941084232785e+03
-4.902452676664960563e+03
-3.332186297763340917e+03
-4.709579729616482837e+03
-4.708506721680681949e+03
-3.333766162707433978e+03
-5.182664339759892755e+03
-5.136468575096213499e+03
-5.182664339759892755e+03
-3.042592184570934478e+03
-3.015093449319552292e+03
-5.001435449957719356e+03
-4.892659236621214404e+03
-5.871704431236878918e+03
-5.999158616143449763e+03
-5.968686871550492469e+03
-3.373577548059447963e+03
-3.982783946724049656e+03
-4.063801445165634505e+03
-3.448268372868311417e+03
-3.033950598881770929e+03
-3.021745279455920809e+03
-3.033950598881770929e+03
-3.270801131406755758e+03
-3.261705810622910576e+03
-4.560941703300576592e+03
-4.674570156076652893e+03
-5.623675736145593874e+03
-5.468065155967571627e+03
-5.369192848165576834e+03
-4.345133642954759125e+03
-4.268777521879664164e+03
-4.226414278132900108e+03
-4.304907415145337836e+03
-4.500520303982766563e+03
-4.489595411970319219e+03
-4.500520303982766563e+03
-3.623133160782143477e+03
-3.611834955377525603e+03
-4.344872337569477168e+03
-4.207403335450929262e+03
-3.233869257037189527e+03
-3.340929755613525685e+03
-3.293182844887993724e+03
-3.136250426635478561e+03
-5.056170749373786748e+03
-5.108855906990179392e+03
-3.151205208095737817e+03
-3.018133712707759059e+03
-3.018493368376224225e+03
-3.018133712707759059e+03
-2.317307639089290660e+03
-2.317600388996615038e+03
-5.249709911380763515e+03
-5.295665594420644084e+03
-5.254300744513966492e+03
-5.208634840390188401e+03
-5.201669906675831044e+03
-4.619128134067213978e+03
-4.252187488344520716e+03
-4.599199377853669830e+03
-4.984588464164774450e+03
-5.153084360888417905e+03
-5.132528119974947003e+03
-5.153084360888417905e+03
-3.629318594082335494e+03
-3.601383744339222176e+03
-4.202895775156494892e+03
-4.702565648269922349e+03
-4.293064227093022964e+03
-3.849915328742779366e+03
-4.100632447677744494e+03
-3.091520802584164358e+03
-5.520559636308850713e+03
-5.586268219102214061e+03
-3.120435182285395058e+03
-3.055179456249291889e+03
-3.081932819467982426e+03
-3.055179456249291889e+03
-3.889334884128927570e+03
-3.926035247291345968e+03
-4.911763111955714521e+03
-4.758096541361377604e+03
-3.471197249387832926e+03
-3.584981300084049053e+03
-3.557602512094798385e+03
-4.108298496831049306e+03
-4.434115943635467374e+03
-4.292177116660171123e+03
-3.980037958029410674e+03
-4.106318090110245976e+03
-4.109256131304140581e+03
-4.106318090110245976e+03
-4.311941202572282236e+03
-4.314219566319155092e+03
-3.288068249789887432e+03
-3.296214109399854806e+03
-4.164801240869354842e+03
-4.155782750924946413e+03
-4.183027666453985148e+03
-5.440408134633078589e+03
-4.622256859279556011e+03
-4.575963369395927657e+03
-5.384501261093635549e+03
-2.186404558852753325e+03
-2.188168921959189447e+03
-2.186404558852753325e+03
-3.844011551785810752e+03
-3.846513604893580577e+03
-5.428143032321157079e+03
-4.905234029104020010e+03
-4.418717217697024353e+03
-4.855562100583643769e+03
-4.681861884037898562e+03
-4.308690591431000030e+03
-3.116394561894372600e+03
-3.030803180856828931e+03
-4.192056670171180485e+03
-4.608815361512278287e+03
-4.620515245977387167e+03
-4.608815361512278287e+03
-5.259181737558701570e+03
-5.272596471200814449e+03
-3.865283757707280074e+03
-3.716015184530891474e+03
-3.195672729040608374e+03
-3.319902920578005705e+03
-3.095767859021694221e+03
-4.242388934096096818e+03
-5.284758266550085864e+03
-5.444731765923240346e+03
-4.386905068992461565e+03
-4.591359997065967036e+03
-4.612025576277360415e+03
-4.591359997065967036e+03
-3.118536272583272876e+03
-3.136333180912406533e+03
-3.920929326848296114e+03
-3.930665785363540635e+03
-4.784125975152980573e+03
-4.771831930340485997e+03
-4.762679987129053188e+03
-4.409310037133246624e+03
-3.854208247407292674e+03
-3.706337130459278796e+03
-4.261175732067359604e+03
-4.469009299236745392e+03
-4.468461313427537789e+03
-4.469009299236745392e+03
-3.282608254650609069e+03
-3.282128857444303776e+03
-4.372929092520428640e+03
-4.135182121734525936e+03
-2.639465207344875125e+03
-2.787314956181757225e+03
-2.674902189787454972e+03
-3.324689449686935859e+03
-5.509066418863591934e+03
-5.384971877803498501e+03
-3.254274765301198840e+03
-3.327278402630858182e+03
-3.344453703767335810e+03
-3.327278402630858182e+03
-3.534672035384070568e+03
-3.551774168216355520e+03
-5.775813354916102980e+03
-5.885685781738365222e+03
-5.537687932011093835e+03
-5.433070782361099191e+03
-5.480801500152928384e+03
-4.978589572306665104e+03
-3.674413427198311183e+03
-4.035483738973780419e+03
-5.459690770077834713e+03
-4.377502988832787196e+03
-4.399037149374020373e+03
-4.377502988832787196e+03
-3.406529777921710320e+03
-3.430499458272122865e+03
-4.094332298307417204e+03
-4.178863984381215232e+03
-3.854392910232469148e+03
-3.777936289801776638e+03
-3.796387867505972736e+03
-3.920473021900430467e+03
-4.960427199645077053e+03
-5.078818463250526293e+03
-4.018948216295868860e+03
-2.411123058649562608e+03
-2.402996049422595661e+03
-2.411123058649562608e+03
-6.820078890170029808e+03
-6.801772624759712926e+03
-5.019270084643172595e+03
-5.215244181978759116e+03
-3.206785976985158868e+03
-3.076135702482747092e+03
-3.152583408306900765e+03
-5.565682065850603067e+03
-4.022542609851951056e+03
-4.049525495488453544e+03
-5.608814211956637337e+03
-3.696783920554398719e+03
-3.684355262057866639e+03
-3.696783920554398719e+03
-2.178368618780501947e+03
-2.166501277218083487e+03
-3.897457352059206187e+03
-3.957491737698214365e+03
-3.978215392267151401e+03
-3.916488326195256377e+03
-4.099971252980315512e+03
-4.761306504806570047e+03
-5.036441784618039492e+03
-4.659516226586813900e+03
-4.399170008903985035e+03
-3.318619202445015617e+03
-3.328807109184833735e+03
-3.318619202445015617e+03
-4.219350005798140955e+03
-4.230800353191482827e+03
-5.350681620106904120e+03
-5.056061339318453065e+03
-4.013937914258558521e+03
-4.254149501669716301e+03
-4.152726378383913470e+03
-4.625380554981397836e+03
-2.742274954868374607e+03
-2.726997121175990742e+03
-4.589712801477071480e+03
-3.876888225910413439e+03
-3.863132360566113221e+03
-3.876888225910413439e+03
-3.764658895842557740e+03
-3.747141710354508632e+03
-3.386574345092533349e+03
-3.442167777562441188e+03
-4.617755853818982359e+03
-4.535320572462052041e+03
-4.507705932411954564e+03
-3.719841513971970926e+03
-5.526756871695638438e+03
-5.723796210238972890e+03
-3.869802219678143956e+03
-5.254400802384202507e+03
-5.243282717791126743e+03
-5.254400802384202507e+03
-4.341155343440074830e+03
-4.330429817992401695e+03
-4.588033184941496984e+03
-4.362698189791538425e+03
-3.887870108238832472e+03
-4.110122656698072205e+03
-3.950910395409080593e+03
-5.862432926062837396e+03
-3.500207778569709262e+03
-3.464874646637122623e+03
-5.778077344552857539e+03
-3.031857876632470379e+03
-3.018750860973562794e+03
-3.031857876632470379e+03
-3.781116455844216489e+03
-3.762021757794194855e+03
-3.783671681287227329e+03
-3.804551068777605451e+03
-4.828326990580790152e+03
-4.800590428818181863e+03
-4.831602144859929467e+03
-4.560224010027463919e+03
-4.165168699629000002e+03
-4.317128859193599055e+03
-4.729460443035467506e+03
-4.301068894495899258e+03
-4.301082879019512802e+03
-4.301068894495899258e+03
-4.369252489740799319e+03
-4.369270950609298779e+03
-4.812103522958837857e+03
-4.756345368109537048e+03
-3.170769216870392938e+03
-3.205257110344676676e+03
-3.242270030337353546e+03
-3.957559360808541442e+03
-2.377073865124495569e+03
-2.365177114280686055e+03
-3.910493134621347053e+03
-5.346537748577794446e+03
-5.318383858329368195e+03
-5.346537748577794446e+03
-3.845051801367282224e+03
-3.825137694781803930e+03
-3.749575949643514832e+03
-4.106920700926178142e+03
-4.841554468971951792e+03
-4.420051507645816855e+03
-4.517391333034315721e+03
-5.282784571060416965e+03
-4.307704386732796593e+03
-4.299890936728762426e+03
-5.273856155225213115e+03
-3.986734796623675720e+03
-3.955771764763892861e+03
-3.986734796623675720e+03
-3.918425604092406502e+03
-3.890210634804543133e+03
-3.669334463284107187e+03
-3.662241348034560815e+03
-4.149818214740961594e+03
-4.157591768888539264e+03
-4.166759503226985544e+03
-3.367227238703006151e+03
-3.683790673593560768e+03
-3.557168708129306196e+03
-3.260487373166010002e+03
-4.593569729316902340e+03
-4.595495738126940523e+03
-4.593569729316902340e+03
-4.518585476075450970e+03
-4.519953201223309406e+03
-4.298701568391897126e+03
-4.058393820547858923e+03
-3.907233481767163539e+03
-4.145406226570044964e+03
-4.087182450374685232e+03
-4.283545929320970572e+03
-3.119916918512947177e+03
-3.010635797833313973e+03
-4.131409176968773863e+03
-3.663117178072730439e+03
-3.652579490998953133e+03
-3.663117178072730439e+03
-3.230953934710128578e+03
-3.225097682520901344e+03
-4.511932635295836917e+03
-4.117585177657241729e+03
-4.191378628650955761e+03
-4.615752700231789277e+03
-4.436471449503197618e+03
-2.834965018544315171e+03
-4.234193309210693769e+03
-4.220102859474027355e+03
-2.827563057361281153e+03
-6.134261834080943117e+03
-6.128933466371476243e+03
-6.134261834080943117e+03
-4.724214345699806472e+03
-4.719995127247569144e+03
-4.582897726698613951e+03
-4.654536731666878950e+03
-3.688536623467754907e+03
-3.641897372526780600e+03
-3.506509000774372907e+03
-3.633183522990411348e+03
-3.989787763005102079e+03
-4.111814839968549677e+03
-3.737324340725051570e+03
-3.409173015556844348e+03
-3.399259004508184717e+03
-3.409173015556844348e+03
-3.755552098676707374e+03
-3.748147654627724023e+03
-4.281840464107342086e+03
-4.352300917313017635e+03
-5.566414862601672212e+03
-5.476462160276408213e+03
-5.546371227782972710e+03
-3.905747967039624200e+03
-4.713291872922225593e+03
-4.636195718035033678e+03
-3.842464282410966916e+03
-5.268754785431142409e+03
-5.253442819351485923e+03
-5.268754785431142409e+03
-3.228633656582424464e+03
-3.218377529828173010e+03
-4.396218141615830973e+03
-4.176186362514411485e+03
-3.238552585429133160e+03
-3.420108004462015742e+03
-3.308968736951088431e+03
-4.823736528818341867e+03
-4.736773966630052200e+03
-4.811532754462052253e+03
-4.891673014817242802e+03
-3.501723867863711348e+03
-3.520408600204147206e+03
-3.501723867863711348e+03
-3.236178670650844651e+03
-3.254662309999434456e+03
-5.571677311152445327e+03
-5.600094966659397869e+03
-5.031598978793878814e+03
-5.002923718589393502e+03
-5.035932683905823069e+03
-4.604678760738440360e+03
-3.670839555972175276e+03
-3.852229554208412537e+03
-4.814610804361541341e+03
-3.729246942446990488e+03
-3.722038964901817508e+03
-3.729246942446990488e+03
-3.041659440294519754e+03
-3.031757284845300092e+03
-5.166451443653836577e+03
-5.117211804401036716e+03
-2.655955103824862363e+03
-2.681317103320186561e+03
-2.685810509345455557e+03
-3.860399115512380376e+03
-5.232063226995012883e+03
-5.398158504880812870e+03
-3.983865283854848258e+03
-3.604248513376485334e+03
-3.618320534593602133e+03
-3.604248513376485334e+03
-4.608668002191691812e+03
-4.627672840669043580e+03
-4.556139248549313379e+03
-4.788936053850608914e+03
-3.851254293461190173e+03
-3.647758617893527571e+03
-3.784043217768879913e+03
-4.550072268356613677e+03
-3.205751819037902806e+03
-3.119381688802482586e+03
-4.453176924878368482e+03
-4.115773703610170742e+03
-4.102319363980197522e+03
-4.115773703610170742e+03
-3.708489007724103431e+03
-3.694773678392122292e+03
-2.834673214237325283e+03
-2.899913576212931730e+03
-3.273852065637622673e+03
-3.189207806343814354e+03
-3.385806110290847300e+03
-5.779448498992918758e+03
-6.093841086904728400e+03
-5.873368159703258243e+03
-5.569678411710113323e+03
-2.903079283246783234e+03
-2.899277718330328298e+03
-2.903079283246783234e+03
-5.154879704674050117e+03
-5.148504735177668408e+03
-4.629847760278513306e+03
-4.611112521043914057e+03
-2.564089207053427799e+03
-2.576134871458287307e+03
-2.565090307523074898e+03
-4.030154293440456513e+03
-3.919216371173328753e+03
-4.038900530663408063e+03
-4.154300670956253271e+03
-4.261564110291567886e+03
-4.284007503571761845e+03
-4.261564110291567886e+03
-4.550222964234641950e+03
-4.580529779929807773e+03
-4.142706923454971729e+03
-3.990671567178140322e+03
-3.879558648959459333e+03
-4.025024675066744294e+03
-3.944649030349276018e+03
-4.672605212852457953e+03
-5.063978665613473822e+03
-5.074127253509691400e+03
-4.677460039090080500e+03
-4.321266910804840336e+03
-4.346879738413938867e+03
-4.321266910804840336e+03
-5.870999296950624739e+03
-5.899005517887369024e+03
-3.481334116703533709e+03
-3.785787987513877397e+03
-3.375164809628930470e+03
-3.077100997513708080e+03
-3.215305325100800019e+03
-4.852369116523537741e+03
-3.449953890646776472e+03
-3.481594948711509005e+03
-4.896422931349042301e+03
-3.170439940459529680e+03
-3.169583406928693876e+03
-3.170439940459529680e+03
-5.512456987577715154e+03
-5.510857111977842578e+03
-3.564661723594794694e+03
-3.611979383410292940e+03
-5.764563865481960420e+03
-5.739101251357325054e+03
-5.875161626550755500e+03
-3.705954477720074010e+03
-3.972229538496987516e+03
-3.707044825467605278e+03
-3.439490830036368152e+03
-3.758270174958825464e+03
-3.740816128115562151e+03
-3.758270174958825464e+03
-5.094147522852908878e+03
-5.081171817620439469e+03
-3.988469058269211018e+03
-4.179602841628620808e+03
-3.103128027593179013e+03
-2.937097759525309812e+03
-3.045352787461509706e+03
-3.385947503860291818e+03
-3.100905785551663939e+03
-3.206637178146966562e+03
-3.502087594378230733e+03
-5.823702726933595841e+03
-5.867574921430704308e+03
-5.823702726933595841e+03
-4.761916733214166925e+03
-4.799905755223231608e+03
-3.411396426862682802e+03
-3.474903845861419086e+03
-4.480492876262304890e+03
-4.396297074738339688e+03
-4.288836660910496903e+03
-4.132990716546618387e+03
-3.626809786841403820e+03
-3.775318610010846896e+03
-4.314357721540282910e+03
-3.424981961474339187e+03
-3.411404060698060221e+03
-3.424981961474339187e+03
-4.701804235987733591e+03
-4.688170986124325282e+03
-3.639401035033766675e+03
-3.544012252860897661e+03
-2.989454610193093686e+03
-3.077552162558829878e+03
-3.059299578907353407e+03
-4.320928529078527390e+03
-3.325745041708576082e+03
-3.332335564061972491e+03
-4.321603564000091865e+03
-5.709112929156930477e+03
-5.690221512393506600e+03
-5.709112929156930477e+03
-3.763899532363561320e+03
-3.744249777594349780e+03
-4.012588530039236048e+03
-4.193693521960593898e+03
-5.371163854886685840e+03
-5.146287660826389583e+03
-5.296046975090738670e+03
-4.485014482195882920e+03
-4.091429477985495396e+03
-4.044750639535003302e+03
-4.433678085031807313e+03
-3.587083940540255298e+03
-3.577963134626028477e+03
-3.587083940540255298e+03
-4.183408222093609766e+03
-4.173988162255411225e+03
-4.262736357047228921e+03
-4.093615663700180903e+03
-4.615104337659284283e+03
-4.790916532294864737e+03
-4.926842879968150555e+03
-2.940804064865342752e+03
-3.933150318986674847e+03
-3.878168338448265331e+03
-2.899685713019347077e+03
-5.913663140371306326e+03
-5.867888544070515309e+03
-5.913663140371306326e+03
-4.177063669452729300e+03
-4.147274580952536780e+03
-4.683281836993853176e+03
-5.002186703455216957e+03
-4.413929336684136615e+03
-4.131590642255666353e+03
-4.290791220886470001e+03
-3.770454315704474084e+03
-4.426631433090436076e+03
-4.438365800304551158e+03
-3.780298400531701645e+03
-3.378757883005579060e+03
-3.348473902427017947e+03
-3.378757883005579060e+03
-3.058518592303877085e+03
-3.034148638013410618e+03
-4.836918819783275467e+03
-4.868562650643275447e+03
-4.146328234164486275e+03
-4.125906584344041221e+03
-4.074146252392968108e+03
-3.283323962023975128e+03
-4.345265362265869953e+03
-3.960839357825872412e+03
-2.984457977073869188e+03
-5.388950597163630846e+03
-5.401994451845593176e+03
-5.388950597163630846e+03
-4.627297679913606771e+03
-4.635459446728632429e+03
-3.937632541803193817e+03
-3.988448626687744309e+03
-3.895379222301815844e+03
-3.845131753517469406e+03
-3.837784699637637004e+03
-4.021216720379890830e+03
-5.142438199032068042e+03
-5.061030185868111403e+03
-3.956082216619459359e+03
-3.233576426338354850e+03
-3.229526277807197403e+03
-3.233576426338354850e+03
-2.956577694313908069e+03
-2.953447360580893019e+03
-4.825658066348265493e+03
-4.486210032426989528e+03
-4.429406251309180334e+03
-4.800316019832212078e+03
-4.515439267134475813e+03
-3.702802049737901598e+03
-4.101578270207524838e+03
-4.247555108890453084e+03
-3.834297220213036326e+03
-3.881601014800255598e+03
-3.908527805675281343e+03
-3.881601014800255598e+03
-4.578278769267312782e+03
-4.607832407639098165e+03
-4.575240347327412564e+03
-4.671613927091040750e+03
-4.207146208273986304e+03
-4.117315414974863415e+03
-4.027860915805778404e+03
-3.297323546856610847e+03
-4.345498148156236311e+03
-4.637876550795953335e+03
-3.525278867852767235e+03
-4.009710393812315942e+03
-3.995562692569692445e+03
-4.009710393812315942e+03
-3.622797077171738692e+03
-3.608057388886154968e+03
-5.102885174302270570e+03
-5.021301582681339823e+03
-3.748080803500008642e+03
-3.807609798852224685e+03
-3.782245802410143824e+03
-3.555302410634905755e+03
-4.765927499982740301e+03
-5.068266394176305766e+03
-3.795721832687322149e+03
-4.556688678018184874e+03
-4.555934649348947460e+03
-4.556688678018184874e+03
-4.179598084393956924e+03
-4.178858144858830201e+03
-2.276881213426305749e+03
-2.245063687246116842e+03
-3.851232894490571653e+03
-3.893340787515668580e+03
-3.847969731063776180e+03
-4.859724704594968898e+03
-4.717306327728324504e+03
-4.556260432157922878e+03
-4.690150655187783741e+03
-3.154293145434003691e+03
-3.155377842795909146e+03
-3.154293145434003691e+03
-4.483070823049086357e+03
-4.484301715706749746e+03
-4.660731839719100208e+03
-4.605499431988610013e+03
-3.658861492432660725e+03
-3.703912392190132323e+03
-3.693720544718022666e+03
-4.552392221536788384e+03
-3.215109838311944259e+03
-3.359273095135991753e+03
-4.765792146255496846e+03
-4.287595789168191004e+03
-4.278554592490162577e+03
-4.287595789168191004e+03
-6.505704185046043676e+03
-6.488074284993621404e+03
-3.369969367949966909e+03
-3.317916789030784003e+03
-2.648989363007914562e+03
-2.695719707600975198e+03
-2.662371074060926730e+03
-5.263821038927808331e+03
-5.192191362804601340e+03
-4.662215640727225946e+03
-4.724784701602601672e+03
-3.781958537203589003e+03
-3.753075207511935787e+03
-3.781958537203589003e+03
-4.600574515150184197e+03
-4.567259859133996542e+03
-3.815492623188159541e+03
-4.042088686040911398e+03
-4.069493349046410003e+03
-3.832952922710952407e+03
-3.974044352680547945e+03
-3.872467896368305446e+03
-3.859094089999020071e+03
-3.849639762000207611e+03
-3.863355515914455736e+03
-4.997126599015365173e+03
-4.999069781425456313e+03
-4.997126599015365173e+03
-5.012660172481838345e+03
-5.014616379016822066e+03
-2.938276687086065522e+03
-2.984022731771230610e+03
-4.933562606902679363e+03
-4.887169304117387583e+03
-5.079137651195840590e+03
-4.768051641739037223e+03
-3.179076242303076924e+03
-3.119378794002649101e+03
-4.670228109387314362e+03
-4.260909204245242108e+03
-4.250895794995854885e+03
-4.260909204245242108e+03
-5.704863267953566719e+03
-5.694890247674019520e+03
-3.099542472026488667e+03
-3.172270015893935124e+03
-3.572534787555222010e+03
-3.488136322953730541e+03
-3.553550035966713494e+03
-3.461442087155364334e+03
-3.780727081744887528e+03
-3.695284580160227506e+03
-3.374919509421222756e+03
-4.789458323307126193e+03
-4.768991636463483701e+03
-4.789458323307126193e+03
-4.805125138662098834e+03
-4.787159254094593962e+03
-4.819688742143347554e+03
-4.998920484023055906e+03
-4.896285384624609833e+03
-4.686491933972912193e+03
-4.524952357187848065e+03
-2.920956781874416720e+03
-5.151080297891443479e+03
-5.314862099122873587e+03
-3.026083878460161941e+03
-3.511392598904249098e+03
-3.523758528663870948e+03
-3.511392598904249098e+03
-5.288019066221577305e+03
-5.303006226594888176e+03
-4.745727438249374245e+03
-4.849753012966909409e+03
-3.632367469231788618e+03
-3.551017233503343505e+03
-3.665458840737187074e+03
-4.040366777462903428e+03
-4.085402637407548809e+03
-4.142037082846966769e+03
-4.090690344181891760e+03
-3.758361072852465895e+03
-3.784340260618635057e+03
-3.758361072852465895e+03
-3.445955204027635773e+03
-3.471097317784286588e+03
-2.988072487560491936e+03
-2.936271390718434759e+03
-4.388559400012757578e+03
-4.466181455320124769e+03
-4.475602939487359436e+03
-3.868105302964680959e+03
-4.933654662397561879e+03
-4.918068892095368028e+03
-3.862352638500056855e+03
-2.830049605580735715e+03
-2.840332249252026031e+03
-2.830049605580735715e+03
-4.101707743885588570e+03
-4.115865638840601605e+03
-5.330196210090719433e+03
-5.153942967252042763e+03
-4.084265980182274234e+03
-4.223212018762507796e+03
-4.343485608681622580e+03
-5.105896828388372342e+03
-2.999611151558643996e+03
-2.892537082622216985e+03
-4.938690266719764622e+03
-4.666366505958919333e+03
-4.686092033524556427e+03
-4.666366505958919333e+03
-3.948530956268754380e+03
-3.973493627079626549e+03
-3.798563433582410653e+03
-4.002498530150640363e+03
-4.324730048154228825e+03
-4.113373394128506334e+03
-4.191575979272884069e+03
-3.869762394910818784e+03
-5.668263052504901680e+03
-5.624679286641959152e+03
-3.820928495444855344e+03
-4.119012562073518893e+03
-4.147210277510480410e+03
-4.119012562073518893e+03
-4.004779072007152081e+03
-4.029966180360469025e+03
-3.059259443729245049e+03
-3.081565779619477325e+03
-4.311765554292158413e+03
-4.281257938981374537e+03
-4.249826080658915998e+03
-4.319560086185074397e+03
-3.503699752146692845e+03
-3.437682510537639246e+03
-4.239241170283307838e+03
-4.236068608235931606e+03
-4.250293981919226098e+03
-4.236068608235931606e+03
-4.399831411482777185e+03
-4.416713592822102328e+03
-3.468896460386291437e+03
-3.557267818798484313e+03
-6.046125233156450122e+03
-5.936691708581976854e+03
-6.183544845288603938e+03
-4.998914565388570736e+03
-4.184753568864060071e+03
-4.094461088855870457e+03
-4.880025772810120543e+03
-4.446724752997318319e+03
-4.444506021126372616e+03
-4.446724752997318319e+03
-5.539897982970035628e+03
-5.537585241398211110e+03
-3.682263237213513548e+03
-3.747717331591806214e+03
-2.181279259173699302e+03
-2.131511571408124382e+03
-2.174392654646017945e+03
-3.495819716585256174e+03
-2.960572520919037288e+03
-2.973794829021499481e+03
-3.524809502322129902e+03
-4.597584579816105361e+03
-4.618363916979496025e+03
-4.597584579816105361e+03
-4.723518874894573855e+03
-4.743003246569620387e+03
-3.924904024732079051e+03
-3.909535566352053138e+03
-5.149889755770863303e+03
-5.178654157402200326e+03
-5.258208232530148052e+03
-3.210922678831299436e+03
-4.440834896211596970e+03
-4.630028659290475844e+03
-3.364924284357120996e+03
-4.389582191307312314e+03
-4.380437024410181948e+03
-4.389582191307312314e+03
-3.044089934635233931e+03
-3.038430754262083155e+03
-3.668304015567811348e+03
-3.624138662014249803e+03
-4.651312303750243700e+03
-4.705746139331976337e+03
-4.551033544472445101e+03
-3.184969305135353352e+03
-2.982807429361790128e+03
-2.919392157752185085e+03
-3.127081503144094313e+03
-5.225169878969173624e+03
-5.247924929074378269e+03
-5.225169878969173624e+03
-5.580780916413383238e+03
-5.605298450294493705e+03
-4.075112072075201013e+03
-3.696407201029822772e+03
-4.855338230670901794e+03
-5.288676466542029630e+03
-5.034426834700829204e+03
-3.485517031257792041e+03
-5.234570612548148347e+03
-5.066646964644302898e+03
-3.387650443159333463e+03
-4.113758114250417748e+03
-4.117049669328168420e+03
-4.113758114250417748e+03
-2.369788546566935565e+03
-2.372410415174954778e+03
-3.456856501739684518e+03
-3.404218656311280483e+03
-5.335802411048986869e+03
-5.417259959179310499e+03
-5.408779446661261318e+03
-3.551220998423830224e+03
-3.962775649350064214e+03
-4.342809917104703345e+03
-3.880652128012272897e+03
-5.447907805325786285e+03
-5.456474049540650412e+03
-5.447907805325786285e+03
-3.722760054716223749e+03
-3.730824025998909292e+03
-4.388594096146357515e+03
-4.383208210031127237e+03
-4.607224974556864254e+03
-4.613418423506277577e+03
-4.626631808496816120e+03
-4.000663191974586425e+03
-4.073627736110993737e+03
-4.060191378204765442e+03
-3.987337513669197051e+03
-2.912813262959672556e+03
-2.922239370849878014e+03
-2.912813262959672556e+03
-3.061162510095746256e+03
-3.072638477305021297e+03
-5.222541943012912270e+03
-5.606608842354828084e+03
-6.698463408471497132e+03
-6.277833385317914690e+03
-6.517670282734975444e+03
-3.025573622876305308e+03
-4.673946243465968109e+03
-4.615262289428808799e+03
-2.986466647447915875e+03
-5.471086333973879846e+03
-5.473254147376380388e+03
-5.471086333973879846e+03
-3.443495848519283754e+03
-3.444963389946524330e+03
-3.498391659198085108e+03
-3.353467543140279304e+03
-3.573781060504288689e+03
-3.733221244968017345e+03
-3.787217368932242607e+03
-4.713761672283318148e+03
-4.616909056766541653e+03
-4.216618245515166564e+03
-4.331616882274127420e+03
-3.757318408198403631e+03
-3.787485823323743261e+03
-3.757318408198403631e+03
-3.380406053297766903e+03
-3.408321336273076668e+03
-4.709957684866250020e+03
-4.659795670842266190e+03
-4.934185546519418494e+03
-4.984678326518214817e+03
-4.945702397095356901e+03
-5.083599799582357264e+03
-4.881376977307360903e+03
-4.856634792556171305e+03
-5.061884958371908397e+03
-4.013188770199667488e+03
-4.037223956545219608e+03
-4.013188770199667488e+03
-2.721520551926919779e+03
-2.738016274494663321e+03
-4.331404719049378400e+03
-4.307958523768959822e+03
-3.113686796740525551e+03
-3.126429669660528816e+03
-3.023512774157859440e+03
-3.309420175427950653e+03
-5.296231840126446514e+03
-5.583312029288882513e+03
-3.497480528386727656e+03
-2.988384125663986197e+03
-2.975120318870405754e+03
-2.988384125663986197e+03
-3.798427738571166628e+03
-3.783189254349968451e+03
-4.772943589250500736e+03
-4.842581546704109314e+03
-4.425874041024265352e+03
-4.367057113801179185e+03
-4.426716925331877064e+03
-4.810547543319268698e+03
-2.696890266655282176e+03
-2.825383709457712030e+03
-4.977966513292917625e+03
-3.657510333304968299e+03
-3.676015740259617814e+03
-3.657510333304968299e+03
-4.505369208673658250e+03
-4.530983831419968737e+03
-3.715385597673654502e+03
-3.663553963630945418e+03
-3.824850356308817936e+03
-3.880031509663640918e+03
-3.893401616200211720e+03
-4.453378413838141569e+03
-6.290128732553280315e+03
-6.321086264133046825e+03
-4.475352006753798378e+03
-3.426325747123710244e+03
-3.432049973235367816e+03
-3.426325747123710244e+03
-4.525000185218852494e+03
-4.533843440658470172e+03
-4.174968225642710422e+03
-4.210745845643360553e+03
-4.454356462663855382e+03
-4.448531628464456844e+03
-4.610966481929232032e+03
-5.172473005534815456e+03
-3.627648650441255540e+03
-3.584769761073215250e+03
-5.116229324555531093e+03
-3.306410036841844430e+03
-3.297355071886977839e+03
-3.306410036841844430e+03
-4.337837205697068384e+03
-4.323792678768691076e+03
-3.447983996851315624e+03
-3.580156889129963474e+03
-4.341055745726845089e+03
-4.183353785844494269e+03
-4.263730132242835680e+03
-4.891104734869247295e+03
-5.663152906661984161e+03
-5.617493053748461534e+03
-4.821212471466631541e+03
-3.631283794308581037e+03
-3.623904208512029072e+03
-3.631283794308581037e+03
-3.398499814080889792e+03
-3.390436304562286296e+03
-4.351800138708850682e+03
-4.448819089514062398e+03
-3.788389288145133833e+03
-3.706599785967135631e+03
-3.715744418707254226e+03
-3.697712049203786137e+03
-3.371636512925570514e+03
-3.315727711123460267e+03
-3.618931889138023053e+03
-5.750360799033288458e+03
-5.730051929328260485e+03
-5.750360799033288458e+03
-4.438726070028834329e+03
-4.416617057459500757e+03
-4.049272566097567051e+03
-4.146901037088121484e+03
-4.244139643896073721e+03
-4.141001710999526949e+03
-4.197365451753928028e+03
-4.932233668673861757e+03
-3.614469523976163600e+03
-3.721886071107470798e+03
-5.084520394091233356e+03
-3.731360151174002112e+03
-3.692004298745618598e+03
-3.731360151174002112e+03
-4.298944286801590351e+03
-4.236659750133357193e+03
-4.558617238718361477e+03
-4.772623497871969448e+03
-3.992398277971655716e+03
-3.819409651601976293e+03
-4.118868527823028671e+03
-4.722428266667194293e+03
-3.271563843465227819e+03
-3.295399308120615842e+03
-4.751754310298709242e+03
-3.374182141627720284e+03
-3.373047490143038885e+03
-3.374182141627720284e+03
-3.926649402765682225e+03
-3.925231313570840939e+03
-4.435456482385395248e+03
-4.797637379233337015e+03
-3.608860065660609962e+03
-3.307262854865546160e+03
-3.510630256349185856e+03
-4.009996059511124258e+03
-4.351333916351223706e+03
-4.471049457088415693e+03
-4.117412984468899595e+03
-2.774796585362022142e+03
-2.770161213465525634e+03
-2.774796585362022142e+03
-3.383494513468901005e+03
-3.378611176163316486e+03
-4.946165589974840259e+03
-4.835972147585905077e+03
-5.331831158569684703e+03
-5.458772404760190511e+03
-5.376665338420134503e+03
-4.559439390298810395e+03
-2.979242941387031806e+03
-2.806392640655336891e+03
-4.311884647483975641e+03
-4.027671272779167793e+03
-4.020529306468181403e+03
-4.027671272779167793e+03
-4.684962128362425574e+03
-4.677581883911200748e+03
-2.791209592548908404e+03
-2.761466012036421034e+03
-3.772852772880731209e+03
-3.812195960215758532e+03
-3.831785002540289042e+03
-6.122849801160933566e+03
-4.797727339756225774e+03
-4.749789256461724108e+03
-6.071335889852037326e+03
-4.239635488522746527e+03
-4.246544269559176428e+03
-4.239635488522746527e+03
-3.643363231610224375e+03
-3.650253811426361153e+03
-4.792148527670153271e+03
-4.672522553270166100e+03
-5.003374803148700266e+03
-5.128749530518664869e+03
-5.010152913455666749e+03
-5.715928516077066888e+03
-4.298999967701369314e+03
-4.432759684861409369e+03
-5.895370821182124018e+03
-3.500843799043757826e+03
-3.498927061724717078e+03
-3.500843799043757826e+03
-3.304304989325193674e+03
-3.303018506383152726e+03
-2.674005480263604568e+03
-2.663604600045617190e+03
-5.190397902891902049e+03
-5.218250107827231659e+03
-5.266337723812203876e+03
-4.472724163329822659e+03
-3.606340325050650790e+03
-3.659973120997423393e+03
-4.541693762518757467e+03
-3.872665536553952279e+03
-3.865616373627257872e+03
-3.872665536553952279e+03
-3.039218932425968887e+03
-3.034773608680941379e+03
-4.188862287147030656e+03
-4.335348127229546662e+03
-5.000423573558704447e+03
-4.831032684662131032e+03
-4.719439434582728609e+03
