6.520368838225074071e-02
6.477705949663228879e-02
6.860151527819703665e-02
6.904426704025987127e-02
6.860151527819703665e-02
7.000394764632994482e-02
7.000394764632994482e-02
7.053509484240480520e-02
7.053509484240480520e-02
6.787871949278330430e-02
6.974830132852699593e-02
6.787871949278330430e-02
6.808067149785668182e-02
6.995354313448499950e-02
6.864439629284369015e-02
6.878858901003777337e-02
6.508586808066046947e-02
6.494692731707324418e-02
6.508586808066046947e-02
7.064545794974735893e-02
7.064545794974735893e-02
6.925709173358229886e-02
6.925709173358229886e-02
6.713638722769847689e-02
6.734042209433858950e-02
6.713638722769847689e-02
6.650251058259448733e-02
6.670523768287352218e-02
6.941009735484500454e-02
6.943235292702806816e-02
6.753179912267130713e-02
6.750993003855321195e-02
6.753179912267130713e-02
6.889875773320724983e-02
6.889875773320724983e-02
7.102257325885226458e-02
7.102257325885226458e-02
6.976088075884073758e-02
6.895320379585670456e-02
6.976088075884073758e-02
6.966800317193078129e-02
6.886098002110015159e-02
6.861105533067803075e-02
6.924996095089129555e-02
6.709870158081622515e-02
6.647234701691953629e-02
6.709870158081622515e-02
7.162137018581735126e-02
7.162137018581735126e-02
6.814196222201709952e-02
6.814196222201709952e-02
6.744724498856265182e-02
7.108897182063883546e-02
6.744724498856265182e-02
6.740656534150966939e-02
7.104696526638597243e-02
6.807946101864140176e-02
6.836016176649409304e-02
6.869463123855935882e-02
6.841307822811801276e-02
6.869463123855935882e-02
6.933645408396575671e-02
6.933645408396575671e-02
7.017328180771886803e-02
7.017328180771886803e-02
6.598476785195196703e-02
6.945447209406935274e-02
6.598476785195196703e-02
6.602372589363623978e-02
6.949478567379865912e-02
7.039499283562679344e-02
7.043734108286607565e-02
6.669828374156959450e-02
6.665732452965031363e-02
6.669828374156959450e-02
6.854943211301900430e-02
6.854943211301900430e-02
6.664254443071242207e-02
6.664254443071242207e-02
7.045347821328937221e-02
6.957461714711742073e-02
7.045347821328937221e-02
7.002925280570215794e-02
6.915339533879710787e-02
6.713845582174464421e-02
6.747187705811698299e-02
7.178313167420162511e-02
7.143731880359927011e-02
7.178313167420162511e-02
7.238573134218051486e-02
7.238573134218051486e-02
6.820431328886750189e-02
6.820431328886750189e-02
6.944249483448716731e-02
7.020106716727879392e-02
6.944249483448716731e-02
6.932342795804248559e-02
7.008124141957250419e-02
6.765355435177411447e-02
6.770484045747089674e-02
6.805543317028706074e-02
6.800397096247565165e-02
6.805543317028706074e-02
7.074782572344706644e-02
7.074782572344706644e-02
6.598517747683681212e-02
6.598517747683681212e-02
6.578013196506560245e-02
6.968962609235748729e-02
6.578013196506560245e-02
6.604422350335945047e-02
6.996336154700970311e-02
6.969212591758283670e-02
7.013358099001128221e-02
7.035226884569679984e-02
6.990999786052673470e-02
7.035226884569679984e-02
6.404693223511004341e-02
6.404693223511004341e-02
6.886595453475451156e-02
6.886595453475451156e-02
6.894810491911368411e-02
6.037041334099688128e-02
6.894810491911368411e-02
6.913694834992811789e-02
6.054335921337319903e-02
6.780559374257853766e-02
6.736753339769147031e-02
6.924545515619996705e-02
6.969114014470437213e-02
6.924545515619996705e-02
6.717311953575906547e-02
6.717311953575906547e-02
6.789707356641935809e-02
6.789707356641935809e-02
7.089008118680614756e-02
6.915353407673477393e-02
7.089008118680614756e-02
7.092899442169943447e-02
6.919188760672015381e-02
6.840179143028655984e-02
6.821939714271703370e-02
7.092398468292544778e-02
7.111064381849462046e-02
7.092398468292544778e-02
6.940741765705608912e-02
6.940741765705608912e-02
6.783215929165475888e-02
6.783215929165475888e-02
7.129283406194029948e-02
6.904038718674747332e-02
7.129283406194029948e-02
7.106818098227621339e-02
6.881988975751657245e-02
6.758793059966856920e-02
6.738943783627178441e-02
6.702511957584865454e-02
6.722293001549742297e-02
6.702511957584865454e-02
6.940475165688582415e-02
6.940475165688582415e-02
6.838366886463118077e-02
6.838366886463118077e-02
6.885459774564704760e-02
7.275816318001121497e-02
6.885459774564704760e-02
6.857777131161332806e-02
7.247319666664285565e-02
6.652398754247250412e-02
6.658539950590106060e-02
6.847055367477077048e-02
6.840804253565381521e-02
6.847055367477077048e-02
7.026145196767684398e-02
7.026145196767684398e-02
6.960177599043289309e-02
6.960177599043289309e-02
6.866288191325543855e-02
7.024769987870189969e-02
6.866288191325543855e-02
6.817232639884648893e-02
6.975049734441313154e-02
6.913029391966687975e-02
6.940683011410163361e-02
6.599406552816751426e-02
6.572626631086601889e-02
6.599406552816751426e-02
6.770690389347462645e-02
6.770690389347462645e-02
6.852838318569179354e-02
6.852838318569179354e-02
6.894229403628301944e-02
7.040044221309574302e-02
6.894229403628301944e-02
6.927342096058190790e-02
7.073556030244004811e-02
6.555925035307781645e-02
6.572859501074673760e-02
6.944971311513355172e-02
6.927424238262330780e-02
6.944971311513355172e-02
7.034195527955343363e-02
7.034195527955343363e-02
6.467770642911270518e-02
6.467770642911270518e-02
6.956400374720682345e-02
6.950603898830759464e-02
6.956400374720682345e-02
6.966510967963879253e-02
6.960709601243979250e-02
6.842692044974341137e-02
6.844562553028102347e-02
6.740850642579614138e-02
6.738998292105181920e-02
6.740850642579614138e-02
7.080240285871922112e-02
7.080240285871922112e-02
6.764144953854424325e-02
6.764144953854424325e-02
6.635309052808989472e-02
7.028576488450220816e-02
6.635309052808989472e-02
6.710909962394140393e-02
7.106982408538664586e-02
6.944908935990624921e-02
6.866496369827261581e-02
7.015595250775005787e-02
7.095003373536976077e-02
7.015595250775005787e-02
6.763041789781262803e-02
6.763041789781262803e-02
6.882264922352941683e-02
6.882264922352941683e-02
7.030868137178024335e-02
6.570526237979505690e-02
7.030868137178024335e-02
7.041271000556705018e-02
6.580502851797147279e-02
6.443988787823325126e-02
6.455752314468567177e-02
6.948178387644006471e-02
6.935829637646276358e-02
6.948178387644006471e-02
6.799695065126162841e-02
6.799695065126162841e-02
6.728885701925020613e-02
6.728885701925020613e-02
6.971010107401232059e-02
6.930396595260777948e-02
6.971010107401232059e-02
6.937054758459110237e-02
6.896561701604059236e-02
6.657764405851845924e-02
6.648842458267971434e-02
7.054653850690902062e-02
7.063911951133419742e-02
7.054653850690902062e-02
7.123354028165952700e-02
7.123354028165952700e-02
6.805872591269288008e-02
6.805872591269288008e-02
6.730051630211460190e-02
6.689982261786554807e-02
6.730051630211460190e-02
6.719723236979975589e-02
6.679693671828920709e-02
7.125448049913703230e-02
7.187457831151841670e-02
6.907412859083397749e-02
6.846799233707996646e-02
6.907412859083397749e-02
6.877488569584942757e-02
6.877488569584942757e-02
7.158311861316060676e-02
7.158311861316060676e-02
6.978655908923071804e-02
6.791967775147536579e-02
6.978655908923071804e-02
6.951399316958981056e-02
6.765176492529234586e-02
7.045163866092679639e-02
7.111554487616694731e-02
7.073212812584368792e-02
7.007016993296545648e-02
7.073212812584368792e-02
6.644580798714075365e-02
6.644580798714075365e-02
6.841650352222934661e-02
6.841650352222934661e-02
6.907553853632281138e-02
6.601639116150742614e-02
6.907553853632281138e-02
6.917064602324164702e-02
6.610869877151447083e-02
6.813226232742813915e-02
6.815800487717324496e-02
7.000377562813252241e-02
6.997761259270528222e-02
7.000377562813252241e-02
6.880244989332783001e-02
6.880244989332783001e-02
7.168593594885074027e-02
7.168593594885074027e-02
6.818583879407111303e-02
6.826477896705859805e-02
6.818583879407111303e-02
6.815465796335878901e-02
6.823357557748113700e-02
7.030620563500367126e-02
7.073288073506582563e-02
6.748783923436817156e-02
6.707301025568312980e-02
6.748783923436817156e-02
6.640775822060701605e-02
6.640775822060701605e-02
6.889193984112199076e-02
6.889193984112199076e-02
6.907373268562148894e-02
6.618219590861577906e-02
6.907373268562148894e-02
6.893609868440875310e-02
6.604816755843137543e-02
6.966084561951965681e-02
6.951944027152057171e-02
6.950339915097161758e-02
6.964478463830110766e-02
6.950339915097161758e-02
6.754776529739948965e-02
6.754776529739948965e-02
6.997088124787322061e-02
6.997088124787322061e-02
7.119688603330776022e-02
6.815353983620403566e-02
7.119688603330776022e-02
7.168990615263341748e-02
6.863430175749467288e-02
6.707214442229650353e-02
6.700030010512304790e-02
6.428660794421156566e-02
6.435646959096476272e-02
6.428660794421156566e-02
7.111105929676897475e-02
7.111105929676897475e-02
6.972980164986040952e-02
6.972980164986040952e-02
6.836252760709719822e-02
7.023979402961917640e-02
6.836252760709719822e-02
6.856664552368357812e-02
7.044729395265447724e-02
6.952752651776897275e-02
6.922051945908751225e-02
6.833983981331914759e-02
6.864441496922499275e-02
6.833983981331914759e-02
7.012052574352616030e-02
7.012052574352616030e-02
7.112320771776803330e-02
7.112320771776803330e-02
6.493903662362701668e-02
6.760653507982981869e-02
6.493903662362701668e-02
6.518623267829246060e-02
6.786053233460168088e-02
6.909862183698764482e-02
6.848967081295689874e-02
6.703080298764568790e-02
6.763142247372776195e-02
6.703080298764568790e-02
6.779421819839691332e-02
6.779421819839691332e-02
6.946563291565975573e-02
6.946563291565975573e-02
7.112683634252389697e-02
6.958429471764931984e-02
7.112683634252389697e-02
7.077173420705047679e-02
6.923368299579464591e-02
6.657592553398633539e-02
6.690677547391911395e-02
6.564471239284087878e-02
6.531803341363236204e-02
6.564471239284087878e-02
6.995897174537231422e-02
6.995897174537231422e-02
6.892653180661602319e-02
6.892653180661602319e-02
6.822514454657739591e-02
7.048420429951267330e-02
6.822514454657739591e-02
6.833950713687954315e-02
7.060084167963238955e-02
6.283243198494276038e-02
6.292462795747931492e-02
6.772645415377802347e-02
6.762962728261184830e-02
6.772645415377802347e-02
7.034085220592600773e-02
7.034085220592600773e-02
7.060562274515037873e-02
7.060562274515037873e-02
6.710980720143716605e-02
6.875353557232710688e-02
6.710980720143716605e-02
6.751445238142587957e-02
6.916465863422380234e-02
6.913362856122855227e-02
6.952004954571097683e-02
6.763255566134170060e-02
6.725245014277675404e-02
6.763255566134170060e-02
6.819496843454105062e-02
6.819496843454105062e-02
6.791371408643626095e-02
6.791371408643626095e-02
6.927105393065038919e-02
7.143117721466445136e-02
6.927105393065038919e-02
6.944300685445863042e-02
7.160607284800250827e-02
6.607136322265713679e-02
6.600305372713813346e-02
6.894637807030104537e-02
6.901659210258768995e-02
6.894637807030104537e-02
7.013698105370504143e-02
7.013698105370504143e-02
6.639137154917092165e-02
6.639137154917092165e-02
6.972489128085061771e-02
6.972300942832464210e-02
6.972489128085061771e-02
7.019783933657151864e-02
7.019595010928705858e-02
6.873826330272884977e-02
6.857706378664382707e-02
6.627365295413568946e-02
6.643133752506205636e-02
6.627365295413568946e-02
7.188558557512020331e-02
7.188558557512020331e-02
6.833496483545273281e-02
6.833496483545273281e-02
6.775207380521997003e-02
7.054363606350146088e-02
6.775207380521997003e-02
6.737603657760220244e-02
7.015848645692951413e-02
6.851895050295145340e-02
6.825365919614106991e-02
6.509494870797453980e-02
6.535212597077412477e-02
6.509494870797453980e-02
6.898456148881888794e-02
6.898456148881888794e-02
6.969412887156133107e-02
6.969412887156133107e-02
6.706991408113510689e-02
7.066809484456403057e-02
6.706991408113510689e-02
6.734248672597500929e-02
7.094907376211842531e-02
7.069792773882438430e-02
7.066792682734521214e-02
6.873321714826549633e-02
6.876272778459205370e-02
6.873321714826549633e-02
6.881407659817866118e-02
6.881407659817866118e-02
7.090038330340990569e-02
7.090038330340990569e-02
6.819824239412795863e-02
6.796604845044366960e-02
6.819824239412795863e-02
6.758223705535491843e-02
6.735138452321517977e-02
6.987617903609348591e-02
7.005700235483361404e-02
6.732496698859014028e-02
6.714862461582540853e-02
6.732496698859014028e-02
6.553106408252357129e-02
6.553106408252357129e-02
6.933881248138831777e-02
6.933881248138831777e-02
7.094527812205311812e-02
7.184640202298291090e-02
7.094527812205311812e-02
7.025358763283820474e-02
7.115016424493564307e-02
6.646013783042203915e-02
6.688375780149893868e-02
6.837443708706360257e-02
6.794486100922997318e-02
6.837443708706360257e-02
6.923402025114813729e-02
6.923402025114813729e-02
6.666352795981871082e-02
6.666352795981871082e-02
6.809704256410750722e-02
6.880589104278900248e-02
6.809704256410750722e-02
6.804396968021818315e-02
6.875246391073686070e-02
6.713920740003692655e-02
6.758521373618613104e-02
6.658494236475902273e-02
6.614330947426441676e-02
6.658494236475902273e-02
7.134900664949890559e-02
7.134900664949890559e-02
6.981990884443400880e-02
6.981990884443400880e-02
6.873701392839083602e-02
7.026496645827935705e-02
6.873701392839083602e-02
6.825226795121544510e-02
6.977352235253234114e-02
6.991182464894286908e-02
6.977281517843519909e-02
6.849539576503828331e-02
6.863288634485185946e-02
6.849539576503828331e-02
6.586237045422102532e-02
6.586237045422102532e-02
6.791444604337261437e-02
6.791444604337261437e-02
7.063260908066874844e-02
7.181397089868497841e-02
7.063260908066874844e-02
7.075535638638770497e-02
7.193774844857162010e-02
6.793670934143931917e-02
6.828873194580684092e-02
6.933795492605367150e-02
6.898260272317593977e-02
6.933795492605367150e-02
6.963891963410145935e-02
6.963891963410145935e-02
6.690093747582497030e-02
6.690093747582497030e-02
7.202628545952496908e-02
6.989721213229641017e-02
7.202628545952496908e-02
7.187187951409139408e-02
6.974522754210853159e-02
6.709226150240087116e-02
6.698535907615969787e-02
6.591817388756095186e-02
6.602393314406181102e-02
6.591817388756095186e-02
6.995161074662727130e-02
6.995161074662727130e-02
6.819707203083075209e-02
6.819707203083075209e-02
6.820589727485061593e-02
6.970974873662663662e-02
6.820589727485061593e-02
6.894044243606493871e-02
7.045398451095558068e-02
6.952575726119038235e-02
6.950630485067493813e-02
6.941521715012176352e-02
6.943465418828494162e-02
6.941521715012176352e-02
6.855417453760363766e-02
6.855417453760363766e-02
6.431594235566145956e-02
6.431594235566145956e-02
7.066414796030914824e-02
6.843947238815785428e-02
7.066414796030914824e-02
7.102975362682595328e-02
6.879821228621216256e-02
6.678761630646903869e-02
6.631177531749003762e-02
6.990133440916257435e-02
7.039337640503602611e-02
6.990133440916257435e-02
6.780760462758451956e-02
6.780760462758451956e-02
6.807669207016814328e-02
6.807669207016814328e-02
6.887842705503377516e-02
7.087465974902479315e-02
6.887842705503377516e-02
6.892375007270895582e-02
7.092075466076568080e-02
6.529435496919576420e-02
6.468147115250444390e-02
6.902662510840590349e-02
6.966540732087249388e-02
6.902662510840590349e-02
7.011880522008955008e-02
7.011880522008955008e-02
6.755306631796839656e-02
6.755306631796839656e-02
6.788679017128308735e-02
6.856550461865389134e-02
6.788679017128308735e-02
6.802002216308560001e-02
6.869952559411046655e-02
6.890481914151595777e-02
6.895609869749270981e-02
7.002343588992675227e-02
6.997167613144956999e-02
7.002343588992675227e-02
6.298790075001696465e-02
6.298790075001696465e-02
6.956194983149356637e-02
6.956194983149356637e-02
6.994306526693551407e-02
6.582383738215547009e-02
6.994306526693551407e-02
7.023433878285978427e-02
6.610405650629598562e-02
6.930475798466116666e-02
6.961626101941666145e-02
6.905635051750687314e-02
6.874641082639831868e-02
6.905635051750687314e-02
6.842579138985999121e-02
6.842579138985999121e-02
6.715631958345491537e-02
6.715631958345491537e-02
7.105986197011215921e-02
6.815561916072045145e-02
7.105986197011215921e-02
7.124525292776365260e-02
6.833653747838037973e-02
6.696588151160684510e-02
6.647248201819283553e-02
7.138449942202401699e-02
7.189943240107223021e-02
7.138449942202401699e-02
7.210966639125523936e-02
7.210966639125523936e-02
6.928065279093528761e-02
6.928065279093528761e-02
6.706778670167572176e-02
6.729429966132058349e-02
6.706778670167572176e-02
6.713772038169427137e-02
6.736439180962304485e-02
7.014497838203734292e-02
6.978450191977918216e-02
6.773317421907658342e-02
6.808717378522929908e-02
6.773317421907658342e-02
6.865752287580140223e-02
6.865752287580140223e-02
7.133119493509011699e-02
7.133119493509011699e-02
6.587199467154333798e-02
6.860151131446619310e-02
6.587199467154333798e-02
6.528018488831557886e-02
6.799290942453981024e-02
7.084900255318025974e-02
7.056635022315381478e-02
7.039311775649680081e-02
7.067539479689727289e-02
7.039311775649680081e-02
6.782217203670017069e-02
6.782217203670017069e-02
6.963570401119306696e-02
6.963570401119306696e-02
6.932576700229337030e-02
6.393895592892077928e-02
6.932576700229337030e-02
6.920723595188710275e-02
6.382651760956670195e-02
6.742735673757921377e-02
6.769721005324561003e-02
6.754446800356045388e-02
6.727500172001595058e-02
6.754446800356045388e-02
7.172452998008778391e-02
7.172452998008778391e-02
6.914170868179576879e-02
6.914170868179576879e-02
6.835474871878115255e-02
7.039272587957165483e-02
6.835474871878115255e-02
6.849162508159864493e-02
7.053212163424288361e-02
6.989898566606098096e-02
6.994983212919098081e-02
6.776263695304822476e-02
6.771275983301698609e-02
6.776263695304822476e-02
7.032521542819106242e-02
7.032521542819106242e-02
7.036965390552414601e-02
7.036965390552414601e-02
6.611734277053916975e-02
6.862959841891971835e-02
6.611734277053916975e-02
6.668810565922411726e-02
6.921390744073201151e-02
6.948898976704320773e-02
6.919644186725061596e-02
6.537885794885302249e-02
6.566126154158134776e-02
6.537885794885302249e-02
6.799646984936917604e-02
6.799646984936917604e-02
6.942358486360271363e-02
6.942358486360271363e-02
6.868359106953901561e-02
7.009262996468619555e-02
6.868359106953901561e-02
6.893260300614204028e-02
7.034469227172547579e-02
6.789071115004335910e-02
6.750296507571934557e-02
6.808801565218251806e-02
6.847793868050766619e-02
6.808801565218251806e-02
6.986036956375762941e-02
6.986036956375762941e-02
6.642549899918753775e-02
6.642549899918753775e-02
6.586248809792598358e-02
7.033484149767919857e-02
6.586248809792598358e-02
6.558620135747711410e-02
7.004747538753976210e-02
6.873634715059655231e-02
6.827746102309009690e-02
6.635774882575279365e-02
6.680829213189774796e-02
6.635774882575279365e-02
6.948094329190245000e-02
6.948094329190245000e-02
6.898682907213068982e-02
6.898682907213068982e-02
6.721761529416366010e-02
7.147018173254186812e-02
6.721761529416366010e-02
6.734582897654099731e-02
7.160301344995365080e-02
7.049381907564962468e-02
7.067394845296751105e-02
6.788617227689301703e-02
6.771049009013567488e-02
6.788617227689301703e-02
6.972114487791408743e-02
6.972114487791408743e-02
6.957049925631049458e-02
6.957049925631049458e-02
6.888502362454318462e-02
6.747283917764031191e-02
6.888502362454318462e-02
6.850305205861897950e-02
6.709578360488840931e-02
7.149339422747182093e-02
7.152611864714819578e-02
6.751413653371604595e-02
6.748252881834071459e-02
6.751413653371604595e-02
6.720443335901157833e-02
6.720443335901157833e-02
7.077897182518780306e-02
7.077897182518780306e-02
6.813298639435652615e-02
6.880866629219015151e-02
6.813298639435652615e-02
6.801774708326141505e-02
6.869271635762222439e-02
6.878839038321149513e-02
6.962855808137821678e-02
7.090356730847469091e-02
7.005424190047657151e-02
7.090356730847469091e-02
6.617744415082515985e-02
6.617744415082515985e-02
6.972673446572008604e-02
6.972673446572008604e-02
7.060738917174300133e-02
6.541715415664568767e-02
7.060738917174300133e-02
7.037224526510126033e-02
6.519330351244649602e-02
6.440828776480715667e-02
6.472087072193866142e-02
6.852852723622172848e-02
6.820368384739627921e-02
6.852852723622172848e-02
7.037266376640147203e-02
7.037266376640147203e-02
6.992491749622785357e-02
6.992491749622785357e-02
6.772195467812081038e-02
6.990820566337307973e-02
6.772195467812081038e-02
6.758595499729645739e-02
6.976948069856124535e-02
6.928170717711891469e-02
6.935648547538224296e-02
6.661569374486853157e-02
6.654273307616702382e-02
6.661569374486853157e-02
7.134960093682202187e-02
7.134960093682202187e-02
6.845609471279136271e-02
6.845609471279136271e-02
6.663879097474210977e-02
6.677153351846490392e-02
6.663879097474210977e-02
6.683397458023261628e-02
6.696697070612364633e-02
6.958066723954006716e-02
6.971639137512244955e-02
6.818756169431393344e-02
6.805364823911483341e-02
6.818756169431393344e-02
6.816651683582905519e-02
6.816651683582905519e-02
7.133269922367492522e-02
7.133269922367492522e-02
7.027923449435459491e-02
7.013599965692740579e-02
7.027923449435459491e-02
7.030576070199658079e-02
7.016249555591608233e-02
6.542183371784049406e-02
6.545659645166915230e-02
6.839210136995967082e-02
6.835632547294684391e-02
6.839210136995967082e-02
6.905257848274976018e-02
6.905257848274976018e-02
6.565962673372602310e-02
6.565962673372602310e-02
6.746577858888018475e-02
6.933827997054231584e-02
6.746577858888018475e-02
6.798461864126593979e-02
6.986616471365277026e-02
6.668621133807080270e-02
6.684627509593772665e-02
6.701527338249115007e-02
6.685493841661770131e-02
6.701527338249115007e-02
7.075504110967451021e-02
7.075504110967451021e-02
6.972677156955391087e-02
6.972677156955391087e-02
6.832922517734538181e-02
7.189443299209487270e-02
6.832922517734538181e-02
6.850040122616625482e-02
7.207056608303398504e-02
6.969275268414787394e-02
6.927806981029195621e-02
6.800488617618465070e-02
6.841489239965325986e-02
6.800488617618465070e-02
6.882623961014452951e-02
6.882623961014452951e-02
6.745949291684960603e-02
6.745949291684960603e-02
6.948790158249722182e-02
6.918772025299642359e-02
6.948790158249722182e-02
6.924383435956070476e-02
6.894431788664184824e-02
6.781099803479097299e-02
6.739866802250370215e-02
7.092220415148300927e-02
7.134700116411053783e-02
7.092220415148300927e-02
7.111426729043303363e-02
7.111426729043303363e-02
6.802871592606336837e-02
6.802871592606336837e-02
6.918785262049319262e-02
7.039033997971796963e-02
6.918785262049319262e-02
6.898824576025677779e-02
7.018865801659880665e-02
6.846683624319853390e-02
6.827085890701739546e-02
6.862875254449671281e-02
6.882535748413125265e-02
6.862875254449671281e-02
7.011389304295527480e-02
7.011389304295527480e-02
6.487182281328687794e-02
6.487182281328687794e-02
6.664719273681291023e-02
6.955382853376916585e-02
6.664719273681291023e-02
6.641684228113203803e-02
6.931716463116410765e-02
7.033386031517227521e-02
7.081843423583533692e-02
7.098167646416447818e-02
7.049648960119735130e-02
7.098167646416447818e-02
6.588541871492242796e-02
6.588541871492242796e-02
6.758789300284896717e-02
6.758789300284896717e-02
6.922834990483955897e-02
6.715434661373972935e-02
6.922834990483955897e-02
6.906802425439662052e-02
6.699714144832046026e-02
6.830706265405042665e-02
6.796712783244084066e-02
6.921201477502661459e-02
6.955568454812206813e-02
6.921201477502661459e-02
6.750592856592270430e-02
6.750592856592270430e-02
6.569815706733474203e-02
6.569815706733474203e-02
7.237388439185300781e-02
6.950897070848066628e-02
7.237388439185300781e-02
7.257448262280541407e-02
6.970549216777920110e-02
6.877311482023619471e-02
6.874816806790230717e-02
7.066635071969337711e-02
7.069169986744246181e-02
7.066635071969337711e-02
6.965834260916670129e-02
6.965834260916670129e-02
6.839028556071208298e-02
6.839028556071208298e-02
6.833484669860788452e-02
6.626236250815072115e-02
6.833484669860788452e-02
6.844454091222199055e-02
6.636989845200089166e-02
6.979352719426176743e-02
6.941909835508167093e-02
6.972675535709567385e-02
7.010216240613635630e-02
6.972675535709567385e-02
6.646476552381355707e-02
6.646476552381355707e-02
7.006892881401856343e-02
7.006892881401856343e-02
7.113741881164563352e-02
6.859844959398210540e-02
7.113741881164563352e-02
7.141527148240135736e-02
6.887069071337365012e-02
6.902540107966946559e-02
6.873418033250744408e-02
7.124641376469753595e-02
7.154371068021080082e-02
7.124641376469753595e-02
6.740877071634977791e-02
6.740877071634977791e-02
6.808446895329224591e-02
6.808446895329224591e-02
7.039322855693971870e-02
6.702936158471561878e-02
7.039322855693971870e-02
7.037177456356828731e-02
6.700852287539543761e-02
6.390362538200693165e-02
6.400493432245310532e-02
6.888971781903012459e-02
6.878335347553857226e-02
6.888971781903012459e-02
6.967281130571087444e-02
6.967281130571087444e-02
6.997686720016174644e-02
6.997686720016174644e-02
6.816198194647667130e-02
6.541951795075266751e-02
6.816198194647667130e-02
6.842488995292315968e-02
6.567528623254934028e-02
7.108059708694505763e-02
7.040077999140934017e-02
6.788040803398218137e-02
6.854542078541213390e-02
6.788040803398218137e-02
6.701720809712813365e-02
6.701720809712813365e-02
7.010586933710558077e-02
7.010586933710558077e-02
6.771309584099337309e-02
6.803967570897515027e-02
6.771309584099337309e-02
6.769599310779167434e-02
6.802251964269481754e-02
6.930799470001269835e-02
6.917115306646783035e-02
7.256295738269645523e-02
7.270313791285937244e-02
7.256295738269645523e-02
6.503826232569979993e-02
6.503826232569979993e-02
6.905779131955827599e-02
6.905779131955827599e-02
7.005148925121025549e-02
6.710443790436461386e-02
7.005148925121025549e-02
6.978452269318144441e-02
6.684461940732734642e-02
6.670229442651695595e-02
6.653056750343769310e-02
6.804697878727802851e-02
6.822113105247809561e-02
6.804697878727802851e-02
7.014295704997659808e-02
7.014295704997659808e-02
7.056622093028119824e-02
7.056622093028119824e-02
6.819634485940109792e-02
6.934621024757577079e-02
6.819634485940109792e-02
6.816073313312372151e-02
6.931022764537964065e-02
6.890344965213784922e-02
6.932671225522379910e-02
6.765718730769589018e-02
6.724037544572408764e-02
6.765718730769589018e-02
7.088710527549156593e-02
7.088710527549156593e-02
6.927120405596239039e-02
6.927120405596239039e-02
6.763015269902493409e-02
6.477403311635850092e-02
6.763015269902493409e-02
6.758378956494547063e-02
6.472895444247681040e-02
6.973006665757454370e-02
7.028644681089039892e-02
6.911509805932042338e-02
6.856413538818235953e-02
6.911509805932042338e-02
6.896494324114002539e-02
6.896494324114002539e-02
7.031736217820763746e-02
7.031736217820763746e-02
6.669029501818579675e-02
6.621561991465037267e-02
6.669029501818579675e-02
6.697311110696058112e-02
6.649715558726489173e-02
7.080494773615116089e-02
7.083061637825162349e-02
6.955582931890195997e-02
6.953042941593787218e-02
6.955582931890195997e-02
6.888033951299359081e-02
6.888033951299359081e-02
6.983764156068890394e-02
6.983764156068890394e-02
6.945789328234902582e-02
6.821928208318270292e-02
6.945789328234902582e-02
6.959148659715223839e-02
6.835139702940794260e-02
7.025256510459852721e-02
7.021386209466670691e-02
7.160918801257652733e-02
7.164829776588511889e-02
7.160918801257652733e-02
6.454666967003701294e-02
6.454666967003701294e-02
6.838136979564811424e-02
6.838136979564811424e-02
6.881177834464964616e-02
6.666428251370526414e-02
6.881177834464964616e-02
6.919355244376884650e-02
6.703833072892723122e-02
6.780788968592309229e-02
6.714362932513032178e-02
6.853780562464172055e-02
6.921097867584118102e-02
6.853780562464172055e-02
6.950910596419471177e-02
6.950910596419471177e-02
7.121211295471863156e-02
7.121211295471863156e-02
6.802584486240889627e-02
6.772923836260069663e-02
6.802584486240889627e-02
6.790294503487991074e-02
6.760668646942670501e-02
7.069468289798544469e-02
7.051582701517473961e-02
6.739852756512759724e-02
6.757254117625223488e-02
6.739852756512759724e-02
6.568196295503239690e-02
6.568196295503239690e-02
6.977249747426923776e-02
6.977249747426923776e-02
6.841791434469708666e-02
6.292174943024227141e-02
6.841791434469708666e-02
6.832967715690110855e-02
6.283847103154024949e-02
6.982704809987855255e-02
6.992779632904971843e-02
6.961577501117863220e-02
6.951529119053068140e-02
6.961577501117863220e-02
6.710811490836590676e-02
6.710811490836590676e-02
7.055225724485865435e-02
7.055225724485865435e-02
7.189694459301540497e-02
6.896932944568584523e-02
7.189694459301540497e-02
7.154627013495863663e-02
6.862665481758237207e-02
6.793996950747845098e-02
6.838921770985159632e-02
6.780135612944541978e-02
6.735458815967776403e-02
6.780135612944541978e-02
6.935085061487961111e-02
6.935085061487961111e-02
7.078030099985066492e-02
7.078030099985066492e-02
6.640902489383117280e-02
6.911721653831046086e-02
6.640902489383117280e-02
6.608804011637582632e-02
6.878765201126005313e-02
7.069220237294719655e-02
7.053503993559233354e-02
6.740518609305636011e-02
6.755817180882105200e-02
6.740518609305636011e-02
7.010907939889354790e-02
7.010907939889354790e-02
6.951844169938239948e-02
6.951844169938239948e-02
6.863794762939816330e-02
6.498386854973234317e-02
6.863794762939816330e-02
6.898257300873439357e-02
6.531664617477690726e-02
7.132630728966431188e-02
7.128129199066247923e-02
6.879410097492404119e-02
6.883821104686951853e-02
6.879410097492404119e-02
6.723598175249941022e-02
6.723598175249941022e-02
7.028936509011922407e-02
7.028936509011922407e-02
7.055005166894200153e-02
6.971233745971003315e-02
7.055005166894200153e-02
7.081924729066048363e-02
6.997971250506732077e-02
6.726404900316648727e-02
6.670673277977905158e-02
6.625119474409300879e-02
6.680601984312538322e-02
6.625119474409300879e-02
6.916333634798625674e-02
6.916333634798625674e-02
6.845752454571875367e-02
6.845752454571875367e-02
6.850202282334852399e-02
7.024746766177716872e-02
6.850202282334852399e-02
6.870614866181688762e-02
7.045463555418879364e-02
6.571185948628872897e-02
6.546225882977399491e-02
6.791880203011739503e-02
6.817451835078391920e-02
6.791880203011739503e-02
6.969386881582330384e-02
6.969386881582330384e-02
7.121523312049507504e-02
7.121523312049507504e-02
6.809005443521441714e-02
6.909694540820335296e-02
6.809005443521441714e-02
6.827327638728372672e-02
6.928177305580371370e-02
6.887259532558324959e-02
6.883388490372852053e-02
6.664231860663762108e-02
6.668022801720946413e-02
6.664231860663762108e-02
7.109306147424394873e-02
7.109306147424394873e-02
6.336359198193242115e-02
6.336359198193242115e-02
6.635158563443011026e-02
6.919950094793815565e-02
6.635158563443011026e-02
6.682282387636394316e-02
6.968352843641786865e-02
6.979475637542550959e-02
6.966651911463715707e-02
7.042078770127434273e-02
7.054980923036457963e-02
7.042078770127434273e-02
6.827548376635092509e-02
6.827548376635092509e-02
6.831221149295520212e-02
6.831221149295520212e-02
6.431755191151448947e-02
7.101506946880623006e-02
6.431755191151448947e-02
6.467253950769591420e-02
7.139248428273115010e-02
7.090374982439201501e-02
7.013055671994633533e-02
6.765042562924482306e-02
6.840762385320435512e-02
6.765042562924482306e-02
6.753526412602242623e-02
6.753526412602242623e-02
6.723756208349224162e-02
6.723756208349224162e-02
6.914148253084011209e-02
6.934805823365290667e-02
6.914148253084011209e-02
6.912199129991558610e-02
6.932853180102772905e-02
6.838733739289556968e-02
6.780385793110939308e-02
7.134259166278250630e-02
7.194337552859879359e-02
7.134259166278250630e-02
6.920508609009494438e-02
6.920508609009494438e-02
6.837989274146730190e-02
6.837989274146730190e-02
6.614977970549724973e-02
6.697735137037905129e-02
6.614977970549724973e-02
6.636473720294842893e-02
6.719403054205187742e-02
7.037349805982842654e-02
7.058386537963734497e-02
6.907039516150673131e-02
6.886273433399675570e-02
6.907039516150673131e-02
6.934351464062173120e-02
6.934351464062173120e-02
6.624247329665541861e-02
6.624247329665541861e-02
6.871597577030201520e-02
6.976948784643809132e-02
6.871597577030201520e-02
6.844088440013693098e-02
6.949181516306174311e-02
7.155341603150758290e-02
7.149103522753537387e-02
6.993167531196210762e-02
6.999331194105379295e-02
6.993167531196210762e-02
6.739959889188451569e-02
6.739959889188451569e-02
6.873435242498235342e-02
6.873435242498235342e-02
6.907170151927351232e-02
6.791550837105225780e-02
6.907170151927351232e-02
6.912309355686623025e-02
6.796635071570843178e-02
6.824518658502390367e-02
6.850895733348322247e-02
7.152479867199086627e-02
7.125450138187872096e-02
7.152479867199086627e-02
7.036083385334060414e-02
7.036083385334060414e-02
6.894079878406178530e-02
6.894079878406178530e-02
6.682816431821279879e-02
6.711804577758695434e-02
6.682816431821279879e-02
6.624190153328610164e-02
6.653014556407628455e-02
6.898499063899692085e-02
6.889172574172267027e-02
7.000116623419908035e-02
7.009530261971075316e-02
7.000116623419908035e-02
6.967645142991421570e-02
6.967645142991421570e-02
6.646048340185156666e-02
6.646048340185156666e-02
6.751915585673833042e-02
6.856442678746733910e-02
6.751915585673833042e-02
6.686527138693892924e-02
6.790386155849238714e-02
7.099247583863306510e-02
7.134251432090350786e-02
7.032015979233827152e-02
6.997290208752574014e-02
7.032015979233827152e-02
