4.335128345447594178e-01
5.605245809298181614e-01
6.362548553501427007e-01
4.936874965288016170e-01
6.362548553501427007e-01
6.069214607027951791e-01
6.069214607027951791e-01
6.026635078594432260e-01
6.026635078594432260e-01
5.147251695036204611e-01
5.509139994613309055e-01
5.147251695036204611e-01
4.537030605442733400e-01
4.861713798597115388e-01
6.614538596096996015e-01
6.129742789800648461e-01
5.415642062816917734e-01
5.849838382487030364e-01
5.415642062816917734e-01
6.792887448023026131e-01
6.792887448023026131e-01
5.506418647264968991e-01
5.506418647264968991e-01
5.193791752236130987e-01
5.229692204364694286e-01
5.193791752236130987e-01
7.270300282349961840e-01
7.318766386510350275e-01
6.127967250618582273e-01
6.053835591398438742e-01
5.657673375894155532e-01
5.727621603161531239e-01
5.657673375894155532e-01
4.478101952123201834e-01
4.478101952123201834e-01
5.640469604235810452e-01
5.640469604235810452e-01
5.839582340946618544e-01
5.666237318724367533e-01
5.839582340946618544e-01
6.148027320596575196e-01
5.967028999332181227e-01
6.478636750179412873e-01
4.448340273134900880e-01
4.122125230515100713e-01
6.023231053803701496e-01
4.122125230515100713e-01
5.345418459674032841e-01
5.345418459674032841e-01
5.358314453122915433e-01
5.358314453122915433e-01
5.855393579759593514e-01
6.708343458404640858e-01
5.855393579759593514e-01
5.987265492363629260e-01
6.855814515928598807e-01
5.788159081762775937e-01
4.906171856871335835e-01
4.965308770687215101e-01
5.856442443624902960e-01
4.965308770687215101e-01
5.170567249311425195e-01
5.170567249311425195e-01
6.121842670273948128e-01
6.121842670273948128e-01
6.342439277226394889e-01
7.145288631893772502e-01
6.342439277226394889e-01
6.214918158510067681e-01
7.003923964467014818e-01
5.793331199349894822e-01
5.654015263295640858e-01
4.940305783511140247e-01
5.064329460141695494e-01
4.940305783511140247e-01
6.003127866481903219e-01
6.003127866481903219e-01
6.483020234386269731e-01
6.483020234386269731e-01
4.325160414432572265e-01
4.178077426363861480e-01
4.325160414432572265e-01
5.647258659440166362e-01
5.462831663265076410e-01
5.898490715963038422e-01
4.856918821396061237e-01
5.738613989562177942e-01
6.931180128644466309e-01
5.738613989562177942e-01
6.456054834354194583e-01
6.456054834354194583e-01
5.736600987728380785e-01
5.736600987728380785e-01
5.375361753710669044e-01
5.534692605856000869e-01
5.375361753710669044e-01
5.759258092695902498e-01
5.927952779804571692e-01
6.530992006585616405e-01
6.359352129501186779e-01
6.436688012873645892e-01
6.610131862800395774e-01
6.436688012873645892e-01
5.376807670567020914e-01
5.376807670567020914e-01
5.614107639710052000e-01
5.614107639710052000e-01
5.182170184558680948e-01
5.933186536431604985e-01
5.182170184558680948e-01
4.400754456670807890e-01
5.051695981591676210e-01
7.540736236328736686e-01
6.010565765064447286e-01
6.062701708323446903e-01
7.603148523599077002e-01
6.062701708323446903e-01
4.609703331928315939e-01
4.609703331928315939e-01
4.960007418701732895e-01
4.960007418701732895e-01
5.908651107556132098e-01
4.507357331133839407e-01
5.908651107556132098e-01
5.300326537236590418e-01
4.036132828132076855e-01
4.969812114211779597e-01
6.367346143318618479e-01
6.801920088276386389e-01
5.321461938647303880e-01
6.801920088276386389e-01
4.378960894607901166e-01
4.378960894607901166e-01
4.266008501955292354e-01
4.266008501955292354e-01
6.734852073079213852e-01
6.295461725307714973e-01
6.734852073079213852e-01
6.599231783262314854e-01
6.166978035002218528e-01
5.615141696085298451e-01
6.210308459488241839e-01
6.879093222394362384e-01
6.231646657002222200e-01
6.879093222394362384e-01
6.565303641341019292e-01
6.565303641341019292e-01
5.379682420205721405e-01
5.379682420205721405e-01
6.321149808346504528e-01
5.783020364112131384e-01
6.321149808346504528e-01
7.107887798765739618e-01
6.516455165767984781e-01
4.808091842207952715e-01
5.417871581153357319e-01
5.351763482438275377e-01
4.748704251872954973e-01
5.351763482438275377e-01
7.002261729492039732e-01
7.002261729492039732e-01
4.731107606899340179e-01
4.731107606899340179e-01
5.246592827189199282e-01
6.200756115840083682e-01
5.246592827189199282e-01
6.140534164605341294e-01
7.214572719648747468e-01
5.136018572870005849e-01
4.949678527878651479e-01
5.279496298964773127e-01
5.476840302914034453e-01
5.279496298964773127e-01
6.631047196068869942e-01
6.631047196068869942e-01
7.380768756880088377e-01
7.380768756880088377e-01
4.211390185189674562e-01
4.472481605714743735e-01
4.211390185189674562e-01
5.710075775207499316e-01
6.048517611464602206e-01
6.117392123929881187e-01
5.221316147557527598e-01
4.639571855391326771e-01
5.447333573482455726e-01
4.639571855391326771e-01
6.241698098459735888e-01
6.241698098459735888e-01
5.966347704064898227e-01
5.966347704064898227e-01
5.673280582664644855e-01
5.997154789322435287e-01
5.673280582664644855e-01
4.639003466425462574e-01
4.912979470283839745e-01
5.517561409272829787e-01
4.999296702792044855e-01
5.682198462696204100e-01
6.262188206701572168e-01
5.682198462696204100e-01
5.025338584073985038e-01
5.025338584073985038e-01
5.543474153933494186e-01
5.543474153933494186e-01
5.344217258635218792e-01
5.332517704119054125e-01
5.344217258635218792e-01
5.025928919890740865e-01
5.014821252046526290e-01
5.746264605253789126e-01
5.685884870983923811e-01
5.484870715653969997e-01
5.543375082789211428e-01
5.484870715653969997e-01
5.769626662571355480e-01
5.769626662571355480e-01
6.386677118103039064e-01
6.386677118103039064e-01
7.411773341415442973e-01
8.508965883919454853e-01
7.411773341415442973e-01
4.947345465598202430e-01
5.733132610072351198e-01
4.631645751629251406e-01
7.195403161355344857e-01
7.603903516516754557e-01
4.916878484717947528e-01
7.603903516516754557e-01
5.735774159745903322e-01
5.735774159745903322e-01
5.461411032195335746e-01
5.461411032195335746e-01
5.815746460530535344e-01
4.946120794215147498e-01
5.815746460530535344e-01
5.475412582438233811e-01
4.650925584792464651e-01
5.507219323403927946e-01
5.148404262594780123e-01
6.077588265952942326e-01
6.493404091898448138e-01
6.077588265952942326e-01
6.501463416833294096e-01
6.501463416833294096e-01
5.304870340936900242e-01
5.304870340936900242e-01
5.484370060484294873e-01
5.400992315382679987e-01
5.484370060484294873e-01
6.612889519866821386e-01
6.515391457931426489e-01
5.365227279745974354e-01
5.644897155516152010e-01
6.529661494557722490e-01
6.212926052538466637e-01
6.529661494557722490e-01
5.421434330749376196e-01
5.421434330749376196e-01
4.559832602644759425e-01
4.559832602644759425e-01
5.129557933591591956e-01
5.060972000788944714e-01
5.129557933591591956e-01
5.450378987881806525e-01
5.377940183415456099e-01
7.899384749444403608e-01
5.713882537729261246e-01
5.096372358948563219e-01
7.098940073436265097e-01
5.096372358948563219e-01
5.117270588180511393e-01
5.117270588180511393e-01
5.913937997914456846e-01
5.913937997914456846e-01
6.106172211253265703e-01
5.706216181908477791e-01
6.106172211253265703e-01
7.039764526691852931e-01
6.588472438756506344e-01
6.477476285411719603e-01
4.338014089717353028e-01
4.268239185712732753e-01
6.380753985651985705e-01
4.268239185712732753e-01
4.478824099887526167e-01
4.478824099887526167e-01
5.915438711960151474e-01
5.915438711960151474e-01
6.666155702308234066e-01
6.005182525225790657e-01
6.666155702308234066e-01
6.342947199964860117e-01
5.710281470709624996e-01
5.455090486074206657e-01
5.373825564256622389e-01
5.751832192359667140e-01
5.837918705674628450e-01
5.751832192359667140e-01
7.068508228245161673e-01
7.068508228245161673e-01
7.152145859063204769e-01
7.152145859063204769e-01
5.311087646771137649e-01
5.325872935069796421e-01
5.311087646771137649e-01
5.409175392583237540e-01
5.424199167578281910e-01
6.254972929110480528e-01
4.866491130176642255e-01
4.311642626876401319e-01
5.565546783784794949e-01
4.311642626876401319e-01
4.690979453926470977e-01
4.690979453926470977e-01
6.059808779860926808e-01
6.059808779860926808e-01
4.865817645930817226e-01
4.403796213847160357e-01
4.865817645930817226e-01
5.293282571234299017e-01
4.794945303566972572e-01
6.308354533712162704e-01
6.792034278420815419e-01
6.787964713482512735e-01
6.304522894430064639e-01
6.787964713482512735e-01
5.366482461055491759e-01
5.366482461055491759e-01
5.998663886809884049e-01
5.998663886809884049e-01
7.194850993131889361e-01
6.407387330054888919e-01
7.194850993131889361e-01
5.498213453860523181e-01
4.866834522117360895e-01
5.606397368756015354e-01
5.835701350364383977e-01
5.350439512995394109e-01
5.138844354315320606e-01
5.350439512995394109e-01
5.027964282655371653e-01
5.027964282655371653e-01
4.936521055362015908e-01
4.936521055362015908e-01
6.296513442597776455e-01
6.750251109070002364e-01
6.296513442597776455e-01
5.627644716337096842e-01
6.041345989442917785e-01
5.619331768893668366e-01
6.643164172415855218e-01
6.436176390609932296e-01
5.439720494170056098e-01
6.436176390609932296e-01
5.546678538578647677e-01
5.546678538578647677e-01
5.609311871917483927e-01
5.609311871917483927e-01
5.928315571502210668e-01
6.466688243641044442e-01
5.928315571502210668e-01
5.160290947736265732e-01
5.635238339574171196e-01
5.015699420490139504e-01
7.018375041222330024e-01
6.676267312381808372e-01
4.760601604166692091e-01
6.676267312381808372e-01
5.568095206364037653e-01
5.568095206364037653e-01
5.489355098226904595e-01
5.489355098226904595e-01
6.204425860597232445e-01
5.833495444249737760e-01
6.204425860597232445e-01
7.451352718918716755e-01
7.022260250552805338e-01
5.973363899016181922e-01
4.938900897121809019e-01
4.739625092436688392e-01
5.736020612790128093e-01
4.739625092436688392e-01
4.894654627303964833e-01
4.894654627303964833e-01
5.044657246206307732e-01
5.044657246206307732e-01
6.057936033969201217e-01
6.590279706313346697e-01
6.057936033969201217e-01
5.685718567905699850e-01
6.191044103807936683e-01
4.819496280863897475e-01
4.554642008105645457e-01
5.306298805686743281e-01
5.611662132970817174e-01
5.306298805686743281e-01
5.479125517833201009e-01
5.479125517833201009e-01
6.683731879214359628e-01
6.683731879214359628e-01
7.063920909690658556e-01
7.475224021414424991e-01
7.063920909690658556e-01
5.719067184576339669e-01
6.062510872184513344e-01
5.431065475798970699e-01
4.250615666567352235e-01
3.970212732091204511e-01
5.082784665055444240e-01
3.970212732091204511e-01
4.942671394358957859e-01
4.942671394358957859e-01
5.758055033298902226e-01
5.758055033298902226e-01
5.809524264112270187e-01
6.334663337390460391e-01
5.809524264112270187e-01
5.256562958508282923e-01
5.741569186457987639e-01
4.745483384192537568e-01
4.948832358999784575e-01
5.472799640707711744e-01
5.250319473637331535e-01
5.472799640707711744e-01
7.277073803909454019e-01
7.277073803909454019e-01
6.752123591649970002e-01
6.752123591649970002e-01
6.528135686344056499e-01
6.527669592203360072e-01
6.528135686344056499e-01
4.979206265561701983e-01
4.978833258700361419e-01
5.519157041960790488e-01
6.042523734465478080e-01
5.587439514519191297e-01
5.099332932847552291e-01
5.587439514519191297e-01
6.814218946283755463e-01
6.814218946283755463e-01
6.342622189023824353e-01
6.342622189023824353e-01
4.211761065612353860e-01
4.674673641554239478e-01
4.211761065612353860e-01
5.336687582437714683e-01
5.903491136486274105e-01
5.329640707847234093e-01
6.187431582682937359e-01
5.573493772409817693e-01
4.793354106909232804e-01
5.573493772409817693e-01
7.415186762640222362e-01
7.415186762640222362e-01
5.652596179341727867e-01
5.652596179341727867e-01
4.855930062743560871e-01
5.541366782766543597e-01
4.855930062743560871e-01
4.063660375558031390e-01
4.652231682249079459e-01
6.310606570785211034e-01
6.413291828192840827e-01
5.957449125739283646e-01
5.860785236413789123e-01
5.957449125739283646e-01
6.208392121814413356e-01
6.208392121814413356e-01
5.777496460429090153e-01
5.777496460429090153e-01
4.557943350522701831e-01
4.520918258471777751e-01
4.557943350522701831e-01
6.507497572140829023e-01
6.456788216437582273e-01
6.695236205526545747e-01
6.079927212436747608e-01
5.509146824438827528e-01
6.075288211657737802e-01
5.509146824438827528e-01
5.093238476044047447e-01
5.093238476044047447e-01
5.103683835406838121e-01
5.103683835406838121e-01
4.273569524507217499e-01
4.447794119094894416e-01
4.273569524507217499e-01
6.493786169660309415e-01
6.736269733829991502e-01
5.599153490518715692e-01
4.322787187350247695e-01
4.550617320221561624e-01
5.886165316140948844e-01
4.550617320221561624e-01
5.659258582139800042e-01
5.659258582139800042e-01
5.228693255427998565e-01
5.228693255427998565e-01
6.084206738124233738e-01
6.238969441025168372e-01
6.084206738124233738e-01
6.259726494355749571e-01
6.418292419161836238e-01
6.398003652999734170e-01
4.976103723042526461e-01
4.811604919540472536e-01
6.191643882159031387e-01
4.811604919540472536e-01
5.814542169001648553e-01
5.814542169001648553e-01
6.125154083987444098e-01
6.125154083987444098e-01
5.735617327488941042e-01
6.075238211565090474e-01
5.735617327488941042e-01
7.375977837613499899e-01
7.793094223446063173e-01
5.187385249870827275e-01
5.632854003390513897e-01
5.373411776512841964e-01
4.945594363360871770e-01
5.373411776512841964e-01
5.917213176621584081e-01
5.917213176621584081e-01
6.518528966464501861e-01
6.518528966464501861e-01
6.036409297669135254e-01
6.352701031178157320e-01
6.036409297669135254e-01
5.628768305841947983e-01
5.928729713357694386e-01
5.946133740509450538e-01
4.838074003399956968e-01
5.026331827497066973e-01
6.170944981587235256e-01
5.026331827497066973e-01
4.940346346504256858e-01
4.940346346504256858e-01
5.365476738981258542e-01
5.365476738981258542e-01
5.793390944106044937e-01
5.292374995203383836e-01
5.793390944106044937e-01
6.320208380395487824e-01
5.783468753915128602e-01
5.589427240865761926e-01
5.931464825382318784e-01
5.727717509837990661e-01
5.396382103450009238e-01
5.727717509837990661e-01
5.685169538707804948e-01
5.685169538707804948e-01
5.931896758984941398e-01
5.931896758984941398e-01
6.857805630868197833e-01
7.241367522203364659e-01
6.857805630868197833e-01
4.500078990003693047e-01
4.769853184109329458e-01
5.967026614646645521e-01
6.031532921653330881e-01
6.010990090914233308e-01
5.946666619813637533e-01
6.010990090914233308e-01
4.838418992845629485e-01
4.838418992845629485e-01
4.366523846993866642e-01
4.366523846993866642e-01
7.122343152012234890e-01
6.550711753059533793e-01
7.122343152012234890e-01
5.861414190549322223e-01
5.374353763202071033e-01
4.966999635890579357e-01
6.477373577348913836e-01
7.342534765252559659e-01
5.657705911982943148e-01
7.342534765252559659e-01
5.320935115133278437e-01
5.320935115133278437e-01
4.735117386602412104e-01
4.735117386602412104e-01
6.340208477299750234e-01
6.846269535776476900e-01
6.340208477299750234e-01
6.188462900470096395e-01
6.684854975369765029e-01
3.937755701273111253e-01
5.740090294137175642e-01
6.635378481873980272e-01
4.578175803646565289e-01
6.635378481873980272e-01
6.303832472165608047e-01
6.303832472165608047e-01
5.419853605095567017e-01
5.419853605095567017e-01
4.599176696479569393e-01
4.710871000013598930e-01
4.599176696479569393e-01
4.211095922773238631e-01
4.314403452202342226e-01
6.166683012044796852e-01
5.996720831560355958e-01
6.241806486367241780e-01
6.417473536652958943e-01
6.241806486367241780e-01
4.668879817601784832e-01
4.668879817601784832e-01
6.454648454338531849e-01
6.454648454338531849e-01
6.784162154198661865e-01
5.879491163066391524e-01
6.784162154198661865e-01
5.797428426770679932e-01
5.009030295379371944e-01
7.063203217733483585e-01
6.000520515409831779e-01
5.876810529412037631e-01
6.921529603024777488e-01
5.876810529412037631e-01
5.383988083021389315e-01
5.383988083021389315e-01
4.693872715850611610e-01
4.693872715850611610e-01
6.486093825340465413e-01
5.807517312919832086e-01
6.486093825340465413e-01
5.855238041250592218e-01
5.231994647516354791e-01
4.741662634770820728e-01
6.288473213981582433e-01
7.532301898169529997e-01
5.730183472472082373e-01
7.532301898169529997e-01
6.084417610901362572e-01
6.084417610901362572e-01
5.734863871705186966e-01
5.734863871705186966e-01
6.288463766972065550e-01
6.336426654387653512e-01
6.288463766972065550e-01
6.058973022349463111e-01
6.105382760738879977e-01
5.167924310266940324e-01
6.349841490117190679e-01
5.896956343834129921e-01
4.788397372636927218e-01
5.896956343834129921e-01
5.768617515502603155e-01
5.768617515502603155e-01
5.169319015621390845e-01
5.169319015621390845e-01
5.422016259070404631e-01
5.945737586824236809e-01
5.422016259070404631e-01
7.360466712775068920e-01
8.046073823496162625e-01
4.877363497233284662e-01
5.785790546015521230e-01
5.745530155935120176e-01
4.842322851624338287e-01
5.745530155935120176e-01
6.134008846738516763e-01
6.134008846738516763e-01
5.346684660798523003e-01
5.346684660798523003e-01
5.607086024381754408e-01
4.686561798675450974e-01
5.607086024381754408e-01
5.994542069407252649e-01
5.016151332460807577e-01
5.605154453828440353e-01
4.771338556592312763e-01
4.746359764094489342e-01
5.576312318134758472e-01
4.746359764094489342e-01
5.773343822702424744e-01
5.773343822702424744e-01
5.780059470021629009e-01
5.780059470021629009e-01
7.105487390589901864e-01
7.662270179664382175e-01
7.105487390589901864e-01
6.634494328601442392e-01
7.161619092195290470e-01
5.622240178245395681e-01
5.457727913792956853e-01
5.039252822877139382e-01
5.192884621984409366e-01
5.039252822877139382e-01
6.037762593175205472e-01
6.037762593175205472e-01
6.440225885915725756e-01
6.440225885915725756e-01
5.844779473751208210e-01
6.364259566334283802e-01
5.844779473751208210e-01
4.127809488171494956e-01
4.509842415162312879e-01
4.723795552679804222e-01
5.641549022940447466e-01
4.955072037806327323e-01
4.138829543845500836e-01
4.955072037806327323e-01
6.045699088534906007e-01
6.045699088534906007e-01
6.495807562794152501e-01
6.495807562794152501e-01
6.237547667136614793e-01
6.573649405948296387e-01
6.237547667136614793e-01
5.425695764938641696e-01
5.725257952009040752e-01
5.382674692619215939e-01
6.648087531812806317e-01
6.782855212276537316e-01
5.494870877267777898e-01
6.782855212276537316e-01
6.296228133857673104e-01
6.296228133857673104e-01
5.409532036819849621e-01
5.409532036819849621e-01
3.781764841073053662e-01
4.433569952406075099e-01
3.781764841073053662e-01
4.554424965959649185e-01
5.322179468444387940e-01
4.992642424656685840e-01
6.473892503370172191e-01
6.067572419088390623e-01
4.670162384215961748e-01
6.067572419088390623e-01
5.882812499005283247e-01
5.882812499005283247e-01
5.694928936558447674e-01
5.694928936558447674e-01
4.962954550037503854e-01
5.830677975432217996e-01
4.962954550037503854e-01
4.579877209462868692e-01
5.391540216521537587e-01
7.281100179140466144e-01
6.646381308642883567e-01
5.991751105060852955e-01
6.574983680761212756e-01
5.991751105060852955e-01
6.382267615270568184e-01
6.382267615270568184e-01
4.723321230013566296e-01
4.723321230013566296e-01
4.745101776095246304e-01
4.514337957823053582e-01
4.745101776095246304e-01
5.949563562488219270e-01
5.667718491848623419e-01
7.203508320612462823e-01
7.086130528381811011e-01
6.084115346783450784e-01
6.187944466319369452e-01
6.084115346783450784e-01
5.349185142931925929e-01
5.349185142931925929e-01
5.981291044172611926e-01
5.981291044172611926e-01
5.227360923165488282e-01
5.354812807837333599e-01
5.227360923165488282e-01
5.590761473977133855e-01
5.725858830876651151e-01
7.873259077246118620e-01
5.037045470712896433e-01
5.299792938017755528e-01
8.249238201040011154e-01
5.299792938017755528e-01
4.745018924129847382e-01
4.745018924129847382e-01
5.426219079397742728e-01
5.426219079397742728e-01
6.251311062449643741e-01
5.206637519982929563e-01
6.251311062449643741e-01
7.066809372397236944e-01
5.903936588552264331e-01
5.934500111531616495e-01
4.972975237760774436e-01
5.641387242810705915e-01
6.718039369525176108e-01
5.641387242810705915e-01
5.544736430808095973e-01
5.544736430808095973e-01
6.780679191869487532e-01
6.780679191869487532e-01
5.508238501887471328e-01
5.962935311377326464e-01
5.508238501887471328e-01
5.944578782648189952e-01
6.429538504598049098e-01
5.113186798655239285e-01
4.881648937484666662e-01
4.434408132850084505e-01
4.647070179283659397e-01
4.434408132850084505e-01
4.713574209575739915e-01
4.713574209575739915e-01
7.055334190941905392e-01
7.055334190941905392e-01
5.599437771522668417e-01
5.624056364922758178e-01
5.599437771522668417e-01
4.995463572189792756e-01
5.017667475490416029e-01
5.705452254161358372e-01
5.269071667396654224e-01
4.982018056388970439e-01
5.398014345420388826e-01
4.982018056388970439e-01
6.142289997570943294e-01
6.142289997570943294e-01
6.460740272068206114e-01
6.460740272068206114e-01
5.412197660543318634e-01
5.381610265316233432e-01
5.412197660543318634e-01
5.327029037886054086e-01
5.296838811249174883e-01
5.264164987439748922e-01
5.158270508375605301e-01
5.689973394179858035e-01
5.805625598687688127e-01
5.689973394179858035e-01
5.467550777762654191e-01
5.467550777762654191e-01
6.156383822230099279e-01
6.156383822230099279e-01
6.836857715536898139e-01
7.302838960542561431e-01
6.836857715536898139e-01
5.147108379734520733e-01
5.513704275597007820e-01
6.130674294470984664e-01
5.616107498641014217e-01
5.647817844639739793e-01
6.164979743262620770e-01
5.647817844639739793e-01
6.034001481762555352e-01
6.034001481762555352e-01
3.574391490268353233e-01
3.574391490268353233e-01
5.996408587528713197e-01
6.906575283073270732e-01
5.996408587528713197e-01
5.443944483495323228e-01
6.287872080410611408e-01
5.014701217909344200e-01
6.361668385637099243e-01
6.078377506199995617e-01
4.783786605040799000e-01
6.078377506199995617e-01
5.486823675823545576e-01
5.486823675823545576e-01
5.201718949816774851e-01
5.201718949816774851e-01
6.530623674867500617e-01
6.458379167808593335e-01
6.530623674867500617e-01
7.380575781027972626e-01
7.300703092694672547e-01
4.377460614282051021e-01
5.633619419356975522e-01
6.421006468240253451e-01
5.015489014707040782e-01
6.421006468240253451e-01
6.525168081086073490e-01
6.525168081086073490e-01
5.022551202056126929e-01
5.022551202056126929e-01
5.862580171509114146e-01
6.138922352999004461e-01
5.862580171509114146e-01
6.529245308327452646e-01
6.830857896349340486e-01
4.873868938954890595e-01
5.483355844615478425e-01
5.553589536886647249e-01
4.937268519006905443e-01
5.553589536886647249e-01
7.033040741250103922e-01
7.033040741250103922e-01
4.126713100077074592e-01
4.126713100077074592e-01
4.910594009183466002e-01
5.439146273396989750e-01
4.910594009183466002e-01
5.620550435338420581e-01
6.214952770420743011e-01
6.757059450861274685e-01
5.141304537159719912e-01
5.176647201545192534e-01
6.800947826788309447e-01
5.176647201545192534e-01
4.957654029662738604e-01
4.957654029662738604e-01
5.960899689305786397e-01
5.960899689305786397e-01
6.050877496410543843e-01
5.625702290029458430e-01
6.050877496410543843e-01
6.590420503800346053e-01
6.132493037175102968e-01
4.477890425140937936e-01
5.518148329353309567e-01
5.769708920979823574e-01
4.687926246057607105e-01
5.769708920979823574e-01
4.723464286071188956e-01
4.723464286071188956e-01
5.250937381292234418e-01
5.250937381292234418e-01
6.695501675966432087e-01
5.925758757274003363e-01
6.695501675966432087e-01
5.995780092089303404e-01
5.289268471630629298e-01
5.276631107992983960e-01
5.355274410583280575e-01
5.763424094777064299e-01
5.679815186473367028e-01
5.763424094777064299e-01
6.929252446790540310e-01
6.929252446790540310e-01
6.955027783829249577e-01
6.955027783829249577e-01
5.808337071538567375e-01
5.414968564688370511e-01
5.808337071538567375e-01
5.456309947809678818e-01
5.084339076336559238e-01
5.300858642965998735e-01
6.536253704854951829e-01
6.612238759341156902e-01
5.364812504009187633e-01
6.612238759341156902e-01
6.578066597956064854e-01
6.578066597956064854e-01
6.325438130423300942e-01
6.325438130423300942e-01
5.943032591859856995e-01
5.385565426078552376e-01
5.943032591859856995e-01
5.034866371168776888e-01
4.549641884737294917e-01
5.650270840885668333e-01
6.617381815714781235e-01
7.294735390098191496e-01
6.248588638942585982e-01
7.294735390098191496e-01
6.266365732640791775e-01
6.266365732640791775e-01
5.125182798496302761e-01
5.125182798496302761e-01
5.141388123928064546e-01
4.548663649790376518e-01
5.141388123928064546e-01
5.209407509146386506e-01
4.609821840168532581e-01
5.198965983744128216e-01
4.897304936831805011e-01
5.753846128515207603e-01
6.102896792799953340e-01
5.753846128515207603e-01
5.385236125702993482e-01
5.385236125702993482e-01
5.373864729010445762e-01
5.373864729010445762e-01
6.732097411579132107e-01
6.147273486362648809e-01
6.732097411579132107e-01
5.855426215427829151e-01
5.339447589043525566e-01
5.504115734371670676e-01
7.864236556413976009e-01
7.172308968827799669e-01
4.989091863947514582e-01
7.172308968827799669e-01
5.371038641703117511e-01
5.371038641703117511e-01
5.708720083299035908e-01
5.708720083299035908e-01
5.796730506838392305e-01
5.862548451430709129e-01
5.796730506838392305e-01
5.851970729670112892e-01
5.918336841731899334e-01
4.391952014190051989e-01
4.801997981632295520e-01
5.551437187673872176e-01
5.090333461966315420e-01
5.551437187673872176e-01
5.549721032119212527e-01
5.549721032119212527e-01
5.654026070683483285e-01
5.654026070683483285e-01
5.801331467154131616e-01
5.218044564073888170e-01
5.801331467154131616e-01
6.702401414115694012e-01
6.041641253863391237e-01
4.381765765258731626e-01
4.886304888197834928e-01
5.143909817639417126e-01
4.615374312533261913e-01
5.143909817639417126e-01
6.497006951510004846e-01
6.497006951510004846e-01
7.358937393053688325e-01
7.358937393053688325e-01
5.542623290514392398e-01
5.777804888286576235e-01
5.542623290514392398e-01
5.656468581728414380e-01
5.895764418803446372e-01
6.489943808200124842e-01
5.110186688747387906e-01
4.813698144006517410e-01
6.124763243930803069e-01
4.813698144006517410e-01
8.291877134314870057e-01
8.291877134314870057e-01
6.337137437705215870e-01
6.337137437705215870e-01
5.144766993730673921e-01
4.687344104852941840e-01
5.144766993730673921e-01
5.288464395531251583e-01
4.819273164293293998e-01
6.048352567877045560e-01
4.296710153930232701e-01
4.106934305509761240e-01
5.794125857063940899e-01
4.106934305509761240e-01
5.212707589066956082e-01
5.212707589066956082e-01
6.342221414822023506e-01
6.342221414822023506e-01
5.189355659887913141e-01
5.109187417921997598e-01
5.189355659887913141e-01
4.348169742116529957e-01
4.279980115328549384e-01
6.730164112901411144e-01
6.640703918475635570e-01
6.316247699325903131e-01
6.402226978308183103e-01
6.316247699325903131e-01
3.840473879331587348e-01
3.840473879331587348e-01
6.698756011927358145e-01
6.698756011927358145e-01
6.228322961178368589e-01
5.955423628634850530e-01
6.228322961178368589e-01
5.785142684852290218e-01
5.528870465474310381e-01
6.084125273448049986e-01
6.214469472931490879e-01
6.588193470329866130e-01
6.451865437710450069e-01
6.588193470329866130e-01
4.313923611865170815e-01
4.313923611865170815e-01
5.121829708239679091e-01
5.121829708239679091e-01
6.769504221012057066e-01
6.288639315391446605e-01
6.769504221012057066e-01
5.500776024994394886e-01
5.099868885027715182e-01
5.089424098429496945e-01
7.269562020229445309e-01
7.625183350447150010e-01
5.351321384345280041e-01
7.625183350447150010e-01
5.299546531127851123e-01
5.299546531127851123e-01
6.020758551708597084e-01
6.020758551708597084e-01
5.698508741257940491e-01
5.640325184939102288e-01
5.698508741257940491e-01
6.098078158635980017e-01
6.036332784437531407e-01
5.777231120125572161e-01
6.379242408830040345e-01
5.691177714023146761e-01
5.144879551059342582e-01
5.691177714023146761e-01
6.664837831655746614e-01
6.664837831655746614e-01
4.402815107828909613e-01
4.402815107828909613e-01
6.352432746635119365e-01
5.322569435264236093e-01
6.352432746635119365e-01
6.650316411199025390e-01
5.575830270278340217e-01
5.897521460076748934e-01
5.567686077400328948e-01
5.501477497935892691e-01
5.828069296538088695e-01
5.501477497935892691e-01
5.838045911783751318e-01
5.838045911783751318e-01
5.343009615493118369e-01
5.343009615493118369e-01
5.291998166810486515e-01
4.695723272823040251e-01
5.291998166810486515e-01
6.472280365846928563e-01
5.768834969027291093e-01
6.429576521154799496e-01
4.985926661071440336e-01
4.884160008844990464e-01
6.302307002656647450e-01
4.884160008844990464e-01
5.446827611784607059e-01
5.446827611784607059e-01
6.346035138768910677e-01
6.346035138768910677e-01
5.362773884897685805e-01
5.888568345148900152e-01
5.362773884897685805e-01
6.390130534982015886e-01
7.002616609648163459e-01
5.243742955064722988e-01
5.754322933772962889e-01
5.128621520072457196e-01
4.666211858563531489e-01
5.128621520072457196e-01
4.640620387325802843e-01
4.640620387325802843e-01
6.331651696955670205e-01
6.331651696955670205e-01
5.977414669556651017e-01
5.292493782348806075e-01
5.977414669556651017e-01
4.883108786246867505e-01
4.312933667240870239e-01
6.098771235625157772e-01
6.252279996805091278e-01
5.671605954303237107e-01
5.529796761293290785e-01
5.671605954303237107e-01
5.982672178039042388e-01
5.982672178039042388e-01
6.938471895912380338e-01
6.938471895912380338e-01
6.537212157233531773e-01
6.326648934785324974e-01
6.537212157233531773e-01
5.630382881666032846e-01
5.443761554293885530e-01
4.544550440097817057e-01
6.282315001158813583e-01
6.189308847643736344e-01
4.475191240996210240e-01
6.189308847643736344e-01
6.629635271966010102e-01
6.629635271966010102e-01
5.655607418550192556e-01
5.655607418550192556e-01
5.557073075216275582e-01
5.932132995132346487e-01
5.557073075216275582e-01
4.918247635148322305e-01
5.256840004356044815e-01
4.893704444147755628e-01
5.657977486929509636e-01
6.136681375240335967e-01
5.313928093857401835e-01
6.136681375240335967e-01
7.253313268350317644e-01
7.253313268350317644e-01
6.125842231101580326e-01
6.125842231101580326e-01
4.957140667034670156e-01
5.139792818273062336e-01
4.957140667034670156e-01
4.409567019464973314e-01
4.574501621437869203e-01
5.934681295388448685e-01
6.062275187634985629e-01
5.621693537676366592e-01
5.502286054993631437e-01
5.621693537676366592e-01
5.760292928741160834e-01
5.760292928741160834e-01
4.904593423665028484e-01
4.904593423665028484e-01
6.218497692551580025e-01
6.858798324534062241e-01
6.218497692551580025e-01
4.745691137389957404e-01
5.252379905983540764e-01
5.154498081918372776e-01
5.563585544567244412e-01
5.729897275171782489e-01
5.310684425599269121e-01
5.729897275171782489e-01
5.650022166439456761e-01
5.650022166439456761e-01
6.848881049379688113e-01
6.848881049379688113e-01
5.238591479222945990e-01
6.618699963320681112e-01
5.238591479222945990e-01
4.205547241820450366e-01
5.348421865286956400e-01
4.033212407686824208e-01
6.488863438729971511e-01
5.929462395970052091e-01
3.661864786006481798e-01
5.929462395970052091e-01
5.960349651781924329e-01
5.960349651781924329e-01
6.253447342055266089e-01
6.253447342055266089e-01
5.648353598202598969e-01
5.691770856628762809e-01
5.648353598202598969e-01
5.711515612230102512e-01
5.755341915612431913e-01
4.602755697957409686e-01
6.452557538308242302e-01
7.379164778689529802e-01
5.309145173675341445e-01
7.379164778689529802e-01
6.286767902710829192e-01
6.286767902710829192e-01
5.154119261026061105e-01
5.154119261026061105e-01
5.188609916378177367e-01
5.331917936590789830e-01
5.188609916378177367e-01
4.546854290398672505e-01
4.673941488197575489e-01
6.837399926033841391e-01
6.114687621691928809e-01
5.769016513256236545e-01
6.458581564512628770e-01
5.769016513256236545e-01
7.572266190028500432e-01
7.572266190028500432e-01
5.098115704751847721e-01
5.098115704751847721e-01
5.359004808909939577e-01
5.572859803159398995e-01
5.359004808909939577e-01
6.252553578483577290e-01
6.495994293588102098e-01
6.536152950795974803e-01
6.754720828391134191e-01
6.335744119195955149e-01
6.127749889089039170e-01
6.335744119195955149e-01
4.917670188339445247e-01
4.917670188339445247e-01
4.383061678549599605e-01
4.383061678549599605e-01
6.371946745749241803e-01
6.115662623077975368e-01
6.371946745749241803e-01
6.199379958152654302e-01
5.949052380601304035e-01
5.409562599450539189e-01
4.599906886347874813e-01
5.182358290162173420e-01
6.075013001978877281e-01
5.182358290162173420e-01
6.372565141856613158e-01
6.372565141856613158e-01
5.667563918083113883e-01
5.667563918083113883e-01
4.101525374293084614e-01
4.141596260682411379e-01
4.101525374293084614e-01
5.866295039691838964e-01
5.921795356283462430e-01
4.898501833683195916e-01
5.187229305217332387e-01
5.408476900696326251e-01
5.109296498770387052e-01
5.408476900696326251e-01
6.008065096198662580e-01
6.008065096198662580e-01
5.454368560141434896e-01
5.454368560141434896e-01
5.098589293917560328e-01
5.288330661032661917e-01
5.098589293917560328e-01
7.238696195569787051e-01
7.496223215652428884e-01
7.199550350980107316e-01
5.982035877378366617e-01
5.732981206160704390e-01
6.911758673943569908e-01
5.732981206160704390e-01
