2.219426587245932225e+00
2.305176356215009381e+00
2.324252540328112904e+00
2.246693189595228457e+00
2.318083460493884029e+00
2.226679970598461455e+00
2.275493833838445834e+00
2.275777229436349192e+00
2.227032602585125254e+00
2.216808520610001665e+00
2.209247056396041575e+00
2.216808520610001665e+00
2.184394971754600068e+00
2.176415844570286140e+00
2.302236359692020340e+00
2.283431603167254575e+00
2.300010399505174163e+00
2.317654454262134234e+00
2.298192904524678948e+00
2.270013481192986848e+00
2.229799307119385787e+00
2.177219942762092408e+00
2.224298885381467361e+00
2.257718981591208429e+00
2.257026554140916907e+00
2.257718981591208429e+00
2.342817842528007954e+00
2.342316928631672290e+00
2.253976078089483526e+00
2.244298046443754302e+00
2.287997923595003869e+00
2.296188285571882037e+00
2.292882832005939786e+00
2.099569548884797854e+00
2.213909879472129472e+00
2.251411523994217401e+00
2.149685764959533341e+00
2.229294918961283400e+00
2.232567198830072819e+00
2.229294918961283400e+00
2.241658427850788282e+00
2.244854678652677293e+00
2.295703170639407542e+00
2.160102602593749754e+00
2.174098240418171013e+00
2.305189413686711930e+00
2.183383988463449832e+00
2.208916569861206991e+00
2.176878233771654791e+00
2.240792350619355222e+00
2.267170652634665107e+00
2.296479276993546481e+00
2.283699690640409674e+00
2.296479276993546481e+00
2.255991810181816604e+00
2.240837381522628124e+00
2.258406014773348680e+00
2.206298561907752642e+00
2.246908823931100141e+00
2.292445768234304015e+00
2.242982505005091109e+00
2.194737061228294817e+00
2.255714376924290665e+00
2.295077238278580900e+00
2.242813694364512056e+00
2.287137904211897332e+00
2.275372610713863430e+00
2.287137904211897332e+00
2.303258126126085603e+00
2.292363478462148496e+00
2.251686800961835377e+00
2.248603390453267625e+00
2.263012813591985140e+00
2.266031371585410348e+00
2.258437607679547376e+00
2.273896452697517834e+00
2.240405800695201233e+00
2.290616754852599968e+00
2.318152603835780923e+00
2.145424560130372971e+00
2.149492966558695706e+00
2.145424560130372971e+00
2.246680866498733220e+00
2.250029609163165301e+00
2.276986824168556023e+00
2.212283043120216508e+00
2.242006716840871494e+00
2.299642624762632259e+00
2.243540195190335762e+00
2.207590788682444849e+00
2.283034166083075966e+00
2.307147167671117050e+00
2.239117376782296720e+00
2.222542717132494960e+00
2.219333112071503411e+00
2.222542717132494960e+00
2.270764452464029137e+00
2.267984531003131021e+00
2.317579264533445205e+00
2.314206447146848866e+00
2.267781425433239129e+00
2.271899453649808276e+00
2.263896351605132029e+00
2.180549965122985601e+00
2.163720517225908857e+00
2.263770350609234150e+00
2.276107897104252320e+00
2.274230896273794933e+00
2.260999602411018827e+00
2.274230896273794933e+00
2.221978171117900303e+00
2.206734488662253746e+00
2.303642237223561207e+00
2.237475262785185492e+00
2.276432991992263233e+00
2.333452912862751027e+00
2.275266137951201806e+00
2.196308419959348335e+00
2.277574466773490069e+00
2.238339755975574441e+00
2.144982449545234093e+00
2.203933520458900563e+00
2.242166666982032375e+00
2.203933520458900563e+00
2.220948095468768368e+00
2.256864399165976476e+00
2.240735880071513364e+00
2.312802805771992265e+00
2.300287755159859948e+00
2.224536686927483409e+00
2.299575851039077801e+00
2.196707471364315101e+00
2.172015837075096822e+00
2.152807051639611391e+00
2.178728871958155455e+00
2.278905940970981536e+00
2.285693562524518274e+00
2.278905940970981536e+00
2.271558880524731538e+00
2.278495269896312792e+00
2.254868427917073870e+00
2.280992471700803659e+00
2.312537667380310413e+00
2.290181902187641061e+00
2.315917852926391962e+00
2.269629921545574636e+00
2.315024409336890798e+00
2.273193699639549425e+00
2.218760290128511503e+00
2.237537478072435082e+00
2.247576856175951932e+00
2.237537478072435082e+00
2.236370096589194834e+00
2.246917471086067319e+00
2.222423753385438072e+00
2.262444511616617859e+00
2.279343698844789046e+00
2.241811545821891460e+00
2.278654165314677460e+00
2.304286501169453771e+00
2.300683942792620229e+00
2.211306618592995488e+00
2.216324253075729001e+00
2.255276367689850403e+00
2.235173924331887108e+00
2.255276367689850403e+00
2.267867565497939442e+00
2.247370737140503838e+00
2.244982689997078840e+00
2.229083928832678030e+00
2.247709121231379115e+00
2.262575831387384273e+00
2.251083447660321202e+00
2.274421693283106727e+00
2.299360573463913759e+00
2.331896439419812950e+00
2.310669312614142878e+00
2.081156390389484745e+00
2.072784079209066821e+00
2.081156390389484745e+00
2.238665551381347374e+00
2.232440354403749438e+00
2.274795917167510062e+00
2.234253331406268472e+00
2.287109344013742884e+00
2.320585235345811181e+00
2.278624942056424629e+00
2.308468820991217640e+00
2.293962947507562689e+00
2.272052683635985559e+00
2.287958511915274773e+00
2.265318608429443437e+00
2.259819608425159831e+00
2.265318608429443437e+00
2.174908047049965099e+00
2.168125917671528402e+00
2.265578003688825337e+00
2.230060809383288323e+00
2.220655216163800905e+00
2.256968311536005967e+00
2.224712840046311424e+00
2.230321328388986668e+00
2.192831632544760101e+00
2.293932967769152231e+00
2.320101064448662154e+00
2.187432750569862971e+00
2.187693415822967946e+00
2.187432750569862971e+00
2.161389434836662016e+00
2.161662487298953383e+00
2.272909834769336168e+00
2.271712307104513329e+00
2.279228099605019597e+00
2.280399299467637864e+00
2.277349972638293973e+00
2.231166699700575240e+00
2.213746608266747185e+00
2.297603739410463142e+00
2.310354945650651359e+00
2.371728729794230439e+00
2.362267633538735367e+00
2.371728729794230439e+00
2.215934609035076885e+00
2.198878569798154547e+00
2.156554065558949240e+00
2.312070688594872969e+00
2.319874643664162850e+00
2.171169850690878977e+00
2.312562427722290703e+00
2.256016726097110681e+00
2.307311102224600230e+00
2.285384775340626451e+00
2.228947316514619192e+00
2.196901267775558164e+00
2.216138925796653947e+00
2.196901267775558164e+00
2.168453151177955451e+00
2.188915009187064609e+00
2.317754446983655292e+00
2.296663715084596991e+00
2.284321919926006306e+00
2.306379446994271998e+00
2.288765443289276558e+00
2.285730570649484594e+00
2.277811619265794452e+00
2.225659656567704925e+00
2.235221776767029045e+00
2.233650513745426558e+00
2.235248674695975879e+00
2.233650513745426558e+00
2.315677117839527455e+00
2.316900686192361558e+00
2.255542692147824990e+00
2.270212683311819024e+00
2.277554506259210854e+00
2.263530922229989972e+00
2.278370415165417828e+00
2.196404552214079597e+00
2.225925125441584829e+00
2.220490048038718189e+00
2.190464164321962670e+00
2.173656730400522097e+00
2.175410806390551510e+00
2.173656730400522097e+00
2.239997123100125886e+00
2.241455129062841056e+00
2.317199831142896738e+00
2.207294150637122865e+00
2.251372727281400365e+00
2.346942394300028933e+00
2.262984163787169489e+00
2.232764896761483264e+00
2.202367039446281094e+00
2.193647771109989097e+00
2.224829488252284104e+00
2.293177718323512249e+00
2.298999152305528870e+00
2.293177718323512249e+00
2.301319758373584268e+00
2.307189795410609090e+00
2.261920324138670946e+00
2.115509358535375473e+00
2.123028371193660835e+00
2.267134761587857206e+00
2.114074747032829382e+00
2.202867994944035512e+00
2.242660270066142214e+00
2.295868878090205012e+00
2.263437243376767327e+00
2.272328910188233575e+00
2.282556597217314742e+00
2.272328910188233575e+00
2.208103392593109060e+00
2.220704629270942032e+00
2.265014542721987656e+00
2.261311336696622210e+00
2.272936470170149548e+00
2.276447127556448180e+00
2.272081107306917147e+00
2.330996911970648622e+00
2.278425447170858043e+00
2.231046700054572618e+00
2.293847811391755087e+00
2.250418825123910782e+00
2.250142880837745718e+00
2.250418825123910782e+00
2.204223520873935360e+00
2.203901612648522690e+00
2.248967184938130970e+00
2.151857577308877278e+00
2.165745939162359690e+00
2.260317322455249300e+00
2.169158437599902900e+00
2.237476764981293442e+00
2.261864534764876478e+00
2.292286657314168696e+00
2.270693786870349395e+00
2.201053593758965921e+00
2.212415359657618819e+00
2.201053593758965921e+00
2.224965531302139699e+00
2.235730789205182756e+00
2.288411627136525794e+00
2.309729837050572332e+00
2.305037693774382834e+00
2.283241239426498037e+00
2.303300014218011782e+00
2.277911980712639117e+00
2.228722404152370107e+00
2.246905263395090113e+00
2.293083448985486772e+00
2.291097311580084561e+00
2.302367859526942784e+00
2.291097311580084561e+00
2.170261787010315135e+00
2.185532600624951804e+00
2.267048330634199083e+00
2.281670560235242728e+00
2.296035841617535045e+00
2.282234664982661254e+00
2.293381181765861143e+00
2.182260556310095634e+00
2.218284320169647383e+00
2.239433879920054604e+00
2.205758538395852675e+00
2.255332523583763127e+00
2.247730626964139944e+00
2.255332523583763127e+00
2.297288413079988434e+00
2.291122095638337353e+00
2.251068765890222867e+00
2.302712861822079127e+00
2.274517452535420592e+00
2.216194359187551477e+00
2.271270919783879183e+00
2.254625728632835280e+00
2.199034809237477184e+00
2.186707165753433824e+00
2.244306456311815356e+00
2.311386013914296100e+00
2.303615089771049451e+00
2.311386013914296100e+00
2.185849560261868163e+00
2.173941463940588736e+00
2.208831400252289967e+00
2.306518499057733873e+00
2.306060040365322195e+00
2.207615445427320022e+00
2.311039663606059946e+00
2.269469064281154136e+00
2.285891511681795940e+00
2.246676850808037695e+00
2.227598202452947707e+00
2.242041039213354292e+00
2.248923933459708646e+00
2.242041039213354292e+00
2.287767095930544059e+00
2.293975570687903254e+00
2.314680277836114630e+00
2.255730974562879521e+00
2.242306868279979604e+00
2.304326831184951185e+00
2.249389404985349117e+00
2.212258412308778954e+00
2.150227952674675702e+00
2.176411119847523779e+00
2.234377998218256334e+00
2.285200775440705989e+00
2.277092490568946470e+00
2.285200775440705989e+00
2.211487582759767978e+00
2.201197397310429960e+00
2.244093461295901815e+00
2.230506238657786522e+00
2.305577926622985441e+00
2.315611761615617326e+00
2.301512474857135171e+00
2.185339235856234463e+00
2.234589112132498112e+00
2.288539455809929457e+00
2.248175024200141703e+00
2.316344910710494975e+00
2.311443625172411753e+00
2.316344910710494975e+00
2.271872643448336948e+00
2.266259615135954864e+00
2.290281895349483676e+00
2.208957110656323941e+00
2.169157382621865526e+00
2.260811608335812739e+00
2.173235407191314916e+00
2.260831159547335378e+00
2.198486117368215975e+00
2.244857010347303561e+00
2.298501800429219699e+00
2.252519409949960139e+00
2.242781550070128915e+00
2.252519409949960139e+00
2.198628597319677080e+00
2.187525488044883115e+00
2.234269103151450331e+00
2.247975604857477716e+00
2.235277405703004927e+00
2.221075227637237415e+00
2.235423328206983751e+00
2.313178462298013383e+00
2.322970772639546322e+00
2.348375433732668771e+00
2.339892620793877054e+00
2.268977336079949669e+00
2.268984713447741886e+00
2.268977336079949669e+00
2.167266829064155687e+00
2.167275986151787404e+00
2.284759938439416604e+00
2.305210211853148117e+00
2.288418111471267391e+00
2.266220041889780656e+00
2.292389368782638659e+00
2.270128310748174005e+00
2.138814909268977438e+00
2.179872463269582283e+00
2.297689747825680140e+00
2.194181693800249189e+00
2.182627534174463424e+00
2.194181693800249189e+00
2.221119250870863038e+00
2.209615737319973405e+00
2.220282939895375396e+00
2.282072938468808321e+00
2.282996189770208684e+00
2.221061878617676566e+00
2.269974832475276205e+00
2.340439849910710191e+00
2.339737207809951425e+00
2.273557874914754251e+00
2.274522557333033657e+00
2.172983596339352008e+00
2.156107088681701089e+00
2.172983596339352008e+00
2.179203723578395202e+00
2.163512174894008933e+00
2.267605217669642848e+00
2.271666269554258211e+00
2.266133755190212984e+00
2.261939012663392035e+00
2.266926721200108297e+00
2.286527670531464551e+00
2.261146145309746114e+00
2.202416330041500725e+00
2.233303899884039101e+00
2.195808795268911151e+00
2.196729462056193238e+00
2.195808795268911151e+00
2.299099875367215606e+00
2.299795787115178403e+00
2.281468740437947673e+00
2.243042148505236977e+00
2.220403436464456259e+00
2.262161479331822544e+00
2.230388577837592035e+00
2.286503511471453365e+00
2.291234778882322853e+00
2.239927967410550114e+00
2.234168488096114569e+00
2.068379143942082887e+00
2.062429038851462781e+00
2.068379143942082887e+00
2.273120829034822155e+00
2.269000693279123571e+00
2.297994226279280294e+00
2.205303799063992098e+00
2.169607054360047194e+00
2.272098812148538372e+00
2.183847828338144392e+00
2.196729966460118977e+00
2.236416527007952570e+00
2.247107942360897059e+00
2.208819134285693764e+00
2.315306658420261066e+00
2.313295527241004734e+00
2.315306658420261066e+00
2.311718108488889811e+00
2.309653501977420031e+00
2.295608360944808357e+00
2.228630820523485490e+00
2.204122711931097989e+00
2.276697523504340293e+00
2.192060769870029624e+00
2.264116536988183714e+00
2.237812035995588200e+00
2.279456528518050362e+00
2.301951575451611998e+00
2.229330333474548897e+00
2.222847351984221120e+00
2.229330333474548897e+00
2.332390149611563768e+00
2.327791610725820970e+00
2.215766343438169361e+00
2.244868010399573510e+00
2.246709791155008240e+00
2.217650389422001656e+00
2.245959517878070244e+00
2.314520196524870954e+00
2.280420112792880705e+00
2.278133088889261249e+00
2.312562084448383626e+00
2.242639769536919570e+00
2.236122247754544823e+00
2.242639769536919570e+00
2.209823860652472494e+00
2.202804100583623192e+00
2.276890966933798222e+00
2.204505075686431059e+00
2.174853812075232096e+00
2.253464421485865898e+00
2.180236212072850233e+00
2.240364454183509491e+00
2.223079405780850060e+00
2.282758860204137541e+00
2.296660440382812585e+00
2.193334699778251018e+00
2.205038041716331776e+00
2.193334699778251018e+00
2.183549286270233925e+00
2.196020766251645107e+00
2.317620037044986869e+00
2.331307252835686405e+00
2.313687056261737762e+00
2.298659456212544860e+00
2.313825861805032247e+00
2.233921665925751920e+00
2.183649251756497378e+00
2.233847340685624072e+00
2.276950776419846889e+00
2.325747683374216113e+00
2.321252422712690056e+00
2.325747683374216113e+00
2.159517482132097044e+00
2.152487149439325176e+00
2.260952523184776464e+00
2.262085027463219156e+00
2.227416710568461244e+00
2.226140040321942681e+00
2.229870651318265562e+00
2.224901151114822007e+00
2.229411851126150257e+00
2.260114086758357566e+00
2.256059582856352996e+00
2.267755010606425703e+00
2.276608977392023725e+00
2.267755010606425703e+00
2.236503465187725581e+00
2.245726170552858836e+00
2.247015398447683499e+00
2.323719862117670676e+00
2.296971962819660096e+00
2.211280918673763196e+00
2.293897003448441385e+00
2.266356824430021621e+00
2.189078969150688891e+00
2.138266369528843303e+00
2.226597407979438170e+00
2.293558838437841363e+00
2.286061264033640850e+00
2.293558838437841363e+00
2.264130709751642545e+00
2.255757138124433236e+00
2.170804295355021729e+00
2.290341671602530660e+00
2.273341400049440519e+00
2.147290886013726308e+00
2.279660355770916080e+00
2.296387501315521273e+00
2.300904227487426290e+00
2.288704910184518493e+00
2.283936662145125585e+00
2.178829702425820525e+00
2.175976537993325799e+00
2.178829702425820525e+00
2.189559953757024946e+00
2.186852154794607817e+00
2.274531244562530752e+00
2.266123314176339498e+00
2.225035201344125468e+00
2.234702575057920360e+00
2.225121820672790296e+00
2.257006663337229657e+00
2.268777669367001426e+00
2.280269687961085090e+00
2.269025893034660069e+00
2.304828063238991920e+00
2.316966367703678475e+00
2.304828063238991920e+00
2.242913207412823962e+00
2.257852158258005115e+00
2.301145386416885597e+00
2.250574990272080633e+00
2.257493903742566754e+00
2.306880819400855209e+00
2.260814758167918992e+00
2.255945674035454207e+00
2.280784038102495082e+00
2.261362092562160253e+00
2.234580936143182317e+00
2.216645329751483207e+00
2.229783734731624723e+00
2.216645329751483207e+00
2.263079813571027721e+00
2.273875303410256787e+00
2.232067707206035312e+00
2.321763882120731370e+00
2.276504654688515483e+00
2.169777520075552246e+00
2.267230493968162897e+00
2.223968712895228794e+00
2.222126195419408479e+00
2.252893259222911393e+00
2.254554354698838914e+00
2.316100572373551270e+00
2.315474849181097916e+00
2.316100572373551270e+00
2.300741037604067785e+00
2.300073295532613304e+00
2.184857489578865053e+00
2.253550804709647526e+00
2.325695574315211012e+00
2.274641715011457954e+00
2.328568034067406423e+00
2.234479349732791942e+00
2.267817112272250135e+00
2.180375225018750918e+00
2.136486390383712131e+00
2.237693130691791321e+00
2.227300902643851277e+00
2.237693130691791321e+00
2.365996924136107626e+00
2.359970306624385561e+00
2.176190910291668779e+00
2.242962456659312931e+00
2.172402736179146476e+00
2.090560909388281097e+00
2.167614432347875653e+00
2.273359761132526469e+00
2.271480566637392062e+00
2.216980504521472106e+00
2.219251636960447360e+00
2.276003647128275631e+00
2.293149658757807519e+00
2.276003647128275631e+00
2.265717551010325348e+00
2.283792708291279450e+00
2.250772580850471716e+00
2.204739281325451383e+00
2.212299061285437851e+00
2.257304009995574123e+00
2.202127842660746904e+00
2.206257054467791523e+00
2.242741047021429512e+00
2.287183439907984006e+00
2.256320916521355358e+00
2.256945453286709036e+00
2.247998083120412272e+00
2.256945453286709036e+00
2.317834139151461859e+00
2.311113397415954118e+00
2.253349312923654590e+00
2.239038884431341803e+00
2.139844729970167059e+00
2.158877032414217911e+00
2.146072998056396397e+00
2.290662065172388129e+00
2.227898488933556909e+00
2.245535272037231689e+00
2.304589464945064226e+00
2.300260655016695299e+00
2.292649107787265716e+00
2.300260655016695299e+00
2.156318925594643332e+00
2.145061680886642730e+00
2.170139037553281636e+00
2.239229292660501081e+00
2.253347340739354276e+00
2.186829136957909370e+00
2.250466860604225072e+00
2.296517427715367710e+00
2.308061630552881383e+00
2.306626200911970681e+00
2.295002643251129459e+00
2.251530318495990279e+00
2.245805397812393078e+00
2.251530318495990279e+00
2.268650077413524091e+00
2.263541606438038922e+00
2.270548327986410264e+00
2.316031802384450167e+00
2.286387261326833897e+00
2.234558334530021284e+00
2.297956507098491308e+00
2.261386204126224708e+00
2.254963929281399437e+00
2.255238790052703113e+00
2.261655218993467109e+00
2.217479867433910901e+00
2.200315506981254554e+00
2.217479867433910901e+00
2.251876243309238301e+00
2.235816794372897487e+00
2.202494800410595754e+00
2.291907178137192691e+00
2.291897903512194912e+00
2.201986472322353894e+00
2.286834549221747448e+00
2.259486317885638584e+00
2.273686683421945798e+00
2.272236207679237285e+00
2.257954798733857960e+00
2.202509793048306186e+00
2.182768584560933700e+00
2.202509793048306186e+00
2.228202945713916971e+00
2.210448859119979570e+00
2.305648469591422334e+00
2.284003907014850565e+00
2.251244351914231334e+00
2.276179792614930530e+00
2.247624657098016066e+00
2.263350701990093139e+00
2.276987364128110425e+00
2.172391507103574870e+00
2.153327737958726562e+00
2.211530558550868886e+00
2.216883527131735754e+00
2.211530558550868886e+00
2.301529679366807191e+00
2.305589186634385168e+00
2.253480831831892406e+00
2.251296550911175753e+00
2.302426409665791596e+00
2.304290447658215335e+00
2.299887543633342357e+00
2.253729772003704390e+00
2.263341720478383223e+00
2.242558177261748664e+00
2.232201593708503129e+00
2.204328614849310863e+00
2.201567629140452897e+00
2.204328614849310863e+00
2.254926611755227128e+00
2.252539164656567561e+00
2.345140388123184039e+00
2.217677776625097685e+00
2.179666930896220656e+00
2.322244316423819566e+00
2.184429760652820018e+00
2.186730305915958628e+00
2.217508240129251629e+00
2.215897444941264283e+00
2.184977146525958425e+00
2.292156787202336066e+00
2.308057552434628956e+00
2.292156787202336066e+00
2.312661339014586925e+00
2.327589996777509551e+00
2.298243169170490763e+00
2.255334760681806383e+00
2.262828770414047508e+00
2.304179033633197538e+00
2.254117486077258370e+00
2.207809352211917986e+00
2.222802393312574676e+00
2.293887405189105166e+00
2.282365048706890942e+00
2.258395224344176722e+00
2.250426793264690861e+00
2.258395224344176722e+00
2.227956767449291053e+00
2.218892117244925632e+00
2.243257304937666508e+00
2.225605888310356217e+00
2.239671162706307062e+00
2.256623404771283425e+00
2.241591142792394020e+00
2.110497061271668695e+00
2.128310653345914183e+00
2.302425501479614223e+00
2.292140041411317330e+00
2.303718721191849284e+00
2.303337507972254894e+00
2.303718721191849284e+00
2.285314522843495233e+00
2.284909939787539201e+00
2.187504940575235590e+00
2.155287563566228304e+00
2.230546684363747811e+00
2.256659661114589710e+00
2.230361672198373224e+00
2.285937598031829499e+00
2.296453887392586157e+00
2.261736192771304221e+00
2.249620461359150614e+00
2.159259566310652634e+00
2.160002091829764215e+00
2.159259566310652634e+00
2.226242690775423583e+00
2.226853938264123922e+00
2.285253226642030011e+00
2.277754649874665471e+00
2.255204040234193741e+00
2.263344088598126636e+00
2.257116171929111736e+00
2.205077684631078672e+00
2.220221080502101874e+00
2.300032868058194069e+00
2.288798931070766152e+00
2.342065908903943505e+00
2.337127225418713650e+00
2.342065908903943505e+00
2.277783335554029787e+00
2.271610738183372113e+00
2.299968156159028165e+00
2.274780629396154108e+00
2.235670544341158639e+00
2.264770307739957911e+00
2.236752930847158538e+00
2.264863973492813098e+00
2.265968460912235027e+00
2.088255472536302726e+00
2.086465136269767928e+00
2.250981094043622566e+00
2.233790046487343695e+00
2.250981094043622566e+00
2.254580064416435103e+00
2.238253721030486254e+00
2.209610651553861604e+00
2.290417659710318965e+00
2.278521267954188634e+00
2.193322631290043123e+00
2.274059085056481688e+00
2.213093472355950109e+00
2.236057203759044043e+00
2.238556388869555658e+00
2.215781903005522135e+00
2.318795806144217320e+00
2.319697492970398400e+00
2.318795806144217320e+00
2.325815798997528550e+00
2.326723455991742018e+00
2.136339662177746401e+00
2.228041448657035684e+00
2.263343516762560181e+00
2.183251110021934505e+00
2.269009364088355074e+00
2.244460531887118027e+00
2.274471524287417612e+00
2.244146447137991274e+00
2.210612566002575274e+00
2.230974517034666427e+00
2.225731584178513245e+00
2.230974517034666427e+00
2.307901804780817745e+00
2.303867220528541093e+00
2.213510565934636354e+00
2.254531299357453111e+00
2.244577266695322759e+00
2.202162831482596506e+00
2.243460428287666453e+00
2.271372135202974096e+00
2.285875276355025409e+00
2.202885362598011820e+00
2.183541490100328719e+00
2.268977736901316877e+00
2.259281764275274718e+00
2.268977736901316877e+00
2.305202356080227943e+00
2.296583433942102292e+00
2.263959436939906311e+00
2.186193480541083645e+00
2.250477206738092928e+00
2.313625447392536838e+00
2.233876654291742980e+00
2.219971721783466023e+00
2.287256341785701697e+00
2.316518136706221753e+00
2.257514022553536392e+00
2.233702823126573644e+00
2.241569164310772244e+00
2.233702823126573644e+00
2.290561750422208220e+00
2.297053598478852265e+00
2.206224746402438264e+00
2.273347951300817904e+00
2.264772019534008862e+00
2.195776648316648760e+00
2.266541781864588767e+00
2.204473472424020475e+00
2.188303805208668962e+00
2.246966692606928273e+00
2.260427555181806714e+00
2.240387543325156106e+00
2.255873934209057019e+00
2.240387543325156106e+00
2.213115833177483172e+00
2.229262998982006305e+00
2.223567026366909172e+00
2.224342696775498229e+00
2.246679367933083427e+00
2.245996482046264564e+00
2.250734449033713336e+00
2.258213916636824692e+00
2.313123373196596777e+00
2.326316221806830065e+00
2.274902590330100338e+00
2.219413386510796560e+00
2.227477357180349227e+00
2.219413386510796560e+00
2.229640283200678308e+00
2.237336349056194162e+00
2.234725693912358313e+00
2.287007821808470620e+00
2.284979219479986057e+00
2.232359359100442475e+00
2.295935109717674560e+00
2.332143417694943377e+00
2.308927436702492120e+00
2.251018345807088039e+00
2.280603483935087716e+00
2.263231888254288560e+00
2.272798955680771282e+00
2.263231888254288560e+00
2.124142277084260844e+00
2.137571135818198353e+00
2.245217255231736875e+00
2.297961182749496345e+00
2.314618212446482914e+00
2.266449139875553964e+00
2.309538391653552125e+00
2.278713203048420954e+00
2.316804079035343467e+00
2.261137038522284204e+00
2.212911706577750159e+00
2.166760153712932624e+00
2.181593244244656837e+00
2.166760153712932624e+00
2.194853652582211101e+00
2.208657664182669844e+00
2.297563056565582684e+00
2.283821038834614736e+00
2.275381178407100524e+00
2.289448718367924851e+00
2.272640194149597281e+00
2.223043917452903084e+00
2.206671967183476024e+00
2.196710302934904657e+00
2.213567521817424666e+00
2.310109860545262794e+00
2.317867566818438974e+00
2.310109860545262794e+00
2.276756677193650713e+00
2.285492607163510659e+00
2.208454221964892383e+00
2.313146100813408879e+00
2.343927024918392998e+00
2.253315520679834094e+00
2.347010465873880847e+00
2.245173629970379725e+00
2.287564307959645493e+00
2.261669229548599169e+00
2.214752760756700134e+00
2.260614381417373142e+00
2.259486428271051395e+00
2.260614381417373142e+00
2.300226045272931952e+00
2.299265769755973299e+00
2.197204821050590340e+00
2.230133199761499707e+00
2.122331979631386201e+00
2.079607994210365796e+00
2.121444897513223626e+00
2.279300605383867140e+00
2.233257773014212244e+00
2.184098784041288877e+00
2.237620095539180731e+00
2.258156466962395914e+00
2.268362477048800674e+00
2.258156466962395914e+00
2.288348773115052914e+00
2.297788142195271721e+00
2.204772753172816291e+00
2.238355176886384523e+00
2.266077724387901782e+00
2.235757714667279128e+00
2.270103247656056755e+00
2.200106380234202685e+00
2.285582133151403905e+00
2.314855002119932781e+00
2.239737067124232262e+00
2.222474249757300679e+00
2.217843991784490765e+00
2.222474249757300679e+00
2.253986514190874146e+00
2.249796192447313548e+00
2.287982302368393395e+00
2.216594705799730836e+00
2.222117001042436701e+00
2.292586707662605416e+00
2.217212467748060245e+00
2.320721903820191834e+00
2.289800601380888256e+00
2.240889603449936374e+00
2.278309003719817039e+00
2.256529664845519534e+00
2.266356607658251310e+00
2.256529664845519534e+00
2.255439728273514799e+00
2.265348345146847908e+00
2.252915512533205433e+00
2.110333197723604837e+00
2.181234350215857543e+00
2.300721041930371857e+00
2.190115395776605745e+00
2.207406511907421987e+00
2.295080484426324396e+00
2.317217207702839676e+00
2.237911687039641162e+00
2.231958220189294906e+00
2.233744084406139141e+00
2.231958220189294906e+00
2.117958511030512359e+00
2.120301761841308252e+00
2.283680081443310694e+00
2.277303690068260611e+00
2.293526239977653258e+00
2.299503424355810566e+00
2.295903640014188785e+00
2.113280350166785393e+00
2.099901726182487938e+00
2.280084184568674566e+00
2.288045752052709325e+00
2.309262354855597721e+00
2.312893419476138579e+00
2.309262354855597721e+00
2.231099562657713697e+00
2.235932407788114418e+00
2.250680070355804308e+00
2.256568102689074262e+00
2.264808464387205067e+00
2.259159594895071344e+00
2.265630099571239953e+00
2.224289612351446177e+00
2.246779935388144356e+00
2.245959964951484977e+00
2.223405368088734679e+00
2.269580099427393804e+00
2.276924650880352008e+00
2.269580099427393804e+00
2.218199894272507855e+00
2.226515685794955512e+00
2.234002352280318959e+00
2.337034543280530396e+00
2.358738855148790226e+00
2.268565236240400296e+00
2.355232978828242896e+00
2.243622855366064872e+00
2.211328842252919813e+00
2.218761834861416649e+00
2.250321042776496139e+00
2.288074641976167722e+00
2.288981247825904397e+00
2.288074641976167722e+00
2.276024617362228941e+00
2.276994608488204896e+00
2.189905215788633175e+00
2.213244069151893534e+00
2.254789791515106057e+00
2.234001873036439267e+00
2.266313765141783954e+00
2.350690536572103806e+00
2.337453470054192461e+00
2.161578603731055370e+00
2.187222528665839771e+00
2.275563873656428537e+00
2.293834318841758257e+00
2.275563873656428537e+00
2.270685599285025891e+00
2.289436846931788505e+00
2.255406777826694853e+00
2.236122946493015018e+00
2.252542279968726469e+00
2.270772798720784191e+00
2.253017293843480484e+00
2.285449476516078438e+00
2.279802216608561860e+00
2.208586891788121509e+00
2.215831654062761835e+00
2.210040219638787828e+00
2.223276259992688519e+00
2.210040219638787828e+00
2.228561628216958024e+00
2.242069420512760036e+00
2.296824336834158320e+00
2.224561247245310458e+00
2.236367139467536624e+00
2.305913449985379948e+00
2.230006591797166760e+00
2.211110883284401751e+00
2.257724606214418284e+00
2.286774820600719682e+00
2.245129731146068064e+00
2.246984858138568075e+00
2.237011718216394218e+00
2.246984858138568075e+00
2.281448167276572736e+00
2.272295482457668214e+00
2.207579064837243088e+00
2.240177386310159502e+00
2.262843707252004233e+00
2.232383889898052143e+00
2.262881224525204793e+00
2.137121876853133706e+00
2.053931944437611623e+00
2.190657213624715993e+00
2.251443046030997763e+00
2.279637294328080266e+00
2.291171264705798460e+00
2.279637294328080266e+00
2.242464524224850653e+00
2.255213730815827322e+00
2.216738838028154746e+00
2.221568746389081195e+00
2.262576275601787756e+00
2.258278532612597367e+00
2.266060279872917693e+00
2.289067008459237051e+00
2.321358156963967634e+00
2.321513396453563249e+00
2.289248642586706683e+00
2.243806229194451163e+00
2.247554866993247469e+00
2.243806229194451163e+00
2.182183490577850993e+00
2.186448154717829162e+00
2.211786623859134604e+00
2.304412887221662931e+00
2.339663839606808349e+00
2.261902929598241130e+00
2.344494647856442793e+00
2.297430247816845128e+00
2.283442673372292564e+00
2.249612236426462353e+00
2.265560203009021389e+00
2.272119552378830676e+00
2.265897104863002109e+00
2.272119552378830676e+00
2.218579565373325568e+00
2.211396515625005943e+00
2.239896938961235762e+00
2.287518506952280095e+00
2.292606044592222059e+00
2.246254197599559799e+00
2.289412322569988056e+00
2.296752950832694928e+00
2.340469881433163479e+00
2.286491945399565129e+00
2.229697539533693984e+00
2.174674976925116798e+00
2.170255548017636205e+00
2.174674976925116798e+00
2.106731458144225133e+00
2.101732885216398561e+00
2.283308231480451145e+00
2.292705599829834906e+00
2.304765991656844815e+00
2.295831381407114957e+00
2.301495476812205787e+00
2.242436636227983726e+00
2.184505254693159149e+00
2.241981067235145009e+00
2.290383665382111911e+00
2.318289386824787801e+00
2.310101754997670565e+00
2.318289386824787801e+00
2.223564315375329503e+00
2.212488882780085930e+00
2.192280865467683082e+00
2.223007058536869085e+00
2.206417963699315976e+00
2.174230288689125157e+00
2.203824034571074897e+00
2.292034483505712483e+00
2.304018058313503481e+00
2.346313602772537532e+00
2.336733417779556010e+00
2.282449030767556675e+00
2.258375308695476757e+00
2.282449030767556675e+00
2.181494424571661206e+00
2.149888206762341714e+00
2.123829260064272528e+00
2.288616351420780681e+00
2.295935438377037840e+00
2.133991587938235401e+00
2.301306115857786327e+00
2.285760561916816425e+00
2.251534323396691573e+00
2.269009522039340698e+00
2.301041455339215336e+00
2.255099377517999049e+00
2.254341045054188974e+00
2.255099377517999049e+00
2.237971275565352247e+00
2.237163043773124915e+00
2.173023236320786200e+00
2.292286603011366442e+00
2.251875114453879334e+00
2.116057784890823079e+00
2.246176614868117927e+00
2.293612214712325237e+00
2.303470598571561112e+00
2.270989279558313090e+00
2.259674191516746866e+00
2.181500820634052040e+00
2.177856565177815451e+00
2.181500820634052040e+00
2.218208882871939291e+00
2.215007381540642140e+00
2.294336966936040501e+00
2.260334981954383426e+00
2.246057422255405722e+00
2.282122693571546623e+00
2.247796587717815431e+00
2.327909932958151185e+00
2.303989063644618973e+00
2.229702239739110858e+00
2.261756273227807146e+00
2.244541707700565603e+00
2.240561630833731499e+00
2.244541707700565603e+00
2.284587723416748428e+00
2.280988800862602250e+00
2.248378753778796924e+00
2.255802406527178228e+00
2.234398561308171605e+00
2.226289674898306536e+00
2.237729507247790739e+00
2.280655407195610440e+00
2.264253572616219845e+00
2.212428536214744224e+00
2.232007950904318694e+00
2.286721874784967135e+00
2.290448247197612641e+00
2.286721874784967135e+00
2.250468878659966698e+00
2.254725120611797973e+00
2.267198515070503628e+00
2.213290489508062286e+00
2.216127307820404457e+00
2.268900366016317616e+00
2.216434573670376995e+00
2.273301761879271687e+00
2.245378502977249724e+00
2.239787044377880232e+00
2.268254857434540916e+00
2.185864310071897076e+00
2.184667533540874285e+00
2.185864310071897076e+00
2.290748956073880738e+00
2.289857086386909213e+00
2.154743080209396755e+00
2.174632414652197365e+00
2.224938912314863071e+00
2.207798481227549292e+00
2.228143954009358829e+00
2.248425340548410478e+00
2.265714726481765862e+00
2.282281629238660070e+00
2.266089309842750144e+00
2.219750242560335263e+00
2.215709774575511215e+00
2.219750242560335263e+00
2.294539214194700083e+00
2.291183098732292756e+00
2.305017214821912575e+00
2.263055732964365685e+00
2.265870560355668584e+00
2.307677397981186207e+00
2.254371772086106951e+00
