1.523455214683075951e+02
1.523455214683075951e+02
1.523455214683075951e+02
1.523455214683075951e+02
1.470688976239612771e+02
1.390088855977864171e+02
1.342215859245676768e+02
1.342215859245676768e+02
1.342215859245676768e+02
1.390088855977864171e+02
1.470688976239612771e+02
1.342215859245676768e+02
2.030002512443066678e+02
2.030002512443066678e+02
2.030002512443066678e+02
2.030002512443066678e+02
1.993858106033302136e+02
2.056297036411681347e+02
2.019663917741511625e+02
2.019663917741511625e+02
2.019663917741511625e+02
2.056297036411681347e+02
1.993858106033302136e+02
2.019663917741511625e+02
