1.929514659320709091e-01
1.929514659320709091e-01
1.929514659320709091e-01
1.929514659320709091e-01
1.858720332286744603e-01
1.750582412262355336e-01
1.686353149636676263e-01
1.686353149636676263e-01
1.686353149636676263e-01
1.750582412262355336e-01
1.858720332286744603e-01
1.686353149636676263e-01
2.609128672250861647e-01
2.609128672250861647e-01
2.609128672250861647e-01
2.609128672250861647e-01
2.560635184685644550e-01
2.644406971101576631e-01
2.595257798071387012e-01
2.595257798071387012e-01
2.595257798071387012e-01
2.644406971101576631e-01
2.560635184685644550e-01
2.595257798071387012e-01
