1.892367516666068994e+01
1.906267471298755822e+01
1.567995794994275016e+01
1.802581964952717897e+01
1.822936126655032396e+01
1.976455206159117495e+01
1.502733227518396930e+01
1.826925479521819540e+01
1.589184777841203378e+01
1.571440588415109474e+01
1.449380593391157745e+01
1.513784079617259515e+01
1.303687450919670532e+01
1.313593202469848009e+01
1.512181752232162424e+01
1.583153506871557603e+01
1.279457005000127801e+01
1.288481971295325756e+01
1.781191473921065693e+01
1.547274994547574778e+01
1.477901586151659608e+01
1.828701605277313647e+01
1.815892756787947349e+01
1.794713201600961128e+01
