5.793367764610429127e+00
5.793367764610429127e+00
5.793367764610429127e+00
5.793367764610429127e+00
5.580807797690949812e+00
5.256123692817721071e+00
5.063275331784120148e+00
5.063275331784120148e+00
5.063275331784120148e+00
5.256123692817721071e+00
5.580807797690949812e+00
5.063275331784120148e+00
7.833908838433210953e+00
7.833908838433210953e+00
7.833908838433210953e+00
7.833908838433210953e+00
7.688307142018647511e+00
7.939831930732482945e+00
7.792261538709339241e+00
7.792261538709339241e+00
7.792261538709339241e+00
7.939831930732482945e+00
7.688307142018647511e+00
7.792261538709339241e+00
