1.997778664889706874e+02
2.012370202095269178e+02
1.656992272538581688e+02
1.997778664889706874e+02
1.997778664889706874e+02
1.997778664889706874e+02
1.656992272538581688e+02
2.012370202095269178e+02
1.669094746560853366e+02
1.669094746560853366e+02
1.669094746560853366e+02
1.669094746560853366e+02
1.599812524738109687e+02
1.611888693435595599e+02
1.854129184921077638e+02
1.599812524738109687e+02
1.599812524738109687e+02
1.599812524738109687e+02
1.854129184921077638e+02
1.611888693435595599e+02
1.868125060361360568e+02
1.868125060361360568e+02
1.868125060361360568e+02
1.868125060361360568e+02
