-3.547257909776793440e+03
-3.576209634817509141e+03
-2.865392553838383719e+03
-3.526758883277180303e+03
-3.531561611993220140e+03
-3.234362912889992003e+03
-2.584238882492945322e+03
-3.228316903804366120e+03
-2.623470148764513397e+03
-2.619449622586517762e+03
-2.854200010637035120e+03
-2.605827179057648664e+03
-3.843659180932150775e+03
-3.877377801763494972e+03
-4.565906723317022625e+03
-3.956026915985041796e+03
-3.831982066695394678e+03
-3.888246370976188700e+03
-4.728966967896237293e+03
-4.027047681964125331e+03
-4.647281781357928594e+03
-4.779948185046931940e+03
-4.712182711187750101e+03
-4.769085961958776352e+03
