7.617413355092032212e+00
7.617413355092032212e+00
7.617413355092032212e+00
7.617413355092032212e+00
7.337928745007170406e+00
7.955894481671319518e+00
7.663990922886521062e+00
7.663990922886521062e+00
7.663990922886521062e+00
7.955894481671319518e+00
7.337928745007170406e+00
7.663990922886521062e+00
5.721723124039474584e+00
5.721723124039474584e+00
5.721723124039474584e+00
5.721723124039474584e+00
5.615378691080613827e+00
5.654988152925539246e+00
5.549884061819611247e+00
5.549884061819611247e+00
5.549884061819611247e+00
5.654988152925539246e+00
5.615378691080613827e+00
5.549884061819611247e+00
