-2.193983543510878746e+02
-1.841421140070519868e+02
-1.774574490863488734e+02
-2.114338292835927291e+02
-1.961618309682759218e+02
-1.961618309682759218e+02
-1.961618309682759218e+02
-1.650950807611968685e+02
-1.650950807611968685e+02
-1.611255195814555350e+02
-1.637869921510030622e+02
-1.763350404586307434e+02
-1.734696671645291985e+02
-1.734696671645291985e+02
-1.908055658332135067e+02
-1.856710560063518471e+02
-1.838635074304892782e+02
-1.889480316746493145e+02
-1.440127018668577250e+02
-1.440127018668577250e+02
-1.440127018668577250e+02
-1.685429154894481769e+02
-1.685429154894481769e+02
-1.886941814757046529e+02
-1.844123509203783442e+02
-1.783090878753459378e+02
-1.824492080839249581e+02
-1.824492080839249581e+02
-1.954985528557421333e+02
-1.637561262340821031e+02
-1.679522732122634920e+02
-2.005080794039691909e+02
-2.079150845607682925e+02
-2.079150845607682925e+02
-2.079150845607682925e+02
-1.401577866119926625e+02
-1.401577866119926625e+02
-1.541205054876364784e+02
-1.645334390262072759e+02
-1.720810380875120700e+02
-1.611904347945965128e+02
-1.611904347945965128e+02
-1.790577473041839482e+02
-1.760474675812644136e+02
-1.819485409299729213e+02
-1.850597245834580917e+02
-1.733932267496765860e+02
-1.733932267496765860e+02
-1.733932267496765860e+02
-1.966635965067815164e+02
-1.966635965067815164e+02
-1.977120122581169142e+02
-1.942563249586702057e+02
-1.511276599384484314e+02
-1.538161177539430469e+02
-1.538161177539430469e+02
-2.053221017532817996e+02
-1.725983150874263288e+02
-1.696799139067314002e+02
-2.018503861465794671e+02
-2.110092894405046877e+02
-2.110092894405046877e+02
-2.110092894405046877e+02
-1.685515745187099981e+02
-1.685515745187099981e+02
-1.532370056196031385e+02
-1.523517829667164847e+02
-1.700575105493537649e+02
-1.710456103122865841e+02
-1.710456103122865841e+02
-1.967176798869846834e+02
-1.956827971694727353e+02
-1.916099890785004334e+02
-1.926233324539442151e+02
-1.535385259994009743e+02
-1.535385259994009743e+02
-1.535385259994009743e+02
-1.827197840903229462e+02
-1.827197840903229462e+02
-1.905906457377269589e+02
-1.886659466630145516e+02
-1.869778628837484007e+02
-1.888853407622382861e+02
-1.888853407622382861e+02
-2.070662680531924877e+02
-1.695597159573155466e+02
-1.706844009685496246e+02
-2.084397330103420529e+02
-2.281975194674972442e+02
-2.281975194674972442e+02
-2.281975194674972442e+02
-1.587934940654878062e+02
-1.587934940654878062e+02
-1.754170415589295544e+02
-1.748343021978351430e+02
-1.954374201310107821e+02
-1.960888316441371444e+02
-1.960888316441371444e+02
-1.538036499281921579e+02
-1.954602816339448452e+02
-1.919401131453157063e+02
-1.510337022058854473e+02
-1.535281461655027044e+02
-1.535281461655027044e+02
-1.535281461655027044e+02
-1.693394932353046443e+02
-1.693394932353046443e+02
-1.808488090818118224e+02
-1.844287692068916158e+02
-1.883314737666459280e+02
-1.846757579622110654e+02
-1.846757579622110654e+02
-2.022016599022021524e+02
-1.682789500965192246e+02
-1.673243533077370273e+02
-2.010546295985404868e+02
-1.981358496918244612e+02
-1.981358496918244612e+02
-1.981358496918244612e+02
-1.410675132781443040e+02
-1.410675132781443040e+02
-1.424858284459229480e+02
-1.386336210322974978e+02
-1.687314854024479303e+02
-1.734200210847693029e+02
-1.734200210847693029e+02
-1.823701598374145476e+02
-1.895531654324266526e+02
-1.888257134324895787e+02
-1.816702742026907913e+02
-1.645157960951472091e+02
-1.645157960951472091e+02
-1.645157960951472091e+02
-1.823900951376758428e+02
-1.823900951376758428e+02
-1.838668454741290361e+02
-1.857322715124721810e+02
-1.863825256966858603e+02
-1.845105687465259621e+02
-1.845105687465259621e+02
-2.171678216415173495e+02
-1.738983320044555398e+02
-1.773331578302840512e+02
-2.214573029362205716e+02
-2.098775382658476474e+02
-2.098775382658476474e+02
-2.098775382658476474e+02
-1.552105108660196322e+02
-1.552105108660196322e+02
-1.655337925185999666e+02
-1.718323079933728366e+02
-1.497627489692547442e+02
-1.442731934663177640e+02
-1.442731934663177640e+02
-1.952762511567087813e+02
-1.809553148867129835e+02
-1.803405460804667655e+02
-1.946128290964780376e+02
-1.778310201471135485e+02
-1.778310201471135485e+02
-1.778310201471135485e+02
-1.887090058662606396e+02
-1.887090058662606396e+02
-1.969436749326426650e+02
-2.001315017562228320e+02
-1.720044563148896941e+02
-1.692646556597992458e+02
-1.692646556597992458e+02
-1.872073370436677351e+02
-1.677702615483468378e+02
-1.702856708102434311e+02
-1.900141698229022325e+02
-2.012837996666744402e+02
-2.012837996666744402e+02
-2.012837996666744402e+02
-1.779838940754051180e+02
-1.779838940754051180e+02
-1.490838455850880848e+02
-1.423467058721646765e+02
-1.518753239228459506e+02
-1.590634444342725260e+02
-1.590634444342725260e+02
-2.310553481833159140e+02
-1.903380583164728819e+02
-1.824015178148273435e+02
-2.214210157476571794e+02
-1.788745724192483522e+02
-1.788745724192483522e+02
-1.788745724192483522e+02
-1.936990124558822970e+02
-1.936990124558822970e+02
-1.940658376220007995e+02
-1.901636332588228981e+02
-1.719567382317394504e+02
-1.754853326464898942e+02
-1.754853326464898942e+02
-1.612782763753108384e+02
-1.579841406558068684e+02
-1.605883558732429037e+02
-1.639367922227557983e+02
-1.810303594853100151e+02
-1.810303594853100151e+02
-1.810303594853100151e+02
-2.028102341182979558e+02
-2.028102341182979558e+02
-1.545081522711372202e+02
-1.549739626287692715e+02
-1.547743782455853250e+02
-1.543091677853252293e+02
-1.543091677853252293e+02
-1.932926129167491922e+02
-1.893500334517315196e+02
-1.876079604598893980e+02
-1.915142670968594985e+02
-1.690990100188137433e+02
-1.690990100188137433e+02
-1.690990100188137433e+02
-1.892350737633043991e+02
-1.892350737633043991e+02
-2.116839892893869148e+02
-2.190553656500485715e+02
-1.699268685445260587e+02
-1.642087027369308032e+02
-1.642087027369308032e+02
-1.879078822064615224e+02
-1.741968112182949255e+02
-1.669147481227812193e+02
-1.800526462535079872e+02
-2.144188804020817827e+02
-2.144188804020817827e+02
-2.144188804020817827e+02
-1.688003880284354636e+02
-1.688003880284354636e+02
-1.505449554281894962e+02
-1.511437252328765339e+02
-1.492588205274496147e+02
-1.486675179465628673e+02
-1.486675179465628673e+02
-1.974498605796550521e+02
-1.943272692374951305e+02
-1.987778081377473427e+02
-2.019719139631416738e+02
-1.587957078984444479e+02
-1.587957078984444479e+02
-1.587957078984444479e+02
-1.637589202059623688e+02
-1.637589202059623688e+02
-1.852039282813765624e+02
-1.815549308655788536e+02
-2.041644605077137840e+02
-2.082678775024412232e+02
-2.082678775024412232e+02
-1.872251862138579952e+02
-1.684119421634675575e+02
-1.690883895252708840e+02
-1.879771992935158096e+02
-1.991623221217424486e+02
-1.991623221217424486e+02
-1.991623221217424486e+02
-1.758891609413155379e+02
-1.758891609413155379e+02
-1.330646114912931068e+02
-1.348556289526121077e+02
-1.624766398625593808e+02
-1.603187877854129511e+02
-1.603187877854129511e+02
-2.074085348645877787e+02
-1.819950760089276969e+02
-1.918438638007860959e+02
-2.186325893329701557e+02
-1.650188295222860404e+02
-1.650188295222860404e+02
-1.650188295222860404e+02
-1.821235751285709625e+02
-1.821235751285709625e+02
-2.106523966091898785e+02
-2.098046132684798408e+02
-1.777926017332287643e+02
-1.785110301962770905e+02
-1.785110301962770905e+02
-1.821349753882355458e+02
-1.790649514006780691e+02
-1.742015997763681128e+02
-1.771882428117639847e+02
-2.015774560714007464e+02
-2.015774560714007464e+02
-2.015774560714007464e+02
-1.723457266697189993e+02
-1.723457266697189993e+02
-1.607041438447796509e+02
-1.602853512658033424e+02
-1.298109738224779619e+02
-1.301501431356885803e+02
-1.301501431356885803e+02
-2.078096258073014155e+02
-1.906680371993619758e+02
-1.898847805494687293e+02
-2.069559521988863366e+02
-1.500890639825293249e+02
-1.500890639825293249e+02
-1.500890639825293249e+02
-1.982590879975968505e+02
-1.982590879975968505e+02
-1.864967721497169464e+02
-1.846900939622669569e+02
-1.469504693037793004e+02
-1.483879703728995310e+02
-1.483879703728995310e+02
-1.675209565418338968e+02
-1.680238528801663449e+02
-1.700118283924490186e+02
-1.695029820322078820e+02
-2.061241231907812335e+02
-2.061241231907812335e+02
-2.061241231907812335e+02
-1.782355533065766622e+02
-1.782355533065766622e+02
-1.786725662153249630e+02
-1.789894890362630520e+02
-1.746749187007999353e+02
-1.743656353552813982e+02
-1.743656353552813982e+02
-1.910638066520666882e+02
-1.962745029032919604e+02
-1.944048085287570586e+02
-1.892437489309137391e+02
-1.594629156143761577e+02
-1.594629156143761577e+02
-1.594629156143761577e+02
-2.172760051778823538e+02
-2.172760051778823538e+02
-1.824129614757179070e+02
-1.859721430346584725e+02
-1.673526560329283654e+02
-1.641498188903724724e+02
-1.641498188903724724e+02
-1.810447235104915933e+02
-1.757227728199009960e+02
-1.732786513820184666e+02
-1.785265792606223556e+02
-2.113306924254735861e+02
-2.113306924254735861e+02
-2.113306924254735861e+02
-1.867507084607607339e+02
-1.867507084607607339e+02
-1.565701342795959761e+02
-1.522998197102290305e+02
-2.144300170818184768e+02
-2.204423920655598010e+02
-2.204423920655598010e+02
-1.617777526733131310e+02
-1.903308237011189874e+02
-1.873812233574074071e+02
-1.592706458074309239e+02
-1.600611432541811325e+02
-1.600611432541811325e+02
-1.600611432541811325e+02
-2.041931705578348328e+02
-2.041931705578348328e+02
-1.791436141542804421e+02
-1.788562370990596264e+02
-1.230532538413866916e+02
-1.232509695168243411e+02
-1.232509695168243411e+02
-1.678738739154724158e+02
-1.725222057195429670e+02
-1.774192469018224187e+02
-1.726389722433320628e+02
-2.005825554287958994e+02
-2.005825554287958994e+02
-2.005825554287958994e+02
-1.739794452935999800e+02
-1.739794452935999800e+02
-1.726401775475068234e+02
-1.772089164153870513e+02
-1.733716827756298073e+02
-1.689018741355830571e+02
-1.689018741355830571e+02
-1.779414610334716258e+02
-1.927674400248142490e+02
-1.988047458904341056e+02
-1.835144303393671521e+02
-1.570224737751632915e+02
-1.570224737751632915e+02
-1.570224737751632915e+02
-1.933196120735943282e+02
-1.933196120735943282e+02
-1.839691643468769371e+02
-1.836092490704469071e+02
-1.442035953735286853e+02
-1.444862667376011700e+02
-1.444862667376011700e+02
-2.367989443619375436e+02
-1.518942121416219777e+02
-1.485361991912291444e+02
-2.315638935288923790e+02
-1.906721589535282533e+02
-1.906721589535282533e+02
-1.906721589535282533e+02
-1.587772868803739357e+02
-1.587772868803739357e+02
-1.684666227935514371e+02
-1.661740296666199299e+02
-1.750549062504870506e+02
-1.774700229550085737e+02
-1.774700229550085737e+02
-1.910553803793270333e+02
-2.276198558343054401e+02
-2.308765735348668784e+02
-1.937889443594474130e+02
-1.641009986879660971e+02
-1.641009986879660971e+02
-1.641009986879660971e+02
-2.067102390459250216e+02
-2.067102390459250216e+02
-1.851267765287383611e+02
-1.774942293656678771e+02
-1.571462991580756352e+02
-1.639038514690016086e+02
-1.639038514690016086e+02
-1.743082605391250866e+02
-1.758688186059818293e+02
-1.759766260338804500e+02
-1.744151113463298941e+02
-2.025169725821272095e+02
-2.025169725821272095e+02
-2.025169725821272095e+02
-1.958314062845168735e+02
-1.958314062845168735e+02
-1.673049972761542676e+02
-1.692847323498966432e+02
-1.673638208548250930e+02
-1.654065502751192298e+02
-1.654065502751192298e+02
-1.845872406368874294e+02
-2.097556283340472021e+02
-2.141140480318150878e+02
-1.884226975060933569e+02
-1.136099648874162114e+02
-1.136099648874162114e+02
-1.136099648874162114e+02
-1.859652573086804637e+02
-1.859652573086804637e+02
-1.894071856547194272e+02
-1.946306701070297436e+02
-1.582088807327526752e+02
-1.539628817426114722e+02
-1.539628817426114722e+02
-1.678708507133436854e+02
-1.759399238884807062e+02
-1.651016586951132865e+02
-1.575296572078795805e+02
-2.033270775116294828e+02
-2.033270775116294828e+02
-2.033270775116294828e+02
-2.098561938238970583e+02
-2.098561938238970583e+02
-1.421482547110988719e+02
-1.428155095735134523e+02
-1.894942093908210268e+02
-1.886088648439085489e+02
-1.886088648439085489e+02
-1.764444262780674819e+02
-1.877963989289307278e+02
-1.884971031963393671e+02
-1.771027741652402199e+02
-1.640536361449482285e+02
-1.640536361449482285e+02
-1.640536361449482285e+02
-1.842239623855359412e+02
-1.842239623855359412e+02
-1.884999899790128950e+02
-1.811678989869241434e+02
-1.659442211836967545e+02
-1.726601909340441239e+02
-1.726601909340441239e+02
-1.468460782216051257e+02
-1.690814020275496716e+02
-1.760766877351257165e+02
-1.529214375448606802e+02
-2.027847872625971775e+02
-2.027847872625971775e+02
-2.027847872625971775e+02
-1.952856945462164617e+02
-1.952856945462164617e+02
-1.526092095738972034e+02
-1.568841150289809718e+02
-1.856177493076698681e+02
-1.805598865092013909e+02
-1.805598865092013909e+02
-1.668947700223089043e+02
-1.861789194187132352e+02
-1.957807612100289987e+02
-1.755020666086009840e+02
-1.707041605357648280e+02
-1.707041605357648280e+02
-1.707041605357648280e+02
-1.443317720471023335e+02
-1.443317720471023335e+02
-2.134131460242444120e+02
-2.136864903254540025e+02
-2.011218462268355154e+02
-2.008645744150745713e+02
-2.008645744150745713e+02
-1.575871941931943354e+02
-1.766117110409176689e+02
-1.688198601014382803e+02
-1.506346771721702567e+02
-1.928391909750944535e+02
-1.928391909750944535e+02
-1.928391909750944535e+02
-2.196088355131019227e+02
-2.196088355131019227e+02
-1.602457553285158554e+02
-1.575877350745118406e+02
-1.829375285373583608e+02
-1.860231218155396959e+02
-1.860231218155396959e+02
-1.822802290164880503e+02
-1.846472553115314668e+02
-1.840438347218268120e+02
-1.816845437835878556e+02
-1.601309405992218160e+02
-1.601309405992218160e+02
-1.601309405992218160e+02
-1.897727234246057719e+02
-1.897727234246057719e+02
-1.762005221866783131e+02
-1.774859302387681623e+02
-1.726774307595264020e+02
-1.714268473492589919e+02
-1.714268473492589919e+02
-1.582973053639748287e+02
-1.738815979361800999e+02
-1.772237226518190027e+02
-1.613398891851228427e+02
-1.986251766209246057e+02
-1.986251766209246057e+02
-1.986251766209246057e+02
-2.113133331092272726e+02
-2.113133331092272726e+02
-1.773781337842935955e+02
-1.716589040778130197e+02
-1.410950635562145408e+02
-1.457959853246692603e+02
-1.457959853246692603e+02
-2.010235770562647986e+02
-2.277865808104455709e+02
-2.279690962896994222e+02
-2.011846485047109923e+02
-1.446339133426387207e+02
-1.446339133426387207e+02
-1.446339133426387207e+02
-1.807977527093974857e+02
-1.807977527093974857e+02
-1.881574586677363925e+02
-1.956475234150595384e+02
-1.762943546070496268e+02
-1.695451961840572324e+02
-1.695451961840572324e+02
-1.535026930796645956e+02
-1.791564015057704751e+02
-1.809709107740360423e+02
-1.550573796940181808e+02
-1.954826565695048544e+02
-1.954826565695048544e+02
-1.954826565695048544e+02
-1.952626117966286188e+02
-1.952626117966286188e+02
-1.635396764675905104e+02
-1.607493815339663854e+02
-1.818739629420294932e+02
-1.850309393018300170e+02
-1.850309393018300170e+02
-1.694890610909904183e+02
-1.856211785814797111e+02
-1.826262486546253001e+02
-1.667544169883346115e+02
-1.401152915105544992e+02
-1.401152915105544992e+02
-1.401152915105544992e+02
-1.929061086972700707e+02
-1.929061086972700707e+02
-1.833149477178802726e+02
-1.883189012322105498e+02
-1.729470341872096810e+02
-1.683515373260265164e+02
-1.683515373260265164e+02
-1.615487038232517705e+02
-1.637835440473219819e+02
-1.689148422196301453e+02
-1.666099850007276473e+02
-2.146060873008981389e+02
-2.146060873008981389e+02
-2.146060873008981389e+02
-2.028937817494065712e+02
-2.028937817494065712e+02
-1.607497390494673937e+02
-1.648043348746084575e+02
-1.995118745098602631e+02
-1.946033870354911244e+02
-1.946033870354911244e+02
-1.508362694572630573e+02
-1.775086475138067783e+02
-1.775710396935983795e+02
-1.508892866131868971e+02
-1.751627543039986392e+02
-1.751627543039986392e+02
-1.751627543039986392e+02
-1.699295920939469511e+02
-1.699295920939469511e+02
-1.921782657101124983e+02
-1.967969223275255501e+02
-1.864372993554752611e+02
-1.820617742902626617e+02
-1.820617742902626617e+02
-1.762089421411227761e+02
-1.724053393667601881e+02
-1.750404274751170135e+02
-1.789021655048983348e+02
-2.126871243764716723e+02
-2.126871243764716723e+02
-2.126871243764716723e+02
-1.907921761171657806e+02
-1.907921761171657806e+02
-1.552146481700132199e+02
-1.497021794915895327e+02
-2.047091849867887561e+02
-2.122471712356042417e+02
-2.122471712356042417e+02
-1.653208504737671660e+02
-1.925470490760140194e+02
-1.841776685514706458e+02
-1.581349023489020453e+02
-1.816740661783269104e+02
-1.816740661783269104e+02
-1.816740661783269104e+02
-1.822066348621277996e+02
-1.822066348621277996e+02
-1.970005439716716751e+02
-1.929938065532720941e+02
-1.826818667279860051e+02
-1.864745183376637385e+02
-1.864745183376637385e+02
-2.319000136855721905e+02
-1.640680755806436935e+02
-1.670095795879766740e+02
-2.360576465287842609e+02
-1.847491235218876398e+02
-1.847491235218876398e+02
-1.847491235218876398e+02
-1.542966735654573824e+02
-1.542966735654573824e+02
-1.466190319686500345e+02
-1.476177834444629013e+02
-1.994597213604954504e+02
-1.981102180254249276e+02
-1.981102180254249276e+02
-1.412359683031467057e+02
-1.869687934792037538e+02
-1.838930641240741011e+02
-1.389125665972975128e+02
-1.645190934404766949e+02
-1.645190934404766949e+02
-1.645190934404766949e+02
-1.759163025185224569e+02
-1.759163025185224569e+02
-2.019211482978391814e+02
-2.084321634315320750e+02
-1.859800996195719165e+02
-1.801704432630253905e+02
-1.801704432630253905e+02
-1.755819888617844242e+02
-1.708520536849882205e+02
-1.642991157199941199e+02
-1.688476367953880981e+02
-2.051102184185196222e+02
-2.051102184185196222e+02
-2.051102184185196222e+02
-1.801583359564535272e+02
-1.801583359564535272e+02
-1.301632004476692828e+02
-1.307153518052985248e+02
-1.992333556339914935e+02
-1.983917791375889124e+02
-1.983917791375889124e+02
-1.265720722954334150e+02
-1.900376951242554355e+02
-1.939132873116967346e+02
-1.291533587829152623e+02
-1.628692046255473542e+02
-1.628692046255473542e+02
-1.628692046255473542e+02
-2.169125224574963511e+02
-2.169125224574963511e+02
-1.884636730839339975e+02
-1.835220444199079850e+02
-1.594902244043529151e+02
-1.637847573420156095e+02
-1.637847573420156095e+02
-1.733797189937090195e+02
-1.731155002607720803e+02
-1.709129227972937883e+02
-1.711737798311008589e+02
-2.053189870284741119e+02
-2.053189870284741119e+02
-2.053189870284741119e+02
-1.905238163680940318e+02
-1.905238163680940318e+02
-1.515257519222234350e+02
-1.546501980435660357e+02
-2.090484689401018557e+02
-2.048249976079247574e+02
-2.048249976079247574e+02
-1.578623572240897488e+02
-1.841152114172850531e+02
-1.955621695910785149e+02
-1.676771019507764322e+02
-1.678646844534660261e+02
-1.678646844534660261e+02
-1.678646844534660261e+02
-1.704817367643449018e+02
-1.704817367643449018e+02
-2.223797621626070793e+02
-2.199313550207742196e+02
-1.929346358239018002e+02
-1.950824993707505257e+02
-1.950824993707505257e+02
-1.692930394132636707e+02
-1.747180458077383207e+02
-1.702198851675437936e+02
-1.649345469460023423e+02
-1.954575728401541141e+02
-1.954575728401541141e+02
-1.954575728401541141e+02
-1.832682353584747545e+02
-1.832682353584747545e+02
-1.571300232862245139e+02
-1.561438872972308616e+02
-1.929775095916613452e+02
-1.941962705087150312e+02
-1.941962705087150312e+02
-1.548302544527179805e+02
-1.906015700964839255e+02
-1.875850651333079213e+02
-1.523798746852795034e+02
-1.812450660897541184e+02
-1.812450660897541184e+02
-1.812450660897541184e+02
-1.621084573695349889e+02
-1.621084573695349889e+02
-1.983656264016170212e+02
-1.905184435313232427e+02
-2.004569321935364030e+02
-2.087134672322668791e+02
-2.087134672322668791e+02
-1.915208725698794012e+02
-1.606791518888725534e+02
-1.584782078922798974e+02
-1.888974661742793160e+02
-1.826990103030775003e+02
-1.826990103030775003e+02
-1.826990103030775003e+02
-1.735812943389242662e+02
-1.735812943389242662e+02
-1.469770358227817155e+02
-1.551602555515056281e+02
-1.840257282722338346e+02
-1.743201308894669808e+02
-1.743201308894669808e+02
-1.674650253399951225e+02
-1.892788582991623230e+02
-1.925345389763003254e+02
-1.703454983732491428e+02
-1.653246327147124646e+02
-1.653246327147124646e+02
-1.653246327147124646e+02
-1.521866300180643350e+02
-1.521866300180643350e+02
-2.154000769256497847e+02
-2.144486318664685314e+02
-2.003057052414795010e+02
-2.011944023244083724e+02
-2.011944023244083724e+02
-1.842908807276709240e+02
-1.673841584496703376e+02
-1.608704800198773626e+02
-1.771192848865727001e+02
-1.791352274569663621e+02
-1.791352274569663621e+02
-1.791352274569663621e+02
-1.744812535253896897e+02
-1.744812535253896897e+02
-1.779076807204847057e+02
-1.772597014819901631e+02
-1.384515516225568490e+02
-1.389576662681232904e+02
-1.389576662681232904e+02
-2.036917964158548671e+02
-2.001422932429867387e+02
-2.017936669860083896e+02
-2.053724571039068394e+02
-1.699508449847899669e+02
-1.699508449847899669e+02
-1.699508449847899669e+02
-1.580055336750830577e+02
-1.580055336750830577e+02
-2.121393259030019180e+02
-2.042833293523961231e+02
-2.099213691662905319e+02
-2.179941842966137244e+02
-2.179941842966137244e+02
-1.845603288567683649e+02
-1.424464417351069585e+02
-1.423375525092879741e+02
-1.844192468396865650e+02
-1.905385412512929975e+02
-1.905385412512929975e+02
-1.905385412512929975e+02
-1.767798162003643370e+02
-1.767798162003643370e+02
-1.439813172166238360e+02
-1.447503564213717198e+02
-1.915660645706513776e+02
-1.905482997955150779e+02
-1.905482997955150779e+02
-1.744632417792620345e+02
-1.853532226385799788e+02
-1.869606181623377665e+02
-1.759761986618249807e+02
-1.650517097745654382e+02
-1.650517097745654382e+02
-1.650517097745654382e+02
-1.567526413081422163e+02
-1.567526413081422163e+02
-2.047112399065706256e+02
-2.086551197541261899e+02
-2.205734748008507609e+02
-2.164043210163787023e+02
-2.164043210163787023e+02
-1.484093130131449811e+02
-1.770569559021340069e+02
-1.778652695211086723e+02
-1.490868422764262675e+02
-1.992459051488676778e+02
-1.992459051488676778e+02
-1.992459051488676778e+02
-1.931199532945335875e+02
-1.931199532945335875e+02
-1.662278848859110383e+02
-1.590260917860458392e+02
-1.776217553389632258e+02
-1.856656877378498507e+02
-1.856656877378498507e+02
-1.742605485074784895e+02
-1.892436834788488227e+02
-1.851676443668926026e+02
-1.705072247593343775e+02
-1.728886902032217847e+02
-1.728886902032217847e+02
-1.728886902032217847e+02
-1.567134684860219522e+02
-1.567134684860219522e+02
-2.187635527117654135e+02
-2.175141935967154438e+02
-1.891678536917605413e+02
-1.902543969576332472e+02
-1.902543969576332472e+02
-1.837515274257027613e+02
-1.476311692384551009e+02
-1.516078133459470791e+02
-1.887011219628822118e+02
-1.926631498554879158e+02
-1.926631498554879158e+02
-1.926631498554879158e+02
-1.666645055340107433e+02
-1.666645055340107433e+02
-1.633072465920670595e+02
-1.586465169650881535e+02
-1.916986712486924489e+02
-1.973304096166887973e+02
-1.973304096166887973e+02
-1.743543220817815325e+02
-1.812614467863782579e+02
-1.803879641178340876e+02
-1.735141242282154224e+02
-1.716985573584491078e+02
-1.716985573584491078e+02
-1.716985573584491078e+02
-1.619511348450780872e+02
-1.619511348450780872e+02
-1.926666898377872030e+02
-2.033656706177784770e+02
-2.135312548756593003e+02
-2.022974670642646799e+02
-2.022974670642646799e+02
-2.307170941061070835e+02
-1.772846478353485224e+02
-1.650569615054743906e+02
-2.148040621988568262e+02
-2.103311916858212101e+02
-2.103311916858212101e+02
-2.103311916858212101e+02
-1.575914819096738029e+02
-1.575914819096738029e+02
-1.547341795488420075e+02
-1.543494771291259156e+02
-1.778840558091657442e+02
-1.783274160846362690e+02
-1.783274160846362690e+02
-1.886885981175444442e+02
-1.927093023025583705e+02
-1.943130685854660555e+02
-1.902589032767366177e+02
-1.608829878610896174e+02
-1.608829878610896174e+02
-1.608829878610896174e+02
-1.688817922123530479e+02
-1.688817922123530479e+02
-1.851859377908594126e+02
-1.782906124741428471e+02
-1.799087354608541034e+02
-1.868666411021373790e+02
-1.868666411021373790e+02
-1.925095111444078668e+02
-1.692756135239822299e+02
-1.723220310875697407e+02
-1.959740642699228204e+02
-1.967795315775294398e+02
-1.967795315775294398e+02
-1.967795315775294398e+02
-1.467822815239467786e+02
-1.467822815239467786e+02
-1.409856274229974815e+02
-1.449084803518850890e+02
-1.700917382716589543e+02
-1.654871432055987839e+02
-1.654871432055987839e+02
-1.803627760121537165e+02
-1.812167567560911436e+02
-1.917985717796761094e+02
-1.908947244205988056e+02
-1.681441322022182021e+02
-1.681441322022182021e+02
-1.681441322022182021e+02
-1.914490284016764292e+02
-1.914490284016764292e+02
-2.061135162433062362e+02
-2.065580612443878294e+02
-1.548416735166738363e+02
-1.545084302072321236e+02
-1.545084302072321236e+02
-2.090862322449173689e+02
-1.805327034032072788e+02
-1.753591391218275248e+02
-2.030944033824501105e+02
-1.987289877886601346e+02
-1.987289877886601346e+02
-1.987289877886601346e+02
-1.642311327109582919e+02
-1.642311327109582919e+02
-1.625899556938225885e+02
-1.604626296799461045e+02
-1.720177867604748201e+02
-1.742983047437267885e+02
-1.742983047437267885e+02
-1.951483608697798502e+02
-1.879365077174261387e+02
-1.854601680938776269e+02
-1.925769944846016131e+02
-1.661999485324557497e+02
-1.661999485324557497e+02
-1.661999485324557497e+02
-1.748859580985060234e+02
-1.748859580985060234e+02
-1.801550452544035181e+02
-1.821809970056413306e+02
-1.885935036764780932e+02
-1.864962413641327146e+02
-1.864962413641327146e+02
-2.036023889143173449e+02
-1.760876248858824908e+02
-1.798532425673031412e+02
-2.079564072967681625e+02
-2.024950387311223210e+02
-2.024950387311223210e+02
-2.024950387311223210e+02
-1.636764977407922004e+02
-1.636764977407922004e+02
-1.704698299133722799e+02
-1.672086051585518192e+02
-1.975495385624875553e+02
-2.014025307266913387e+02
-2.014025307266913387e+02
-1.496616561768927909e+02
-2.059931977619258419e+02
-2.054287124534143629e+02
-1.492515367793727421e+02
-1.337304277990020580e+02
-1.337304277990020580e+02
-1.337304277990020580e+02
-1.697906447244055812e+02
-1.697906447244055812e+02
-1.861792132874251422e+02
-1.922218800677725312e+02
-1.868573100795671564e+02
-1.809832833564658472e+02
-1.809832833564658472e+02
-2.053206853711467943e+02
-1.769138837295855069e+02
-1.803146265927456966e+02
-2.092674805051135252e+02
-1.906290339500865798e+02
-1.906290339500865798e+02
-1.906290339500865798e+02
-1.345851957513682180e+02
-1.345851957513682180e+02
-1.565854680473832445e+02
-1.548942873846624195e+02
-1.704264644317549937e+02
-1.722872298991546529e+02
-1.722872298991546529e+02
-1.805453792207859465e+02
-1.811771422988060749e+02
-1.776632291835943818e+02
-1.770437190892420460e+02
-1.501271540725959142e+02
-1.501271540725959142e+02
-1.501271540725959142e+02
-1.787158742021771047e+02
-1.787158742021771047e+02
-1.862521701958017957e+02
-1.913809297297223111e+02
-1.881502744786082530e+02
-1.831080922956461734e+02
-1.831080922956461734e+02
-2.092280706393260630e+02
-1.682229331500161322e+02
-1.737205021376344973e+02
-2.160656981312937148e+02
-2.473491727038608019e+02
-2.473491727038608019e+02
-2.473491727038608019e+02
-1.592056717390201470e+02
-1.592056717390201470e+02
-1.554373011111304095e+02
-1.602773852507281447e+02
-1.413490428675306134e+02
-1.370805600777707127e+02
-1.370805600777707127e+02
-1.979469339969484452e+02
-1.868408372159049406e+02
-1.892001145207847514e+02
-2.004464502478303984e+02
-1.725907606244925034e+02
-1.725907606244925034e+02
-1.725907606244925034e+02
-1.814353622005769182e+02
-1.814353622005769182e+02
-2.091087996940274536e+02
-2.183966963632519196e+02
-1.734548702003222616e+02
-1.660782434563226104e+02
-1.660782434563226104e+02
-1.891791129345424736e+02
-1.763307439768184679e+02
-1.770092790383651504e+02
-1.899070895660892688e+02
-1.929394537420544680e+02
-1.929394537420544680e+02
-1.929394537420544680e+02
-1.747725892828977692e+02
-1.747725892828977692e+02
-1.622904927178996672e+02
-1.524074999762259779e+02
-1.538514802380053084e+02
-1.638281090963301665e+02
-1.638281090963301665e+02
-2.179212003240144213e+02
-1.824188082219425269e+02
-1.777594912292856293e+02
-2.123550859434483868e+02
-1.710414125366885401e+02
-1.710414125366885401e+02
-1.710414125366885401e+02
-1.925254239500072515e+02
-1.925254239500072515e+02
-2.000732519414778778e+02
-1.996900888731188104e+02
-1.700674395789464768e+02
-1.703937630451974599e+02
-1.703937630451974599e+02
-1.636491341056046451e+02
-1.447532575810066078e+02
-1.526183165374335999e+02
-1.725408862458873216e+02
-1.879795058264922432e+02
-1.879795058264922432e+02
-1.879795058264922432e+02
-2.034017033579492590e+02
-2.034017033579492590e+02
-1.674595049284748711e+02
-1.662699411704422801e+02
-1.508492817485960416e+02
-1.519285197469389175e+02
-1.519285197469389175e+02
-1.951416414024306221e+02
-1.825371282084696531e+02
-1.829246119788304838e+02
-1.955558816159539788e+02
-1.752148628104104091e+02
-1.752148628104104091e+02
-1.752148628104104091e+02
-1.851869822915319332e+02
-1.851869822915319332e+02
-1.938842181221574776e+02
-2.035385598668899831e+02
-1.721518344239957798e+02
-1.639862433802211399e+02
-1.639862433802211399e+02
-1.895388190152806658e+02
-1.820124756468878786e+02
-1.772454089954996732e+02
-1.845746308185102293e+02
-1.989684384281866016e+02
-1.989684384281866016e+02
-1.989684384281866016e+02
-1.698061080241641321e+02
-1.698061080241641321e+02
-1.548116744937513261e+02
-1.611050635794974255e+02
-1.534677797436804383e+02
-1.474727326073998768e+02
-1.474727326073998768e+02
-1.951801934749952352e+02
-1.855972919315197487e+02
-1.856295602716531334e+02
-1.952141279187837313e+02
-1.271762693993852480e+02
-1.271762693993852480e+02
-1.271762693993852480e+02
-1.602103332004450635e+02
-1.602103332004450635e+02
-1.884590899019458163e+02
-1.865483011988042108e+02
-2.076009457203820148e+02
-2.097273737783962417e+02
-2.097273737783962417e+02
-1.860159970753626624e+02
-1.630413234613259590e+02
-1.657082835959445788e+02
-1.890587670803485594e+02
-2.148227022095080940e+02
-2.148227022095080940e+02
-2.148227022095080940e+02
-1.800070991739482906e+02
-1.800070991739482906e+02
-1.546039779128383600e+02
-1.596251224867636154e+02
-1.600997106978906572e+02
-1.550636375464080459e+02
-1.550636375464080459e+02
-2.177058693744911864e+02
-1.768063153101505804e+02
-1.826455044639820358e+02
-2.248958034497927940e+02
-1.716425946459061151e+02
-1.716425946459061151e+02
-1.716425946459061151e+02
-1.852965200114096831e+02
-1.852965200114096831e+02
-2.021557922490088401e+02
-1.962729990371121573e+02
-1.791802623088611028e+02
-1.845507434040071644e+02
-1.845507434040071644e+02
-1.840397763039842403e+02
-1.721727350835103323e+02
-1.693417882160144359e+02
-1.810137058406806432e+02
-2.205821662793674420e+02
-2.205821662793674420e+02
-2.205821662793674420e+02
-1.721469172971827106e+02
-1.721469172971827106e+02
-1.475582578007245331e+02
-1.488219568713895455e+02
-1.420474154445323336e+02
-1.408412413647038477e+02
-1.408412413647038477e+02
-2.043537216975901458e+02
-1.982518991900008700e+02
-1.947266093851362427e+02
-2.007199300687077823e+02
-1.548275138807208293e+02
-1.548275138807208293e+02
-1.548275138807208293e+02
-1.869510822396067624e+02
-1.869510822396067624e+02
-1.937397528721326125e+02
-1.900626099418439878e+02
-1.726206486953755928e+02
-1.759603418531527268e+02
-1.759603418531527268e+02
-1.611714583621014185e+02
-1.698952592988588322e+02
-1.682206275576252779e+02
-1.595828158003964177e+02
-2.234191815886609334e+02
-2.234191815886609334e+02
-2.234191815886609334e+02
-2.116855075530180841e+02
-2.116855075530180841e+02
-1.732506265022820173e+02
-1.738050095415925398e+02
-1.553756647423528818e+02
-1.548800654872914322e+02
-1.548800654872914322e+02
-1.929107304656116924e+02
-1.937308041907175209e+02
-1.994013210887889898e+02
-1.985572437369223167e+02
-1.529674726869896517e+02
-1.529674726869896517e+02
-1.529674726869896517e+02
-1.802809111533181579e+02
-1.802809111533181579e+02
-1.834540530392124253e+02
-1.846851250268803426e+02
-1.696095282024807602e+02
-1.684789469551753598e+02
-1.684789469551753598e+02
-1.504924817748434975e+02
-1.706690049468281813e+02
-1.664447516353134517e+02
-1.467676205166817454e+02
-2.053981490761226780e+02
-2.053981490761226780e+02
-2.053981490761226780e+02
-2.028889848128717972e+02
-2.028889848128717972e+02
-1.250308023322664042e+02
-1.275144960770157923e+02
-1.810141878127909933e+02
-1.774884411736796324e+02
-1.774884411736796324e+02
-1.716557855183647234e+02
-1.882547273359414248e+02
-1.896908381153344862e+02
-1.729652704243570156e+02
-1.627966024085067147e+02
-1.627966024085067147e+02
-1.627966024085067147e+02
-1.825937143891680989e+02
-1.825937143891680989e+02
-1.844849958383713613e+02
-1.838217312137713861e+02
-1.773200264782461204e+02
-1.779598316852777771e+02
-1.779598316852777771e+02
-1.528480236413957982e+02
-1.739589849904708103e+02
-1.764132474208051065e+02
-1.550044466740691291e+02
-2.076977727092504438e+02
-2.076977727092504438e+02
-2.076977727092504438e+02
-2.279502593749452615e+02
-2.279502593749452615e+02
-1.790820783068867854e+02
-1.827159533332512638e+02
-1.629419860429239293e+02
-1.597013778583300336e+02
-1.597013778583300336e+02
-2.079098638038783236e+02
-1.952735025632997008e+02
-1.955109335051221251e+02
-2.081626591607963803e+02
-1.639635645059474598e+02
-1.639635645059474598e+02
-1.639635645059474598e+02
-1.929513358595153250e+02
-1.929513358595153250e+02
-1.817711544532258756e+02
-1.849691476858967008e+02
-1.779008802924495285e+02
-1.748250926901432649e+02
-1.748250926901432649e+02
-1.818842189833991085e+02
-1.472861892293304038e+02
-1.492261467686608398e+02
-1.842798791858141101e+02
-1.853692151975011200e+02
-1.853692151975011200e+02
-1.853692151975011200e+02
-1.724798912280204775e+02
-1.724798912280204775e+02
-1.691178758842034995e+02
-1.642460408532959093e+02
-1.360952934194733928e+02
-1.401321262988415981e+02
-1.401321262988415981e+02
-2.063053472883228494e+02
-2.079499871242280449e+02
-1.972659280460422053e+02
-1.957057865523208591e+02
-1.612864876607707174e+02
