4.400410566236304888e+00
4.741939850516938115e+00
8.215406766269683914e+00
7.623707571128587546e+00
7.322005059381389458e+00
7.514783911231005753e+00
7.322005059381389458e+00
6.355118858421196393e+00
6.523069390998823103e+00
6.114620985461590053e+00
5.108542264287042833e+00
5.275768328515098915e+00
6.307584826262163880e+00
5.275768328515098915e+00
7.563845463132994773e+00
8.531211066982786306e+00
6.395919896183128728e+00
5.670677856809426487e+00
8.197588201940451569e+00
7.515140590783224717e+00
8.197588201940451569e+00
6.789747421177668052e+00
6.213756421873183555e+00
6.320157090010851242e+00
1.021380198516505899e+01
9.576148776915500704e+00
5.926978563584698989e+00
9.576148776915500704e+00
7.615302521392799839e+00
7.954641157594349643e+00
7.105760166098943564e+00
6.802634114757549533e+00
4.672540354702896970e+00
5.302972626677225243e+00
4.672540354702896970e+00
5.564030308147196457e+00
6.301838896266713341e+00
6.977061568319949281e+00
7.510474115369022208e+00
6.769903621928566650e+00
6.287542879286184494e+00
6.769903621928566650e+00
7.757862942178830323e+00
8.834814783824434414e+00
4.637466412446635822e+00
4.072165597923834923e+00
5.624802497881006502e+00
4.719124382609998669e+00
5.624802497881006502e+00
7.348122271411662076e+00
6.182165066111271479e+00
7.279833640013390728e+00
7.514936905202470818e+00
8.376179748767720312e+00
8.118306509239330282e+00
8.376179748767720312e+00
7.514865644638826225e+00
6.988192576294926184e+00
5.613993269226186023e+00
6.037098246440907978e+00
5.518766663209360601e+00
5.837760803770696505e+00
5.518766663209360601e+00
6.982586901254119738e+00
7.379813507150833729e+00
7.722703665286775099e+00
7.502131117647828695e+00
8.326429747814250604e+00
8.568510302139772605e+00
8.326429747814250604e+00
6.962762250228962557e+00
7.076713093456829640e+00
5.654588269690342450e+00
5.563536803716204737e+00
6.485417370319628283e+00
5.978179504169145453e+00
6.485417370319628283e+00
9.125974560240010192e+00
8.419841070402478422e+00
4.730497477412065166e+00
6.925069155124685238e+00
5.848398755617904676e+00
3.989589147735903119e+00
5.848398755617904676e+00
7.079127759652416252e+00
6.973489042922444980e+00
6.645442500021337295e+00
6.746111765217581713e+00
7.723071764553592011e+00
6.164285194163402259e+00
7.723071764553592011e+00
8.617610609070013084e+00
6.889809013786885927e+00
6.088005505201881995e+00
6.718791032852152512e+00
6.846736006349337877e+00
6.205999583349683490e+00
6.846736006349337877e+00
8.395748772782720692e+00
8.248953136033721378e+00
8.079113140182652586e+00
8.222886360641334491e+00
6.556065854732469056e+00
5.236839542870930231e+00
6.556065854732469056e+00
8.869893967070250795e+00
7.114987921683114003e+00
5.555426814124436063e+00
4.402992520408797184e+00
5.287811100504637096e+00
6.655018118247459924e+00
5.287811100504637096e+00
1.037768244857622157e+01
9.501246686565497868e+00
6.944029117184084221e+00
7.584576158168645499e+00
4.529280802969579689e+00
5.671499969176377220e+00
4.529280802969579689e+00
4.673274856143867950e+00
5.857897981990612735e+00
6.842554817141121681e+00
5.858787184034358830e+00
4.042520857976601434e+00
4.729107190558548446e+00
4.042520857976601434e+00
5.578825325515320621e+00
5.394424368587929841e+00
8.434859078630505991e+00
8.723193102683996614e+00
4.713480293034264967e+00
4.866438578919876079e+00
4.713480293034264967e+00
4.420151096072999941e+00
4.564054728436094166e+00
8.419666127781630038e+00
8.177097034444775758e+00
7.356073791224636338e+00
7.576346584130705608e+00
7.356073791224636338e+00
6.171253168839338166e+00
5.946912282052018384e+00
7.908386565901770027e+00
8.206721966039728144e+00
8.883963632618419481e+00
8.110862309108162194e+00
8.883963632618419481e+00
7.165307885485630024e+00
6.533672685042319905e+00
7.578587940312758953e+00
8.971311376810390925e+00
8.116506942278668646e+00
6.842390958078580887e+00
8.116506942278668646e+00
5.411240680153185600e+00
5.118588812122433218e+00
5.961417091591450834e+00
6.302257098867065643e+00
9.639208137422549783e+00
8.891679913565004867e+00
9.639208137422549783e+00
5.355491450218679894e+00
4.926078781236782334e+00
5.711739375082603765e+00
7.150933196306352713e+00
9.942632396141625861e+00
7.987752514448104080e+00
9.942632396141625861e+00
5.240929843711562341e+00
5.078364094318811972e+00
5.284630432983084880e+00
5.453799064976743161e+00
8.789878984532000672e+00
8.598509699032065967e+00
8.789878984532000672e+00
1.041423515366365926e+01
1.019156671955144766e+01
4.352205722180357839e+00
6.717019064411545948e+00
7.528421721680022216e+00
4.890166715745578152e+00
7.528421721680022216e+00
7.226115054099006230e+00
7.310002035897182004e+00
4.924999144887991065e+00
4.868481607465370509e+00
7.757861668108843034e+00
8.028215946324850805e+00
7.757861668108843034e+00
6.871758405787215196e+00
7.112789603319525256e+00
6.607628042428077109e+00
4.957815114656360045e+00
5.527995540884188763e+00
7.354144881846087500e+00
5.527995540884188763e+00
6.032877110929582898e+00
6.634091605001934511e+00
6.923414061448181833e+00
6.295979722273759016e+00
6.220544522786160435e+00
4.801989493240943041e+00
6.220544522786160435e+00
7.598849332724114447e+00
5.898322786004356111e+00
6.367277920824395032e+00
5.832607307208530045e+00
6.167228698795384823e+00
6.732711224263799643e+00
6.167228698795384823e+00
6.323558688492657787e+00
6.407872796625760259e+00
5.996535464350940536e+00
5.917633689048611423e+00
6.531413031279276638e+00
5.647423293177510573e+00
6.531413031279276638e+00
8.756127452876263817e+00
7.597228718138270054e+00
9.846814682138976593e+00
5.531156553338674620e+00
6.775907353707705916e+00
1.195321048402745134e+01
6.775907353707705916e+00
4.747537030634431332e+00
5.041753335427216598e+00
1.021765252612585329e+01
9.621391707737624088e+00
7.186184215777607243e+00
7.567843008146244443e+00
7.186184215777607243e+00
5.803602033376529690e+00
6.114245929200648355e+00
7.105366166078338708e+00
6.517683809949193829e+00
4.710522544251031896e+00
5.141409001437317272e+00
4.710522544251031896e+00
6.266639516171633950e+00
6.875698774679798397e+00
7.936988054324952024e+00
7.233918269337106466e+00
7.920088306259517985e+00
7.538469542960744008e+00
7.920088306259517985e+00
5.942767841879270208e+00
5.652574113001715972e+00
6.354673932314536700e+00
8.305842211506016426e+00
8.446192407155201920e+00
6.459114726287398689e+00
8.446192407155201920e+00
6.463958735373333653e+00
6.236436412517915251e+00
8.229007945827435222e+00
8.529224748947926926e+00
5.450212964558637019e+00
4.591314371298690133e+00
5.450212964558637019e+00
5.757301694196811148e+00
4.845577985107174968e+00
6.282773157870687797e+00
6.850114879119627354e+00
6.071979999581005316e+00
5.568650955868998942e+00
6.071979999581005316e+00
9.939747879719282864e+00
1.088291547025355577e+01
5.851521718584241860e+00
5.344399738691892665e+00
5.723601625903588008e+00
6.683418668482607572e+00
5.723601625903588008e+00
6.326727239353857613e+00
7.383021812832828878e+00
7.536547318041767696e+00
9.240927376406594007e+00
7.558207375771630154e+00
6.155242750482168290e+00
7.558207375771630154e+00
8.126486302519698057e+00
8.526902949030226608e+00
4.700327469337937991e+00
4.479603793458917238e+00
4.593823314531111812e+00
5.146432813617179747e+00
4.593823314531111812e+00
6.019625067795240092e+00
6.732838566243281697e+00
7.733501633037937140e+00
7.202371514060816438e+00
6.577620215302640183e+00
7.067153401505613886e+00
6.577620215302640183e+00
6.522168400401777255e+00
6.316221116751249198e+00
6.796502143473596824e+00
7.018109514225892909e+00
9.365165063656277766e+00
1.081346082342273185e+01
9.365165063656277766e+00
7.674290352751914845e+00
8.881525488203051211e+00
5.957530221150224570e+00
6.115095075275118752e+00
6.283750198988544255e+00
6.121877492868700976e+00
6.283750198988544255e+00
7.332465143744498981e+00
8.358846070939177864e+00
4.933008202439396861e+00
4.327285176831649594e+00
5.432078130106953395e+00
6.227239532983457337e+00
5.432078130106953395e+00
6.060871909356223775e+00
6.936331247429701641e+00
5.653775254325386967e+00
6.375557823402341562e+00
5.420874168939022297e+00
4.803045046436906773e+00
5.420874168939022297e+00
7.046559414404863553e+00
7.148796933332825176e+00
7.940394463011848813e+00
7.826836022790610414e+00
6.005517783439714208e+00
6.805900693899224585e+00
6.005517783439714208e+00
6.327054285817795609e+00
7.168281432010086718e+00
9.278763053388612292e+00
6.303367457238620908e+00
5.464759206533869929e+00
8.092205266914007211e+00
5.464759206533869929e+00
6.504096141455178781e+00
6.747417714258704180e+00
6.284998597100104334e+00
6.058352521745577590e+00
5.657662180531716878e+00
5.261750218508718824e+00
5.657662180531716878e+00
5.792603794764982439e+00
5.388978653832391608e+00
8.527141617472732804e+00
7.263059129611155740e+00
6.498334960691640738e+00
7.619254002480338350e+00
6.498334960691640738e+00
6.205095561450714392e+00
6.880205892773877174e+00
8.361962884476147551e+00
7.541457274407159517e+00
6.012837176111600179e+00
6.336812890866304393e+00
6.012837176111600179e+00
5.939184035648365168e+00
6.260499519529547641e+00
7.362107361199526245e+00
6.042159710821102259e+00
7.051530091033706427e+00
8.582766092906860322e+00
7.051530091033706427e+00
5.632773269671995209e+00
5.573071143766689772e+00
8.386534944942486192e+00
8.476376605362021976e+00
6.247785960553344786e+00
6.754807716438453902e+00
6.247785960553344786e+00
5.722034917481294336e+00
6.189633882872307424e+00
7.977250076665936440e+00
1.038003444452344226e+01
8.821218302680941648e+00
6.763766198015232156e+00
8.821218302680941648e+00
6.838509174794643819e+00
7.201395146135357805e+00
5.170957491478324286e+00
4.910387436096255165e+00
5.313710471049569506e+00
5.062077933216710512e+00
5.313710471049569506e+00
6.308741531910898814e+00
6.011954590936198883e+00
7.545211827012924033e+00
6.891923235782130064e+00
7.135537863203100351e+00
7.804905450413819779e+00
7.135537863203100351e+00
5.242240273777041715e+00
5.529932477491723120e+00
6.398953250913464785e+00
6.066050639585825799e+00
6.190575355595023588e+00
6.392107511442048029e+00
6.190575355595023588e+00
7.403623547503872970e+00
7.638380751253216694e+00
8.098974322258651881e+00
5.990034549716951595e+00
7.186622453409960087e+00
9.700589647717032804e+00
7.186622453409960087e+00
6.565295258360795749e+00
6.422946139291668466e+00
4.114415162842987250e+00
4.205601257388059899e+00
5.128254929001337281e+00
5.123067540262788988e+00
5.128254929001337281e+00
6.923506110845253581e+00
6.916591187550949371e+00
7.469437911284876996e+00
6.474621321919834749e+00
6.660633444865182717e+00
7.671106152965990077e+00
6.660633444865182717e+00
5.256192214840432086e+00
4.794838097542376332e+00
5.879670713902872770e+00
6.445406248040355557e+00
9.450165699712245626e+00
7.879443884548192223e+00
9.450165699712245626e+00
1.067615938708566148e+01
8.910950468042711847e+00
7.867716031464772719e+00
5.339867424376411265e+00
5.162855058356632831e+00
7.606933648394930358e+00
5.162855058356632831e+00
6.480557589230412141e+00
6.962552124686327559e+00
7.081581126852456443e+00
6.591346605888722898e+00
8.864252016723256133e+00
7.364111789867328284e+00
8.864252016723256133e+00
9.515373115592122844e+00
7.919444713334135244e+00
4.033218442893346634e+00
5.649783783350193822e+00
6.797730890335428988e+00
4.868495976918881141e+00
6.797730890335428988e+00
6.089366131419256867e+00
5.616198497262179679e+00
5.970779498537936547e+00
6.473820765824699563e+00
9.498209420233694189e+00
9.584714261727681262e+00
9.498209420233694189e+00
6.799524515003131597e+00
6.863624486813493242e+00
4.881349146936042160e+00
3.788804894002002488e+00
5.104428758214195838e+00
6.555764942017218821e+00
5.104428758214195838e+00
8.128462246098406396e+00
7.680931689598430978e+00
7.102281326703518971e+00
7.516096739078991007e+00
8.133078036131990984e+00
8.951153575248588012e+00
8.133078036131990984e+00
6.226324843850921553e+00
6.864926357059955464e+00
4.666033169941947278e+00
7.754162547355893942e+00
7.709974164581470113e+00
4.637948507619703342e+00
7.709974164581470113e+00
8.289836070381824129e+00
7.940933057572618914e+00
6.022516851909044178e+00
6.287129871448538410e+00
5.837161928172717396e+00
6.960911546082187762e+00
5.837161928172717396e+00
5.332866324512914424e+00
6.369425312668433925e+00
4.272618699374182150e+00
7.775445277164657831e+00
9.102753412792875309e+00
5.018202612934157258e+00
9.102753412792875309e+00
6.571934715291093632e+00
6.245528454777171667e+00
4.650622129580742836e+00
4.893674769460822027e+00
6.920107565742354971e+00
6.097145098513926165e+00
6.920107565742354971e+00
6.534896757070939088e+00
5.758341509292314697e+00
6.841139664558992806e+00
7.124845909232244701e+00
7.952170568069164780e+00
7.636285714308893802e+00
7.952170568069164780e+00
7.496065400124379607e+00
7.804184156511776216e+00
5.194762315613868253e+00
4.989666731973709801e+00
7.476557381317756601e+00
6.942766952047310980e+00
7.476557381317756601e+00
8.227935353810909902e+00
7.649507428521289398e+00
6.875184833795398021e+00
9.852525872512861937e+00
1.099624042840046556e+01
7.692162697570186225e+00
1.099624042840046556e+01
5.796593899828717866e+00
5.212143351375742917e+00
5.491158997983325740e+00
6.106896262225443905e+00
7.396557057416979220e+00
8.186336105155683995e+00
7.396557057416979220e+00
6.701998493221676512e+00
7.416172527967026085e+00
6.540947587444491340e+00
5.917244613002464071e+00
7.406161718811567596e+00
8.179974883498601912e+00
7.406161718811567596e+00
6.966824681279983444e+00
7.309195536405614924e+00
5.745359436034370937e+00
5.476240404627731984e+00
5.484405150678687058e+00
4.845279022118890389e+00
5.484405150678687058e+00
6.833336830793784955e+00
6.047804806741981842e+00
6.991407167603944650e+00
7.924047270108920848e+00
6.845600637043039782e+00
6.029804294225421302e+00
6.845600637043039782e+00
6.450218208918512275e+00
6.392785800099733073e+00
6.611865300062381046e+00
6.671265906127104017e+00
6.347739688280660708e+00
5.852974912956783626e+00
6.347739688280660708e+00
7.341976770802626895e+00
6.775661021006654572e+00
9.302987309423734530e+00
5.097863415789394281e+00
5.503380958238543563e+00
1.000586065898223076e+01
5.503380958238543563e+00
6.592233693343764855e+00
7.714453061755119911e+00
7.797145772159430166e+00
6.662897117873979091e+00
5.508619017570273613e+00
4.505071982594952118e+00
5.508619017570273613e+00
5.257420907986947611e+00
4.301303863052994281e+00
9.278657159092748685e+00
7.013946837507813115e+00
5.980217544256182904e+00
7.935094061369209584e+00
5.980217544256182904e+00
5.350459221301050228e+00
5.565820574339639393e+00
9.710488127107128165e+00
9.334754875596937396e+00
6.049136287955334090e+00
6.071160001556595631e+00
6.049136287955334090e+00
5.090032899582586090e+00
5.108737921951346017e+00
7.975978124775060074e+00
7.704325827953600658e+00
8.509250622196065095e+00
8.806132205849456440e+00
8.509250622196065095e+00
4.266442954839087420e+00
4.115407331279397063e+00
8.675911912105840784e+00
8.994318247156636303e+00
7.272785153757137522e+00
6.353751846666001235e+00
7.272785153757137522e+00
6.657909908550815992e+00
5.812082285237235801e+00
5.278922561834806793e+00
4.656490833112256311e+00
4.233907330011114745e+00
4.798735535512608230e+00
4.233907330011114745e+00
7.197179500535431984e+00
8.123456202453091635e+00
8.249959591266510017e+00
7.309258346537119699e+00
4.913235723180827463e+00
6.805013645791664345e+00
4.913235723180827463e+00
5.851931145943217949e+00
8.088871493106465138e+00
8.808433873512795387e+00
7.031866249983459660e+00
5.403784283908794173e+00
6.789085574862190775e+00
5.403784283908794173e+00
9.080560320295626653e+00
9.237030075191201561e+00
7.104700540890360294e+00
6.984351170671756037e+00
6.030174268291230710e+00
5.624879438341102933e+00
6.030174268291230710e+00
5.412700784300919388e+00
5.046547423163905144e+00
7.292267541457742475e+00
6.295773760047360668e+00
5.549229070906268824e+00
6.440372030192244246e+00
5.549229070906268824e+00
5.447545429967578734e+00
5.364307170016687110e+00
1.031797655363414989e+01
1.047808118361117202e+01
6.877950526897633310e+00
5.903153982654600007e+00
6.877950526897633310e+00
8.287937811930026655e+00
7.122578403929286317e+00
8.492531509795959721e+00
8.053597875340628320e+00
6.767300828993563222e+00
7.135907004743590853e+00
6.767300828993563222e+00
5.899765246415419995e+00
5.727034192239378818e+00
6.931636802686365506e+00
7.140699450455417541e+00
6.771394569433690336e+00
7.658618860997111533e+00
6.771394569433690336e+00
5.227958715979440285e+00
5.931619000986685819e+00
6.000941074884580395e+00
9.280779070430920541e+00
1.074757139391057592e+01
6.970471383445582703e+00
1.074757139391057592e+01
5.387042497424438636e+00
5.361617685403921030e+00
6.782242729586787533e+00
6.814404151119451747e+00
7.746242469737521397e+00
8.341313234980182401e+00
7.746242469737521397e+00
6.018579950458794237e+00
6.490174074572570007e+00
6.108158145971428254e+00
6.720446819157543494e+00
5.296018967449306558e+00
4.808231604771977530e+00
5.296018967449306558e+00
6.756446029534294517e+00
6.267945863721640087e+00
4.945176004595584374e+00
5.330584454307904174e+00
6.682486310749165881e+00
5.851902765895839131e+00
6.682486310749165881e+00
8.377753312161599908e+00
7.350253122443773712e+00
8.773542413430398312e+00
7.953171418173079488e+00
9.254925542665288773e+00
1.019946467702515491e+01
9.254925542665288773e+00
6.962126987216191942e+00
6.387921559582531827e+00
5.476095483180574597e+00
5.968337555872517797e+00
7.625752523441281738e+00
7.688875802049206953e+00
7.625752523441281738e+00
8.160331907619980285e+00
8.227298793066717408e+00
6.200574178851071316e+00
3.779682400770903783e+00
4.730305447267471486e+00
7.734903436407845057e+00
4.730305447267471486e+00
5.024238096990512048e+00
4.539258622893426853e+00
4.853802536489322250e+00
5.372388234525007356e+00
7.311807389657841050e+00
7.872680935262452273e+00
7.311807389657841050e+00
7.881594215674650350e+00
8.484891534757290188e+00
7.603110898424533026e+00
6.229587307909065785e+00
6.990486908117877540e+00
8.521287551015058526e+00
6.990486908117877540e+00
6.302731510097594914e+00
5.666549819659596920e+00
7.883141368330037757e+00
8.768179065213322687e+00
8.385725943599176446e+00
7.049126633997007119e+00
8.385725943599176446e+00
7.359677582690332009e+00
6.183738625019033819e+00
3.502230097075607063e+00
4.560665000235859523e+00
6.204947429297622996e+00
4.779803706790132445e+00
6.204947429297622996e+00
5.141430897522310417e+00
5.341471302349248162e+00
7.051060156005823032e+00
6.786994911014964771e+00
7.250560358449702036e+00
7.060081300423391326e+00
7.250560358449702036e+00
6.930893400271791904e+00
6.748547316798515716e+00
5.573092098716299070e+00
4.970876446582090935e+00
6.768858383078960372e+00
7.573900780787520048e+00
6.768858383078960372e+00
9.184246411426707724e+00
8.966146008159972425e+00
6.810437703485718863e+00
6.976100766322462121e+00
8.290775621713827093e+00
8.027874116804293081e+00
8.290775621713827093e+00
5.242277106011821175e+00
5.070699443993547995e+00
4.731794545467909785e+00
6.534735844842931130e+00
6.775600717049874433e+00
4.899930132337074973e+00
6.775600717049874433e+00
9.055797531275576517e+00
9.714339267425415869e+00
7.688610658332978076e+00
7.167394456990580309e+00
6.125140792371283283e+00
7.345186286063921877e+00
6.125140792371283283e+00
5.533060729083204343e+00
6.637608629125739235e+00
6.072734030101963221e+00
6.683759845772915931e+00
7.334474782165623097e+00
6.665332892685031041e+00
7.334474782165623097e+00
1.047596308723244007e+01
9.978590379071889060e+00
5.641454534146629562e+00
5.922647108750950906e+00
4.938360479613161047e+00
5.896512086932774288e+00
4.938360479613161047e+00
5.062951290142444272e+00
6.044468025378501252e+00
8.191313031398921751e+00
9.767912548904307712e+00
7.118548758834975843e+00
5.951837473729508332e+00
7.118548758834975843e+00
6.580375749180390699e+00
7.102858768222830577e+00
6.633524352866835727e+00
6.145565357218018221e+00
6.708850456577295063e+00
6.681627305348407653e+00
6.708850456577295063e+00
8.414977003810601985e+00
8.381787348690053818e+00
6.427573884161395412e+00
7.166180717594373029e+00
7.568269940734380974e+00
6.794135702073178962e+00
7.568269940734380974e+00
5.541964350580974141e+00
6.108629797646428550e+00
4.988622015785302288e+00
4.525853797959316971e+00
5.036345985327990604e+00
4.503355415305591691e+00
5.036345985327990604e+00
9.135847752091772023e+00
8.224295999727631923e+00
6.646650925992226178e+00
5.649223222625983531e+00
5.919076273527787535e+00
6.963829184415690321e+00
5.919076273527787535e+00
7.334268275041499585e+00
6.891798442004613889e+00
5.688245427955243017e+00
6.053444298171781313e+00
7.080332133459611654e+00
8.307081396822107777e+00
7.080332133459611654e+00
6.655309908709043931e+00
7.819705718608302547e+00
6.234307449355483755e+00
6.094443093654711596e+00
5.954903167235388928e+00
6.091659886405972557e+00
5.954903167235388928e+00
5.839601092851959940e+00
6.150138199384602267e+00
6.886235062862086309e+00
6.538530435421550990e+00
5.689092558051890514e+00
4.909380658344971060e+00
5.689092558051890514e+00
9.040321599028258603e+00
7.820624739027809191e+00
9.100211408698886117e+00
6.067892054261596613e+00
5.767633333386507744e+00
8.625804169812351319e+00
5.767633333386507744e+00
7.912356236139678423e+00
7.973385205000916187e+00
7.093868605970756747e+00
7.039571532001726695e+00
6.888001998393129099e+00
6.287516131927080032e+00
6.888001998393129099e+00
3.635762431329747191e+00
3.302325896090789747e+00
7.127071576795392716e+00
6.208271675016706403e+00
7.439580326020188039e+00
8.517150384706797084e+00
7.439580326020188039e+00
5.737659764298483012e+00
5.571224202550745019e+00
7.342346324864847951e+00
7.561692646372754290e+00
6.161591809010643850e+00
5.753927492770835705e+00
6.161591809010643850e+00
6.350021223855518038e+00
5.929715339558791598e+00
8.214340462961805756e+00
9.789142540976159879e+00
9.203228052911422097e+00
7.720850112213033078e+00
9.203228052911422097e+00
4.773600790169560071e+00
4.358569450496021958e+00
7.488120689428791721e+00
8.201153898298985112e+00
7.443950088859233816e+00
6.260700301862783590e+00
7.443950088859233816e+00
7.314797025169661460e+00
6.134426868307494729e+00
6.563929022767980292e+00
7.657338611779309190e+00
8.013922249349590743e+00
6.875647499055649980e+00
8.013922249349590743e+00
5.788425461726821375e+00
5.551721124036783195e+00
6.686618825174642566e+00
6.971710897531449014e+00
9.227287168729773725e+00
6.950435757784629409e+00
9.227287168729773725e+00
5.748809226857820143e+00
4.297418789270193606e+00
5.390002599771530178e+00
6.533050679650341586e+00
7.557917312668987364e+00
6.245819395564094378e+00
7.557917312668987364e+00
7.785093068805412742e+00
8.740026431860160372e+00
5.961958814870666146e+00
5.310556507810750837e+00
5.790848350208630535e+00
6.351487752411161480e+00
5.790848350208630535e+00
6.418270213995743489e+00
7.034693909945570311e+00
7.303598432885133107e+00
8.253211329025349485e+00
6.785616100807477125e+00
5.999962852014546044e+00
6.785616100807477125e+00
4.622918423576770408e+00
5.017656138446126235e+00
7.195177752354777745e+00
6.629134973480155679e+00
5.046881267357966827e+00
4.683498950658538718e+00
5.046881267357966827e+00
6.124661044239056551e+00
5.687535396840286417e+00
8.545028534733233982e+00
7.286934778243366218e+00
6.383451501611205003e+00
7.509500526411115651e+00
6.383451501611205003e+00
6.473540540547201516e+00
6.017962469037411388e+00
6.799388007334602690e+00
7.314122369964113801e+00
8.463539514064780889e+00
7.971558823430243912e+00
8.463539514064780889e+00
9.266247740379419895e+00
8.730566986502701354e+00
7.202988715662108632e+00
6.587929594235604647e+00
5.526670020726908383e+00
6.045445750333152013e+00
5.526670020726908383e+00
5.602243251825187009e+00
6.094656744301617302e+00
8.357179422073373942e+00
7.681967005833046258e+00
7.932063732539286427e+00
9.342413238833067624e+00
7.932063732539286427e+00
7.101354608184681005e+00
8.385763750700728991e+00
7.128976180137205354e+00
5.620448194937746500e+00
4.576015524007980950e+00
5.820368520342192653e+00
4.576015524007980950e+00
6.739762499098362447e+00
6.891928929720744001e+00
9.871285060153869750e+00
9.653337627936149801e+00
7.602865717901777565e+00
7.715222085210805325e+00
7.602865717901777565e+00
5.292854702568460468e+00
5.372432877992521227e+00
5.465398610676520441e+00
5.569091891226157109e+00
4.913206973244176545e+00
4.820729901468676637e+00
4.913206973244176545e+00
6.422255341543679386e+00
5.944064587372719366e+00
6.904029417732842511e+00
7.459447849944629283e+00
6.027408693106131921e+00
6.117893679107206495e+00
6.027408693106131921e+00
6.190071339561155739e+00
6.283141724779978787e+00
8.546480815779709417e+00
7.001253235645565454e+00
6.069278831262709062e+00
7.418570311087906433e+00
6.069278831262709062e+00
6.647032683389628716e+00
5.840471311799802834e+00
8.574169814691462221e+00
9.758251337703089945e+00
5.513109258028946691e+00
6.415279125211050371e+00
5.513109258028946691e+00
5.976541817478605800e+00
6.959323221076467725e+00
6.525377497508897839e+00
6.614307456512662498e+00
6.677190776643289638e+00
6.587500506750217255e+00
6.677190776643289638e+00
4.927819806815495696e+00
5.120487257670993664e+00
7.052607756032973185e+00
6.787240831000016961e+00
6.631514290756883589e+00
7.978794900375598687e+00
6.631514290756883589e+00
5.551621379555543356e+00
6.689159345669787982e+00
6.776682998362382193e+00
8.333828028799993959e+00
7.004342646063330236e+00
5.683582281803420067e+00
7.004342646063330236e+00
4.658345085707765065e+00
4.480343546210760586e+00
5.633018176283440148e+00
5.856814833180672863e+00
7.815917661779760550e+00
8.083459222361252472e+00
7.815917661779760550e+00
9.317437672214261113e+00
9.631177477519017316e+00
5.915260850689387340e+00
6.089422946757987454e+00
7.569727374983269641e+00
7.354096570993099213e+00
7.569727374983269641e+00
8.377836033610408961e+00
7.708186471085596736e+00
5.035467282682373202e+00
5.472924066532252496e+00
1.234135451485911794e+01
1.111188631801300808e+01
1.234135451485911794e+01
9.116435142467478769e+00
8.181258540426600945e+00
5.441391770875449119e+00
5.659290215460570650e+00
4.699124374291430151e+00
4.517297117274967633e+00
4.699124374291430151e+00
7.239640963553263475e+00
7.186283043161281192e+00
4.143668903822833371e+00
4.174435512119916147e+00
6.034928448538244616e+00
6.564075964677849484e+00
6.034928448538244616e+00
7.398478650540432078e+00
8.036220516571585648e+00
5.619448121764858861e+00
4.369091282045298286e+00
4.750291650164896851e+00
6.111125090278155980e+00
4.750291650164896851e+00
9.068103775150232693e+00
8.042238527485126909e+00
7.368593345136202011e+00
8.308528639409974659e+00
3.927050669654147175e+00
4.313699535013918229e+00
3.927050669654147175e+00
7.530704703966787150e+00
8.233247599673889638e+00
7.457173472611231979e+00
6.709715004228991475e+00
6.454854438299007846e+00
7.177448365925632068e+00
6.454854438299007846e+00
7.148964029287514066e+00
7.211237866932320273e+00
8.037314178304651335e+00
7.967906622004894857e+00
4.483080071412520518e+00
5.408723058788960536e+00
4.483080071412520518e+00
4.899764742302004095e+00
5.908800840403586996e+00
9.066323332120715506e+00
6.737927695620647306e+00
6.051790040135291981e+00
8.158801137123246505e+00
6.051790040135291981e+00
5.164373302355037332e+00
5.186429623291314961e+00
9.238601010357150756e+00
9.199312026665641184e+00
6.684072939136552982e+00
7.373121177112043512e+00
6.684072939136552982e+00
6.084836067615615463e+00
6.707093415890396315e+00
6.322561077965671572e+00
6.964903764553212362e+00
7.592022327901488232e+00
6.891271075994660045e+00
7.592022327901488232e+00
6.751505472866564439e+00
6.923505263993955161e+00
6.805347517280082137e+00
6.636283104545564804e+00
8.500134075200733719e+00
9.913526820461967759e+00
8.500134075200733719e+00
3.909273616242520344e+00
4.589535292337382444e+00
7.899196637374067187e+00
8.434262336160150753e+00
6.530690464403075879e+00
6.112567397305309846e+00
6.530690464403075879e+00
6.753998573064708744e+00
6.797355432421482213e+00
6.158010477874737099e+00
6.118731673513075897e+00
6.462375712339744283e+00
7.554308144198874864e+00
6.462375712339744283e+00
4.857960673899097692e+00
5.697268876455175324e+00
6.222856865790094893e+00
8.310586628916686536e+00
7.429972751143964160e+00
5.539073216559567747e+00
7.429972751143964160e+00
7.855417647949694882e+00
8.702958428933007085e+00
5.879270796178422742e+00
5.306715865243707420e+00
6.489650970471265268e+00
7.068561693685891711e+00
6.489650970471265268e+00
6.787695002103804498e+00
7.385593386517411041e+00
6.531268794698646296e+00
8.385439767386186460e+00
8.682741647048406008e+00
6.775942798125174527e+00
8.682741647048406008e+00
5.654145366238260806e+00
5.965618332126407353e+00
5.803998074500461790e+00
5.500963519886343356e+00
4.411766526981684144e+00
4.397468051278698553e+00
4.411766526981684144e+00
7.778126854749618957e+00
7.753835990656170019e+00
7.548922652851734583e+00
5.656087749149711463e+00
4.587977294239656167e+00
6.137867011090924585e+00
4.587977294239656167e+00
7.359566095754039416e+00
7.602874577635755138e+00
6.898116187975564806e+00
6.677361503625379946e+00
7.035051815829419297e+00
8.243000625371509571e+00
7.035051815829419297e+00
6.975490247144115585e+00
8.168075783133378565e+00
8.295214057271705244e+00
6.696053808739084623e+00
5.626836464104743918e+00
6.977251993151232234e+00
5.626836464104743918e+00
4.836165280434427949e+00
5.085505615962055082e+00
7.893688436447192203e+00
7.506664004281275560e+00
7.784626105843650556e+00
7.426370578658025856e+00
7.784626105843650556e+00
7.170395651859368336e+00
6.836092293624143501e+00
7.051320846616694560e+00
5.923846733621551230e+00
5.881060512242979321e+00
6.991752133147622672e+00
5.881060512242979321e+00
5.581482776002153479e+00
5.372977870541514100e+00
7.433730688472612869e+00
7.722205599735112003e+00
8.731683706920790655e+00
9.264508341300798477e+00
8.731683706920790655e+00
6.777517739308345668e+00
7.205979181457630389e+00
5.316859481513948715e+00
4.500366109933723102e+00
4.700705522095453226e+00
5.550649869475130060e+00
4.700705522095453226e+00
7.198199605478277086e+00
7.598270715255564411e+00
7.032349774991875968e+00
6.662076052949527316e+00
7.153990059386000411e+00
4.919108530047185290e+00
7.153990059386000411e+00
7.854860335295985152e+00
5.416686180094455239e+00
6.892441659967937007e+00
4.689345788471022125e+00
5.740550686421292959e+00
8.409431521315639202e+00
5.740550686421292959e+00
5.655771860050820443e+00
5.476899032951617841e+00
6.359269585652140400e+00
6.566960200766246203e+00
6.608155519405285894e+00
6.733048575614772879e+00
6.608155519405285894e+00
9.440561838322459209e+00
9.615892798814298814e+00
6.073227937860852244e+00
4.444505157418084274e+00
5.587899561865578235e+00
7.587316680759373710e+00
5.587899561865578235e+00
4.004657918343206724e+00
4.235190194001607900e+00
7.369959131567809685e+00
6.968793334452938026e+00
6.861134651282215557e+00
6.795884549116213869e+00
6.861134651282215557e+00
7.905697274302812438e+00
7.830833507469017185e+00
7.065977874183234420e+00
7.179163578650010535e+00
6.748445559433122298e+00
6.642136532868828880e+00
6.748445559433122298e+00
4.616765349565398857e+00
4.874572019491371755e+00
9.497786950236086767e+00
8.995467399818977583e+00
8.013579601870056024e+00
7.580355082151269741e+00
8.013579601870056024e+00
6.348115068960778373e+00
5.999553616604022643e+00
5.903447369085256469e+00
4.892337781147636733e+00
5.317370639744400052e+00
6.414349934462826752e+00
5.317370639744400052e+00
8.346201707580918949e+00
7.656110438438009425e+00
6.021503843775785292e+00
6.564258191837137879e+00
9.980637332440604581e+00
8.370094913989040819e+00
9.980637332440604581e+00
7.344751545048689323e+00
6.132963526599266579e+00
6.229007489236430217e+00
7.763987797499807719e+00
7.730789089286863813e+00
6.208023698947555680e+00
7.730789089286863813e+00
8.920244237271573340e+00
7.872236017358198445e+00
7.573069740924237792e+00
8.581250811837971781e+00
5.131195721231963880e+00
5.417069615531822535e+00
5.131195721231963880e+00
4.366187550652274041e+00
4.612385837921599396e+00
7.874526671144839618e+00
7.571164185958465076e+00
7.146108306141153221e+00
7.433635247392848200e+00
7.146108306141153221e+00
6.103736751576715136e+00
6.094087886276985166e+00
5.688713598455574783e+00
5.697720628262913145e+00
7.014199028493656840e+00
6.477253163527391777e+00
7.014199028493656840e+00
6.863180850254138932e+00
6.334051194143652808e+00
4.405240107626720025e+00
7.331291219830339045e+00
7.526089319801966049e+00
4.523612897277781819e+00
7.526089319801966049e+00
5.731110188639680025e+00
4.944397933136967183e+00
5.684273375545100926e+00
6.588708574459587020e+00
6.890029103495567853e+00
5.878807115704081987e+00
6.890029103495567853e+00
7.761711110882136389e+00
6.623964092007591731e+00
5.644740169615685588e+00
9.309017155528589882e+00
1.016490719263677356e+01
6.173165781370906657e+00
1.016490719263677356e+01
9.614734001132861252e+00
9.168054654814071114e+00
6.635519064059915095e+00
6.958810037948667926e+00
6.257234180623744813e+00
