2.181686196713711112e+00
2.153151246048297995e+00
2.225212185486883598e+00
2.248519004082808692e+00
2.199583033068911231e+00
2.197115614275565676e+00
2.199583033068911231e+00
2.106937535460166266e+00
2.103878359463725811e+00
2.135689563815299508e+00
2.081882164703455107e+00
2.075039391032469371e+00
2.129213267796752351e+00
2.069192462818664424e+00
2.220825436587442692e+00
2.243139613304938162e+00
2.229246524769213256e+00
2.205884058342756582e+00
2.126418926895056849e+00
2.136409992337589436e+00
2.126418926895056849e+00
2.115788904656816349e+00
2.125464395564061970e+00
2.202748345919800954e+00
2.303186296785300069e+00
2.282110646148790334e+00
2.172515119381241533e+00
2.286659900034137660e+00
2.218495200519002619e+00
2.183762468577302940e+00
2.194392583693477672e+00
2.228096472373550796e+00
2.114949111251572589e+00
2.102218640318593401e+00
2.114949111251572589e+00
2.039189720680427698e+00
2.023729360183680548e+00
2.121496266853999835e+00
2.164161195149996608e+00
2.163003081081629198e+00
2.120144070562277161e+00
2.143347974309345982e+00
2.212378795775208573e+00
2.239955604226346431e+00
2.107730132374273868e+00
2.068829167558843718e+00
2.046102842022560875e+00
2.066616271380700809e+00
2.046102842022560875e+00
2.174176209925320791e+00
2.190535382838305178e+00
2.241281828803024734e+00
2.244524069410251954e+00
2.138559607013373220e+00
2.134360684708082712e+00
2.144014542402364221e+00
2.248522203297378397e+00
2.187482404343358944e+00
2.109822873726787229e+00
2.183843284904508852e+00
2.158052327212156563e+00
2.152738673274850356e+00
2.158052327212156563e+00
2.161834426768636686e+00
2.156314152158148811e+00
2.213441717283729293e+00
2.204489919223618255e+00
2.200236181092438681e+00
2.209216945816665945e+00
2.201771299980137986e+00
2.181193719353734295e+00
2.184241407700250104e+00
2.185392551863277966e+00
2.182354523775416055e+00
2.121061597057475101e+00
2.129489970020785439e+00
2.121061597057475101e+00
2.258694830371936746e+00
2.264595323684559069e+00
2.055867863217519798e+00
2.175644319762165768e+00
2.141068932112830225e+00
2.010856630566981718e+00
2.144196058681212325e+00
2.249407197041776385e+00
2.197065660854790714e+00
2.092229147914626441e+00
2.159878156160485396e+00
2.203148453355687764e+00
2.224992285166303763e+00
2.203148453355687764e+00
2.131122851121328932e+00
2.157937627125884106e+00
2.128762231150057804e+00
2.157872074865427425e+00
2.179786580306025012e+00
2.152339630176659746e+00
2.180719527589466633e+00
2.209069496644893160e+00
2.261015326399722358e+00
2.247254589116384427e+00
2.192716591026737216e+00
2.080366685576863439e+00
2.104351532803569125e+00
2.080366685576863439e+00
2.202230056395850788e+00
2.221231700962023492e+00
2.178567009261750620e+00
2.114117313433797385e+00
2.096848802293606706e+00
2.162989309688049477e+00
2.090138062777631145e+00
2.284819677836191332e+00
2.225373647424203405e+00
2.132113803527289519e+00
2.209109745668828229e+00
2.179236052727751005e+00
2.157567575048805697e+00
2.179236052727751005e+00
2.083786107932199094e+00
2.057359600259054844e+00
2.106804614250930463e+00
2.042362716533904887e+00
2.168531079537787232e+00
2.218066283415414564e+00
2.176380806026539272e+00
2.147769445529709387e+00
2.149188268824536951e+00
2.234553731628474704e+00
2.233437133987543177e+00
2.075816925032239357e+00
2.072383507172321337e+00
2.075816925032239357e+00
2.089080572753697851e+00
2.085768244141934069e+00
2.199659032060004460e+00
2.194580674081403782e+00
2.200978216448949532e+00
2.206035015124202747e+00
2.198294741796577689e+00
2.210411135257270399e+00
2.137686527053799246e+00
2.171131315488521007e+00
2.237960012743649862e+00
2.268379572826541235e+00
2.274735493632904504e+00
2.268379572826541235e+00
2.135136280247420526e+00
2.144197961251792961e+00
2.133309200964280450e+00
2.193272249856912826e+00
2.173470264985261302e+00
2.109635479761810650e+00
2.162645186573862954e+00
2.163685519278244040e+00
2.123648333619977180e+00
2.175507589616058723e+00
2.210779609454556649e+00
2.248432707354945936e+00
2.254713094491547221e+00
2.248432707354945936e+00
2.101260109551319477e+00
2.109638371949424940e+00
2.156528689802553966e+00
2.221869786755085396e+00
2.187878864672527346e+00
2.117808637787076620e+00
2.183438348027224141e+00
2.159079773360916388e+00
2.115666913464458787e+00
2.093451651226976296e+00
2.138942646830080729e+00
2.243932928360168333e+00
2.245797419615952251e+00
2.243932928360168333e+00
2.254674327379779797e+00
2.256556784653656944e+00
1.974239524658851996e+00
2.117239427531697249e+00
2.139816042393237971e+00
2.004258613405442535e+00
2.153937705081041543e+00
2.249870840858197329e+00
2.206117098812062416e+00
2.145180098658700185e+00
2.196770891497961564e+00
2.227321197463266067e+00
2.224544999094742792e+00
2.227321197463266067e+00
2.216860530297611653e+00
2.214046944857869015e+00
2.189799972023807939e+00
2.096097332462942830e+00
2.063606293706079509e+00
2.163110241423059854e+00
2.070921061479809477e+00
2.171671175187272151e+00
2.192357551543414829e+00
2.139524223936581482e+00
2.115906919163897282e+00
2.129058611315322480e+00
2.153910229196208448e+00
2.129058611315322480e+00
2.217325536328024427e+00
2.238285282315296332e+00
2.100034724455315249e+00
2.070759898081309114e+00
2.091157493554530067e+00
2.119303510184411543e+00
2.090119887833768786e+00
2.185137500941438660e+00
2.183151446550006369e+00
2.180919643206900016e+00
2.182917958456221719e+00
2.107489451663926427e+00
2.122840343950089803e+00
2.107489451663926427e+00
2.223826802504022204e+00
2.236016048571067838e+00
2.321701091054832577e+00
2.208297723027934367e+00
2.115332217440425655e+00
2.258974657614497783e+00
2.103985413997193188e+00
2.073412629060408463e+00
2.068093098382554729e+00
2.232929719536670188e+00
2.236482329273980607e+00
2.254459739192083312e+00
2.250734604694815566e+00
2.254459739192083312e+00
2.135063355727649714e+00
2.129948787083475459e+00
2.108310550839628039e+00
2.080339372003054077e+00
2.068630550939746460e+00
2.097635238960677828e+00
2.067201417981531009e+00
2.249669246758822183e+00
2.266475615055039139e+00
2.231945771872372308e+00
2.212968580975919419e+00
2.196746081058413402e+00
2.201118899668956352e+00
2.196746081058413402e+00
2.121372064401437108e+00
2.126430764313620880e+00
2.152517698848456007e+00
2.220238504893211839e+00
2.257829865616707288e+00
2.197846576644649108e+00
2.262169614909873783e+00
2.214236989309279036e+00
2.176604995564263234e+00
2.178606323043313253e+00
2.216035132967390631e+00
2.093565422825407474e+00
2.111726795170337567e+00
2.093565422825407474e+00
2.069707050271879289e+00
2.088410920291250861e+00
2.094593961990134368e+00
2.127401814118934809e+00
2.154864369191518136e+00
2.124028122660766460e+00
2.150841118556410692e+00
2.255963668276776080e+00
2.247222302702551744e+00
2.152864878336160803e+00
2.164370942853818924e+00
2.104401939456364889e+00
2.086609402643115896e+00
2.104401939456364889e+00
2.165853661497974425e+00
2.150175855660683144e+00
2.228332855805081891e+00
2.273072308078985859e+00
2.218628705802622836e+00
2.164318079712263643e+00
2.219640150954293567e+00
2.197539092724412502e+00
2.205748639454688131e+00
2.013016072864362904e+00
2.000647792590585894e+00
2.147000146287258993e+00
2.136266472640720337e+00
2.147000146287258993e+00
2.180455672650463139e+00
2.170119780791971653e+00
2.173910127340090703e+00
2.152413320106364214e+00
2.121641709113895935e+00
2.144921759541035478e+00
2.122485925749961311e+00
2.218491018153582850e+00
2.187783955392177404e+00
2.172195413421057708e+00
2.204228836738399089e+00
2.210196200521746146e+00
2.194092550053081681e+00
2.210196200521746146e+00
2.229190097780165303e+00
2.214588030643527272e+00
2.164863406897191034e+00
2.169569056393381601e+00
2.106414637345303653e+00
2.100982023628936712e+00
2.109656011603849191e+00
2.148938037119423328e+00
2.187454818945639090e+00
2.096667994841221905e+00
2.049268461585001866e+00
2.200202156839343282e+00
2.188819638453598948e+00
2.200202156839343282e+00
2.190796046314874346e+00
2.178634921788292100e+00
2.121745519536722302e+00
2.159247351523644554e+00
2.159255830149167110e+00
2.121478877232693794e+00
2.158730708728745729e+00
2.187098965895396319e+00
2.198177488013232761e+00
2.222869856387546861e+00
2.212578791879789009e+00
2.131751995424556512e+00
2.118939908581681575e+00
2.131751995424556512e+00
2.231134473351444658e+00
2.221258721782795931e+00
2.214311160772663101e+00
2.107455238908231276e+00
2.098322467384806878e+00
2.208846715522761794e+00
2.091722030956207679e+00
2.198442797927650183e+00
2.200335846412885932e+00
2.222742330253440812e+00
2.220973490951251517e+00
2.130668170508734693e+00
2.137806520015162359e+00
2.130668170508734693e+00
2.098420731958139385e+00
2.106173643502562420e+00
2.207576698413487026e+00
2.155341855783067917e+00
2.183253404332379688e+00
2.231454992479289245e+00
2.190860790298193361e+00
2.105553590716469081e+00
2.185667299434924882e+00
2.245688019922338352e+00
2.178618007707226578e+00
2.078418557131822109e+00
2.071929431348180639e+00
2.078418557131822109e+00
2.152788323733477949e+00
2.147312954186017642e+00
2.255526339713710637e+00
2.207933590532816126e+00
2.092581809291174100e+00
2.155725998346820216e+00
2.093133831812072909e+00
2.098560668350463843e+00
2.104062215566850025e+00
2.251346853586719821e+00
2.247647462886297021e+00
2.203264121477001680e+00
2.196644390919515022e+00
2.203264121477001680e+00
2.137690295997479950e+00
2.130018708147752182e+00
2.165766543083593731e+00
2.241095074186589375e+00
2.224212365226050814e+00
2.144050979237634991e+00
2.217697329923867144e+00
2.212858371771920130e+00
2.244531068081474956e+00
2.189455878894530194e+00
2.152017899307179238e+00
2.035251214931112607e+00
2.040728011089826044e+00
2.035251214931112607e+00
2.161608892069387000e+00
2.165935771877896432e+00
2.220306920491250224e+00
2.196483044900632287e+00
2.086039103061263500e+00
2.116730099543859378e+00
2.086720040089820483e+00
2.274274435151675267e+00
2.181230376594981646e+00
2.126595753950610845e+00
2.233653301215594134e+00
2.140569188073750073e+00
2.137145331296201434e+00
2.140569188073750073e+00
2.139854325031169235e+00
2.136169995353943918e+00
2.228482680718816056e+00
2.142200607355018604e+00
2.178698165273788234e+00
2.256808166389985715e+00
2.182539460051303060e+00
2.181831684292283580e+00
2.221666007030537404e+00
2.135913731474970323e+00
2.086097414293092811e+00
2.078634457830493609e+00
2.078742508063908367e+00
2.078634457830493609e+00
2.233170695989497023e+00
2.233247250373449511e+00
2.203731998708209794e+00
2.151819900810715058e+00
2.069028493903169785e+00
2.130649585827711689e+00
2.083941385355546405e+00
2.149271553384192845e+00
2.123480109877420752e+00
2.128037603787617194e+00
2.153567802397998943e+00
2.260561654415673694e+00
2.274096469675267684e+00
2.260561654415673694e+00
2.279151339658504138e+00
2.291931125618003939e+00
2.178860099105525805e+00
2.058280741274249426e+00
2.041720500261408500e+00
2.166087809556455301e+00
2.037272739612645100e+00
2.175051445892115964e+00
2.227184046825466446e+00
2.269401099134830790e+00
2.224340698217775358e+00
2.038905995711569830e+00
2.065143658479033029e+00
2.038905995711569830e+00
2.213541580375939066e+00
2.231588754085694237e+00
2.058679265537603165e+00
2.175986422904387041e+00
2.112904964316927092e+00
1.979562051250697063e+00
2.103860902748208250e+00
2.133915125792324119e+00
2.123037078531423205e+00
2.182771813891183132e+00
2.192170926019779476e+00
2.277903843421457797e+00
2.277221281921870233e+00
2.277903843421457797e+00
2.208585939263850495e+00
2.207799413835940694e+00
2.034339588842500657e+00
1.932714360461984748e+00
2.066457324004704610e+00
2.147535680600324071e+00
2.064766808541006693e+00
2.185338448276178180e+00
2.186761295278794925e+00
2.203447522540981751e+00
2.202090494675388754e+00
2.200246057143646183e+00
2.191069384246328244e+00
2.200246057143646183e+00
2.157670552724676227e+00
2.147942985413244799e+00
2.096129932808203922e+00
2.230827240599903227e+00
2.211587789028006235e+00
2.069014840047148418e+00
2.221618031069790167e+00
2.152457265012579057e+00
2.180408612414446168e+00
2.165576769818847058e+00
2.136557261129549801e+00
2.225714028700491287e+00
2.211427906657415843e+00
2.225714028700491287e+00
2.192884525084945135e+00
2.177573393353008591e+00
1.911477755234923359e+00
2.146763757868572764e+00
2.217296329994103754e+00
2.019722074192519035e+00
2.210253313164106448e+00
2.189357183817821628e+00
2.204659862129103143e+00
2.104026600003194414e+00
2.084503740542710037e+00
2.161788213588239582e+00
2.173384902999538681e+00
2.161788213588239582e+00
2.090907294943299188e+00
2.104524214100254031e+00
2.234077325493409205e+00
2.243875981559446231e+00
2.244459432086126860e+00
2.234704118263272754e+00
2.244164054680091169e+00
2.194567662534216090e+00
2.233320642844477621e+00
2.125661686115838389e+00
2.074234182729026266e+00
2.176323350147945312e+00
2.183664721096421069e+00
2.176323350147945312e+00
2.234598245417666718e+00
2.241048927671315472e+00
2.150205885885450030e+00
2.241253393524326842e+00
2.274360182331946589e+00
2.194024782988810873e+00
2.277790447683803343e+00
2.116770164697504342e+00
2.085441426313848101e+00
2.130154339010162712e+00
2.158657067376611227e+00
2.217557001242647097e+00
2.208916827930334836e+00
2.217557001242647097e+00
2.234491789794834649e+00
2.226258323669349615e+00
2.123242747062222602e+00
2.092544068660808332e+00
2.126029157798413394e+00
2.154372566804840350e+00
2.123696228666707597e+00
2.164037944591498341e+00
2.202971887023742692e+00
2.117928176337622759e+00
2.070026620825109465e+00
2.133490512703266173e+00
2.145024189011566662e+00
2.133490512703266173e+00
2.213022032220113289e+00
2.222819087099175750e+00
2.115042367395112866e+00
2.144137404295096250e+00
2.087066292767840725e+00
2.053677962947724200e+00
2.098320654642321870e+00
2.222556109745595698e+00
2.249711618843741601e+00
2.271904865406213059e+00
2.246886459526901803e+00
2.064836971261508669e+00
2.074065977928742477e+00
2.064836971261508669e+00
2.181485037065553190e+00
2.188852367189113135e+00
2.270000582774257314e+00
2.122634893675178436e+00
2.078941169613787832e+00
2.240423811706758528e+00
2.065007988881266243e+00
2.106190709861723409e+00
2.198574088917835123e+00
2.205685362545347417e+00
2.115103074257457916e+00
2.151489101487413347e+00
2.170817910302594189e+00
2.151489101487413347e+00
2.136980033731627149e+00
2.157099965148542964e+00
2.196922978173201368e+00
2.108479668029691556e+00
2.146901586421863239e+00
2.228515012593044187e+00
2.152118363417963032e+00
2.131574843123612339e+00
2.170450826491313379e+00
2.247087697716429133e+00
2.216067386229584102e+00
2.087313361082599794e+00
2.086919681916599156e+00
2.087313361082599794e+00
2.134562298025496574e+00
2.134216380622769638e+00
2.221591184400751207e+00
2.219715518066478488e+00
2.185870786695094381e+00
2.187839447591730213e+00
2.178349637041155251e+00
2.077569635222461741e+00
2.069636639273590983e+00
2.218784522409600779e+00
2.224335101778831536e+00
2.217744976331627260e+00
2.228795891055350697e+00
2.217744976331627260e+00
2.179510897261241364e+00
2.191641901674379778e+00
2.090508661963692116e+00
2.054963240025293736e+00
2.073017725229933550e+00
2.107328684828302379e+00
2.064078262159961596e+00
2.140083750944401064e+00
2.218665443874672238e+00
2.203739147715670033e+00
2.121699280829495216e+00
2.185768863058630718e+00
2.153567848390693928e+00
2.185768863058630718e+00
2.223532758886561655e+00
2.194122000966235220e+00
2.238084742429430118e+00
2.186971461977758935e+00
2.174808203475734114e+00
2.228375781045059068e+00
2.167990364754648347e+00
2.233728803374942284e+00
2.232645931534927186e+00
2.178571162231656810e+00
2.179841094197271012e+00
2.199806954946060156e+00
2.205544830307451409e+00
2.199806954946060156e+00
2.138004726176222725e+00
2.144590612398945773e+00
2.104806333575246491e+00
2.039911687537573570e+00
2.168726472030575003e+00
2.218444456763137396e+00
2.179034771959487582e+00
2.127556425188789735e+00
2.168552334991765029e+00
2.237088137938009424e+00
2.203398749787177202e+00
2.112731070336035355e+00
2.131061164870847513e+00
2.112731070336035355e+00
2.170727635892293339e+00
2.187076454474665255e+00
2.277161197401337489e+00
2.261734551279559913e+00
2.203921822419015797e+00
2.222626497108746157e+00
2.209275247547339394e+00
2.188668447362196012e+00
2.072010154341763055e+00
2.181562260506505702e+00
2.271643545752584981e+00
2.187570852159311130e+00
2.175640362317361465e+00
2.187570852159311130e+00
2.047102915953793456e+00
2.032158321981381022e+00
2.137004791539129034e+00
2.254112691438660665e+00
2.307582215231259948e+00
2.213467635352634133e+00
2.306366441090832886e+00
1.975528414240594888e+00
2.079807415389491432e+00
2.154528945860489042e+00
2.064902892580651184e+00
2.204658859691080330e+00
2.198147743272825139e+00
2.204658859691080330e+00
2.152942261269738200e+00
2.145907744888598589e+00
2.172444910090056247e+00
2.207042785239320182e+00
2.206039162944981591e+00
2.171021622024189135e+00
2.197657583940122450e+00
2.194770266425353000e+00
2.166337933862775511e+00
2.081470781598605324e+00
2.115854691334482673e+00
2.153395528001771808e+00
2.166976166923237024e+00
2.153395528001771808e+00
2.181545677284587370e+00
2.194683757402728919e+00
2.161000392731907471e+00
2.132531154748122937e+00
2.246666611956018134e+00
2.267051798691488873e+00
2.245695925614137778e+00
2.052439168873484654e+00
2.157128546812283609e+00
2.160840564737719571e+00
2.057071620751861118e+00
2.153305482986551223e+00
2.152418531087714193e+00
2.153305482986551223e+00
2.245676934076668463e+00
2.244982128251672648e+00
2.210201286836769086e+00
2.047625952980152597e+00
2.018039575003255148e+00
2.188758128732457120e+00
2.028359679495344459e+00
2.063287461135796086e+00
2.024903169547630277e+00
2.130134503464781837e+00
2.161438433583434904e+00
2.242340071415423353e+00
2.236586018133837506e+00
2.242340071415423353e+00
2.242502824084968704e+00
2.236716354241035543e+00
2.161750840381726047e+00
2.106000531275015852e+00
2.199900241779485732e+00
2.243704752948020076e+00
2.194440093790629209e+00
2.136996653791107370e+00
2.151082972295162765e+00
2.244099841924458882e+00
2.233317167085683508e+00
2.195944673035498340e+00
2.210935788767270260e+00
2.195944673035498340e+00
2.163753566158153063e+00
2.179970642062491137e+00
2.107917616066922850e+00
2.184484598831599289e+00
2.151823308455278472e+00
2.070009496507467794e+00
2.155146061227700471e+00
2.078192095994891631e+00
2.101978275869415658e+00
2.212358833169941086e+00
2.194208065111582950e+00
2.206098385452075927e+00
2.208345804761142173e+00
2.206098385452075927e+00
2.176655233471144424e+00
2.179084066702630551e+00
2.112214935473004651e+00
2.071006098630079340e+00
2.144549778133452378e+00
2.179231325878507430e+00
2.146476046209474298e+00
2.182036176246449521e+00
2.229167896815597683e+00
2.204857039208741210e+00
2.154145247358386417e+00
2.214868028787029708e+00
2.217654437329934058e+00
2.214868028787029708e+00
2.036564289390557558e+00
2.040336777964176118e+00
2.102195980722921576e+00
2.187803356901275365e+00
2.233366879580528597e+00
2.157921209113232930e+00
2.242878498936495379e+00
2.214460151077826566e+00
2.187125346406426196e+00
2.198179958408130741e+00
2.224674259204438176e+00
2.183773169862887276e+00
2.166836874030226401e+00
2.183773169862887276e+00
2.139194433225260816e+00
2.120403990210877332e+00
2.098177193841181065e+00
2.146368596644149918e+00
2.207391481848743009e+00
2.166300829087481894e+00
2.193006546284939073e+00
2.258998652237314886e+00
2.274384784655217207e+00
2.102698902313856699e+00
2.077782385799824993e+00
2.110970780517480438e+00
2.092345874916328619e+00
2.110970780517480438e+00
2.092042379686585019e+00
2.072647334096408667e+00
2.239488057397746701e+00
2.276896760165099121e+00
2.268972581771201646e+00
2.229676395384081022e+00
2.269903925784074517e+00
2.243814164853324300e+00
2.239425207914658156e+00
2.144936361687828086e+00
2.150675746116975429e+00
2.145090260467178211e+00
2.145506313367056439e+00
2.145090260467178211e+00
2.202009297808355193e+00
2.202397808882669228e+00
2.180175665010995356e+00
2.208362013759008313e+00
2.109678672814898626e+00
2.074105518013241500e+00
2.110888502256009325e+00
2.150282829276991325e+00
2.173634985720737767e+00
2.168954694123006899e+00
2.145322067396931320e+00
2.009647451370677018e+00
2.022774832286020619e+00
2.009647451370677018e+00
2.184131806836227874e+00
2.195111118475920886e+00
2.248807134706730437e+00
2.199731363091905312e+00
2.216536006789645352e+00
2.263150002622001722e+00
2.225927628566692018e+00
2.193255093062834504e+00
2.096649797699082551e+00
2.065104061083248510e+00
2.168069042403399926e+00
2.213629939615022302e+00
2.198389116682865296e+00
2.213629939615022302e+00
2.177158183465403241e+00
2.160697993332127087e+00
2.051046362213590601e+00
2.044629451275632448e+00
2.135030332997601921e+00
2.140404998977557760e+00
2.133357884542596672e+00
2.187959930252060925e+00
2.217247746019013199e+00
2.200060787923665551e+00
2.169259202921281826e+00
2.094234291111876090e+00
2.109915156759357036e+00
2.094234291111876090e+00
2.215715973696626317e+00
2.227913584240973410e+00
2.291527322817379808e+00
2.204884261134571144e+00
2.171672425742134038e+00
2.266446989305270776e+00
2.166163985760453325e+00
2.201710765668323244e+00
2.246419421997664756e+00
2.216956000066399035e+00
2.167822311651683709e+00
2.173161564422592562e+00
2.181882299571231254e+00
2.173161564422592562e+00
1.931992386344111079e+00
1.943355598708957688e+00
2.177270253842787717e+00
2.122379997763074400e+00
2.129992860774553076e+00
2.183172564731578724e+00
2.143820433538845993e+00
2.104611655993289698e+00
2.121717540374991273e+00
2.218368099261893267e+00
2.205022376716735177e+00
2.139573864055558161e+00
2.146149472743296371e+00
2.139573864055558161e+00
2.118337952749233200e+00
2.125223743020819178e+00
2.259252440543076279e+00
2.293716106278376632e+00
2.257095935560398559e+00
2.217209895566378375e+00
2.258356640685181826e+00
2.104322405340140367e+00
1.990755821996167851e+00
2.109713027202116731e+00
2.200729057332742045e+00
2.175414642579032165e+00
2.192130936958376353e+00
2.175414642579032165e+00
2.127077413031244202e+00
2.145003670695019515e+00
2.132400125202623897e+00
2.169872453028675263e+00
2.210047104671961193e+00
2.176694096902425546e+00
2.217425048089635364e+00
2.133468961640459405e+00
2.132454991089491436e+00
2.179146732423224098e+00
2.180050897727658477e+00
2.218290444600218514e+00
2.242149497637737632e+00
2.218290444600218514e+00
2.056023069949499682e+00
2.088479797837053731e+00
2.174478680547080600e+00
2.238184489538127764e+00
2.239074569435398399e+00
2.176021947835996784e+00
2.226104356863331191e+00
2.245560014143791694e+00
2.210301386174826632e+00
2.067806712819212578e+00
2.117440135443722671e+00
2.227981516248179972e+00
2.220639331975327480e+00
2.227981516248179972e+00
2.180315939975427053e+00
2.171675724336831426e+00
2.146736834422349194e+00
2.181520520025918675e+00
2.203509864581698618e+00
2.170531184172002970e+00
2.204163733182845863e+00
2.091506340196569891e+00
2.125449088305358281e+00
2.207732466172607211e+00
2.180124487495262997e+00
2.082394108919239706e+00
2.090644756148530181e+00
2.082394108919239706e+00
2.159776130511287917e+00
2.166938563196323386e+00
2.172825417906188328e+00
2.112481562066328866e+00
2.146391747030049313e+00
2.203035711329795809e+00
2.157820836189667357e+00
2.186949061146973960e+00
2.127778836105369997e+00
2.129673534415834624e+00
2.188582765299874389e+00
2.238112271827186195e+00
2.243027790478905548e+00
2.238112271827186195e+00
2.187394886217390866e+00
2.193223128162220981e+00
2.132829311281378537e+00
2.113108208809586497e+00
2.149742886476399661e+00
2.168032013167505934e+00
2.141341419821639391e+00
2.103638880511264908e+00
2.132406467752976820e+00
2.229474760987475435e+00
2.207261208389877272e+00
2.234474433814218397e+00
2.220465461556998310e+00
2.234474433814218397e+00
2.238696061470672127e+00
2.225517990396888468e+00
2.185060639188009635e+00
2.114302953369067595e+00
2.001676129297100371e+00
2.090031964263482589e+00
2.000809967291549807e+00
2.213201368420718573e+00
2.180371033256461644e+00
2.218481151541178420e+00
2.247855270038269015e+00
2.251054292943269086e+00
2.249959691909735326e+00
2.251054292943269086e+00
2.097556196625581126e+00
2.095993562125826326e+00
2.045949914404267655e+00
2.048002681264791569e+00
2.106719419643213964e+00
2.104811135683032575e+00
2.111092311123056398e+00
2.261111922808501706e+00
2.235150663157744244e+00
2.190033107995649875e+00
2.219863296080130333e+00
2.103303410350650715e+00
2.101703670111119582e+00
2.103303410350650715e+00
2.128292167489862052e+00
2.126782566576398636e+00
2.242977791370788676e+00
2.196228156502331608e+00
2.214032897876573092e+00
2.258631605664024100e+00
2.211171199594651693e+00
2.165718574477418557e+00
2.078350640949744754e+00
2.245677716673075697e+00
2.301679823705641947e+00
2.185880913029464523e+00
2.172155254145217373e+00
2.185880913029464523e+00
2.148272022545082205e+00
2.133393573536422672e+00
2.171211130966355984e+00
2.169522764482202160e+00
2.211109086340530272e+00
2.212611774147684507e+00
2.216033591687305293e+00
2.008030263576395136e+00
2.133502791510462071e+00
2.150529011109692856e+00
2.029598210891268018e+00
2.154097757331895568e+00
2.135147120342464344e+00
2.154097757331895568e+00
2.171323203753743769e+00
2.153595448351828701e+00
2.164362450473038546e+00
2.227939314558375017e+00
2.226655199752929803e+00
2.162205177310875026e+00
2.218734657462523074e+00
2.152717655675796316e+00
2.093060954840034515e+00
2.141872657886359388e+00
2.195410930641328306e+00
2.204492944580568103e+00
2.201089625638113390e+00
2.204492944580568103e+00
2.157634777479276345e+00
2.153615545089365035e+00
2.107298536291205338e+00
2.113247041400115656e+00
2.184106519808652447e+00
2.179113504370946419e+00
2.187110238719521593e+00
2.228944293310597402e+00
2.209036903018340769e+00
2.111023888800131587e+00
2.136533726944614742e+00
2.237083837392613628e+00
2.247494312561656660e+00
2.237083837392613628e+00
2.204831124398510145e+00
2.215527781542712571e+00
2.148605892344018997e+00
2.168238644121655234e+00
2.162149924353540253e+00
2.142154540952182273e+00
2.154085089261971842e+00
2.217907890695355100e+00
2.156870928450858038e+00
2.005289536586178922e+00
2.088127891396998503e+00
2.230328963764512729e+00
2.223763096489929314e+00
2.230328963764512729e+00
2.168682878802981495e+00
2.160444483639357927e+00
2.120467659739483590e+00
2.043799070780429883e+00
2.039896608643851916e+00
2.117163226336559845e+00
2.028188501536218880e+00
2.237945549014616731e+00
2.193333380941305144e+00
2.198367473493727964e+00
2.242332394086410385e+00
1.989290036422787455e+00
1.978644386778517728e+00
1.989290036422787455e+00
2.217512130187417885e+00
2.209724818703259430e+00
2.228511667206782398e+00
2.213155675244943943e+00
2.163117129985906661e+00
2.180886147841049283e+00
2.150161662521741235e+00
2.178703006226269778e+00
2.161213897044662602e+00
2.161971761848361151e+00
2.179427110852457439e+00
2.161991047534653987e+00
2.143604887844366758e+00
2.161991047534653987e+00
2.159281449250791241e+00
2.140634868884156994e+00
2.222673620210650292e+00
2.120703596855701534e+00
2.134319553011292836e+00
2.233548284544403906e+00
2.153632409208743326e+00
2.176153592156742089e+00
2.124455719138976573e+00
2.248746143952954135e+00
2.285070021602246371e+00
2.149066893226298625e+00
2.138853888050593177e+00
2.149066893226298625e+00
2.155989218899357240e+00
2.145717186201117510e+00
2.201168610175523899e+00
2.225233572424302864e+00
2.211811309344457133e+00
2.186714039276782540e+00
2.212302957726063113e+00
2.110212569364555257e+00
2.077460953590466897e+00
2.157866924315546608e+00
2.185318528575263208e+00
2.283410462958197051e+00
2.272535540332501380e+00
2.283410462958197051e+00
2.099502986864006715e+00
2.083387750639608793e+00
2.203805682588260595e+00
2.218709333503753989e+00
2.219052981292985116e+00
2.204003350991806442e+00
2.220838180731902423e+00
2.180406452424382024e+00
2.163354771257284259e+00
2.140939068568507242e+00
2.158946910532408392e+00
2.186034095381339526e+00
2.171291850603358942e+00
2.186034095381339526e+00
2.117237037128790522e+00
2.100945899557002949e+00
2.112953328971937772e+00
2.211174742110650460e+00
2.194356702292614703e+00
2.089952274539571775e+00
2.180991729971991866e+00
2.239750804523498395e+00
2.253920774359986723e+00
2.155605331075472364e+00
2.136688527942611326e+00
2.185694273922811792e+00
2.177675719652299335e+00
2.185694273922811792e+00
2.153702523638314048e+00
2.144686997126916239e+00
2.168843196961672604e+00
2.243666411421509022e+00
2.196575559398676436e+00
2.111025458903352359e+00
2.185708396323271518e+00
2.113194820054868028e+00
2.114401030363544542e+00
2.170850659529526272e+00
2.169793441048292415e+00
1.865328265072103031e+00
1.865786152011686072e+00
1.865328265072103031e+00
2.167079245403514598e+00
2.167392395448647591e+00
2.220330042150067573e+00
2.137038237616387448e+00
2.176111806554506867e+00
2.252007446391646628e+00
2.178988899394634249e+00
2.160093169959826920e+00
2.130213775775473550e+00
2.160322873990057069e+00
2.188121878938646070e+00
2.254564803227065095e+00
2.242261927664086940e+00
2.254564803227065095e+00
2.210769972062092581e+00
2.196399623704690107e+00
2.155225420975559913e+00
2.097491650285789433e+00
2.058969003296324818e+00
2.121535050463237315e+00
2.047157802111761349e+00
2.169604761349493760e+00
2.122171360990675826e+00
2.256681430275774947e+00
2.288900600878509994e+00
2.192402825012881529e+00
2.196701513614247592e+00
2.192402825012881529e+00
2.190711689836841725e+00
2.194861710336677874e+00
2.224859322396131489e+00
2.170818502988112630e+00
2.103434083588563208e+00
2.166486958982850819e+00
2.113244224774505575e+00
2.187456503537357211e+00
2.157849363105097229e+00
2.199864374522458643e+00
2.226298626091027799e+00
2.268291241558183735e+00
2.263047663475112437e+00
2.268291241558183735e+00
2.139930419570010844e+00
2.132901015979954629e+00
2.055891263804201952e+00
1.995170254071995330e+00
1.966822095610370136e+00
2.029949629972501501e+00
1.963207800696446181e+00
2.225047907451829232e+00
2.230871132233029019e+00
2.242066234419839432e+00
2.236457287315570142e+00
2.102134795347999408e+00
2.142577489888831455e+00
2.102134795347999408e+00
2.187029803179029397e+00
2.220711386849692381e+00
2.237669805089990582e+00
2.126458058673617035e+00
2.100040416566931967e+00
2.217242350593946032e+00
2.106476327306931129e+00
2.069611170408259149e+00
2.076720423819705452e+00
2.106020489724204747e+00
2.099307237799775905e+00
2.236010333921345072e+00
2.234596346785764798e+00
2.236010333921345072e+00
2.299536683413271110e+00
2.298372656595537578e+00
2.214204448047328633e+00
2.126198099610373760e+00
2.008547252338044764e+00
2.117239410789301779e+00
2.007275781447956042e+00
1.986952164692051603e+00
2.011055864223369571e+00
2.242876868895117060e+00
2.228659573988352793e+00
2.156602229562034179e+00
2.157527108620881151e+00
2.156602229562034179e+00
2.237283196656882023e+00
2.238026764571928062e+00
2.189603110083546245e+00
2.195699919668132161e+00
2.150186828741286860e+00
2.143329193853715342e+00
2.148157113010917829e+00
2.005609924498714225e+00
2.072753901187063708e+00
2.192684798558658610e+00
2.141118864088647378e+00
2.244880209099663126e+00
2.249068394406974924e+00
2.244880209099663126e+00
2.183131429610118523e+00
2.187948076935218644e+00
2.075207679868974697e+00
2.012637827267543589e+00
2.144026171962462257e+00
2.192237392432977661e+00
2.137940746112607204e+00
2.188391146559336864e+00
2.189807855371618928e+00
2.154112507014191547e+00
2.152559867759898271e+00
2.234729175435132387e+00
2.249115747752057803e+00
2.234729175435132387e+00
2.185274137513554482e+00
2.200847704385390458e+00
2.164859630676422508e+00
2.222906896932687726e+00
2.194201691957648137e+00
2.131425430523228304e+00
2.195172947415196418e+00
2.151321674090253211e+00
2.152283487970133358e+00
2.180059514273404719e+00
2.179166483391837605e+00
2.168842314758141043e+00
2.164008496192199704e+00
2.168842314758141043e+00
2.148528838298314092e+00
2.143642477601519047e+00
2.209387975454074837e+00
2.204451412021503298e+00
2.179044539294107796e+00
2.184385203206795190e+00
2.173345558885688256e+00
2.199858329691947390e+00
2.182590749075917103e+00
2.096263319660713442e+00
2.117403872238993401e+00
2.126701000750463422e+00
2.135357321458060564e+00
2.126701000750463422e+00
2.169034734306590106e+00
2.176692226108402295e+00
2.095754123912615619e+00
2.244392281022755231e+00
2.237236635070894319e+00
2.085306144722908428e+00
2.233081642320066340e+00
2.133230344436560344e+00
2.007054968438005904e+00
2.036723827863355041e+00
2.156599209990311294e+00
2.173841638629476325e+00
2.188166691869327884e+00
2.173841638629476325e+00
2.187156784283994515e+00
2.201033441832482396e+00
2.132978053812469188e+00
2.257429244545955616e+00
2.218503097464206597e+00
2.078366181704012661e+00
2.225779436829680158e+00
2.255339575669081498e+00
2.246437883370114186e+00
2.169946726225479239e+00
2.181151982124311051e+00
2.157947745782377691e+00
