6.021832578416088211e+00
6.021832578416088211e+00
1.043281983103805466e+01
1.043281983103805466e+01
9.732559537822208284e+00
9.988805147876172796e+00
9.732559537822208284e+00
9.373632804409174568e+00
9.621355413027503189e+00
7.711644436009155612e+00
6.442796965204353299e+00
7.093784830080355874e+00
8.481162698737620076e+00
7.093784830080355874e+00
1.102799337106726441e+01
1.102799337106726441e+01
8.267778356810765672e+00
8.267778356810765672e+00
1.141201307490121408e+01
1.046196522306866505e+01
1.141201307490121408e+01
9.268463687285716901e+00
8.482197081166360064e+00
7.809584060340121425e+00
1.262081686306287409e+01
1.274368112554871146e+01
7.887463594379850562e+00
1.274368112554871146e+01
9.878730594206375670e+00
9.878730594206375670e+00
8.824520045246556421e+00
8.824520045246556421e+00
6.321024929612918619e+00
7.173875371786493815e+00
6.321024929612918619e+00
7.715437178725323086e+00
8.738529343271016714e+00
9.215958250263390994e+00
9.920539643968169230e+00
9.516943543484345014e+00
8.838854133104675270e+00
9.516943543484345014e+00
1.070582344572312294e+01
1.070582344572312294e+01
5.619574135048590158e+00
5.619574135048590158e+00
8.071616366375261364e+00
6.771964280698774097e+00
8.071616366375261364e+00
9.706178787074065895e+00
8.166058920431089163e+00
9.267715559826925187e+00
9.567017755001119284e+00
1.154650256199336944e+01
1.119102618610468980e+01
1.154650256199336944e+01
9.116487483995141972e+00
9.116487483995141972e+00
7.323767743285144682e+00
7.323767743285144682e+00
7.753350471408047007e+00
8.201507373308905002e+00
7.753350471408047007e+00
9.319089573395963555e+00
9.849235545603294284e+00
1.037551400224789866e+01
1.007917302430434070e+01
1.195592274399610666e+01
1.230352627792365539e+01
1.195592274399610666e+01
9.097907112511515848e+00
9.097907112511515848e+00
7.269606405932470317e+00
7.269606405932470317e+00
9.601672435235149905e+00
8.850705834409495765e+00
9.601672435235149905e+00
1.161204373138754953e+01
1.071354758611941271e+01
5.998109084564759996e+00
8.780750948273752243e+00
8.387756474150053876e+00
5.721857144397988648e+00
8.387756474150053876e+00
9.364008671172445730e+00
9.364008671172445730e+00
8.923507416582852514e+00
8.923507416582852514e+00
1.051412239583670072e+01
8.392003983666759481e+00
1.051412239583670072e+01
1.125762473359734450e+01
9.000509292185288501e+00
8.193472580460262833e+00
9.042408068533916321e+00
9.409012658928151751e+00
8.528491325923729605e+00
9.409012658928151751e+00
1.083263821661716975e+01
1.083263821661716975e+01
1.060960200833401679e+01
1.060960200833401679e+01
8.170113830988913861e+00
6.526105156340804569e+00
8.170113830988913861e+00
1.086644893298768366e+01
8.716525044924630095e+00
7.773375236009545830e+00
6.160843112083226991e+00
7.491797804647585046e+00
9.428863698141196181e+00
7.491797804647585046e+00
1.328438583096117931e+01
1.328438583096117931e+01
9.708953472867626999e+00
9.708953472867626999e+00
6.554872385890394781e+00
8.207916477635565755e+00
6.554872385890394781e+00
5.832947630707405295e+00
7.311534888656662901e+00
9.383473204842175619e+00
8.034392711994158276e+00
5.357623461003385046e+00
6.267568312911086181e+00
5.357623461003385046e+00
7.335579599829102015e+00
7.335579599829102015e+00
1.147009874583371491e+01
1.147009874583371491e+01
6.124503653035429984e+00
6.323251398316743099e+00
6.124503653035429984e+00
5.716121396297372037e+00
5.902216987619214095e+00
1.126313674124595465e+01
1.093864776199317923e+01
9.971810871356524331e+00
1.027041019122538223e+01
9.971810871356524331e+00
8.729107694231245773e+00
8.729107694231245773e+00
1.160823545854418448e+01
1.160823545854418448e+01
1.090131083425658076e+01
9.952655686343002017e+00
1.090131083425658076e+01
9.006826854272055982e+00
8.212858335908697072e+00
1.027025175371334242e+01
1.215762449765714237e+01
1.079340184583668183e+01
9.099071278084537084e+00
1.079340184583668183e+01
6.997666798147487377e+00
6.997666798147487377e+00
8.149904589511425712e+00
8.149904589511425712e+00
1.195359373540557790e+01
1.102658307577978292e+01
1.195359373540557790e+01
7.434109167030245935e+00
6.838029294885758169e+00
7.920992507647345526e+00
9.916854490548272949e+00
1.231324312919296027e+01
9.892263421545179014e+00
1.231324312919296027e+01
7.682211142812469085e+00
7.682211142812469085e+00
7.994237129103306749e+00
7.994237129103306749e+00
1.103787831722970658e+01
1.079756660295916859e+01
1.103787831722970658e+01
1.316633162288125725e+01
1.288482017223596543e+01
5.793379551049416598e+00
8.941268721156813370e+00
9.690482894741778708e+00
6.294556636605781463e+00
9.690482894741778708e+00
9.858277513739151843e+00
9.858277513739151843e+00
6.641859754184715747e+00
6.641859754184715747e+00
1.015357798563877800e+01
1.050742075379508300e+01
1.015357798563877800e+01
9.195385792072045206e+00
9.517919664533007307e+00
8.854636601902360127e+00
6.643783653955396495e+00
7.184671185386342529e+00
9.558096137194942443e+00
7.184671185386342529e+00
8.497921004036324888e+00
8.497921004036324888e+00
8.868527791817216510e+00
8.868527791817216510e+00
7.429025381902006231e+00
5.734884092258761612e+00
7.429025381902006231e+00
1.100294765479833536e+01
8.540626879654761083e+00
8.124205946675376211e+00
7.442003248337971222e+00
7.419372244115921333e+00
8.099665704744747785e+00
7.419372244115921333e+00
9.021288274090371928e+00
9.021288274090371928e+00
8.442189285998649595e+00
8.442189285998649595e+00
9.032947342550190939e+00
7.810389112441752602e+00
9.032947342550190939e+00
1.209263799648113213e+01
1.049214246358855007e+01
1.297207133901882159e+01
7.286676931915684108e+00
8.942379421517307136e+00
1.577503024667874598e+01
8.942379421517307136e+00
6.627028837743557332e+00
6.627028837743557332e+00
1.343038293223872159e+01
1.343038293223872159e+01
8.999054977954822121e+00
9.476995474916263262e+00
8.999054977954822121e+00
7.961540473069962154e+00
8.387690290905927881e+00
9.150422214783811015e+00
8.393593986502841275e+00
6.663133597861341961e+00
7.272631589383612649e+00
6.663133597861341961e+00
8.456529376062906778e+00
8.456529376062906778e+00
9.761825646875445628e+00
9.761825646875445628e+00
1.076264078765753673e+01
1.024405747035175196e+01
1.076264078765753673e+01
8.462688399559040064e+00
8.049443398519210646e+00
8.427457179616936855e+00
1.101506234996183764e+01
1.078931096216598817e+01
8.250983870931348108e+00
1.078931096216598817e+01
8.176152870487946700e+00
8.176152870487946700e+00
1.078847317395811345e+01
1.078847317395811345e+01
8.251241856543675368e+00
6.950929360625110576e+00
8.251241856543675368e+00
7.709901190581166297e+00
6.488964702698901910e+00
7.672914120064504573e+00
8.365787186541416176e+00
8.205427988361062575e+00
7.525249492563234277e+00
8.205427988361062575e+00
1.413095898174971232e+01
1.413095898174971232e+01
7.597928479013079439e+00
7.597928479013079439e+00
7.644718354820562389e+00
8.926696284497847245e+00
7.644718354820562389e+00
7.991163997040283462e+00
9.325348773230548005e+00
9.821947033203784372e+00
1.204316716906538254e+01
1.096918117973812201e+01
8.933067006303923918e+00
1.096918117973812201e+01
1.066854174917095932e+01
1.066854174917095932e+01
5.880873764032929607e+00
5.880873764032929607e+00
6.320268565232286306e+00
7.080559113385186620e+00
6.320268565232286306e+00
8.406755213780174429e+00
9.402799191451446603e+00
1.114657676172634915e+01
1.038103963216119219e+01
8.931903985696738602e+00
9.596652522987589862e+00
8.931903985696738602e+00
8.377218942521055922e+00
8.377218942521055922e+00
9.014216799375908806e+00
9.014216799375908806e+00
1.212465774476921609e+01
1.399970108687909764e+01
1.212465774476921609e+01
1.056724017630790513e+01
1.222956242881626743e+01
8.063524794446095711e+00
8.276789026570135377e+00
8.309387962293930840e+00
8.095333763278718564e+00
8.309387962293930840e+00
1.015300999810238025e+01
1.015300999810238025e+01
5.991841598114372225e+00
5.991841598114372225e+00
6.750541006851347170e+00
7.738702356636203206e+00
6.750541006851347170e+00
8.500747880921828425e+00
9.728633773292028053e+00
7.112956191447814547e+00
8.021023378884613919e+00
6.961493669178612009e+00
6.168076705254793346e+00
6.961493669178612009e+00
1.029228526996022275e+01
1.029228526996022275e+01
1.143196620794624074e+01
1.143196620794624074e+01
8.183836208700887127e+00
9.274533610597890387e+00
8.183836208700887127e+00
8.448813401647779386e+00
9.572143606433700214e+00
1.236431723899707791e+01
8.399485412746482638e+00
7.118047338295274251e+00
1.054039125680536770e+01
7.118047338295274251e+00
8.708890557319358905e+00
8.708890557319358905e+00
8.112046304674935371e+00
8.112046304674935371e+00
7.414873263613507071e+00
6.895995160206987329e+00
7.414873263613507071e+00
7.796448909631680912e+00
7.253197048910985600e+00
1.027992072532464896e+01
8.756002354031137358e+00
9.657491150814538017e+00
1.132334337178125949e+01
9.657491150814538017e+00
8.727735994012013165e+00
8.727735994012013165e+00
1.060738669522743116e+01
1.060738669522743116e+01
8.556602629736275389e+00
9.017638139537570652e+00
8.556602629736275389e+00
8.221397762266123621e+00
8.666183171222360926e+00
9.404932520118300943e+00
7.718728017407118003e+00
8.774961467439307938e+00
1.068043967437170494e+01
8.774961467439307938e+00
7.426902998006027268e+00
7.426902998006027268e+00
1.117624015891859557e+01
1.117624015891859557e+01
8.626169957144195877e+00
9.326202875340911191e+00
8.626169957144195877e+00
7.804306542919311696e+00
8.442066661074919764e+00
1.000769007077267680e+01
1.302205229200386150e+01
1.200546072692674215e+01
9.205319114674619385e+00
1.200546072692674215e+01
9.530167262616323853e+00
9.530167262616323853e+00
6.843130921390087273e+00
6.843130921390087273e+00
7.162259762947980057e+00
6.823088554695681651e+00
7.162259762947980057e+00
7.859248479943656385e+00
7.489519857694010518e+00
9.728676329273229229e+00
8.886336392449027954e+00
9.996300991756028154e+00
1.093402986435992297e+01
9.996300991756028154e+00
6.959801557456691157e+00
6.959801557456691157e+00
8.053524158399952171e+00
8.053524158399952171e+00
8.403443774160647806e+00
8.677015137574423775e+00
8.403443774160647806e+00
1.080938700754128412e+01
1.115213558894240364e+01
1.211654652644002006e+01
8.961447391820826169e+00
9.731795629134063930e+00
1.313609509135716635e+01
9.731795629134063930e+00
8.318490509515452658e+00
8.318490509515452658e+00
5.328664251898945992e+00
5.328664251898945992e+00
7.278208099587441637e+00
7.270845966609398303e+00
7.278208099587441637e+00
9.058156210513176987e+00
9.049109283366625789e+00
9.155940627929545883e+00
7.936507286881949952e+00
8.938805552381145603e+00
1.029489564928692680e+01
8.938805552381145603e+00
6.859627944542215694e+00
6.859627944542215694e+00
8.411619477718595306e+00
8.411619477718595306e+00
1.261206024780345736e+01
1.051579666948424752e+01
1.261206024780345736e+01
1.360120659330008763e+01
1.135236688252531501e+01
1.080718661959595295e+01
7.334904252815679371e+00
7.334157385007249452e+00
1.080612334919861972e+01
7.334157385007249452e+00
8.515101524748633466e+00
8.515101524748633466e+00
8.660672289560649162e+00
8.660672289560649162e+00
1.139801185778394021e+01
9.469071202465883630e+00
1.139801185778394021e+01
1.248112486150375844e+01
1.038777745235567096e+01
5.795688956477226483e+00
8.118674934987330616e+00
9.351839413551239488e+00
6.697733890348080976e+00
9.351839413551239488e+00
8.102480256302310835e+00
8.102480256302310835e+00
8.614033678692432972e+00
8.614033678692432972e+00
1.298237085451838624e+01
1.310060765929907589e+01
1.298237085451838624e+01
8.716710429119325809e+00
8.798883953393380253e+00
7.095421009170804538e+00
5.507322880483806138e+00
6.642660398007889100e+00
8.531360162272418890e+00
6.642660398007889100e+00
1.026992460625120174e+01
1.026992460625120174e+01
9.496229976424160668e+00
9.496229976424160668e+00
1.007184511111617198e+01
1.108493389282591401e+01
1.007184511111617198e+01
8.205675904450709268e+00
9.047289084119656266e+00
6.484928775813991741e+00
1.077686120184888985e+01
1.065635747837974634e+01
6.410350567782522546e+00
1.065635747837974634e+01
1.120135386468132843e+01
1.120135386468132843e+01
8.495266478780902020e+00
8.495266478780902020e+00
7.580792549969343597e+00
9.040219723021197140e+00
7.580792549969343597e+00
6.372201378416960438e+00
7.610777823278136900e+00
5.886782980343378213e+00
1.071295197226669593e+01
1.125480675696045907e+01
6.204595259767596183e+00
1.125480675696045907e+01
8.688402168483014165e+00
8.688402168483014165e+00
6.469664767044287501e+00
6.469664767044287501e+00
8.820322249501090894e+00
7.771379860782522186e+00
8.820322249501090894e+00
8.944594396015119742e+00
7.881689812256992944e+00
9.789351287128015500e+00
1.019532167037371195e+01
1.056242647376816635e+01
1.014285416788514560e+01
1.056242647376816635e+01
1.051697462887144496e+01
1.051697462887144496e+01
7.000499011897719726e+00
7.000499011897719726e+00
9.113015632558173706e+00
8.462389912944670911e+00
9.113015632558173706e+00
1.061085420657499512e+01
9.864905907234374993e+00
8.995532638793289237e+00
1.289110332351863697e+01
1.392367809390383471e+01
9.739983219199370268e+00
1.392367809390383471e+01
7.781111186247632538e+00
7.781111186247632538e+00
8.197648419127716579e+00
8.197648419127716579e+00
9.394507336056879154e+00
1.039762067652725541e+01
9.394507336056879154e+00
9.762815001078809729e+00
1.080315378761309830e+01
9.640638101553907546e+00
8.721368442368714113e+00
9.339646341179747679e+00
1.031547451867810317e+01
9.339646341179747679e+00
9.473935938908127241e+00
9.473935938908127241e+00
7.446943644054997868e+00
7.446943644054997868e+00
7.262461877027482693e+00
6.416129591984081948e+00
7.262461877027482693e+00
9.241334766038988846e+00
8.178989299473771624e+00
9.031795097250128634e+00
1.023661897653080466e+01
9.090107681238713155e+00
8.006831429035942804e+00
9.090107681238713155e+00
8.671406016473527600e+00
8.671406016473527600e+00
8.968573378788791572e+00
8.968573378788791572e+00
8.866564088404425448e+00
8.175473431805306390e+00
8.866564088404425448e+00
1.023014227439390922e+01
9.441050879324087930e+00
1.161527392200949649e+01
6.364953323262430018e+00
6.894639944419714617e+00
1.253535001505640523e+01
6.894639944419714617e+00
9.508548290696392513e+00
9.508548290696392513e+00
9.610472253921475527e+00
9.610472253921475527e+00
7.059309978508633954e+00
5.773261773811990238e+00
7.059309978508633954e+00
7.421647908728092879e+00
6.071943521116033970e+00
1.221130023523151920e+01
9.230798077588975303e+00
8.197849379819318827e+00
1.087764875581871671e+01
8.197849379819318827e+00
7.326228448048238029e+00
7.326228448048238029e+00
1.278180879369930167e+01
1.278180879369930167e+01
8.085260733182058956e+00
8.114697574790948664e+00
8.085260733182058956e+00
6.821909293592394619e+00
6.846978672995573056e+00
1.037808935992516091e+01
1.002462402098636751e+01
1.114247685421782919e+01
1.153122979160019490e+01
1.114247685421782919e+01
5.252797898286166500e+00
5.252797898286166500e+00
1.107370624318196128e+01
1.107370624318196128e+01
1.027153945497133236e+01
8.973565339876962810e+00
1.027153945497133236e+01
9.508085743845413162e+00
8.300168893446187468e+00
6.568920450110359077e+00
5.794386544050939669e+00
5.995840250262594928e+00
6.795720697579932690e+00
5.995840250262594928e+00
9.974462946856956336e+00
9.974462946856956336e+00
1.012979133577474755e+01
1.012979133577474755e+01
6.654870487760972786e+00
9.217242369733320118e+00
6.654870487760972786e+00
7.695338313783895323e+00
1.063693354617274345e+01
1.141303604061267052e+01
9.111147804056056287e+00
7.409176959342987701e+00
9.308575948537212597e+00
7.409176959342987701e+00
1.210453281686477744e+01
1.210453281686477744e+01
9.310252337727087379e+00
9.310252337727087379e+00
8.220988089816183120e+00
7.668446186109601825e+00
8.220988089816183120e+00
7.251432287869752358e+00
6.760894123823814716e+00
1.066606495500652763e+01
9.208539248584282078e+00
7.892425953632019819e+00
9.159859633228965237e+00
7.892425953632019819e+00
6.858277104268376334e+00
6.858277104268376334e+00
1.319155300346957915e+01
1.319155300346957915e+01
9.680741112121960867e+00
8.308711327245841716e+00
9.680741112121960867e+00
1.045898456007824606e+01
8.988356240729972413e+00
1.026020869710590233e+01
9.729913261817126013e+00
9.837543102382575455e+00
1.037338142749580960e+01
9.837543102382575455e+00
7.735280014007042126e+00
7.735280014007042126e+00
9.362289419684746150e+00
9.362289419684746150e+00
9.070059116919036768e+00
1.025846671773616769e+01
9.070059116919036768e+00
6.792100151491256455e+00
7.706287004916074324e+00
8.292727930386472934e+00
1.282515106425852913e+01
1.460237168111634531e+01
9.470550155296278305e+00
1.460237168111634531e+01
7.107734294987579915e+00
7.107734294987579915e+00
8.991013920527704428e+00
8.991013920527704428e+00
9.904320038452530284e+00
1.066517555356395874e+01
9.904320038452530284e+00
7.537866520372605628e+00
8.128506436868304874e+00
8.703405393623894426e+00
9.575844582870743693e+00
7.389947483613081403e+00
6.709299809291832339e+00
7.389947483613081403e+00
8.707601708608642355e+00
8.707601708608642355e+00
6.869973666527394052e+00
6.869973666527394052e+00
9.003662778168324721e+00
7.884574193590794700e+00
9.003662778168324721e+00
1.036219379760171933e+01
9.091309385491774364e+00
1.221930280580521888e+01
1.107673562691931757e+01
1.231302208823283451e+01
1.356966442111367144e+01
1.231302208823283451e+01
8.727883328728244905e+00
8.727883328728244905e+00
7.482045925012782206e+00
7.482045925012782206e+00
9.652706260661984672e+00
9.732607944428830038e+00
9.652706260661984672e+00
1.049735137714036703e+01
1.058349676131410178e+01
9.233873653727748376e+00
5.628689978256796955e+00
6.382547234903604760e+00
1.043661706218350815e+01
6.382547234903604760e+00
6.815101789480380035e+00
6.815101789480380035e+00
7.287348243473155129e+00
7.287348243473155129e+00
9.701182881250998591e+00
1.044534045395486999e+01
9.701182881250998591e+00
9.973085846508091379e+00
1.073647657553261681e+01
1.014060579993419076e+01
8.308676544343072123e+00
8.947014241759603692e+00
1.090626190695312658e+01
8.947014241759603692e+00
8.219365509785790280e+00
8.219365509785790280e+00
1.143454524070695122e+01
1.143454524070695122e+01
1.025994167411012903e+01
8.624611465323425818e+00
1.025994167411012903e+01
9.844254591196172299e+00
8.271326653395068007e+00
4.964431934877001851e+00
6.464769687848966662e+00
8.068429906536001894e+00
6.215284112343014478e+00
8.068429906536001894e+00
7.381028615148087724e+00
7.381028615148087724e+00
9.743397246320478544e+00
9.743397246320478544e+00
9.318254067011528363e+00
9.073454745388653819e+00
9.318254067011528363e+00
9.143006250888177533e+00
8.902461304553298760e+00
7.319911913479948851e+00
6.528938886575071265e+00
8.171884414814895692e+00
9.143793273115949916e+00
8.171884414814895692e+00
1.260961479168208044e+01
1.260961479168208044e+01
9.577916300442501196e+00
9.577916300442501196e+00
1.046381585113231871e+01
1.013200697583793897e+01
1.046381585113231871e+01
7.043714942063683537e+00
6.813176930195424141e+00
6.864359522000047953e+00
9.479865575158203939e+00
8.845260946479296393e+00
6.396652112480025743e+00
8.845260946479296393e+00
1.236823316325265409e+01
1.236823316325265409e+01
9.789088758986135730e+00
9.789088758986135730e+00
8.145166873367182703e+00
9.767574337307125987e+00
8.145166873367182703e+00
7.927841279172355371e+00
9.510451856850087538e+00
7.883018736133974969e+00
8.676191618285507445e+00
8.974024587287193100e+00
8.155302600106319133e+00
8.974024587287193100e+00
1.414908592248684016e+01
1.414908592248684016e+01
7.999268624038643694e+00
7.999268624038643694e+00
6.859647154919613854e+00
8.190571046414568457e+00
6.859647154919613854e+00
6.952255767924129692e+00
8.300037919639628115e+00
1.013538069221795013e+01
1.208615906533492002e+01
9.354233237748177388e+00
7.821099188698608096e+00
9.354233237748177388e+00
9.408420853088879099e+00
9.408420853088879099e+00
8.786742196001847915e+00
8.786742196001847915e+00
8.546571267239521319e+00
8.511891018573608747e+00
8.546571267239521319e+00
1.145027798657046070e+01
1.140511674878732862e+01
8.494147385718791909e+00
9.470228783824309104e+00
1.057373011061762114e+01
9.492176919057209616e+00
1.057373011061762114e+01
7.631614719253905221e+00
7.631614719253905221e+00
6.232370018417146440e+00
6.232370018417146440e+00
6.756305528891137335e+00
6.041293664023267951e+00
6.756305528891137335e+00
1.343604755222775182e+01
1.209543275397031969e+01
8.690567307426007915e+00
7.386419897412646485e+00
7.434015078459581538e+00
8.746163889168558470e+00
7.434015078459581538e+00
8.918380088848689269e+00
8.918380088848689269e+00
7.360913873506265581e+00
7.360913873506265581e+00
9.922905982205721287e+00
1.164216397386976531e+01
9.922905982205721287e+00
9.016415787890791123e+00
1.059390457620268400e+01
8.258839165567547269e+00
8.073555198084065410e+00
8.011440800198871059e+00
8.195426723881523046e+00
8.011440800198871059e+00
7.944717572142327100e+00
7.944717572142327100e+00
8.895603795585824258e+00
8.895603795585824258e+00
8.399126480297800512e+00
7.247994063834844347e+00
8.399126480297800512e+00
1.148869951617096064e+01
9.938673826059602590e+00
1.156485328623517717e+01
7.711280344231123962e+00
8.489124172009507419e+00
1.269593929577689373e+01
8.489124172009507419e+00
9.891647027515151791e+00
9.891647027515151791e+00
8.800533588396426410e+00
8.800533588396426410e+00
9.631155904138440249e+00
8.791525921522966414e+00
9.631155904138440249e+00
5.045055839053242508e+00
4.582372709769205521e+00
9.587493823730234510e+00
8.351503938034717578e+00
1.014891273888222223e+01
1.161891024094466651e+01
1.014891273888222223e+01
7.417936883979050933e+00
7.417936883979050933e+00
9.776138894792019585e+00
9.776138894792019585e+00
8.443382637736501550e+00
7.884750077116325251e+00
8.443382637736501550e+00
8.382570642981912457e+00
7.827730959369154640e+00
1.081769246313868216e+01
1.289159293598669187e+01
1.269692040802013366e+01
1.065180812573804303e+01
1.269692040802013366e+01
6.122811218662534749e+00
6.122811218662534749e+00
1.051912786630391317e+01
1.051912786630391317e+01
1.075560641295778552e+01
9.045953762787979358e+00
1.075560641295778552e+01
8.879528011389007602e+00
7.446661202426233750e+00
9.276572248654282760e+00
1.082184993442025167e+01
1.151875681465903156e+01
9.882665319265901971e+00
1.151875681465903156e+01
7.133472393784147769e+00
7.133472393784147769e+00
8.591715925827665856e+00
8.591715925827665856e+00
1.201184058452837355e+01
9.047895095152599154e+00
1.201184058452837355e+01
7.504805611455457104e+00
5.610082257350701873e+00
7.207037788543364520e+00
8.735421226829222618e+00
1.008104147134170425e+01
8.330914687786775019e+00
1.008104147134170425e+01
1.133677481328615855e+01
1.133677481328615855e+01
7.733315803701746205e+00
7.733315803701746205e+00
7.298843022493866961e+00
8.005478517231637170e+00
7.298843022493866961e+00
8.674281915014745437e+00
9.507377552855661662e+00
9.704321224629609333e+00
1.096607577861802874e+01
9.898158888542987199e+00
8.752128731174220633e+00
9.898158888542987199e+00
6.323173855067032889e+00
6.323173855067032889e+00
9.067253432862594664e+00
9.067253432862594664e+00
6.822748889399858463e+00
6.331501688138382988e+00
6.822748889399858463e+00
8.528595799442905800e+00
7.919897957504275610e+00
1.107653331052580548e+01
9.445723378776454737e+00
8.003283258650302656e+00
9.415072681085161932e+00
8.003283258650302656e+00
7.986316586185754574e+00
7.986316586185754574e+00
9.023330653568299553e+00
9.023330653568299553e+00
1.177059962998711740e+01
1.108638143433501355e+01
1.177059962998711740e+01
1.257770806652239948e+01
1.185059215856372461e+01
9.161101814537992993e+00
8.378840526095789443e+00
7.570973680319593058e+00
8.281643465218543554e+00
7.570973680319593058e+00
8.026893681131564762e+00
8.026893681131564762e+00
1.100672170878926437e+01
1.100672170878926437e+01
1.093699813667534571e+01
1.288163580506912709e+01
1.093699813667534571e+01
8.741986309481278639e+00
1.032313353549174906e+01
9.410661957916721221e+00
7.419317539860876387e+00
6.465417447569243414e+00
8.223554309479995439e+00
6.465417447569243414e+00
8.802640788343804701e+00
8.802640788343804701e+00
1.260799079473388318e+01
1.260799079473388318e+01
1.021032004021187056e+01
1.036120978512471069e+01
1.021032004021187056e+01
7.550852188376830476e+00
7.664379400781926144e+00
7.673577635700735478e+00
7.819165999016772339e+00
6.588518722416709217e+00
6.464508697578523311e+00
6.588518722416709217e+00
7.778817966554572472e+00
7.778817966554572472e+00
9.035094973626332404e+00
9.035094973626332404e+00
8.211637955445505455e+00
8.334913144382705141e+00
8.211637955445505455e+00
8.060539658463435231e+00
8.181733339429635876e+00
1.131215185200344919e+01
9.266883231016489475e+00
8.110719319802567995e+00
9.913853559918932135e+00
8.110719319802567995e+00
8.436767897929511761e+00
8.436767897929511761e+00
1.238569231524798830e+01
1.238569231524798830e+01
8.191757130024649669e+00
9.532263203112089300e+00
8.191757130024649669e+00
7.656708264015495757e+00
8.915775919602168642e+00
9.135959347669023956e+00
9.260467162053467760e+00
9.410662127860540238e+00
9.284254952394956462e+00
9.410662127860540238e+00
6.145622893016389199e+00
6.145622893016389199e+00
8.464559230375899190e+00
8.464559230375899190e+00
8.560693115217910432e+00
1.029991214323166737e+01
8.560693115217910432e+00
7.312345623618090151e+00
8.810659395311370545e+00
9.124104984738798052e+00
1.122064022736566891e+01
9.688342405028704363e+00
7.861478801899264290e+00
9.688342405028704363e+00
6.127847118553375161e+00
6.127847118553375161e+00
7.704381113696294747e+00
7.704381113696294747e+00
1.072362419590472804e+01
1.109069755524824075e+01
1.072362419590472804e+01
1.238321097343235877e+01
1.280018249892356330e+01
8.569451277873241679e+00
8.821760285774086441e+00
9.350031355500266983e+00
9.083686918158587531e+00
9.350031355500266983e+00
1.072982836880583335e+01
1.072982836880583335e+01
7.009391885184840021e+00
7.009391885184840021e+00
1.517158990697284082e+01
1.366016850960870599e+01
1.517158990697284082e+01
1.155096130660622045e+01
1.036604762310976469e+01
7.706182032847440411e+00
8.014773134049681502e+00
6.995185641486544093e+00
6.724514913026792051e+00
6.995185641486544093e+00
9.690495819023011492e+00
9.690495819023011492e+00
5.587618236958114437e+00
5.587618236958114437e+00
7.847289953904660109e+00
8.535346825323193443e+00
7.847289953904660109e+00
9.533822133161923063e+00
1.035562858889423410e+01
7.797469547711466831e+00
6.062491455516885175e+00
5.925008753593841604e+00
7.622367703033166464e+00
5.925008753593841604e+00
1.125543776697213438e+01
1.125543776697213438e+01
1.031264411554832883e+01
1.031264411554832883e+01
5.080685649547779015e+00
5.580918905214003800e+00
5.080685649547779015e+00
1.025408169247396550e+01
1.121068967648549908e+01
1.010984043227302642e+01
9.096495916036424489e+00
8.538621266515896480e+00
9.494484165744008664e+00
8.538621266515896480e+00
9.760661642373596791e+00
9.760661642373596791e+00
1.087878470458169744e+01
1.087878470458169744e+01
5.971395039385071435e+00
7.204337537625950638e+00
5.971395039385071435e+00
6.348974970851162247e+00
7.656455078257797808e+00
1.139765669784148372e+01
8.470532531912107643e+00
7.608575017136357310e+00
1.025760148485122691e+01
7.608575017136357310e+00
7.588452051484619432e+00
7.588452051484619432e+00
1.351733000965755238e+01
1.351733000965755238e+01
8.028315153634414614e+00
8.855938738968648138e+00
8.028315153634414614e+00
8.694647298208266761e+00
9.583793383961014101e+00
8.915738316731601998e+00
9.821535703685995600e+00
9.679671707585653095e+00
8.786228330554298083e+00
9.679671707585653095e+00
9.053334320261191337e+00
9.053334320261191337e+00
8.898828539917154501e+00
8.898828539917154501e+00
1.113311088735809307e+01
1.298431205914774900e+01
1.113311088735809307e+01
5.248943349457199758e+00
6.162324031175954175e+00
1.041031447993466230e+01
1.111547507378979027e+01
8.570605517674341201e+00
8.021878260507884661e+00
8.570605517674341201e+00
9.345492480318727146e+00
9.345492480318727146e+00
8.466475114749275832e+00
8.466475114749275832e+00
9.227158823938937715e+00
1.078625015849803681e+01
9.227158823938937715e+00
6.908620269280423720e+00
8.102220228108059530e+00
7.944470475209604032e+00
1.060979089332108316e+01
9.070755271067275416e+00
6.762282885653847941e+00
9.070755271067275416e+00
1.059304919210570617e+01
1.059304919210570617e+01
7.156118837771358265e+00
7.156118837771358265e+00
8.350444395179628998e+00
9.095347599677531036e+00
8.350444395179628998e+00
9.511612919240384656e+00
1.034944932700749476e+01
8.169383864539129902e+00
1.048860160040469403e+01
1.196343300661878750e+01
9.336168346044035005e+00
1.196343300661878750e+01
7.884866354472941374e+00
7.884866354472941374e+00
7.671249917649731742e+00
7.671249917649731742e+00
6.636419934456952774e+00
6.614911387119438935e+00
6.636419934456952774e+00
1.038168283556906601e+01
1.034926114182076873e+01
9.542416481854477439e+00
7.149728172126954995e+00
5.979300734890546920e+00
7.999201037057127373e+00
5.979300734890546920e+00
9.756581600943878385e+00
9.756581600943878385e+00
8.852182525639433308e+00
8.852182525639433308e+00
9.555880482708539958e+00
1.119666647198037168e+01
9.555880482708539958e+00
1.005669443362147852e+01
1.177606725136873678e+01
1.080619092190445230e+01
8.722961864636779694e+00
8.333855889996012678e+00
1.033394394702056474e+01
8.333855889996012678e+00
6.457104812691629725e+00
6.457104812691629725e+00
1.002267570659816620e+01
1.002267570659816620e+01
1.105817261173416988e+01
1.054926551653629119e+01
1.105817261173416988e+01
9.249994240911096455e+00
8.818734337199758855e+00
8.600130437978446452e+00
7.225008719916965916e+00
7.918933773060234493e+00
9.414496243455948488e+00
7.918933773060234493e+00
7.163103318685836385e+00
7.163103318685836385e+00
9.910441146009834057e+00
9.910441146009834057e+00
1.256534197750385928e+01
1.333210403276665446e+01
1.256534197750385928e+01
9.239317639326007026e+00
9.823409265860787443e+00
7.308778270833792057e+00
6.186392201908356370e+00
6.512586980436479323e+00
7.690141384732145369e+00
6.512586980436479323e+00
9.443267014255026126e+00
9.443267014255026126e+00
8.739930327772077234e+00
8.739930327772077234e+00
9.002037009221210084e+00
6.189832061866334278e+00
9.002037009221210084e+00
1.036453445460022671e+01
7.147349303089851169e+00
1.009141740421823386e+01
6.865802866207225463e+00
7.924161160935619286e+00
1.160824009521978795e+01
7.924161160935619286e+00
7.712809198730809612e+00
7.712809198730809612e+00
8.955402073752301462e+00
8.955402073752301462e+00
8.807075566283119272e+00
8.973527850965425046e+00
8.807075566283119272e+00
1.138179126862831403e+01
1.159317491606606509e+01
7.871682007222323918e+00
5.760648478307836662e+00
8.087365935300256936e+00
1.098112193767180678e+01
8.087365935300256936e+00
5.422434639664380995e+00
5.422434639664380995e+00
9.435968600542366858e+00
9.435968600542366858e+00
9.506017307872847155e+00
9.415614097317204667e+00
9.506017307872847155e+00
1.027689431987479907e+01
1.017957627271917787e+01
8.797153395460906466e+00
8.938069772797090806e+00
9.033566871613350813e+00
8.891260070429741091e+00
9.033566871613350813e+00
6.575403910842868349e+00
6.575403910842868349e+00
1.281174741232998393e+01
1.281174741232998393e+01
1.024946375126294562e+01
9.695364430906808551e+00
1.024946375126294562e+01
8.174175732250359872e+00
7.725349185456373391e+00
7.791220069515246927e+00
6.456783286818979839e+00
6.720193186312459765e+00
8.106576284528644649e+00
6.720193186312459765e+00
1.152875335108405253e+01
1.152875335108405253e+01
9.067323829207806440e+00
9.067323829207806440e+00
1.337184995401751841e+01
1.121407877700907285e+01
1.337184995401751841e+01
9.100555833759960578e+00
7.599083053783546760e+00
8.165058550276778959e+00
1.017712935162826859e+01
1.073572924821303509e+01
8.621068409530099785e+00
1.073572924821303509e+01
1.075934555532668035e+01
1.075934555532668035e+01
1.035046130191305380e+01
1.035046130191305380e+01
7.225531072535712696e+00
7.628086503727583789e+00
7.225531072535712696e+00
5.804580380826643626e+00
6.131886006500729458e+00
1.045020428004670165e+01
1.004761501043167371e+01
9.480545124768426035e+00
9.861999200797580301e+00
9.480545124768426035e+00
8.277395727676957193e+00
8.277395727676957193e+00
7.726789392366464782e+00
7.726789392366464782e+00
1.042522403212507776e+01
9.627159860769699762e+00
1.042522403212507776e+01
9.580553053155338006e+00
8.841922547421741996e+00
5.578505029290299788e+00
9.283862841031057300e+00
9.412476219284732437e+00
5.657440007900038204e+00
9.412476219284732437e+00
7.181836154404186878e+00
7.181836154404186878e+00
8.256519922559409252e+00
8.256519922559409252e+00
9.599452160363366460e+00
8.190578997492819369e+00
9.599452160363366460e+00
9.807198778019532881e+00
8.369614846615823112e+00
7.607583976162232808e+00
1.254603889961515328e+01
1.319418747955519855e+01
8.012852957554107647e+00
1.319418747955519855e+01
1.238641688920273509e+01
1.238641688920273509e+01
8.964857704086766077e+00
8.964857704086766077e+00
8.593995032289219793e+00
