1.713471246133426007e+01
1.551938144160176236e+01
2.024482225885481768e+01
2.235277258110595966e+01
1.830441748629216647e+01
1.813493628121947410e+01
1.830441748629216647e+01
1.340078057266801714e+01
1.327798171172540975e+01
1.465569849015067305e+01
1.244793924676105767e+01
1.220724549078743948e+01
1.435605081622513879e+01
1.200763847097978854e+01
1.988742643169789304e+01
2.183228447724736299e+01
2.058372956126449438e+01
1.875012321597861487e+01
1.422996961022247930e+01
1.468969132342893680e+01
1.422996961022247930e+01
1.376709919560599360e+01
1.418733206129414093e+01
1.852595532845626281e+01
2.925591891171326608e+01
2.618428351147409927e+01
1.658485053780523799e+01
2.679594577390787791e+01
1.970210813997824673e+01
1.726362505703341554e+01
1.795107437357242119e+01
2.048609383467239198e+01
1.373162076138830123e+01
1.321214901825913657e+01
1.373162076138830123e+01
1.106306549677816875e+01
1.062279086195696998e+01
1.401238667595699106e+01
1.611011863352556261e+01
1.604616362683690767e+01
1.395360652722069617e+01
1.502408384025556209e+01
1.922996951613933092e+01
2.153435760038485824e+01
1.343290873405364039e+01
1.199541464716995165e+01
1.126963898132768449e+01
1.192139976023474546e+01
1.126963898132768449e+01
1.668214749932007379e+01
1.769616994447666158e+01
2.165756099033942661e+01
2.196414417817099363e+01
1.479192453658950335e+01
1.459334783927750578e+01
1.505689696477507766e+01
2.235308874958361613e+01
1.749887394137894248e+01
1.351836596547071068e+01
1.726867705660551522e+01
1.577765034645437403e+01
1.549797305084523558e+01
1.577765034645437403e+01
1.598207060310046401e+01
1.568521198718652876e+01
1.931057179976298244e+01
1.864987070349556930e+01
1.834974772064578374e+01
1.899368716672008617e+01
1.845707086401727892e+01
1.710438165562599266e+01
1.729360230383493402e+01
1.736602681219384436e+01
1.717602395691315920e+01
1.399344577236729847e+01
1.436863915762448052e+01
1.399344577236729847e+01
2.340081269138768860e+01
2.405002482459196855e+01
1.157238855822996904e+01
1.676897039514516763e+01
1.491281421190514322e+01
1.027743988893190163e+01
1.506585375877054922e+01
2.244085993779293986e+01
1.813153361099847771e+01
1.282723579440999018e+01
1.587576772325462215e+01
1.855429488460354648e+01
2.022663515559746727e+01
1.855429488460354648e+01
1.444331031076071170e+01
1.577152149909250767e+01
1.433557149737720415e+01
1.576802064620019017e+01
1.701823257742623952e+01
1.547731505369987559e+01
1.707526544862944107e+01
1.898279375288233339e+01
2.365230468901807370e+01
2.222844107495195232e+01
1.783952962473095383e+01
1.239395571128993367e+01
1.329685129146983691e+01
1.239395571128993367e+01
1.848935817480844435e+01
1.992005285955617566e+01
1.694417710716422576e+01
1.369663233822679871e+01
1.300286849092221253e+01
1.604540576803292495e+01
1.274903737672300252e+01
2.654540683437634030e+01
2.025819469391600691e+01
1.448894946297236075e+01
1.898576621918903129e+01
1.698473340956644861e+01
1.575177624721369263e+01
1.698473340956644861e+01
1.251631761724542002e+01
1.161981374419914381e+01
1.339540525276825456e+01
1.115710405555941342e+01
1.635546310430783734e+01
1.966833117980369394e+01
1.681282234301760425e+01
1.524405973780209145e+01
1.531582382965972222e+01
2.104525470763952200e+01
2.094662665694752235e+01
1.223420409448213064e+01
1.211590023965382557e+01
1.223420409448213064e+01
1.270979439176964831e+01
1.258817204768222986e+01
1.830968188545184816e+01
1.796366902684417255e+01
1.840148726215782560e+01
1.876103557075233752e+01
1.821558194649025708e+01
1.908232156320132233e+01
1.475025555681738432e+01
1.650454586998492346e+01
2.135132156904627720e+01
2.448380309660434762e+01
2.524516101446925020e+01
2.448380309660434762e+01
1.462968339038541998e+01
1.506594768818337116e+01
1.454433276328589919e+01
1.787637610905566632e+01
1.664067642175952955e+01
1.351067637034847202e+01
1.602648828847501505e+01
1.608379688732711088e+01
1.410680836122307369e+01
1.676085110158652469e+01
1.910981799455104380e+01
2.234424717651338099e+01
2.298036548075989316e+01
2.234424717651338099e+01
1.317437858541621409e+01
1.351079499338048606e+01
1.569657075989013251e+01
1.997148890112273989e+01
1.752427677139709417e+01
1.385306450625132513e+01
1.724338951370361528e+01
1.583273449808123701e+01
1.376193585449227541e+01
1.287332526097500818e+01
1.481026925536303729e+01
2.190766772539526386e+01
2.208668983830744637e+01
2.190766772539526386e+01
2.297633899561499149e+01
2.317333819966274788e+01
9.387542508676766317e+00
1.382874556461161575e+01
1.485224422966543223e+01
1.010737991422042015e+01
1.556033217650493228e+01
2.248709075520763179e+01
1.876697393668079172e+01
1.511457002939682503e+01
1.811147767401092068e+01
2.042074023303674579e+01
2.018973146052879386e+01
2.042074023303674579e+01
1.957392705287420043e+01
1.935673448004772723e+01
1.764828960776138445e+01
1.297402506180918458e+01
1.182192973880904141e+01
1.605206292527472911e+01
1.206608432367952766e+01
1.653579438559765080e+01
1.781579202205577417e+01
1.483819694697164415e+01
1.377209734264114083e+01
1.434902302803655694e+01
1.555889837623461247e+01
1.434902302803655694e+01
1.961023917340018841e+01
2.138096495027682309e+01
1.312635654179869249e+01
1.206061531078452731e+01
1.278706017957456886e+01
1.391727771912880307e+01
1.274836120242214754e+01
1.734993455456745082e+01
1.722551217907454557e+01
1.708754234455322418e+01
1.721098700377545399e+01
1.342313894873636926e+01
1.407123157194978269e+01
1.342313894873636926e+01
2.013072614094283352e+01
2.117568166992374046e+01
3.255349548673943616e+01
1.892595548062357835e+01
1.374778648841495254e+01
2.343088319320209223e+01
1.328224696995302700e+01
1.215116040879009773e+01
1.197071111064540894e+01
2.090207974154640880e+01
2.121757454739403670e+01
2.295407412794637381e+01
2.257367696325398754e+01
2.295407412794637381e+01
1.462626040188955123e+01
1.438955415317030884e+01
1.345651864863234692e+01
1.239298633953691464e+01
1.198874048362892175e+01
1.303316941537334905e+01
1.194089758994010175e+01
2.246696837714749861e+01
2.426380028352523510e+01
2.081617763934024268e+01
1.927461973065624434e+01
1.810979136498443509e+01
1.841132558424551036e+01
1.810979136498443509e+01
1.400697006843814130e+01
1.423049973860007533e+01
1.548652759949995072e+01
1.984045824502868882e+01
2.330830215053628507e+01
1.818485582786071575e+01
2.377923256160709542e+01
1.937127013007405552e+01
1.682621071529868217e+01
1.694655557378093036e+01
1.950976502942623370e+01
1.287762865415651170e+01
1.359691300418711890e+01
1.287762865415651170e+01
1.202498815969223322e+01
1.268504816605595309e+01
1.291664261016237703e+01
1.427410206713950203e+01
1.560882285714557050e+01
1.412358377501922746e+01
1.540016044890369962e+01
2.311094061636891794e+01
2.222528259740222012e+01
1.550451642589024459e+01
1.612174882336798021e+01
1.329886410820917853e+01
1.261887314312645891e+01
1.329886410820917853e+01
1.620437972781232716e+01
1.536611959504351788e+01
2.050609452984015846e+01
2.504181275582447341e+01
1.971264261455091571e+01
1.611881627298452102e+01
1.979277844624989413e+01
1.816382745557694633e+01
1.874034359065457167e+01
1.033409913908558941e+01
1.001621582374559694e+01
1.520538977357774790e+01
1.468290872269943392e+01
1.520538977357774790e+01
1.705910171161754718e+01
1.644627090707319894e+01
1.666649526407815429e+01
1.548112632484231810e+01
1.401873409556503347e+01
1.510175445254382076e+01
1.405567414914560587e+01
1.970177828432419886e+01
1.751818967327793075e+01
1.656623719096397451e+01
1.863120133510803456e+01
1.906631490426332931e+01
1.793101598566660115e+01
1.906631490426332931e+01
2.057891974690957326e+01
1.939817061313887336e+01
1.614911241752316329e+01
1.641469343573551853e+01
1.337965557927341465e+01
1.316345470658161076e+01
1.351151852159955347e+01
1.530312497747330625e+01
1.749710883052437893e+01
1.299591879657451621e+01
1.136634718745927231e+01
1.834738146915463020e+01
1.758481502155477472e+01
1.834738146915463020e+01
1.771319561251345931e+01
1.694828615100065505e+01
1.402326759578665083e+01
1.584175032225370394e+01
1.584220671401669911e+01
1.401162808116828806e+01
1.581398300362235965e+01
1.747436671273705500e+01
1.820753423546490168e+01
2.005258095900308746e+01
1.924508986611036931e+01
1.447225761536896904e+01
1.390161260849248670e+01
1.447225761536896904e+01
2.074582135131669247e+01
1.992222623062597364e+01
1.937694842018859376e+01
1.342175114658806301e+01
1.305974505048430245e+01
1.896635581055452846e+01
1.280819802654994000e+01
1.822575271639674455e+01
1.835668213960430251e+01
2.004220777990781599e+01
1.989930543268941321e+01
1.442245157588783400e+01
1.475597048368083897e+01
1.442245157588783400e+01
1.306355244750458588e+01
1.336993835452113544e+01
1.887312576012670107e+01
1.563391067313984806e+01
1.723186163793365111e+01
2.077356616197002381e+01
1.771742892475108988e+01
1.334499149416126507e+01
1.738339103365444771e+01
2.207611315869343827e+01
1.694726260302213916e+01
1.232513072083744454e+01
1.210039642455208231e+01
1.232513072083744454e+01
1.550054671894862146e+01
1.522109317362462377e+01
2.306512629082813604e+01
1.889924276606084064e+01
1.284050305688672289e+01
1.565414457666841308e+01
1.286131654257670398e+01
1.306897769413476418e+01
1.328530831289037017e+01
2.263541489481910673e+01
2.226693942325585596e+01
1.856250188251365785e+01
1.810288260020857365e+01
1.856250188251365785e+01
1.475043500340949620e+01
1.439274603240193606e+01
1.619950440527908242e+01
2.164013553571509973e+01
2.016236484867367906e+01
1.505869418214402344e+01
1.963935843509544199e+01
1.926626230953720409e+01
2.196481438296093103e+01
1.762596463829796178e+01
1.546069391947591498e+01
1.094812552672643235e+01
1.110849377039276753e+01
1.094812552672643235e+01
1.596975246548604765e+01
1.620897711836291322e+01
1.984592293444455180e+01
1.809193035181126064e+01
1.259804439554337563e+01
1.380704626833908222e+01
1.262292055331778506e+01
2.518848980043377850e+01
1.710663608169134875e+01
1.423789215340986125e+01
2.096565596091378936e+01
1.488860384980687535e+01
1.472452689482115318e+01
1.488860384980687535e+01
1.485408873240229433e+01
1.467835230791417978e+01
2.051878943319814042e+01
1.496788879041341858e+01
1.695211425675724470e+01
2.319987613162447460e+01
1.718748620225376911e+01
1.714369074933761539e+01
1.995503660304157378e+01
1.466626124165495249e+01
1.260017143122115080e+01
1.233272687135332824e+01
1.233653138434431717e+01
1.233272687135332824e+01
2.092321441483800371e+01
2.092993655641748418e+01
1.859576455354171287e+01
1.545048026740393254e+01
1.200211884447821831e+01
1.442160008539913996e+01
1.252192186392052342e+01
1.532005440478666536e+01
1.409938867496551396e+01
1.430277378477627970e+01
1.554104827225184415e+01
2.360275302707876222e+01
2.516667697054462138e+01
2.360275302707876222e+01
2.579992262726744556e+01
2.753813049195217033e+01
1.696192292702281179e+01
1.164925855401842014e+01
1.113796548517897733e+01
1.621749573352790463e+01
1.100687658809649960e+01
1.673381384834527097e+01
2.040921746794466074e+01
2.460333820565070084e+01
2.017291529649740411e+01
1.105471973582725731e+01
1.187256262180701682e+01
1.105471973582725731e+01
1.931817524582558931e+01
2.078516444499275551e+01
1.166203570768899667e+01
1.678931514544433057e+01
1.364590584705165810e+01
9.509116581563212378e+00
1.327728642125776126e+01
1.457254366498201570e+01
1.407987999363749410e+01
1.720190630493377881e+01
1.780347529941761664e+01
2.564096423946780945e+01
2.555474442943910773e+01
2.564096423946780945e+01
1.894714631892399481e+01
1.888941636650540445e+01
1.092179805335883458e+01
8.517377427515810950e+00
1.191611252145295730e+01
1.523229134411426955e+01
1.186011803017293609e+01
1.736261100461876339e+01
1.745283439050978913e+01
1.857552785784335470e+01
1.847952528634429115e+01
1.835043466132183099e+01
1.773107999429711867e+01
1.835043466132183099e+01
1.575726664692488477e+01
1.525280633830363541e+01
1.297527412332814656e+01
2.071928866029876914e+01
1.917037234289258407e+01
1.200165940907043982e+01
1.995116673331263613e+01
1.548339994138048681e+01
1.705622160915362429e+01
1.618889310295356410e+01
1.469665667121174302e+01
2.028643698177062049e+01
1.915836594802041049e+01
2.028643698177062049e+01
1.785065149917533134e+01
1.688425635835571725e+01
8.119819481071344214e+00
1.519354119013243576e+01
1.960795494755920387e+01
1.051329847606885082e+01
1.907056589068049135e+01
1.761957036963847045e+01
1.866204063916324785e+01
1.328388851385073544e+01
1.254225334823369842e+01
1.597954521724106058e+01
1.663567393974801689e+01
1.597954521724106058e+01
1.277771070651024488e+01
1.330374885855690792e+01
2.100307288235811143e+01
2.190224090678409041e+01
2.195795613206309582e+01
2.105860166047485293e+01
2.192971800614146360e+01
1.796279726585977343e+01
2.093638467808035131e+01
1.419612692099171625e+01
1.217943114846690200e+01
1.680939412174692649e+01
1.725751810440670653e+01
1.680939412174692649e+01
2.104920377160173217e+01
2.163583362986397063e+01
1.536765342184478556e+01
2.165490616526255607e+01
2.519901192348325480e+01
1.792649094606719729e+01
2.562660362641144829e+01
1.380875110510819859e+01
1.257627726626553688e+01
1.439894098871620898e+01
1.581003194343490215e+01
1.962835873963150135e+01
1.897152635297029022e+01
1.962835873963150135e+01
2.103976170895229103e+01
2.033174445257167307e+01
1.408893080694641498e+01
1.283908214186016927e+01
1.421253288947852411e+01
1.558305533568835699e+01
1.410892203619284757e+01
1.610329135205617135e+01
1.854177930288904719e+01
1.385818087837559354e+01
1.203578361524057705e+01
1.455276457124796252e+01
1.510683349830744326e+01
1.455276457124796252e+01
1.927867537480707583e+01
2.004845016055006823e+01
1.373555287813938719e+01
1.506295849981033363e+01
1.263560140656216824e+01
1.150334171549759787e+01
1.305967483076494595e+01
2.002707743633859394e+01
2.247119511152233073e+01
2.490084750659228163e+01
2.219247590752369703e+01
1.186243335771959195e+01
1.217363412203402362e+01
1.186243335771959195e+01
1.712231206477513012e+01
1.758692768618523417e+01
2.467398189694402078e+01
1.406220963530273238e+01
1.234353147104705073e+01
2.157770928872495020e+01
1.186807996525256392e+01
1.337062610383179262e+01
1.823478015729153867e+01
1.873577697002239972e+01
1.373811358831332896e+01
1.543344204348970017e+01
1.648645216617097375e+01
1.543344204348970017e+01
1.471668387622380081e+01
1.572688645309549749e+01
1.812182069207387869e+01
1.346341106615627758e+01
1.520044769294028519e+01
2.052153080247949646e+01
1.546588075589938427e+01
1.446409673266958684e+01
1.646530321547066222e+01
2.221212330743942687e+01
1.951226522379588957e+01
1.264466282794036189e+01
1.263022946481348718e+01
1.264466282794036189e+01
1.460277830182958603e+01
1.458660439918282847e+01
1.994900179093633241e+01
1.979877286421582383e+01
1.739627113710532669e+01
1.752174826954345477e+01
1.693103667754818886e+01
1.229533793289550481e+01
1.202261175173148011e+01
1.972495025363914678e+01
2.017245500000357339e+01
1.964309569683071288e+01
2.054537355396622900e+01
1.964309569683071288e+01
1.700144309616226224e+01
1.776864231533858174e+01
1.276283811025531278e+01
1.154378370981134516e+01
1.213760996487659582e+01
1.341661972371768030e+01
1.183743596033616896e+01
1.486515096609188902e+01
1.971554325241075745e+01
1.859627361093829379e+01
1.402124800001516647e+01
1.738981760635054741e+01
1.554105066740032370e+01
1.738981760635054741e+01
2.010665666872095514e+01
1.793298314930486015e+01
2.136268008199564150e+01
1.746623068135700763e+01
1.671942701753740224e+01
2.050973022231421439e+01
1.632475487610869891e+01
2.097230973239949137e+01
2.087723916408813096e+01
1.694442833254567304e+01
1.702155597336729898e+01
1.831993604774211803e+01
1.872564194245885361e+01
1.831993604774211803e+01
1.476541878290531606e+01
1.508535429293612395e+01
1.331503078362220371e+01
1.108434854941118175e+01
1.636658447570504649e+01
1.969810673285910241e+01
1.697251432236491198e+01
1.428106543566521935e+01
1.635667228895613690e+01
2.127222522780790825e+01
1.857206222332301593e+01
1.363865590875868783e+01
1.444047740409896718e+01
1.363865590875868783e+01
1.648124677707722086e+01
1.747292977588989160e+01
2.554717996648182421e+01
2.373124768431365794e+01
1.860928961757230837e+01
2.003279399384572201e+01
1.899799749513140767e+01
1.757506128770413056e+01
1.210315019948117765e+01
1.712707061650803553e+01
2.486949135332244865e+01
1.750453556653090814e+01
1.676873529842562860e+01
1.750453556653090814e+01
1.130004469042319748e+01
1.085922020985754877e+01
1.471785812683453543e+01
2.291814799864251029e+01
2.998140501935227320e+01
1.931254465858279445e+01
2.977746282828926994e+01
9.416756159345322175e+00
1.237413207397113801e+01
1.559124071354492358e+01
1.186460940195637903e+01
1.866196881160089660e+01
1.820549370001556611e+01
1.866196881160089660e+01
1.550853086540043080e+01
1.515076730648537584e+01
1.658075982491476452e+01
1.883417333690074003e+01
1.876133556637763178e+01
1.649820905694764051e+01
1.817192582982537985e+01
1.797637996077304479e+01
1.623152699782653130e+01
1.243324653383189649e+01
1.376988501229360473e+01
1.553208124802253920e+01
1.626742556908638448e+01
1.553208124802253920e+01
1.712604855449027497e+01
1.797057813509152879e+01
1.593659952991414208e+01
1.450824459204427974e+01
2.217104730354344255e+01
2.432999896497438286e+01
2.207687716995327420e+01
1.146458216477228653e+01
1.572840584100255867e+01
1.592791133074836729e+01
1.161063344057844304e+01
1.552739787706983243e+01
1.548139589995581566e+01
1.552739787706983243e+01
2.207504189527243810e+01
2.200808626529522982e+01
1.906669341895818448e+01
1.131600036777924601e+01
1.046786971677646605e+01
1.758084572473064355e+01
1.075162359594806993e+01
1.181147366699136647e+01
1.065521299952470891e+01
1.439803471410014168e+01
1.596045334132822902e+01
2.175677921411224602e+01
2.122691060558642207e+01
2.175677921411224602e+01
2.177211086020754394e+01
2.123865639084117163e+01
1.597750340918315892e+01
1.336296555227735361e+01
1.832640798200004895e+01
2.188593798320583517e+01
1.795425421657734688e+01
1.471747213978405888e+01
1.541256804264401481e+01
2.192358788287662463e+01
2.093607922452243031e+01
1.805546950088359637e+01
1.912149362367115657e+01
1.805546950088359637e+01
1.608755772838821230e+01
1.702945829807406497e+01
1.344052744044420500e+01
1.730885870184251374e+01
1.545065595077957177e+01
1.203520472948897968e+01
1.562361494912998516e+01
1.231717137269269990e+01
1.320266048581176399e+01
1.922846143296504451e+01
1.793873394594468706e+01
1.876561982183620714e+01
1.892948773591752953e+01
1.876561982183620714e+01
1.682921341852686936e+01
1.697550542530580842e+01
1.361717565147459830e+01
1.206897168011402144e+01
1.508333408031053402e+01
1.698444628240967802e+01
1.517914149235648580e+01
1.715632418876774423e+01
2.057702789482285510e+01
1.867617842974862441e+01
1.557116991240673443e+01
1.941967450514961158e+01
1.963599512914398915e+01
1.941967450514961158e+01
1.098622874094212065e+01
1.109691117405278682e+01
1.321125402744296373e+01
1.751943370679866874e+01
2.094044877158322038e+01
1.577064456056510799e+01
2.180757433411355706e+01
1.938836347568251028e+01
1.747605088240479887e+01
1.820770372648563651e+01
2.020038385056350450e+01
1.726429386870831095e+01
1.625957905547755900e+01
1.726429386870831095e+01
1.482234914186356889e+01
1.396487275636028969e+01
1.305411963732518643e+01
1.517376975203410616e+01
1.885959690951037970e+01
1.622944419642711011e+01
1.785874030656368205e+01
2.343346492881193299e+01
2.520203237600274448e+01
1.323114203912249032e+01
1.230279313273001307e+01
1.356563128680579489e+01
1.283162456952245378e+01
1.356563128680579489e+01
1.282021878938898496e+01
1.212492339151563847e+01
2.149122258107925987e+01
2.551393652833132464e+01
2.455306602963595353e+01
2.062043748040471058e+01
2.466256685950631677e+01
2.189635273519962055e+01
2.148543600469628601e+01
1.510247833236303627e+01
1.539168639316090292e+01
1.511011125878670214e+01
1.513077943464615416e+01
1.511011125878670214e+01
1.847380875991386517e+01
1.850118946212973370e+01
1.704197763036033564e+01
1.893067876910720670e+01
1.351244811569334558e+01
1.217499642363132395e+01
1.356223418284103488e+01
1.537158459242562358e+01
1.665033697408519231e+01
1.637959106818545862e+01
1.512162070284358073e+01
1.024593150881046100e+01
1.059654314741815995e+01
1.024593150881046100e+01
1.728673426215941689e+01
1.799927163220084481e+01
2.238127993883536249e+01
1.831469468259179223e+01
1.954865573653994559e+01
2.388800958070260450e+01
2.030419572142409024e+01
1.787523642170942040e+01
1.299521969828397872e+01
1.187125399599646869e+01
1.632921691081221383e+01
1.932490722528011773e+01
1.822206390983682311e+01
1.932490722528011773e+01
1.685932608448271353e+01
1.592016810150442296e+01
1.142125928818834346e+01
1.122508612493312263e+01
1.462471080496375642e+01
1.488066430909572446e+01
1.454659594875734463e+01
1.752947892252636919e+01
1.960415624280138758e+01
1.833755557245839896e+01
1.639697326487504014e+01
1.290297729230544377e+01
1.352215545745872838e+01
1.290297729230544377e+01
1.948505516215783473e+01
2.047064328832686542e+01
2.747994789756096168e+01
1.867813175274248394e+01
1.653586689033707913e+01
2.426051994109898047e+01
1.622176677593348870e+01
1.845281787156433495e+01
2.214699800448613232e+01
1.958137251263472933e+01
1.631523118267457306e+01
1.662259795564886034e+01
1.714681623052115356e+01
1.662259795564886034e+01
8.503373633978048574e+00
8.727994003899411268e+00
1.686604875881324972e+01
1.405103003807155027e+01
1.439156596568219193e+01
1.722682698613176200e+01
1.504732889956966702e+01
1.330724392799483091e+01
1.402204547415605873e+01
1.969208826706018911e+01
1.868804786083101632e+01
1.484058487080253741e+01
1.516282517212666647e+01
1.484058487080253741e+01
1.387574405163084812e+01
1.417661673761577745e+01
2.346080315039824882e+01
2.779805132743070573e+01
2.323032285161319876e+01
1.960119767987512418e+01
2.336456345302401516e+01
1.329568841994389850e+01
9.773090729282660760e+00
1.351385758585559316e+01
1.838408565260881744e+01
1.675533563701127093e+01
1.780083808438719473e+01
1.675533563701127093e+01
1.425951046784845921e+01
1.510581584670574529e+01
1.450218206941733712e+01
1.643207657870150840e+01
1.905522535110070947e+01
1.683153691324260137e+01
1.961802552825898616e+01
1.455176191345956305e+01
1.450472009816296115e+01
1.697930917831296682e+01
1.703435704495266734e+01
1.968597090585181419e+01
2.173885136054212097e+01
1.968597090585181419e+01
1.157730802429102113e+01
1.268758973958035874e+01
1.669997132754293645e+01
2.137177134377674648e+01
2.145320374283173237e+01
1.679143026280108941e+01
2.031890989000275738e+01
2.206374920383806071e+01
1.907414534186116484e+01
1.196112233896314692e+01
1.383731235044544228e+01
2.047637981727109135e+01
1.987251236615747629e+01
2.047637981727109135e+01
1.705055250336719297e+01
1.653605813909399913e+01
1.519219270223115537e+01
1.712449825812527848e+01
1.857995934226351409e+01
1.646992886653916344e+01
1.862655107246504826e+01
1.280011506912382480e+01
1.418665007841551962e+01
1.888451684370498640e+01
1.703885107071909744e+01
1.246626396678709270e+01
1.276791239119376442e+01
1.246626396678709270e+01
1.587025723501555419e+01
1.626530666528070057e+01
1.660295096887424648e+01
1.362826484676780936e+01
1.517492683642515061e+01
1.854630165461067293e+01
1.576528515179939482e+01
1.746480196768971638e+01
1.429109251769811628e+01
1.437700064898426255e+01
1.756953791757332795e+01
2.136518850503665590e+01
2.182169615402300167e+01
2.136518850503665590e+01
1.749327497996836911e+01
1.787311340505793567e+01
1.452205593211077250e+01
1.365438771851323096e+01
1.534403444979246878e+01
1.632711661336685438e+01
1.492604344469292421e+01
1.326844875214262665e+01
1.450247542930104494e+01
2.060320479824303064e+01
1.885009154619971383e+01
2.103822304111772468e+01
1.985859666863455431e+01
2.103822304111772468e+01
2.141850668296956428e+01
2.027016263848114974e+01
1.734509012746446999e+01
1.370442794310668333e+01
1.004204417537575011e+01
1.274509097098686183e+01
1.002028203786329463e+01
1.929229365769226590e+01
1.705392236090674984e+01
1.970100016114621866e+01
2.228735129997993525e+01
2.260587579072299391e+01
2.249596984076560346e+01
2.260587579072299391e+01
1.303011860934340760e+01
1.297005050931028514e+01
1.126500125927680962e+01
1.132751565316564779e+01
1.339196190244117446e+01
1.331522295878026796e+01
1.357065167070432032e+01
2.366287959398600194e+01
2.109832225565472186e+01
1.766344377809321387e+01
1.981053593672520208e+01
1.325511401679692369e+01
1.319183427259715913e+01
1.325511401679692369e+01
1.431428114601146007e+01
1.424627024431159228e+01
2.181696479978681680e+01
1.807465210743920281e+01
1.935566085606035003e+01
2.339402816053964784e+01
1.913911629044133278e+01
1.619682106993946746e+01
1.232274279765970171e+01
2.207511751719291837e+01
2.901469566426467495e+01
1.739691253809819571e+01
1.656390167609521669e+01
1.739691253809819571e+01
1.526941386700203829e+01
1.454825542827996188e+01
1.650915933793504919e+01
1.641204394217165330e+01
1.913446375252629039e+01
1.924758545331562587e+01
1.950964556736478528e+01
1.020403347456826637e+01
1.455333589240261105e+01
1.538417407649756896e+01
1.078651409222283064e+01
1.556868886362474846e+01
1.463019232811448411e+01
1.556868886362474846e+01
1.651564111424915282e+01
1.554248809740775172e+01
1.612127765146833624e+01
2.047281575195117043e+01
2.036489442766338342e+01
1.600235580949657432e+01
1.972101003847363998e+01
1.549688380980676428e+01
1.285856555013824298e+01
1.495189284658626327e+01
1.801944941149631418e+01
1.865008723270237212e+01
1.840927761655144224e+01
1.865008723270237212e+01
1.575535886496672688e+01
1.554353489712016945e+01
1.341539777054320126e+01
1.366018665410117627e+01
1.728515034946007134e+01
1.697729208032809112e+01
1.747508635125139875e+01
2.055799083271744720e+01
1.898038725472449073e+01
1.356782478420260851e+01
1.469554319981599377e+01
2.127183638319394632e+01
2.225191772274878943e+01
2.127183638319394632e+01
1.867431923424806328e+01
1.947051098309067640e+01
1.528629710580925050e+01
1.633884270804536243e+01
1.599932988187415361e+01
1.496564010237958975e+01
1.556802715345600419e+01
1.965588381896325743e+01
1.571472011037365668e+01
1.013365233245921537e+01
1.267461335558485480e+01
2.067638589315262720e+01
2.012550702162842953e+01
2.067638589315262720e+01
1.636410209475237210e+01
1.590641573721885926e+01
1.396763486797966003e+01
1.120010361594828652e+01
1.108390335176234309e+01
1.382549543292961935e+01
1.074681577356636986e+01
2.135000512869979161e+01
1.788043794653689034e+01
1.822057702924834643e+01
2.175605647182509017e+01
9.737865805911736672e+00
9.487978726038720723e+00
9.737865805911736672e+00
1.962484381770653386e+01
1.903129307190336306e+01
2.052124712210151358e+01
1.928882223079378022e+01
1.605244227686178959e+01
1.708548636392905351e+01
1.536539475648069519e+01
1.695240733998740978e+01
1.594821834626417534e+01
1.598957955162391009e+01
1.699634610905434329e+01
1.599063450661345520e+01
1.503671637693702934e+01
1.599063450661345520e+01
1.584358589004568074e+01
1.489178194777413289e+01
2.003662275023148354e+01
1.397787837740783345e+01
1.459142518137702105e+01
2.095640743694726993e+01
1.554441340981771980e+01
1.679927227423505798e+01
1.414251146541335835e+01
2.237524011902018373e+01
2.657923802250438783e+01
1.530966195369621730e+01
1.480601491530266856e+01
1.530966195369621730e+01
1.566803525750991888e+01
1.514127345885866482e+01
1.841480417659955293e+01
2.024659264286626126e+01
1.918717997150798382e+01
1.744982470830144905e+01
1.922424141242623818e+01
1.353438055919616012e+01
1.229153241128484808e+01
1.576774563522273631e+01
1.736135367838088683e+01
2.635642623998828782e+01
2.497681993545754153e+01
2.635642623998828782e+01
1.310560951768632698e+01
1.250195927891075165e+01
1.860101251980429637e+01
1.971900953149261326e+01
1.974618730166272940e+01
1.861510390723036679e+01
1.988844845038681797e+01
1.705608943738518590e+01
1.606553863348117872e+01
1.490651642350143469e+01
1.582559268047301160e+01
1.740662013950585774e+01
1.651382734645356365e+01
1.740662013950585774e+01
1.382864358953919570e+01
1.316203678413969413e+01
1.364792341037045631e+01
1.913938169976255921e+01
1.794867349253500421e+01
1.274212820100902910e+01
1.709196857012912218e+01
2.151544407680725612e+01
2.289832439631882366e+01
1.564778381883040481e+01
1.470286993583499502e+01
1.738509747501420932e+01
1.689041015854573402e+01
1.738509747501420932e+01
1.554806684029158603e+01
1.509012462100204210e+01
1.637323449996175029e+01
2.188229041562459543e+01
1.809820885757853759e+01
1.356788964228659289e+01
1.738599099334696163e+01
1.365800491835854835e+01
1.370854953500661466e+01
1.648834125283825358e+01
1.642754650253346682e+01
7.347610435511264804e+00
7.354720170214826602e+00
7.347610435511264804e+00
1.627323631437541351e+01
1.629091131554402239e+01
1.984777037923278797e+01
1.471944471217992501e+01
1.679678242826040346e+01
2.270236962384936419e+01
1.696973169530179604e+01
1.588739162511481595e+01
1.440165720236546321e+01
1.589982595653808417e+01
1.753987961300585496e+01
2.296497031467822225e+01
2.174942478755838593e+01
2.296497031467822225e+01
1.910909793689111069e+01
1.808627224467161199e+01
1.562778661838917849e+01
1.302762819563279351e+01
1.167133953557309667e+01
1.401407880082406621e+01
1.130171730714570266e+01
1.641673749757419642e+01
1.404189056813599734e+01
2.318648996697492848e+01
2.710690568523627419e+01
1.781878218732580876e+01
1.810676291028663698e+01
1.781878218732580876e+01
1.770768258814226570e+01
1.798251632692837632e+01
2.021565242344278346e+01
1.648648635094546933e+01
1.326030551631076548e+01
1.623989688960506683e+01
1.366006896433801288e+01
1.749721661380671733e+01
1.576680802561178751e+01
1.832391915340178912e+01
2.033510641813083453e+01
2.447351641789328980e+01
2.387661266253665460e+01
2.447351641789328980e+01
1.485775622182898736e+01
1.452538081570588346e+01
1.157313004814322355e+01
9.880411515789187860e+00
9.222166182326814621e+00
1.079644735655536358e+01
9.143239242501827846e+00
2.023123271067674622e+01
2.072307544284567271e+01
2.173102685273528323e+01
2.121532089177454594e+01
1.320883788509895496e+01
1.498630772599092609e+01
1.320883788509895496e+01
1.746995261365161412e+01
1.987828434715445525e+01
2.132493560127158716e+01
1.423172222055527847e+01
1.312657893168327838e+01
1.960373446351822935e+01
1.338214492212955875e+01
1.202175235572130418e+01
1.226565455012133654e+01
1.336376914785453707e+01
1.309798576265998271e+01
2.117516915657534327e+01
2.104903530643932896e+01
2.117516915657534327e+01
2.867777410060955035e+01
2.849777983714520957e+01
1.936877982283999700e+01
1.422008621006318663e+01
1.021739761296247018e+01
1.382874485037320156e+01
1.018458047052510551e+01
9.682099932745149573e+00
1.028264640616378500e+01
2.180742023536795671e+01
2.053379592885184834e+01
1.570046761523469669e+01
1.574961962633484092e+01
1.570046761523469669e+01
2.128987533521890541e+01
2.135739898118719893e+01
1.763551102809777404e+01
1.803893641166244066e+01
1.536668002668674049e+01
1.502316111186469350e+01
1.526361049525475444e+01
1.014183953058286214e+01
1.212857125522046253e+01
1.783742545336784957e+01
1.491523689766690630e+01
2.199829540053825383e+01
2.240718530744431192e+01
2.199829540053825383e+01
1.722426609653925311e+01
1.752871810119404827e+01
1.221307202086943100e+01
1.032413849429183017e+01
1.505747054342695535e+01
1.780786016991658371e+01
1.476236778343433365e+01
1.755719648524087262e+01
1.764880166448983800e+01
1.556945936682490661e+01
1.548871062966576240e+01
2.106082697843638485e+01
2.241188643368212396e+01
2.106082697843638485e+01
1.735855229888890605e+01
1.839236850801813716e+01
1.614890228716564025e+01
2.005559568540299153e+01
1.793830798152880135e+01
1.445721983443538683e+01
1.800342955785145094e+01
1.542483081273534928e+01
1.547441244165928786e+01
1.703488313867512005e+01
1.698050835235270029e+01
1.637318422169593291e+01
1.610166084311237000e+01
1.637318422169593291e+01
1.528239776412934781e+01
1.503856620714524972e+01
1.900633653155091451e+01
1.864711507420474135e+01
1.697310691101528235e+01
1.730262035716622293e+01
1.663336913063070455e+01
1.832349976124696767e+01
1.719066743267309505e+01
1.298038685696754335e+01
1.383576386822225857e+01
1.424261118450551855e+01
1.464006716106642259e+01
1.424261118450551855e+01
1.638415688246179869e+01
1.683142505288342505e+01
1.296088746901393129e+01
2.195153074800685289e+01
2.128565977675869902e+01
1.257135907722541468e+01
2.091539957882735123e+01
1.454066818286426788e+01
1.017889845688399930e+01
1.099087299520455296e+01
1.570030757594838278e+01
1.666247056717290675e+01
1.754275950335930290e+01
1.666247056717290675e+01
1.747805829253991305e+01
1.840534820452388942e+01
1.452895443970685641e+01
2.326567809380497920e+01
1.970273098459863448e+01
1.232328914046570745e+01
2.029187208917694818e+01
2.304561088942807601e+01
2.214879250524190368e+01
1.643633693895657899e+01
1.710181544059879499e+01
1.577206201080490899e+01
