5.855802282305820938e+01
4.622361544890286211e+01
8.008237453264342776e+01
1.014517248394626705e+02
8.705772038643766564e+01
8.934983671859441756e+01
8.705772038643766564e+01
1.090143141101532080e+02
1.118953006851129572e+02
5.767686324943896636e+01
4.818691040406660875e+01
6.565807728750051808e+01
7.849925664509805756e+01
6.565807728750051808e+01
1.251084854723014672e+02
9.017185781894717422e+01
6.760259182099589736e+01
9.379487216187580145e+01
1.160896815634024648e+02
1.064252383257934014e+02
1.160896815634024648e+02
8.951939876991549738e+01
8.192524765410317400e+01
5.379099202222320031e+01
8.692988691197832907e+01
1.143961474376926617e+02
7.080336045471005946e+01
1.143961474376926617e+02
8.174421695927478027e+01
6.948892533613839362e+01
6.207340191168130872e+01
7.302086783935168057e+01
5.953539339907330685e+01
6.756807593881562468e+01
5.953539339907330685e+01
7.769854589529853683e+01
8.800162680447485286e+01
8.085826022767503218e+01
8.704006185227876813e+01
9.920996829570555064e+01
9.214118317598308749e+01
9.920996829570555064e+01
1.064662605733022644e+02
6.757190114762958899e+01
3.546904260755169958e+01
5.588500942560250451e+01
8.836723646204885085e+01
7.413877738267565576e+01
8.836723646204885085e+01
8.516174458282212356e+01
7.164877541264293370e+01
7.179280530026417750e+01
7.411136418194004705e+01
1.144969256978022543e+02
1.109719663450522802e+02
1.144969256978022543e+02
5.784293510167080399e+01
7.686385212678916901e+01
6.174889197392082707e+01
4.646835999262565764e+01
8.070249981657833871e+01
8.536724216594410564e+01
8.070249981657833871e+01
8.438332264743419842e+01
8.918373563527788406e+01
9.580684552825093192e+01
9.307045152489087059e+01
1.310799607443475452e+02
1.348909470276690001e+02
1.310799607443475452e+02
7.711123978635980336e+01
7.299587930135345459e+01
5.832674539466736974e+01
6.161508968908000128e+01
1.125442567345387062e+02
1.037419383371483264e+02
1.125442567345387062e+02
8.978495059904066977e+01
8.283772977534781035e+01
4.578007999449221188e+01
6.701836781497193840e+01
9.170947854458185589e+01
6.256125063198186353e+01
9.170947854458185589e+01
8.251899108294847451e+01
8.633415723883157966e+01
8.227282988287571186e+01
7.863713659349136265e+01
1.007994250351063243e+02
8.045456811315867185e+01
1.007994250351063243e+02
9.534470742101046881e+01
7.622841810869925894e+01
7.603941979326434364e+01
8.391795497125184511e+01
9.253720103317725432e+01
8.387731475606459242e+01
9.253720103317725432e+01
8.800881362001942421e+01
9.331037125430673029e+01
9.138917800646713374e+01
8.619677562033834306e+01
5.829170784728188437e+01
4.656211933194229857e+01
5.829170784728188437e+01
7.210603432261763146e+01
5.783987556001741837e+01
8.010170907604114632e+01
6.348517183901665106e+01
7.959747848088871081e+01
1.001780607114677366e+02
7.959747848088871081e+01
1.049762503080449108e+02
1.366289261501426324e+02
9.985586868065414023e+01
7.672236736917857058e+01
7.315469831534498724e+01
9.160325607733639686e+01
7.315469831534498724e+01
4.188184463394419765e+01
5.249842577538162658e+01
9.176584246472444306e+01
7.857248588168019410e+01
4.749522805551179516e+01
5.556187151671563385e+01
4.749522805551179516e+01
6.344557808949065247e+01
7.010526037037395497e+01
1.096183673161021943e+02
9.920511880068970356e+01
5.095942789609477330e+01
5.261312458221801336e+01
5.095942789609477330e+01
4.680426061104306257e+01
4.832803275493692752e+01
1.026925845518105689e+02
9.973402933725671460e+01
9.446793646989108595e+01
9.729671671284074819e+01
9.446793646989108595e+01
9.237749490929826379e+01
1.004796167936410569e+02
1.336208798633223012e+02
1.228464293877679978e+02
7.285695061999787470e+01
6.651678453192029394e+01
7.285695061999787470e+01
6.650687420871980748e+01
6.064416970347779312e+01
9.721004762061569693e+01
1.150744192754090989e+02
9.667666510012666947e+01
8.150052033992164979e+01
9.667666510012666947e+01
5.729413818658917279e+01
6.786332661417003465e+01
7.903772114138897109e+01
6.672820716222150850e+01
8.358455951011248430e+01
7.710251073372650410e+01
8.358455951011248430e+01
7.506974913818342543e+01
6.905052538684824981e+01
7.978767673489223000e+01
9.989187334225127302e+01
8.561514298426497760e+01
6.878184231298568818e+01
8.561514298426497760e+01
8.816742646664224026e+01
9.403852528710939396e+01
9.785805888968411637e+01
9.174849547015668350e+01
8.118700451917622729e+01
7.941943763070646867e+01
8.118700451917622729e+01
9.939258665857617814e+01
9.726745780301718014e+01
5.204831890092234659e+01
8.032927959869519441e+01
7.808332844007317419e+01
5.071985974067688829e+01
7.808332844007317419e+01
9.506114276713933009e+01
9.203154543973457180e+01
6.200480935129910165e+01
6.404595300263491708e+01
8.652183684794806595e+01
8.953704255174514515e+01
8.652183684794806595e+01
8.391832878562344433e+01
8.686181633097638155e+01
8.115122252004591985e+01
6.088913525387877002e+01
5.983121573065529475e+01
7.959619823966963281e+01
5.983121573065529475e+01
8.902561792554449482e+01
6.731262044494866359e+01
7.024822246200290010e+01
9.290815558080436176e+01
4.364455965057425146e+01
3.369169951464549229e+01
4.364455965057425146e+01
1.229397810925079995e+02
9.542741017400490477e+01
6.345185316556858623e+01
5.812369854612866504e+01
4.522144744171325215e+01
4.936787034146270514e+01
4.522144744171325215e+01
9.742911435592023395e+01
9.438409126429054652e+01
8.832534110772064651e+01
9.117489657460505725e+01
9.034347763364593220e+01
7.811599994235574229e+01
9.034347763364593220e+01
1.204988331810833841e+02
1.045504649026967599e+02
1.128693512649762312e+02
6.340101566578327663e+01
7.824262890187407038e+01
1.380258854300880387e+02
7.824262890187407038e+01
6.787827185624992410e+01
5.725258344104824459e+01
1.160284855098109063e+02
1.375625798722857098e+02
6.547223774525733120e+01
6.894947329074541642e+01
6.547223774525733120e+01
7.793443499169133304e+01
8.210595749882392624e+01
7.385766190107078444e+01
6.774892045838065258e+01
7.051898998716080769e+01
7.696958596127564078e+01
7.051898998716080769e+01
7.908836776127235169e+01
5.709205483816798221e+01
6.590442253173127085e+01
9.129594688890520615e+01
1.026594260045048941e+02
9.771292014776608426e+01
1.026594260045048941e+02
9.100750108266313987e+01
8.656347654768242705e+01
7.485903595178787384e+01
9.784409827217403688e+01
8.462225675411590942e+01
6.471375957634391796e+01
8.462225675411590942e+01
6.183627858040375003e+01
7.005329874815853941e+01
9.243566580313687098e+01
8.159326803319338239e+01
1.011597921779777067e+02
8.521802921180895396e+01
1.011597921779777067e+02
7.051857259533059619e+01
5.935128312861262145e+01
5.020525537455676357e+01
5.473884830943157453e+01
7.704995681589278433e+01
7.066299884092074990e+01
7.704995681589278433e+01
1.513665372280265444e+02
1.173038263004590362e+02
6.307187528436966062e+01
8.138670032654876252e+01
6.938156532514470598e+01
8.101647865288180128e+01
6.938156532514470598e+01
6.011151008928803208e+01
7.014757763397106771e+01
8.253772779386022762e+01
1.012035241297812576e+02
1.231880906766525641e+02
1.003217514927994642e+02
1.231880906766525641e+02
9.180690760597531153e+01
7.734576982138727885e+01
4.263569653620872657e+01
5.060718203018991801e+01
6.235096084418410811e+01
6.985140891989696854e+01
6.235096084418410811e+01
8.621174531994493861e+01
9.642623206861381391e+01
1.232639804944177797e+02
1.147983182715114623e+02
8.502549103385864271e+01
9.135343308156808462e+01
8.502549103385864271e+01
6.699557004120812564e+01
7.443340278663974630e+01
8.009326656468189753e+01
7.208986623041286634e+01
9.965970252459878509e+01
1.150717880142710925e+02
9.965970252459878509e+01
1.044795374191394046e+02
1.209151116169331033e+02
7.605847050423682276e+01
7.807006614288199842e+01
7.315636613038228120e+01
7.127181970819555090e+01
7.315636613038228120e+01
1.018646155746371846e+02
6.479663616623041378e+01
3.824000765007287583e+01
6.011583176714266585e+01
4.761658510109864295e+01
5.458682185070011172e+01
4.761658510109864295e+01
8.811667274474382339e+01
1.008446374910809027e+02
5.269864968967264929e+01
5.942636082937498543e+01
5.563982182244815533e+01
4.929842720205516571e+01
5.563982182244815533e+01
1.172201236317782218e+02
1.135277925040492306e+02
1.260989035503132385e+02
1.302000923119524600e+02
7.867046278152314187e+01
8.915523632459763803e+01
7.867046278152314187e+01
7.662781052464680442e+01
8.681602631269583981e+01
1.114354875321681959e+02
7.570177421819875008e+01
5.970887494158487385e+01
8.841679093675327294e+01
5.970887494158487385e+01
7.962664917244902085e+01
7.083903551817518007e+01
6.598424133588252971e+01
7.416961562688810261e+01
6.346207584150209868e+01
5.902112582385716166e+01
6.346207584150209868e+01
7.236931970134560288e+01
6.732666912509704105e+01
6.330201405332314835e+01
5.391798233427573450e+01
1.140936405779534653e+02
1.337740256372690055e+02
1.140936405779534653e+02
9.110572997939215156e+01
6.672396761725596548e+01
8.109398896135910206e+01
1.107267347116614644e+02
9.186866489471611885e+01
9.681861040314804256e+01
9.186866489471611885e+01
8.242266509674180952e+01
8.688180937638952628e+01
7.377709281167648214e+01
6.054964372260796779e+01
6.224211409209841861e+01
7.575795600160178367e+01
6.224211409209841861e+01
6.479540106777726294e+01
6.695155685269106982e+01
1.007508349846580273e+02
9.750618309157312069e+01
8.589587615572644097e+01
9.286651795215395566e+01
8.589587615572644097e+01
7.520171087493903883e+01
8.134711940667065733e+01
7.332979978229704443e+01
9.541707232881152834e+01
1.149996355991624881e+02
8.817723599622131303e+01
1.149996355991624881e+02
9.720984084003816861e+01
8.410413188067258261e+01
6.039092175715897781e+01
6.980146826229480439e+01
6.676077591854772209e+01
6.359929703037696669e+01
6.676077591854772209e+01
5.599690923657280450e+01
5.336260391398233338e+01
7.885631451666722569e+01
7.202868239694177532e+01
1.033171076467358915e+02
1.130090361865196229e+02
1.033171076467358915e+02
6.203011436516879229e+01
5.164004533650665252e+01
5.975520267712934697e+01
7.177805580576819011e+01
7.991824360678688777e+01
8.251995588721764818e+01
7.991824360678688777e+01
1.229999179267926905e+02
1.269000509641657004e+02
1.450955291457157728e+02
1.073132470865665340e+02
9.191950509683967141e+01
1.240740563938472008e+02
9.191950509683967141e+01
6.331704316285568979e+01
6.845801380509206524e+01
4.385288057994641520e+01
4.055967414423423634e+01
7.764604519118128678e+01
7.756750381092737712e+01
7.764604519118128678e+01
7.709337132259047110e+01
7.701637352109217716e+01
6.090842718957600255e+01
5.279634238212629782e+01
8.227670110844800888e+01
9.475875130244975253e+01
8.227670110844800888e+01
5.790844416189725763e+01
7.457035249132228216e+01
9.144190246869266048e+01
7.101023565340059918e+01
1.141925369955435201e+02
9.521247731327886754e+01
1.141925369955435201e+02
1.056387416560093584e+02
8.817230618922256724e+01
1.061596453572805245e+02
7.205120644410904163e+01
7.841707479278262838e+01
1.155394598739314347e+02
7.841707479278262838e+01
7.347801455490574085e+01
5.607067285373285159e+01
5.702923461686850715e+01
7.473416525898578300e+01
9.150730993315785611e+01
7.602108544144402913e+01
9.150730993315785611e+01
1.071087953167382665e+02
8.914439533987169284e+01
6.365202136405216038e+01
8.916456253782722285e+01
9.224220719316059558e+01
6.606334111585589142e+01
9.224220719316059558e+01
7.270407209523673941e+01
8.979262825888052646e+01
9.546172276306103299e+01
7.729427357991022518e+01
1.258312785045870186e+02
1.269772855381693120e+02
1.258312785045870186e+02
6.923960305925199066e+01
6.989233349569147435e+01
7.996170624718180875e+01
6.206466590332642852e+01
5.555358370218164765e+01
7.134906836580024958e+01
5.555358370218164765e+01
7.733939765130264732e+01
9.350206495486935410e+01
8.645799712507361789e+01
7.151295987974893364e+01
7.001901156682286853e+01
7.706195894559682813e+01
7.001901156682286853e+01
7.148471138961886595e+01
7.881652365601637200e+01
6.568982633844093755e+01
1.091654458046188267e+02
1.064093000087794394e+02
6.401070141580251516e+01
1.064093000087794394e+02
1.051501238836186332e+02
1.177508351319187909e+02
8.930391224392455740e+01
7.974735317350656771e+01
6.297161440955497369e+01
7.509468526190535442e+01
6.297161440955497369e+01
3.753582062543829778e+01
4.483172678161692204e+01
5.829590821829728498e+01
1.060887189161944519e+02
7.772189343524894412e+01
4.284683886644916129e+01
7.772189343524894412e+01
7.643670093121343712e+01
8.822493688038963455e+01
6.569513641763450096e+01
5.691723533673803104e+01
6.862668323508393087e+01
6.046536724161066445e+01
6.862668323508393087e+01
8.702677543415320827e+01
7.668520437757624109e+01
1.064753297936970853e+02
1.108909268209889945e+02
9.426998261510985344e+01
9.052528682199792343e+01
9.426998261510985344e+01
1.091008202889399143e+02
9.797304168891379561e+01
6.521458934140770225e+01
7.262166274826431334e+01
5.910105999874197380e+01
5.488152705355290095e+01
5.910105999874197380e+01
8.605965351245215800e+01
8.000961730144871353e+01
7.657684071463108921e+01
1.097389121333187916e+02
1.057250736340805020e+02
7.395750146618362919e+01
1.057250736340805020e+02
7.167129080395577034e+01
9.277885459559834658e+01
9.774547779863610231e+01
7.550798718752464822e+01
7.215642635728464427e+01
7.986104260702198587e+01
7.215642635728464427e+01
1.105420807031807442e+02
1.223215945101119075e+02
1.119460242343806584e+02
1.012715665417420894e+02
6.982823459542008493e+01
7.712405248980186911e+01
6.982823459542008493e+01
9.054489031314362535e+01
7.818008941751243412e+01
6.145309866286626743e+01
7.117239337136926736e+01
6.421492096449975406e+01
5.673162374187656809e+01
6.421492096449975406e+01
8.696539025049989391e+01
7.696821014398454963e+01
7.368907172506411030e+01
8.351905040598158791e+01
8.106087972978117762e+01
7.140078228394203563e+01
8.106087972978117762e+01
8.021870022243363962e+01
8.229288466123503554e+01
8.511304547778954088e+01
8.296777915013839788e+01
9.096791310451807533e+01
8.387755948275044204e+01
9.096791310451807533e+01
1.043067506211424842e+02
9.626115778820079072e+01
8.350875417758645369e+01
4.576123869252471366e+01
5.024563306381737959e+01
9.135308040165581644e+01
5.024563306381737959e+01
1.053233615111779500e+02
6.479415511440211617e+01
6.548869616117184478e+01
1.064523429389644775e+02
5.600355490429231509e+01
4.580096124279241110e+01
5.600355490429231509e+01
7.816154779674147335e+01
6.394705186521848361e+01
1.059130682169229516e+02
8.006208410694982547e+01
8.009027548939411645e+01
1.062710285547582885e+02
8.009027548939411645e+01
7.135535264962805968e+01
6.357752865827593780e+01
1.109214407725045248e+02
1.244911321619389781e+02
7.353509502062499337e+01
7.380282181587020318e+01
7.353509502062499337e+01
6.254710781359322169e+01
6.277695800785237878e+01
8.675279074467599116e+01
8.379809421808199943e+01
9.509956114738422173e+01
9.841751587356569075e+01
9.509956114738422173e+01
3.562243194932401735e+01
4.107711766659336661e+01
8.659688477732743195e+01
7.509756794626699161e+01
1.083006900684497396e+02
9.461515705054651448e+01
1.083006900684497396e+02
1.029347451552940527e+02
8.985781079496678103e+01
4.658856560222942278e+01
4.109536105398527184e+01
6.363260605921988144e+01
7.212157095390460881e+01
6.363260605921988144e+01
1.003022200353383084e+02
6.684952737179060023e+01
6.789054877233105856e+01
1.018641870631346507e+02
6.289953357461114791e+01
8.711818614150513440e+01
6.289953357461114791e+01
6.657506694477660858e+01
9.202383755567228718e+01
9.406579656642152543e+01
7.509372377106132035e+01
7.242521020138248389e+01
9.099196489000092924e+01
7.242521020138248389e+01
1.092114508994110480e+02
1.035605102994523889e+02
7.965400215763300196e+01
8.400044689260207065e+01
7.912173684472267610e+01
7.380387546077172090e+01
7.912173684472267610e+01
6.640620427171130302e+01
6.191401897209868821e+01
1.218454569254107156e+02
1.051951846432988020e+02
8.462508557726381753e+01
9.821491007856803890e+01
8.462508557726381753e+01
5.094889360103094589e+01
5.395506219214509258e+01
1.037798636439183753e+02
9.799764870798833272e+01
1.012234161279047839e+02
8.687724776683876371e+01
1.012234161279047839e+02
7.840784451734295146e+01
6.738298871572025917e+01
6.384006156369952123e+01
6.054050945562850927e+01
1.108824943579815852e+02
1.169221212691732887e+02
1.108824943579815852e+02
6.629003112409505150e+01
7.252825222675137695e+01
8.778356920772780825e+01
8.023322438229220666e+01
8.301679021443842998e+01
9.389409357205890672e+01
8.301679021443842998e+01
5.648932183673608165e+01
6.409253648761092848e+01
8.276840081235080504e+01
1.280057964853583030e+02
1.392169845363478373e+02
9.029091049816318559e+01
1.392169845363478373e+02
6.214317358236234412e+01
6.306139642094825604e+01
7.977027130410652944e+01
7.860875428880473237e+01
7.793945966778406387e+01
8.392681341875426426e+01
7.793945966778406387e+01
5.486937821707219598e+01
5.916874394352981881e+01
9.372794153399061656e+01
1.031233362816140016e+02
7.562270212091772237e+01
6.865750833048423374e+01
7.562270212091772237e+01
7.046642880651025109e+01
8.810872281994159039e+01
6.951450305380117811e+01
5.559538969224463045e+01
8.382981329625953038e+01
7.341038851120615050e+01
8.382981329625953038e+01
7.166851711923004586e+01
6.287864086088940496e+01
1.244444161876234176e+02
1.128082281177078983e+02
1.104438486496899827e+02
1.217155262788660082e+02
1.104438486496899827e+02
6.377068978310978764e+01
8.450824871836339014e+01
7.244535406104360220e+01
5.466792023404546796e+01
7.320389282607831660e+01
7.380984872457366919e+01
7.320389282607831660e+01
8.440198690168776352e+01
8.509462272242500092e+01
1.095482968312533671e+02
6.677732700622858886e+01
5.967108598676122000e+01
9.757299886835180303e+01
5.967108598676122000e+01
6.467744744431166737e+01
8.219259087986465317e+01
8.788805380712560122e+01
6.915921399048809803e+01
8.629283648460422285e+01
9.291218059203480095e+01
8.629283648460422285e+01
7.553469345585763506e+01
8.131650317768020386e+01
9.164220248634484278e+01
7.508677817603100380e+01
7.066042732656937631e+01
8.613388847464624121e+01
7.066042732656937631e+01
6.921967054481199000e+01
9.219551623362046655e+01
1.282597543701569123e+02
9.629641770391474154e+01
6.768772515617364149e+01
5.689899114306892614e+01
6.768772515617364149e+01
8.973106080762799763e+01
7.539371396990283358e+01
5.280775020118439755e+01
6.876717160441342003e+01
6.730009128579325761e+01
5.184269962969891310e+01
6.730009128579325761e+01
8.088357828995468424e+01
7.365907380969186136e+01
9.723436316869900509e+01
1.067711392373568060e+02
7.467522610864368460e+01
7.271343749867789086e+01
7.467522610864368460e+01
7.989095609934992126e+01
7.778909099937874316e+01
6.308679283512658742e+01
5.626977753817635630e+01
5.067060257636861564e+01
5.669702255486758702e+01
5.067060257636861564e+01
1.237079540561556001e+02
1.315846994662183533e+02
9.994811568214446140e+01
9.396515668586796721e+01
7.847983954445190591e+01
7.599123427243634410e+01
7.847983954445190591e+01
6.505933503149516639e+01
6.292996865664899531e+01
7.701806662877413601e+01
1.063640265576625268e+02
7.474624745471005838e+01
5.405445295216934198e+01
7.474624745471005838e+01
1.196293623006010876e+02
9.584597850186004564e+01
7.585924184662131609e+01
9.468308288534259987e+01
7.295369895410972561e+01
8.748509254558879888e+01
7.295369895410972561e+01
8.648804139510309597e+01
1.037533831614822901e+02
6.537884174246779878e+01
7.195712425991288796e+01
5.921271216663612336e+01
5.381059309509786459e+01
5.921271216663612336e+01
1.326556622538772956e+02
1.506183901416510196e+02
8.515298932127470266e+01
7.499765586850016064e+01
6.938770297745175242e+01
8.285045836165754451e+01
6.938770297745175242e+01
6.823265867774520643e+01
8.146041706290884576e+01
7.021044342352706735e+01
8.372399745339517096e+01
8.074225078846419024e+01
6.750880976401381872e+01
8.074225078846419024e+01
1.021354887841186496e+02
8.326589633753781072e+01
7.776394957893019466e+01
9.538669910945262131e+01
6.636970286871587632e+01
6.610038810757971817e+01
6.636970286871587632e+01
1.096205817413035817e+02
1.091882253248261350e+02
7.463476957922743793e+01
8.321121721194185739e+01
1.085428740326618140e+02
9.744036899394487250e+01
1.085428740326618140e+02
7.546819585633798511e+01
5.500294502525571971e+01
4.491824051798616324e+01
6.163121940792323983e+01
6.211672806347715436e+01
5.554298781709037769e+01
6.211672806347715436e+01
1.553026887192353342e+02
1.398069797395768319e+02
7.381650255969941554e+01
6.273925095758400516e+01
5.471235770104753726e+01
6.436942112247254499e+01
5.471235770104753726e+01
5.721055656725111760e+01
7.319045469793950076e+01
6.040879935897013553e+01
4.721955953340154366e+01
1.026601976911156839e+02
1.204472618457866133e+02
1.026601976911156839e+02
8.527187303625383663e+01
1.001908194155570442e+02
7.311642098935936929e+01
7.147608143345884457e+01
7.427232191430297803e+01
7.597801532105189892e+01
7.427232191430297803e+01
7.602675794055582514e+01
6.481164007787278081e+01
7.256880640999312959e+01
8.512623769956425690e+01
9.787348825787496764e+01
8.445955225986013204e+01
9.787348825787496764e+01
8.842372243285973354e+01
7.649382199519136805e+01
8.901109904225998548e+01
5.935133991539258602e+01
9.828725738500651232e+01
1.469938509584854387e+02
9.828725738500651232e+01
7.148253475294660575e+01
6.927845973447581684e+01
6.163659198004980055e+01
6.359754309137047557e+01
9.906962395548394795e+01
9.043288009343913814e+01
9.906962395548394795e+01
5.089695027817811024e+01
4.622918029168363319e+01
8.885870612838043314e+01
7.740331809372747784e+01
9.784815308775698384e+01
1.120207589935467070e+02
9.784815308775698384e+01
6.068358834665144741e+01
6.669444631587946049e+01
8.789696931817798031e+01
7.997522728894148258e+01
8.240739204369347704e+01
7.695513974073018915e+01
8.240739204369347704e+01
7.340598214414762879e+01
6.854726354304146696e+01
9.402064650514226685e+01
1.120456979575585024e+02
1.261754898665553100e+02
1.058522117993748282e+02
1.261754898665553100e+02
4.872703988925460550e+01
6.371599062405733349e+01
1.094655099702856518e+02
8.371415430533646429e+01
1.196012174202466412e+02
1.005900589159973890e+02
1.196012174202466412e+02
5.651061359392674177e+01
4.739163987494053742e+01
9.796772384921305843e+01
1.142870424004627239e+02
1.265778933089240468e+02
1.085991289266464150e+02
1.265778933089240468e+02
4.857667427347355726e+01
5.712530498444801452e+01
6.880301282588742140e+01
5.850684812950500202e+01
1.005647766278623862e+02
7.575021852756954388e+01
1.005647766278623862e+02
6.341820673091649496e+01
4.740713814506307955e+01
6.562263695394011620e+01
7.953911060646953501e+01
9.112319985735092587e+01
7.530368823973294923e+01
9.112319985735092587e+01
1.282697897840565417e+02
9.378215531985922837e+01
6.397295842820520306e+01
8.749850013003930371e+01
5.446156877937944785e+01
5.973425069348677852e+01
5.446156877937944785e+01
8.147637301393010034e+01
8.930152921821620282e+01
8.670264679694098220e+01
9.797571339342158581e+01
1.124101870042650546e+02
9.939509341433854672e+01
1.124101870042650546e+02
6.140510959783110678e+01
4.714906771434483090e+01
6.761043676611546971e+01
8.805319979460468005e+01
6.413586096716235829e+01
5.951799173126482856e+01
6.413586096716235829e+01
8.681864758399575521e+01
8.062227895929665067e+01
9.142586774078247913e+01
7.796513874276774914e+01
5.850059039885081802e+01
6.882016950933952160e+01
5.850059039885081802e+01
5.463424915983925700e+01
7.108755428876771987e+01
8.031819184460751160e+01
6.172844387754392415e+01
1.194352243220522780e+02
1.124925233338420156e+02
1.194352243220522780e+02
1.195941389097358325e+02
1.126804150071002368e+02
7.071769759678666389e+01
6.467915350485878889e+01
7.383048919803144372e+01
8.076078642172150523e+01
7.383048919803144372e+01
8.756679884121234636e+01
6.978317414991303735e+01
9.568881915423490625e+01
1.200742683362516345e+02
1.085238858837457769e+02
1.278198237428110247e+02
1.085238858837457769e+02
5.925178509178059016e+01
6.996854811535442309e+01
8.240359810499808191e+01
6.496657339324960390e+01
6.823617795412215514e+01
8.679159850506394491e+01
6.823617795412215514e+01
7.450131615052464440e+01
6.900579108033664966e+01
9.883674679492480664e+01
1.067079676209418864e+02
9.416880279715007873e+01
9.556044444764179957e+01
9.416880279715007873e+01
8.154809008088980704e+01
8.277416723256470732e+01
7.974888509804495129e+01
8.126193549108278091e+01
6.050426286731889292e+01
5.936544313300382925e+01
6.050426286731889292e+01
4.899256612996298088e+01
6.626253340940905900e+01
7.696391471315945410e+01
5.690485236819931458e+01
7.888393399995275956e+01
8.006815959790489501e+01
7.888393399995275956e+01
6.755238653805957938e+01
6.856806572698371838e+01
9.988283521730276959e+01
8.182373989062715225e+01
7.372708512765476030e+01
9.011771909930162394e+01
7.372708512765476030e+01
6.463669220782531966e+01
9.376583863051324386e+01
1.376539974797389050e+02
9.489062537301539635e+01
9.673997395186987092e+01
1.125705852034527652e+02
9.673997395186987092e+01
6.067959136102727769e+01
7.065773186246761384e+01
9.428175417306961492e+01
9.556665646977430129e+01
9.871993630798652930e+01
9.739389695588924667e+01
9.871993630798652930e+01
4.398123399094174601e+01
3.702300541151766566e+01
5.099294695553702894e+01
6.057673349342547908e+01
6.967272972979938572e+01
8.382767438776382107e+01
6.967272972979938572e+01
6.358895444518874740e+01
7.661845429063795621e+01
8.477767615155403291e+01
1.042578757039519672e+02
9.693325856066530832e+01
7.865522558101957884e+01
9.693325856066530832e+01
5.307139839690442784e+01
5.949996426939565453e+01
7.480774113877616571e+01
6.672527424004807983e+01
1.050124793601025033e+02
1.086070927918585909e+02
1.050124793601025033e+02
1.107210964169061782e+02
1.144493333480274231e+02
9.585668779889577706e+01
9.867898120076721113e+01
6.429608105723457356e+01
6.246454671458335639e+01
6.429608105723457356e+01
8.494273533321215552e+01
1.091272807946753005e+02
7.128873362767640742e+01
5.548988290259904232e+01
1.022145915382120762e+02
9.203178790846948232e+01
1.022145915382120762e+02
8.792346323910742001e+01
7.890415203833036628e+01
8.179341272893168480e+01
8.506879854223357995e+01
8.292277215775419563e+01
7.971417008539063431e+01
8.292277215775419563e+01
8.851317762095816022e+01
9.044021098835655437e+01
5.214855686546586355e+01
5.103741384574907869e+01
6.545384582031395837e+01
7.119289314008669578e+01
6.545384582031395837e+01
7.711841300483919781e+01
8.376594730724268345e+01
7.865973658408036329e+01
6.115753040345724401e+01
4.242517397475769769e+01
5.457886888430476802e+01
4.242517397475769769e+01
7.899606200767166797e+01
1.160454175331934294e+02
1.063250596766414162e+02
7.237908385984177073e+01
4.166378831336549382e+01
4.576591426820355935e+01
4.166378831336549382e+01
9.835537611482251918e+01
1.075309942621747155e+02
9.580166742464592744e+01
8.619913264860880986e+01
7.525571046159355149e+01
8.368027214901481159e+01
7.525571046159355149e+01
9.432205020358634329e+01
9.207301646734049427e+01
1.026203509505143927e+02
1.051270205500159989e+02
5.375083180551535378e+01
6.484902316812230083e+01
5.375083180551535378e+01
5.233855529363652437e+01
6.311692821383375218e+01
8.419663197646083574e+01
6.257341567140798588e+01
5.622364167319229011e+01
7.579864942013028895e+01
5.622364167319229011e+01
8.754615248228240887e+01
8.674958346133828968e+01
1.545272658892041591e+02
1.559461964245120384e+02
4.854761171674288533e+01
5.355229173982793611e+01
4.854761171674288533e+01
9.425392307303451389e+01
1.038926702116906569e+02
9.365318269470560608e+01
1.031679088061292902e+02
7.539592968627694347e+01
6.843680999004422461e+01
7.539592968627694347e+01
8.313106962159756108e+01
7.691925824939438883e+01
7.560654079095368729e+01
8.171234030835719864e+01
9.509055329254900357e+01
1.109021036725224576e+02
9.509055329254900357e+01
4.838247552065865875e+01
5.680162115286865543e+01
9.068958903448492492e+01
9.683260465455060739e+01
7.367199368779370161e+01
6.895519381374499801e+01
7.367199368779370161e+01
9.359238879629248231e+01
9.202654601096055842e+01
8.337072266003836774e+01
8.478928556654562954e+01
9.985076761859085082e+01
1.167223170861617376e+02
9.985076761859085082e+01
7.406003525709400037e+01
8.685536219476168185e+01
6.217646502611869863e+01
8.303628221308305513e+01
5.925723194060769572e+01
4.417649395539733348e+01
5.925723194060769572e+01
9.887018261723004287e+01
6.826105555254186186e+01
4.611365591408155495e+01
6.679160678762134751e+01
6.720297554526298711e+01
7.319783156326819551e+01
6.720297554526298711e+01
9.837491187466068254e+01
1.070403278750053886e+02
5.916089637734513218e+01
7.595616544820106242e+01
1.184829107203652683e+02
9.246312492431243868e+01
1.184829107203652683e+02
8.056299319959985894e+01
6.931407656455097310e+01
6.743622278849920804e+01
7.838038429116245709e+01
8.034386114765941045e+01
8.008346777927103233e+01
8.034386114765941045e+01
9.402801331220011605e+01
9.373436655958266783e+01
7.199548067034920962e+01
5.394316181791521103e+01
5.024796085157440473e+01
6.722249948200301617e+01
5.024796085157440473e+01
8.656875730423192294e+01
7.778161643156107630e+01
7.057154790001888500e+01
7.854415327195198415e+01
9.104029765186102452e+01
1.066723103289357937e+02
9.104029765186102452e+01
1.112783863293438031e+02
1.303034281977535329e+02
9.068449758472374356e+01
7.320224303476226169e+01
9.776461903998523439e+01
1.212276893789089485e+02
9.776461903998523439e+01
5.854059795149122891e+01
4.953561531966735032e+01
7.688885695334803927e+01
9.086633188683875062e+01
1.182248727131654391e+02
1.127840572488859010e+02
1.182248727131654391e+02
7.510517356106311126e+01
7.160356598438885101e+01
5.593560881636572191e+01
4.699175952813839530e+01
7.359825389135346541e+01
8.749795169928539451e+01
7.359825389135346541e+01
5.712058374696564300e+01
6.465078558274159093e+01
8.944695853955788323e+01
7.902862185071560930e+01
1.384534358225535300e+02
1.469021387070081630e+02
1.384534358225535300e+02
8.890846038116592354e+01
9.452907970219695244e+01
7.193859775584228089e+01
6.089121378177943456e+01
6.543650881337941883e+01
7.726822014198003785e+01
6.543650881337941883e+01
8.108111742341145600e+01
6.663245877612338575e+01
6.166965801055515328e+01
7.504217725801829886e+01
6.674263372127832383e+01
4.589246785790655281e+01
6.674263372127832383e+01
9.063744864243356858e+01
6.250329025640031944e+01
1.155317327845971676e+02
7.860323979452158483e+01
7.886158633764800641e+01
1.155256953897230687e+02
7.886158633764800641e+01
7.429036889931504106e+01
8.075040152069193766e+01
9.375991219304826529e+01
8.625911863737388785e+01
7.941449500740775136e+01
8.091541594664451509e+01
7.941449500740775136e+01
7.010794008638282548e+01
7.140999103249836821e+01
6.495157562238260596e+01
4.753281381659947158e+01
9.026879359081110010e+01
1.225680447153430634e+02
9.026879359081110010e+01
5.120332706814173918e+01
4.287760177389342431e+01
7.461439941488352190e+01
8.910259294304583477e+01
9.552053555800134177e+01
9.461212535751852215e+01
9.552053555800134177e+01
8.563631779360392215e+01
8.482537637941086928e+01
6.252179563629687209e+01
6.352329516115067776e+01
8.252767320718314181e+01
8.122760543216669760e+01
8.252767320718314181e+01
7.073667479030790162e+01
6.142592857614599211e+01
1.196844318852690208e+02
1.378258161003809334e+02
8.074946193301433084e+01
7.638404115959158958e+01
8.074946193301433084e+01
6.594859400819807149e+01
6.232749743722070690e+01
6.817733819211807145e+01
5.650030339934447454e+01
5.066325366349143877e+01
6.111513750557567448e+01
5.066325366349143877e+01
1.149385726700951409e+02
1.398613749910882973e+02
1.100004779027749464e+02
9.039878182220715530e+01
1.224744111036067551e+02
1.027111206756397195e+02
1.224744111036067551e+02
6.341126914451793795e+01
5.294923843964008370e+01
6.992092210873244085e+01
8.715115321023304773e+01
1.085240937192926651e+02
8.714765568366098591e+01
1.085240937192926651e+02
6.641956020555505802e+01
1.042686141837586291e+02
1.003061246210089053e+02
6.389543713997839802e+01
7.563739506404591850e+01
7.985137516856322293e+01
7.563739506404591850e+01
5.194788250385161632e+01
5.487709238119775534e+01
9.302117960280391173e+01
8.943758183270809070e+01
8.430871388034789504e+01
8.770091360422397031e+01
8.430871388034789504e+01
7.850218572085719870e+01
7.885065667425114100e+01
7.360556841985399501e+01
7.328027750048561018e+01
1.231899397641355307e+02
1.137595930498363401e+02
1.231899397641355307e+02
9.813851192405590496e+01
9.057234133951604349e+01
4.237272810173961801e+01
7.051756587676666754e+01
6.812728967736603636e+01
4.094842263302047058e+01
6.812728967736603636e+01
5.239329648611043666e+01
8.080558759037072036e+01
9.289726602644346087e+01
6.023338418558235219e+01
9.785142671653366619e+01
8.349016455839195316e+01
9.785142671653366619e+01
7.387324989839507339e+01
6.304457196310913503e+01
7.088854817465411884e+01
1.169057726767428420e+02
1.094031429487837670e+02
6.644071860440395483e+01
1.094031429487837670e+02
1.000999546069313482e+02
1.162318802622148581e+02
8.412459200671040094e+01
7.244886533884819357e+01
8.439264685934425358e+01
