7.010380211860510968e+00
5.533744198344759724e+00
9.587207126832526072e+00
1.214547776694456971e+01
1.042227334298672581e+01
1.069667821875904323e+01
1.042227334298672581e+01
1.305084689687362065e+01
1.339574944484320085e+01
6.904890590787452709e+00
5.768783624886084205e+00
7.860376146167545208e+00
9.397681289434881791e+00
7.860376146167545208e+00
1.497758989474459490e+01
1.079508796993964026e+01
8.093167240369647075e+00
1.122882372180578336e+01
1.389788738073315066e+01
1.274089098014932731e+01
1.389788738073315066e+01
1.071697764814476095e+01
9.807830034519977147e+00
6.439686448915628247e+00
1.040696952607898851e+01
1.369514286255054891e+01
8.476353079145917846e+00
1.369514286255054891e+01
9.786157615616776440e+00
8.318993088135753666e+00
7.431230213482618474e+00
8.741826009062274139e+00
7.127387908080967449e+00
8.089035108754432102e+00
7.127387908080967449e+00
9.301822745631586287e+00
1.053527481666780652e+01
9.680093694050661668e+00
1.042015931945126894e+01
1.187710180483856526e+01
1.103084933700962544e+01
1.187710180483856526e+01
1.274580203312410198e+01
8.089493050585163658e+00
4.246240949441807189e+00
6.690375551112593300e+00
1.057904444182175929e+01
8.875658583376626609e+00
1.057904444182175929e+01
1.019529315111796919e+01
8.577563468537166003e+00
8.594806268505797320e+00
8.872376762189436050e+00
1.370720771526241499e+01
1.328521079489506995e+01
1.370720771526241499e+01
6.924772184640967332e+00
9.201895862932648384e+00
7.392380916041309646e+00
5.563044236555740873e+00
9.661446553127840176e+00
1.021989466805539593e+01
9.661446553127840176e+00
1.010210295327247820e+01
1.067679312545305592e+01
1.146969077288511585e+01
1.114209838762009674e+01
1.569247591829186561e+01
1.614871507289918640e+01
1.569247591829186561e+01
9.231512326564848436e+00
8.738834460784842051e+00
6.982692413856462998e+00
7.376362532142243467e+00
1.347344039866874610e+01
1.241965484142717280e+01
1.347344039866874610e+01
1.074876866837349532e+01
9.917069491353732502e+00
5.480645544685390114e+00
8.023225800859304258e+00
1.097916703184559850e+01
7.489633910368194591e+00
1.097916703184559850e+01
9.878911109047999517e+00
1.033565066470169569e+01
9.849441473245359902e+00
9.414187838242883188e+00
1.206738650941565005e+01
9.631764958296713530e+00
1.206738650941565005e+01
1.141436506880636692e+01
9.125823723683332389e+00
9.103197446587133257e+00
1.004639061547367440e+01
1.107825933508975602e+01
1.004152529819314488e+01
1.107825933508975602e+01
1.053613519936262932e+01
1.117082081441059493e+01
1.094082167033923625e+01
1.031920377436408209e+01
6.978497830142367242e+00
5.574268806398348985e+00
6.978497830142367242e+00
8.632305050640605160e+00
6.924405906047018000e+00
9.589521796862458203e+00
7.600242818163565062e+00
9.529156914032446579e+00
1.199299874922855658e+01
9.529156914032446579e+00
1.256742274407959670e+01
1.635678040470916983e+01
1.195442694423336683e+01
9.184957757832515668e+00
8.757847767916434378e+00
1.096645041597414583e+01
8.757847767916434378e+00
5.013961208102907463e+00
6.284944529661330215e+00
1.098591474106427057e+01
9.406448060686985357e+00
5.685977614446599659e+00
6.651690508603429919e+00
5.685977614446599659e+00
7.595502780423065481e+00
8.392778757794324918e+00
1.312316222511978303e+01
1.187652123872212684e+01
6.100700599301037030e+00
6.298675905944294939e+00
6.100700599301037030e+00
5.603257190050095815e+00
5.785678343804138812e+00
1.229402954437435191e+01
1.193984072562826881e+01
1.130940083965822751e+01
1.164805341163454067e+01
1.130940083965822751e+01
1.105913982598445067e+01
1.202910008409810239e+01
1.599666667222873961e+01
1.470678373619226598e+01
8.722202361002754145e+00
7.963177845812555944e+00
8.722202361002754145e+00
7.961991413444990506e+00
7.260127080085869267e+00
1.163767766361875999e+01
1.377634340929300727e+01
1.157382280502342553e+01
9.756983031577750154e+00
1.157382280502342553e+01
6.859071963760161594e+00
8.124381580377924905e+00
9.462144546006804546e+00
7.988488690549952587e+00
1.000647757143941874e+01
9.230467312151812820e+00
1.000647757143941874e+01
8.987111560406491506e+00
8.266509240812718318e+00
9.551926843956920266e+00
1.195873730778436794e+01
1.024957256542074369e+01
8.234343357924911899e+00
1.024957256542074369e+01
1.055512382479268041e+01
1.125799309886717481e+01
1.171525551134539178e+01
1.098383801405761062e+01
9.719449914851796990e+00
9.507842429819211461e+00
9.719449914851796990e+00
1.189896429430920577e+01
1.164455062802677432e+01
6.231059166498264190e+00
9.616765815903839609e+00
9.347887687849807392e+00
6.072020261831172050e+00
9.347887687849807392e+00
1.138041761050013356e+01
1.101772385599753612e+01
7.423018530355317779e+00
7.667377755155760255e+00
1.035811907047242109e+01
1.071908990557829355e+01
1.035811907047242109e+01
1.004643536734108800e+01
1.039882033266260741e+01
9.715166207743008542e+00
7.289453576513311717e+00
7.162802816569510789e+00
9.529003647626309359e+00
7.162802816569510789e+00
1.065786377623631154e+01
8.058452789665087934e+00
8.409893724623556110e+00
1.112266883347809276e+01
5.224987842473269417e+00
4.033463088313438583e+00
5.224987842473269417e+00
1.471795950532010089e+01
1.142426597930688814e+01
7.596254012569300329e+00
6.958384291067250871e+00
5.413767832547873304e+00
5.910164391807430029e+00
5.413767832547873304e+00
1.166390363629027860e+01
1.129936315836599192e+01
1.057402886327603397e+01
1.091516857897318538e+01
1.081563374821092438e+01
9.351799016170875944e+00
1.081563374821092438e+01
1.442573698633000845e+01
1.251644906982882866e+01
1.351235968168568746e+01
7.590167908815552700e+00
9.366958632381589211e+00
1.652401992579914136e+01
9.366958632381589211e+00
8.126170777217012642e+00
6.854097161814928896e+00
1.389056118386959149e+01
1.646855445825293174e+01
7.838128027349404725e+00
8.254411605326849255e+00
7.838128027349404725e+00
9.330062637858526742e+00
9.829464042268948987e+00
8.842004332182980875e+00
8.110685239347347419e+00
8.442309151389531863e+00
9.214553981244598901e+00
8.442309151389531863e+00
9.468207798225909855e+00
6.834879188140003947e+00
7.889867815151308861e+00
1.092966033752475852e+01
1.229005990857246644e+01
1.169787996286775567e+01
1.229005990857246644e+01
1.089512852318424763e+01
1.036310404286343889e+01
8.961885648036654217e+00
1.171358419062758571e+01
1.013070738444463892e+01
7.747325433782584092e+00
1.013070738444463892e+01
7.402842562581536612e+00
8.386558077679225676e+00
1.106610386034579818e+01
9.768086490374038533e+00
1.211052851738650737e+01
1.020203136785171338e+01
1.211052851738650737e+01
8.442259182567395825e+00
7.105346812179590188e+00
6.010413464141189266e+00
6.553160788368849410e+00
9.224175724289457534e+00
8.459549433251199346e+00
9.224175724289457534e+00
1.812112032073875767e+01
1.404324092630477594e+01
7.550764269390119132e+00
9.743356861652683776e+00
8.306140289145433897e+00
9.699035100603493831e+00
8.306140289145433897e+00
7.196358765533029889e+00
8.397844845975576789e+00
9.881154208474487888e+00
1.211576396753953411e+01
1.474768633882952429e+01
1.201020095247094233e+01
1.474768633882952429e+01
1.099083092914138682e+01
9.259589516288478706e+00
5.104209959743267966e+00
6.058530844773797774e+00
7.464458685931600890e+00
8.362388469676957925e+00
7.464458685931600890e+00
1.032099589918046334e+01
1.154384175915002331e+01
1.475677162639721729e+01
1.374328947541878421e+01
1.017898130967592785e+01
1.093654240163947122e+01
1.017898130967592785e+01
8.020496523906915698e+00
8.910930199498334758e+00
9.588511086259234872e+00
8.630369458074611089e+00
1.193094255605990384e+01
1.377602840307994114e+01
1.193094255605990384e+01
1.250795785712668007e+01
1.447557251643530485e+01
9.105478137102025471e+00
9.346299967819133414e+00
8.758047433427165629e+00
8.532435530744750807e+00
8.758047433427165629e+00
1.219490773230173630e+01
7.757247155482825285e+00
4.577972069540326316e+00
7.196876143057981068e+00
5.700506093892061976e+00
6.534960664345013548e+00
5.700506093892061976e+00
1.054904775066104783e+01
1.207279920081835023e+01
6.308914699742523169e+00
7.114334875683152148e+00
6.661022471235892972e+00
5.901850880065015126e+00
6.661022471235892972e+00
1.403322030907914630e+01
1.359118617224221559e+01
1.509615959639833527e+01
1.558714086853887792e+01
9.418177543459206547e+00
1.067338127863834885e+01
9.418177543459206547e+00
9.173637713202513311e+00
1.039333849733793080e+01
1.334070207689675769e+01
9.062775592433787608e+00
7.148156566483605978e+00
1.058497694589428839e+01
7.148156566483605978e+00
9.532649136430364933e+00
8.480623984257046999e+00
7.899423468470536669e+00
8.879350439873364920e+00
7.597477838812427109e+00
7.065821429926633535e+00
7.597477838812427109e+00
8.663824738637655898e+00
8.060134652961812307e+00
7.578315750708542353e+00
6.454889325102230124e+00
1.365892770361535469e+01
1.601500079710946167e+01
1.365892770361535469e+01
1.090688817422203094e+01
7.987981145713203723e+00
9.708314388164248854e+00
1.325585244385852768e+01
1.099822431529164746e+01
1.159081604515509056e+01
1.099822431529164746e+01
9.867379268404544490e+00
1.040121383645904984e+01
8.832358857101212379e+00
7.248810730355297771e+00
7.451427899027256885e+00
9.069501496821402498e+00
7.451427899027256885e+00
7.757099293425019582e+00
8.015227404989204274e+00
1.206156946314710687e+01
1.167313006015719701e+01
1.028318104766019836e+01
1.111768410903066240e+01
1.028318104766019836e+01
9.002909599743812663e+00
9.738618359836815230e+00
8.778810358519901769e+00
1.142302836536634025e+01
1.376739054546914431e+01
1.055629819046852624e+01
1.376739054546914431e+01
1.163765290850581557e+01
1.006867912281710176e+01
7.229809041566496397e+00
8.356409733016413099e+00
7.992387718451969825e+00
7.613905523026479827e+00
7.992387718451969825e+00
6.703771840514430203e+00
6.388401187354071808e+00
9.440427121972657432e+00
8.623044724165001895e+00
1.236879546261143581e+01
1.352908231613736767e+01
1.236879546261143581e+01
7.426047966117330645e+00
6.182181954136534152e+00
7.153702775608572928e+00
8.593040505944756546e+00
9.567557894510327898e+00
9.879026612345935376e+00
9.567557894510327898e+00
1.472515889581774573e+01
1.519207041623296561e+01
1.737037518199855768e+01
1.284720056412031219e+01
1.100431074256073316e+01
1.485375133612247467e+01
1.100431074256073316e+01
7.580114987892274669e+00
8.195575639099544674e+00
5.249927361442340512e+00
4.855675163067269651e+00
9.295537528346082823e+00
9.286134804152203159e+00
9.295537528346082823e+00
9.229373170924235481e+00
9.220155239068660080e+00
7.291763145684885039e+00
6.320610158110198995e+00
9.849904924056014366e+00
1.134421626629319668e+01
9.849904924056014366e+00
6.932614720938632402e+00
8.927325382488506378e+00
1.094713367523366010e+01
8.501119519836837668e+00
1.367076726812715926e+01
1.139853490094952448e+01
1.367076726812715926e+01
1.264673410078868798e+01
1.055570800965697664e+01
1.270909503484396552e+01
8.625741231440013479e+00
9.387842739506600864e+00
1.383201659039482756e+01
9.387842739506600864e+00
8.796554159606580825e+00
6.712602586109386316e+00
6.827358551085141336e+00
8.946936525923939953e+00
1.095496404880996977e+01
9.101002516311112345e+00
1.095496404880996977e+01
1.282272424862354576e+01
1.067208343043350816e+01
7.620217512531264781e+00
1.067449778321832277e+01
1.104294361097587540e+01
7.908893042502486814e+00
1.104294361097587540e+01
8.703900230344371991e+00
1.074968781338591128e+01
1.142837377331597715e+01
9.253424550074932142e+00
1.506412037727328901e+01
1.520131669373967753e+01
1.506412037727328901e+01
8.289145018272780163e+00
8.367287829704800117e+00
9.572761103558221407e+00
7.430184366352725611e+00
6.650698317812012483e+00
8.541683494295387646e+00
6.650698317812012483e+00
9.258826660356627158e+00
1.119376977443991983e+01
1.035047638193216812e+01
8.561304064985577611e+00
8.382453325401600708e+00
9.225612581077323071e+00
8.382453325401600708e+00
8.557922245609242751e+00
9.435663486715323955e+00
7.864177041548366276e+00
1.306893990256591032e+01
1.273898289553822671e+01
7.663157547319966234e+00
1.273898289553822671e+01
1.258823833543332960e+01
1.409675540161521390e+01
1.069118028674316179e+01
9.547099435462204298e+00
7.538761356399892755e+00
8.990096833813499444e+00
7.538761356399892755e+00
4.493669039059533077e+00
5.367111714872109474e+00
6.979000685198414544e+00
1.270060394694317019e+01
9.304617838842959898e+00
5.129487247849054299e+00
9.304617838842959898e+00
9.150758680620585395e+00
1.056200878857858072e+01
7.864812747337380117e+00
6.813950353551870620e+00
8.215768206699268106e+00
7.238721418144499431e+00
8.215768206699268106e+00
1.041856871173905752e+01
9.180508722698084156e+00
1.274688777133942352e+01
1.327550900087124752e+01
1.128570243388019989e+01
1.083739936588228048e+01
1.128570243388019989e+01
1.306120314141081096e+01
1.172902088629426487e+01
7.807283180052859706e+00
8.694034445479447371e+00
7.075390895063067731e+00
6.570241833735828152e+00
7.075390895063067731e+00
1.030278795181080653e+01
9.578496862563900649e+00
9.167535769688878844e+00
1.313759346716856413e+01
1.265706949057036290e+01
8.853956807315936928e+00
1.265706949057036290e+01
8.580258939560819087e+00
1.110718933085210480e+01
1.170177766125988938e+01
9.039576025582668706e+00
8.638337824727472025e+00
9.560709972782124311e+00
8.638337824727472025e+00
1.323374625337109478e+01
1.464395217420575612e+01
1.340182190680347141e+01
1.212390978864791613e+01
8.359614113271064184e+00
9.233046222662093072e+00
8.359614113271064184e+00
1.083974623348104593e+01
9.359471604259860911e+00
7.356969481797984045e+00
8.520532525987727368e+00
7.687606062041651533e+00
6.791729523869140195e+00
7.687606062041651533e+00
1.041121987282615891e+01
9.214389272775163064e+00
8.821821252618246234e+00
9.998635029885658554e+00
9.704350656284411514e+00
8.547874520066770287e+00
9.704350656284411514e+00
9.603527604744860113e+00
9.851842367513739873e+00
1.018946304918151391e+01
9.932638588800069002e+00
1.089038917637510906e+01
1.004155459609347112e+01
1.089038917637510906e+01
1.248727237132726131e+01
1.152407959142125016e+01
9.997402398175804450e+00
5.478389923950418350e+00
6.015247352652909996e+00
1.093650017992229451e+01
6.015247352652909996e+00
1.260897779311381051e+01
7.756950131850484986e+00
7.840098376546376535e+00
1.274413585821494799e+01
6.704567438713094241e+00
5.483145381305984500e+00
6.704567438713094241e+00
9.357251860404417698e+00
7.655537625601358975e+00
1.267957560399358918e+01
9.584778021614912547e+00
9.588153004240773214e+00
1.272242947692188686e+01
9.588153004240773214e+00
8.542435828764142869e+00
7.611299482766501256e+00
1.327916203407792750e+01
1.490368232030737694e+01
8.803387651382269752e+00
8.835439051636051033e+00
8.803387651382269752e+00
7.487940777140809523e+00
7.515457711214820868e+00
1.038576813629497941e+01
1.003204126739647428e+01
1.138501693676929882e+01
1.178223192175189737e+01
1.138501693676929882e+01
4.264604233487790275e+00
4.917621855510468265e+00
1.036710356984071701e+01
8.990441939615092082e+00
1.296541409672969003e+01
1.132702561924691231e+01
1.296541409672969003e+01
1.232302024147971942e+01
1.075749125925221961e+01
5.577434869748175039e+00
4.919805895814493013e+00
7.617893173999298995e+00
8.634165046714285197e+00
7.617893173999298995e+00
1.200786270851574322e+01
8.003012760104548207e+00
8.127640530555815701e+00
1.219485643226780525e+01
7.530132068138719603e+00
1.042951211083414620e+01
7.530132068138719603e+00
7.970155230875948682e+00
1.101680109263735829e+01
1.126125792967301820e+01
8.989981727188277816e+00
8.670515771507282921e+00
1.089326857962132955e+01
8.670515771507282921e+00
1.307444748616637753e+01
1.239793485389986927e+01
9.535923748803270428e+00
1.005626628588043125e+01
9.472202638745280012e+00
8.835565190651879064e+00
9.472202638745280012e+00
7.949939528830205937e+00
7.412149394973184258e+00
1.458695049721952586e+01
1.259363286623823264e+01
1.013104604215305926e+01
1.175797660048957205e+01
1.013104604215305926e+01
6.099439467006932070e+00
6.459328407730607680e+00
1.242419513850846258e+01
1.173196676033981589e+01
1.211814537427590110e+01
1.040066773507469478e+01
1.211814537427590110e+01
9.386737720293645282e+00
8.066877055191444157e+00
7.642729087053260706e+00
7.247717204969780447e+00
1.327449949322473088e+01
1.399754441421148954e+01
1.327449949322473088e+01
7.936031649159138723e+00
8.682851634994662504e+00
1.050916965485419396e+01
9.605266390959927847e+00
9.938506037507643498e+00
1.124070219339698085e+01
9.938506037507643498e+00
6.762721910578888718e+00
7.672954581789100281e+00
9.908769648447982803e+00
1.532444675251304744e+01
1.666661452176286318e+01
1.080934057797367132e+01
1.666661452176286318e+01
7.439583055943997714e+00
7.549509773195903328e+00
9.549843121152143510e+00
9.410789999013518425e+00
9.330664176096211904e+00
1.004745112062881596e+01
9.330664176096211904e+00
6.568787413679352483e+00
7.083493801621836283e+00
1.122081099995020281e+01
1.234559777119039481e+01
9.053309332485696359e+00
8.219458489062043682e+00
9.053309332485696359e+00
8.436016694045845199e+00
1.054809601095344185e+01
8.322055171128370787e+00
6.655703197952184347e+00
1.003583857453347150e+01
8.788458184781907434e+00
1.003583857453347150e+01
8.579926882848898373e+00
7.527630858914330148e+00
1.489808963247177154e+01
1.350504221293522811e+01
1.322198622441583460e+01
1.457139561354110135e+01
1.322198622441583460e+01
7.634424118161513562e+00
1.011705870507840466e+01
8.672927330305732596e+00
6.544669504814849326e+00
8.763737178247435367e+00
8.836280290792540626e+00
8.763737178247435367e+00
1.010433737841834834e+01
1.018725753551439617e+01
1.311477360957680105e+01
7.994369162018006847e+00
7.143632593023589550e+00
1.168112903240366052e+01
7.143632593023589550e+00
7.742978260849192829e+00
9.839835515055348480e+00
1.052167821871529974e+01
8.279521094688211846e+00
1.033070387545216917e+01
1.112315069501853237e+01
1.033070387545216917e+01
9.042773215071459703e+00
9.734953082296195603e+00
1.097111295616715410e+01
8.989150222646065558e+00
8.459241579733369321e+00
1.031167512533382968e+01
8.459241579733369321e+00
8.286758761051880029e+00
1.103735391782960917e+01
1.535484978260881661e+01
1.152830079636425253e+01
8.103359132437160994e+00
6.811766216722905831e+00
8.103359132437160994e+00
1.074231715397584885e+01
9.025895599486618792e+00
6.321975865918109783e+00
8.232587027364028032e+00
8.056952838587850607e+00
6.206443081448436594e+00
8.056952838587850607e+00
9.683124691926810357e+00
8.818229997617065052e+00
1.164058864368444546e+01
1.278230113692691816e+01
8.939880518337915305e+00
8.705021426651809335e+00
8.939880518337915305e+00
9.564291120925005885e+00
9.312662517456582023e+00
7.552550151112112253e+00
6.736438765553647734e+00
6.066123350813488635e+00
6.787587179831199080e+00
6.066123350813488635e+00
1.480992272887212202e+01
1.575290163243618657e+01
1.196547046180234197e+01
1.124920964332139839e+01
9.395356735913791724e+00
9.097428829317875554e+00
9.395356735913791724e+00
7.788696627953830998e+00
7.533775659342427211e+00
9.220357932534351875e+00
1.273356290199111385e+01
8.948382967961048706e+00
6.471227153346062799e+00
8.948382967961048706e+00
1.432164669841608884e+01
1.147437564799863985e+01
9.081627115983989640e+00
1.133515748410797919e+01
8.733784763793870809e+00
1.047343697835511911e+01
8.733784763793870809e+00
1.035407318636544893e+01
1.242102497938898864e+01
7.826946955000004813e+00
8.614478011635437582e+00
7.088757537423616029e+00
6.442033027006679013e+00
7.088757537423616029e+00
1.588111389050592592e+01
1.803155453150889187e+01
1.019424499905711556e+01
8.978480783497868600e+00
8.306875069354980212e+00
9.918593317215488980e+00
8.306875069354980212e+00
8.168596840136894244e+00
9.752181994827402889e+00
8.405370938317149765e+00
1.002317063843939593e+01
9.666205413029118176e+00
8.081939950840400400e+00
9.666205413029118176e+00
1.222733581125873847e+01
9.968328230126846989e+00
9.309652666578534408e+00
1.141939218016575985e+01
7.945569696979197793e+00
7.913328190500473980e+00
7.945569696979197793e+00
1.312342732906052234e+01
1.307166699426057299e+01
8.935037191333561779e+00
9.961782219151753992e+00
1.299440759050718164e+01
1.166525100575215568e+01
1.299440759050718164e+01
9.034812333994283406e+00
6.584777607062084037e+00
5.377468864179039798e+00
7.378293530771469655e+00
7.436417082549620083e+00
6.649429812155744912e+00
7.436417082549620083e+00
1.859234385586792015e+01
1.673724687064368766e+01
8.837076866767098693e+00
7.510943543107615916e+00
6.549989417003106773e+00
7.706102329469503687e+00
6.549989417003106773e+00
6.849065838176769283e+00
8.762128408295048132e+00
7.231949291184403883e+00
5.652975455916179115e+00
1.229015229243867502e+01
1.441956303012325158e+01
1.229015229243867502e+01
1.020847737923020127e+01
1.199452618069506826e+01
8.753265328214475005e+00
8.556889094710752985e+00
8.891646109880914750e+00
9.095846298509293604e+00
8.891646109880914750e+00
9.101681609859832989e+00
7.759043376055297259e+00
8.687706652804351393e+00
1.019104238000624640e+01
1.171710266622241825e+01
1.011122891997601947e+01
1.171710266622241825e+01
1.058580676255818709e+01
9.157597032690658168e+00
1.065612562171590305e+01
7.105353610512244344e+00
1.176663778987040310e+01
1.759763623062029225e+01
1.176663778987040310e+01
8.557661665590998723e+00
8.293796815822549462e+00
7.378936718015626006e+00
7.613695547028124011e+00
1.186030022688042784e+01
1.082633672629677335e+01
1.186030022688042784e+01
6.093220977633304614e+00
5.534410403620000807e+00
1.063788162684747718e+01
9.266479012384673197e+00
1.171406962025029408e+01
1.341076891443005792e+01
1.171406962025029408e+01
7.264846154650902221e+00
7.984446949423425366e+00
1.052274555533711542e+01
9.574379799665534208e+00
9.865550827079120566e+00
9.212824525676161613e+00
9.865550827079120566e+00
8.787930668534878365e+00
8.206260333812084085e+00
1.125585270796474724e+01
1.341375452786753364e+01
1.510532826654802285e+01
1.267229006727673202e+01
1.510532826654802285e+01
5.833446208632225627e+00
7.627875708844733538e+00
1.310486262993727813e+01
1.002199224806611433e+01
1.431827728287249180e+01
1.204232186365616997e+01
1.431827728287249180e+01
6.765270892017965387e+00
5.673576366995780162e+00
1.172838425144201935e+01
1.368208115457037799e+01
1.515350272657189379e+01
1.300114224746104696e+01
1.515350272657189379e+01
5.815444915443058527e+00
6.838859789879706774e+00
8.236877824383414648e+00
7.004253740341526147e+00
1.203929514854682203e+01
9.068575191044150330e+00
1.203929514854682203e+01
7.592225968446340900e+00
5.675431770592886060e+00
7.856133342173905021e+00
9.522169297782612674e+00
1.090897961243735281e+01
9.015118005453974348e+00
1.090897961243735281e+01
1.535605119043695588e+01
1.122730130193344777e+01
7.658639076910060517e+00
1.047504209171430567e+01
6.519965765092447185e+00
7.151194470777806345e+00
6.519965765092447185e+00
9.754092190525756934e+00
1.069089499848606728e+01
1.037976506238641861e+01
1.172934073425890489e+01
1.345738999705324446e+01
1.189926439513476630e+01
1.345738999705324446e+01
7.351224383591296707e+00
5.644536399582150032e+00
8.094106412243593951e+00
1.054144897098591294e+01
7.678141250660319272e+00
7.125304635767851558e+00
7.678141250660319272e+00
1.039365230759936409e+01
9.651842767286826330e+00
1.094521404861675684e+01
9.333738393264857436e+00
7.003504584734241867e+00
8.238931767948706408e+00
7.003504584734241867e+00
6.540638510922849314e+00
8.510375860902579248e+00
9.615438425256016330e+00
7.389932934991058744e+00
1.429840511720181695e+01
1.346724704050786237e+01
1.429840511720181695e+01
1.431742986611178203e+01
1.348974083392303669e+01
8.466097794299772161e+00
7.743182504990696380e+00
8.838751302614934247e+00
9.668424440078478455e+00
8.838751302614934247e+00
1.048321859614905627e+01
8.354219620077961039e+00
1.145556103084482125e+01
1.437490943370150376e+01
1.299213438972266488e+01
1.530218268737823095e+01
1.299213438972266488e+01
7.093435223725966132e+00
8.376412001522453465e+00
9.865096628807508594e+00
7.777591499709636480e+00
8.169018156709473288e+00
1.039041407791620308e+01
8.169018156709473288e+00
8.919060571381587366e+00
8.261153791942664526e+00
1.183242091403014307e+01
1.277473843196666614e+01
1.127358950793991710e+01
1.144019241934775799e+01
1.127358950793991710e+01
9.762677929641064623e+00
9.909459985932270953e+00
9.547282832594692792e+00
9.728420412443501419e+00
7.243377878722360386e+00
7.107042002860533891e+00
7.243377878722360386e+00
5.865234165497099639e+00
7.932739710230658048e+00
9.213875037461090045e+00
6.812467903950212289e+00
9.443733638650513740e+00
9.585505360065141645e+00
9.443733638650513740e+00
8.087156823605898381e+00
8.208750705099257416e+00
1.195765529221695544e+01
9.795677847985725606e+00
8.826372096250935328e+00
1.078860665464582524e+01
8.826372096250935328e+00
7.738099173584635615e+00
1.122534791979041024e+01
1.647949868340619517e+01
1.136000381051312225e+01
1.158140193936061912e+01
1.347659235921292975e+01
1.158140193936061912e+01
7.264367648246896181e+00
8.458918887345715731e+00
1.128711168735232384e+01
1.144093610287622731e+01
1.181843673412290663e+01
1.165968752118959273e+01
1.181843673412290663e+01
5.265293423498182079e+00
4.432276432979352698e+00
6.104713394469077237e+00
7.252053831541564577e+00
8.340997565439700168e+00
1.003558251121250322e+01
8.340997565439700168e+00
7.612667341628824857e+00
9.172517614630345761e+00
1.014931370029706414e+01
1.248142122171854318e+01
1.160454135786268992e+01
9.416353394286392842e+00
1.160454135786268992e+01
6.353538989211280352e+00
7.123146445380521108e+00
8.955744796198210622e+00
7.988137570437343626e+00
1.257175997094270770e+01
1.300209565607018192e+01
1.257175997094270770e+01
1.325517744514655760e+01
1.370151011054468704e+01
1.147565773097211306e+01
1.181353371897000848e+01
7.697322290163289615e+00
7.478056825004702368e+00
7.697322290163289615e+00
1.016907406045093332e+01
1.306437090898321784e+01
8.534460411379667377e+00
6.643072260726325062e+00
1.223680574134288435e+01
1.101775288358315485e+01
1.223680574134288435e+01
1.052591732327025831e+01
9.446154077888927247e+00
9.792047176662103780e+00
1.018416594681188059e+01
9.927250494844797046e+00
9.543126861712588394e+00
9.927250494844797046e+00
1.059651605310900102e+01
1.082721435771578200e+01
6.243059336743703724e+00
6.110036829110431000e+00
7.835926204602234435e+00
8.522986693086206600e+00
7.835926204602234435e+00
9.232371081462281026e+00
1.002819274149420181e+01
9.416893437222752183e+00
7.321584990021749562e+00
5.079006868385385509e+00
6.534008560507561292e+00
5.079006868385385509e+00
9.457157247041171999e+00
1.389258823184603031e+01
1.272889791095387046e+01
8.664993672631785770e+00
4.987856199068105845e+00
5.478949668997088018e+00
4.987856199068105845e+00
1.177479274750963611e+01
1.287326856330267510e+01
1.146907086679373222e+01
1.031948595029061622e+01
9.009374258478539232e+00
1.001793598409473418e+01
9.009374258478539232e+00
1.129193579993898489e+01
1.102268863549790368e+01
1.228538196741143906e+01
1.258547247782906453e+01
6.434878595526120293e+00
7.763518760699609444e+00
6.434878595526120293e+00
6.265805344155137568e+00
7.556157862786462509e+00
1.007975294003030697e+01
7.491090270189755707e+00
6.730915526561805251e+00
9.074373183436696522e+00
6.730915526561805251e+00
1.048074687973666030e+01
1.038538417053656637e+01
1.849951270137520609e+01
1.866938255126382273e+01
5.811965638602952566e+00
6.411110010443214158e+00
5.811965638602952566e+00
1.128377983659038541e+01
1.243769998195012150e+01
1.121186110952837289e+01
1.235093385203449756e+01
9.026160858002450382e+00
8.193037185814045387e+00
9.026160858002450382e+00
9.952187204595407621e+00
9.208528907677026254e+00
9.051374549473649722e+00
9.782341444372603334e+00
1.138393854504355751e+01
1.327684705798184517e+01
1.138393854504355751e+01
5.792196058526985603e+00
6.800109391242447288e+00
1.085706910409499493e+01
1.159249139241550886e+01
8.819776724323642014e+00
8.255096448142651866e+00
8.819776724323642014e+00
1.120458305740347704e+01
1.101712534028852630e+01
9.980877703990756800e+00
1.015070354252883611e+01
1.195381626131027453e+01
1.397362449302385556e+01
1.195381626131027453e+01
8.866231826590700749e+00
1.039804766400641078e+01
7.443568601686192387e+00
9.940839557578851071e+00
7.094087303140429235e+00
5.288669325296028845e+00
7.094087303140429235e+00
1.183642374431292588e+01
8.171996423653478558e+00
5.520580192631213023e+00
7.996078692020549106e+00
8.045326451069085394e+00
8.763011543145454496e+00
8.045326451069085394e+00
1.177713150653172214e+01
1.281452754430292629e+01
7.082554315962312330e+00
9.093230501238815933e+00
1.418439716223849700e+01
1.106939117898198432e+01
1.418439716223849700e+01
9.644745264731461987e+00
8.298060749417478732e+00
8.073250069040184940e+00
9.383450269369784991e+00
9.618511472560072662e+00
9.587338006841026328e+00
9.618511472560072662e+00
1.125673463867096302e+01
1.122158018357525755e+01
8.619069919076254749e+00
6.457903732784409989e+00
6.015526027998190806e+00
8.047663794667474946e+00
6.015526027998190806e+00
1.036373623823878809e+01
9.311767685975002706e+00
8.448601217523499685e+00
9.403056170779960254e+00
1.089905482411856141e+01
1.277046965439807380e+01
1.089905482411856141e+01
1.332189442065352303e+01
1.559951191206239329e+01
1.085645957192613764e+01
8.763539670479271848e+00
1.170406918978348543e+01
1.451299333174944373e+01
1.170406918978348543e+01
7.008294161667240729e+00
5.930246286979987680e+00
9.204889361224745770e+00
1.087822819613731262e+01
1.415350567286824734e+01
1.350214855341046771e+01
1.415350567286824734e+01
8.991352459624055271e+00
8.572151139603532144e+00
6.696433149211669544e+00
5.625703963946853570e+00
8.810948830469481408e+00
1.047497643532907574e+01
8.810948830469481408e+00
6.838294578347174912e+00
7.739786387596795159e+00
1.070830533420793174e+01
9.461055207873393158e+00
1.657520489869295233e+01
1.758665673162176901e+01
1.657520489869295233e+01
1.064383804771635589e+01
1.131672071292549120e+01
8.612260077503272271e+00
7.289702411261518300e+00
7.833850673283258459e+00
9.250305515365234044e+00
7.833850673283258459e+00
9.706773448587155073e+00
7.977025998354073444e+00
7.382895278000479067e+00
8.983810742622779344e+00
7.990215792307512110e+00
5.494100262173272853e+00
7.990215792307512110e+00
1.085082702222382345e+01
7.482695078582896286e+00
1.383109152784058082e+01
9.410129821300246888e+00
9.441058247610143894e+00
1.383036875013197786e+01
9.441058247610143894e+00
8.893806637516805225e+00
9.667181192762912545e+00
1.122463842554985369e+01
1.032666728204251250e+01
9.507250714681001469e+00
9.686936194906079933e+00
9.507250714681001469e+00
8.393099564870391660e+00
8.548976962149732017e+00
7.775796014291254998e+00
5.690477262198930575e+00
1.080669281218217392e+01
1.467345640878659196e+01
1.080669281218217392e+01
6.129899432304226181e+00
5.133170085267561689e+00
8.932598540058393155e+00
1.066707898046425385e+01
1.143541465403525237e+01
1.132666267460180265e+01
1.143541465403525237e+01
1.025210754623504350e+01
1.015502421983559778e+01
7.484910483796142877e+00
7.604806821014316931e+00
9.879950505342430134e+00
9.724310526998351634e+00
9.879950505342430134e+00
8.468369683539268777e+00
7.353716765447335213e+00
1.432823945390918041e+01
1.650006826209259003e+01
9.667068708315094128e+00
9.144454420279446438e+00
9.667068708315094128e+00
7.895155883798832264e+00
7.461649721490021925e+00
8.161974047579109381e+00
6.764036588320617938e+00
6.065243562341661843e+00
7.316509847144568646e+00
6.065243562341661843e+00
1.376008028585014742e+01
1.674375889711643239e+01
1.316890728901388563e+01
1.082225458973582022e+01
1.466224689064994813e+01
1.229624863015340708e+01
1.466224689064994813e+01
7.591395422672047033e+00
6.338914387733949773e+00
8.370710367514053729e+00
1.043345882342981490e+01
1.299215927113319147e+01
1.043304011067468551e+01
1.299215927113319147e+01
7.951538458743055315e+00
1.248270679836052643e+01
1.200833015309124363e+01
7.649358474888621195e+00
9.055068324896886622e+00
9.559552617803189989e+00
9.055068324896886622e+00
6.219035240541903597e+00
6.569710928868727429e+00
1.113619970984809626e+01
1.070718278469236928e+01
1.009317102901687768e+01
1.049927438894069809e+01
1.009317102901687768e+01
9.398031949067007673e+00
9.439749783076917922e+00
8.811824502553122329e+00
8.772881708478113438e+00
1.474790770570080767e+01
1.361893659619683739e+01
1.474790770570080767e+01
1.174883045646362234e+01
1.084303258303314443e+01
5.072728215304651123e+00
8.442138661423422619e+00
8.155982398603685013e+00
4.902214895486387114e+00
8.155982398603685013e+00
6.272358785579418949e+00
9.673787893470951360e+00
1.112136517067106212e+01
7.210949144644389186e+00
1.171446152867360624e+01
9.995176908101779389e+00
1.171446152867360624e+01
8.843870477635244143e+00
7.547495602624143096e+00
8.486551481984649925e+00
1.399558721273266215e+01
1.309739624852050000e+01
7.954071474945688003e+00
1.309739624852050000e+01
1.198364813485890501e+01
1.391491095660282795e+01
1.007112854402009106e+01
8.673347689314679698e+00
1.010321921826084512e+01
