2.595218013262492907e+00
2.595218013262492907e+00
2.501007284183058843e+00
2.501007284183058843e+00
2.487603359146151938e+00
2.487603359146151938e+00
2.487603359146151938e+00
2.609703164586895330e+00
2.609703164586895330e+00
2.476224335113845321e+00
2.517126627693388574e+00
2.517126627693388574e+00
2.476224335113845321e+00
2.476224335113845321e+00
2.553042421436039433e+00
2.553042421436039433e+00
2.528187991821411629e+00
2.528187991821411629e+00
2.526072312041916401e+00
2.526072312041916401e+00
2.526072312041916401e+00
2.467357307479581596e+00
2.467357307479581596e+00
2.550403921171961574e+00
2.492530396123685765e+00
2.492530396123685765e+00
2.550403921171961574e+00
2.550403921171961574e+00
2.446586671589522144e+00
2.446586671589522144e+00
2.509278904881448558e+00
2.509278904881448558e+00
2.557577253285804986e+00
2.557577253285804986e+00
2.557577253285804986e+00
2.553973549074297189e+00
2.553973549074297189e+00
2.411292385747132894e+00
2.574207938582903310e+00
2.574207938582903310e+00
2.411292385747132894e+00
2.411292385747132894e+00
2.457018631024099786e+00
2.457018631024099786e+00
2.539377368471565255e+00
2.539377368471565255e+00
2.505162598724642198e+00
2.505162598724642198e+00
2.505162598724642198e+00
2.519981022793879255e+00
2.519981022793879255e+00
2.575149715707268694e+00
2.530140249336931824e+00
2.530140249336931824e+00
2.575149715707268694e+00
2.575149715707268694e+00
2.540534891832820108e+00
2.540534891832820108e+00
2.497577925397973964e+00
2.497577925397973964e+00
2.513496414907120613e+00
2.513496414907120613e+00
2.513496414907120613e+00
2.584058036959041349e+00
2.584058036959041349e+00
2.485397287661830656e+00
2.471039594025327357e+00
2.471039594025327357e+00
2.485397287661830656e+00
2.485397287661830656e+00
2.584172776367458457e+00
2.584172776367458457e+00
2.530387569163246919e+00
2.530387569163246919e+00
2.581949459837137972e+00
2.581949459837137972e+00
2.581949459837137972e+00
2.632876233230915464e+00
2.632876233230915464e+00
2.503835638891641846e+00
2.478550399320973874e+00
2.478550399320973874e+00
2.503835638891641846e+00
2.503835638891641846e+00
2.508814547956395469e+00
2.508814547956395469e+00
2.525455447017366239e+00
2.525455447017366239e+00
2.541506623794077324e+00
2.541506623794077324e+00
2.541506623794077324e+00
2.471726657322897314e+00
2.471726657322897314e+00
2.545162338155675386e+00
2.536707251570942567e+00
2.536707251570942567e+00
2.545162338155675386e+00
2.545162338155675386e+00
2.502197491890880698e+00
2.502197491890880698e+00
2.457133826323381953e+00
2.457133826323381953e+00
2.463508396067283446e+00
2.463508396067283446e+00
2.463508396067283446e+00
2.559865762667537847e+00
2.559865762667537847e+00
2.513708682399336869e+00
2.563468351234012843e+00
2.563468351234012843e+00
2.513708682399336869e+00
2.513708682399336869e+00
2.558775954361613980e+00
2.558775954361613980e+00
2.544260774014662108e+00
2.544260774014662108e+00
2.417236850976447915e+00
2.417236850976447915e+00
2.417236850976447915e+00
2.444222455082043499e+00
2.444222455082043499e+00
2.567228627157433607e+00
2.497821744677463318e+00
2.497821744677463318e+00
2.567228627157433607e+00
2.567228627157433607e+00
2.525124990275593007e+00
2.525124990275593007e+00
2.515434267252969924e+00
2.515434267252969924e+00
2.545375945421297192e+00
2.545375945421297192e+00
2.545375945421297192e+00
2.578008795464719949e+00
2.578008795464719949e+00
2.494525754548685192e+00
2.519834032851134609e+00
2.519834032851134609e+00
2.494525754548685192e+00
2.494525754548685192e+00
2.483903408126522994e+00
2.483903408126522994e+00
2.532965267873848347e+00
2.532965267873848347e+00
2.643449755419136071e+00
2.643449755419136071e+00
2.643449755419136071e+00
2.488781188774256581e+00
2.488781188774256581e+00
2.522609643240081301e+00
2.618594249361962056e+00
2.618594249361962056e+00
2.522609643240081301e+00
2.522609643240081301e+00
2.481569545032330293e+00
2.481569545032330293e+00
2.473138781073993098e+00
2.473138781073993098e+00
2.521481487472566396e+00
2.521481487472566396e+00
2.521481487472566396e+00
2.622797860584559437e+00
2.622797860584559437e+00
2.506839292658747720e+00
2.547416221784679191e+00
2.547416221784679191e+00
2.506839292658747720e+00
2.506839292658747720e+00
2.523475652963267812e+00
2.523475652963267812e+00
2.561310570612276738e+00
2.561310570612276738e+00
2.495802884174649350e+00
2.495802884174649350e+00
2.495802884174649350e+00
2.511041184416637595e+00
2.511041184416637595e+00
2.548213001367286346e+00
2.433058559642740093e+00
2.433058559642740093e+00
2.548213001367286346e+00
2.548213001367286346e+00
2.561109910646383270e+00
2.561109910646383270e+00
2.454319115811151697e+00
2.454319115811151697e+00
2.566556232277807048e+00
2.566556232277807048e+00
2.566556232277807048e+00
2.565590442925798964e+00
2.565590442925798964e+00
2.518051897525460436e+00
2.467419837696511742e+00
2.467419837696511742e+00
2.518051897525460436e+00
2.518051897525460436e+00
2.500138705094534952e+00
2.500138705094534952e+00
2.541351064983829122e+00
2.541351064983829122e+00
2.534621365190069753e+00
2.534621365190069753e+00
2.534621365190069753e+00
2.448158759456068534e+00
2.448158759456068534e+00
2.535938395810776402e+00
2.543583729430536344e+00
2.543583729430536344e+00
2.535938395810776402e+00
2.535938395810776402e+00
2.510860306649302487e+00
2.510860306649302487e+00
2.487759693215203516e+00
2.487759693215203516e+00
2.475388332731939034e+00
2.475388332731939034e+00
2.475388332731939034e+00
2.579680677369455388e+00
2.579680677369455388e+00
2.491088623862487861e+00
2.577834682720770321e+00
2.577834682720770321e+00
2.491088623862487861e+00
2.491088623862487861e+00
2.588822943851881941e+00
2.588822943851881941e+00
2.480600687150417372e+00
2.480600687150417372e+00
2.473930662549811643e+00
2.473930662549811643e+00
2.473930662549811643e+00
2.527394450936103265e+00
2.527394450936103265e+00
2.501875280023551529e+00
2.511826110780452037e+00
2.511826110780452037e+00
2.501875280023551529e+00
2.501875280023551529e+00
2.538634254691799708e+00
2.538634254691799708e+00
2.596774785088542536e+00
2.596774785088542536e+00
2.531825024436354710e+00
2.531825024436354710e+00
2.531825024436354710e+00
2.508206727510760459e+00
2.508206727510760459e+00
2.557405569618074637e+00
2.507018051376532775e+00
2.507018051376532775e+00
2.557405569618074637e+00
2.557405569618074637e+00
2.451958167282498380e+00
2.451958167282498380e+00
2.461806760037877240e+00
2.461806760037877240e+00
2.571185063790295100e+00
2.571185063790295100e+00
2.571185063790295100e+00
2.551664202123416825e+00
2.551664202123416825e+00
2.521001249869229799e+00
2.554933316463947168e+00
2.554933316463947168e+00
2.521001249869229799e+00
2.521001249869229799e+00
2.438383849774470757e+00
2.438383849774470757e+00
2.570338656564658208e+00
2.570338656564658208e+00
2.494766440476609670e+00
2.494766440476609670e+00
2.494766440476609670e+00
2.435891800055263179e+00
2.435891800055263179e+00
2.538288912065845171e+00
2.528073414458425372e+00
2.528073414458425372e+00
2.538288912065845171e+00
2.538288912065845171e+00
2.550715270548458591e+00
2.550715270548458591e+00
2.481438591013240824e+00
2.481438591013240824e+00
2.515124477910080092e+00
2.515124477910080092e+00
2.515124477910080092e+00
2.531204621209857564e+00
2.531204621209857564e+00
2.496654271742123843e+00
2.490148028304586703e+00
2.490148028304586703e+00
2.496654271742123843e+00
2.496654271742123843e+00
2.602534335712239244e+00
2.602534335712239244e+00
2.591843229038230945e+00
2.591843229038230945e+00
2.605365441418259653e+00
2.605365441418259653e+00
2.605365441418259653e+00
2.558612714935827981e+00
2.558612714935827981e+00
2.512803486079651094e+00
2.488460827516081775e+00
2.488460827516081775e+00
2.512803486079651094e+00
2.512803486079651094e+00
2.516421509602893014e+00
2.516421509602893014e+00
2.546194570117341183e+00
2.546194570117341183e+00
2.549928899882091482e+00
2.549928899882091482e+00
2.549928899882091482e+00
2.459411315515412255e+00
2.459411315515412255e+00
2.524553154647623199e+00
2.529031114103440725e+00
2.529031114103440725e+00
2.524553154647623199e+00
2.524553154647623199e+00
2.493864231541102594e+00
2.493864231541102594e+00
2.470107891030263847e+00
2.470107891030263847e+00
2.441823709056946790e+00
2.441823709056946790e+00
2.441823709056946790e+00
2.660070247519707998e+00
2.660070247519707998e+00
2.504788819908382980e+00
2.553661433481103860e+00
2.553661433481103860e+00
2.504788819908382980e+00
2.504788819908382980e+00
2.569667619991565566e+00
2.569667619991565566e+00
2.533926209715215094e+00
2.533926209715215094e+00
2.455091470939346099e+00
2.455091470939346099e+00
2.455091470939346099e+00
2.489947855685015643e+00
2.489947855685015643e+00
2.576122181597344074e+00
2.505860684184946674e+00
2.505860684184946674e+00
2.576122181597344074e+00
2.576122181597344074e+00
2.532680444611559167e+00
2.532680444611559167e+00
2.493430916003051667e+00
2.493430916003051667e+00
2.537337059107712900e+00
2.537337059107712900e+00
2.537337059107712900e+00
2.568757592742109797e+00
2.568757592742109797e+00
2.516361236886036856e+00
2.512324562257460148e+00
2.512324562257460148e+00
2.516361236886036856e+00
2.516361236886036856e+00
2.473020737605307939e+00
2.473020737605307939e+00
2.543217407918991757e+00
2.543217407918991757e+00
2.592304565274992534e+00
2.592304565274992534e+00
2.592304565274992534e+00
2.440158514101714360e+00
2.440158514101714360e+00
2.510198556044310525e+00
2.576628293733502773e+00
2.576628293733502773e+00
2.510198556044310525e+00
2.510198556044310525e+00
2.477540380016927113e+00
2.477540380016927113e+00
2.555134755221893261e+00
2.555134755221893261e+00
2.509551483578422726e+00
2.509551483578422726e+00
2.509551483578422726e+00
2.465547415935946951e+00
2.465547415935946951e+00
2.549317862379517408e+00
2.544330404582425764e+00
2.544330404582425764e+00
2.549317862379517408e+00
2.549317862379517408e+00
2.533651660941449002e+00
2.533651660941449002e+00
2.477638762429601460e+00
2.477638762429601460e+00
2.500994493158796850e+00
2.500994493158796850e+00
2.500994493158796850e+00
2.529098898207286616e+00
2.529098898207286616e+00
2.500021800957575646e+00
2.466000030336115589e+00
2.466000030336115589e+00
2.500021800957575646e+00
2.500021800957575646e+00
2.568187971558168581e+00
2.568187971558168581e+00
2.604932846888512898e+00
2.604932846888512898e+00
2.562403496867469155e+00
2.562403496867469155e+00
2.562403496867469155e+00
2.484141123061744061e+00
2.484141123061744061e+00
2.529442914875533521e+00
2.425157123775589785e+00
2.425157123775589785e+00
2.529442914875533521e+00
2.529442914875533521e+00
2.497090095495032802e+00
2.497090095495032802e+00
2.498620809481515881e+00
2.498620809481515881e+00
2.522659003834874625e+00
2.522659003834874625e+00
2.522659003834874625e+00
2.586408877048446353e+00
2.586408877048446353e+00
2.519059432707966728e+00
2.548867689442473328e+00
2.548867689442473328e+00
2.519059432707966728e+00
2.519059432707966728e+00
2.521005412302325333e+00
2.521005412302325333e+00
2.573388271987308684e+00
2.573388271987308684e+00
2.482353324185519128e+00
2.482353324185519128e+00
2.482353324185519128e+00
2.423408936190620366e+00
2.423408936190620366e+00
2.540383336423037264e+00
2.610442203592437505e+00
2.610442203592437505e+00
2.540383336423037264e+00
2.540383336423037264e+00
2.625606769991196021e+00
2.625606769991196021e+00
2.463863932790113065e+00
2.463863932790113065e+00
2.485122904420045131e+00
2.485122904420045131e+00
2.485122904420045131e+00
2.552821726459026497e+00
2.552821726459026497e+00
2.507246500120546617e+00
2.519015708415629273e+00
2.519015708415629273e+00
2.507246500120546617e+00
2.507246500120546617e+00
2.546663903960083797e+00
2.546663903960083797e+00
2.556165993858174446e+00
2.556165993858174446e+00
2.524645610591372602e+00
2.524645610591372602e+00
2.524645610591372602e+00
2.502874985162462984e+00
2.502874985162462984e+00
2.600354513721020222e+00
2.499208429265450615e+00
2.499208429265450615e+00
2.600354513721020222e+00
2.600354513721020222e+00
2.380731591204201081e+00
2.380731591204201081e+00
2.479227921810756907e+00
2.479227921810756907e+00
2.559538187484561966e+00
2.559538187484561966e+00
2.559538187484561966e+00
2.526459531343409282e+00
2.526459531343409282e+00
2.495621880070484355e+00
2.565529506344990551e+00
2.565529506344990551e+00
2.495621880070484355e+00
2.495621880070484355e+00
2.462192348200389791e+00
2.462192348200389791e+00
2.589175475296743745e+00
2.589175475296743745e+00
2.502914010499429853e+00
2.502914010499429853e+00
2.502914010499429853e+00
2.482715996759103483e+00
2.482715996759103483e+00
2.532126661147882096e+00
2.535369865259999411e+00
2.535369865259999411e+00
2.532126661147882096e+00
2.532126661147882096e+00
2.542360535574215596e+00
2.542360535574215596e+00
2.430195299130638364e+00
2.430195299130638364e+00
2.507847086449315199e+00
2.507847086449315199e+00
2.507847086449315199e+00
2.537330845543931623e+00
2.537330845543931623e+00
2.521893053579109978e+00
2.480062037206145042e+00
2.480062037206145042e+00
2.521893053579109978e+00
2.521893053579109978e+00
2.580358782148855834e+00
2.580358782148855834e+00
2.571926262448810174e+00
2.571926262448810174e+00
2.586882598247392639e+00
2.586882598247392639e+00
2.586882598247392639e+00
2.547122997832357960e+00
2.547122997832357960e+00
2.451541839359743236e+00
2.469426188289251645e+00
2.469426188289251645e+00
2.451541839359743236e+00
2.451541839359743236e+00
2.514339951307834387e+00
2.514339951307834387e+00
2.562667306212109697e+00
2.562667306212109697e+00
2.539339722914697006e+00
2.539339722914697006e+00
2.539339722914697006e+00
2.511982040963343987e+00
2.511982040963343987e+00
2.614955104004016651e+00
2.530640715342559854e+00
2.530640715342559854e+00
2.614955104004016651e+00
2.614955104004016651e+00
2.503864115686474712e+00
2.503864115686474712e+00
2.505870353092713110e+00
2.505870353092713110e+00
2.459992243372120413e+00
2.459992243372120413e+00
2.459992243372120413e+00
2.523538206437536235e+00
2.523538206437536235e+00
2.474695630718151573e+00
2.573206902262950457e+00
2.573206902262950457e+00
2.474695630718151573e+00
2.474695630718151573e+00
2.555804424081167259e+00
2.555804424081167259e+00
2.581689800078854180e+00
2.581689800078854180e+00
2.448765665610665998e+00
2.448765665610665998e+00
2.448765665610665998e+00
2.492182370446949236e+00
2.492182370446949236e+00
2.534996137646441827e+00
2.491744328468298075e+00
2.491744328468298075e+00
2.534996137646441827e+00
2.534996137646441827e+00
2.527368018974672115e+00
2.527368018974672115e+00
2.486589858992892754e+00
2.486589858992892754e+00
2.552089305546421105e+00
2.552089305546421105e+00
2.552089305546421105e+00
2.542342818123605408e+00
2.542342818123605408e+00
2.451163871819936446e+00
2.518073364053321050e+00
2.518073364053321050e+00
2.451163871819936446e+00
2.451163871819936446e+00
2.486304023583693734e+00
2.486304023583693734e+00
2.564199317437704018e+00
2.564199317437704018e+00
2.597799002087168407e+00
2.597799002087168407e+00
2.597799002087168407e+00
2.517157475312413961e+00
2.517157475312413961e+00
2.536696328782060750e+00
2.600679501664011184e+00
2.600679501664011184e+00
2.536696328782060750e+00
2.536696328782060750e+00
2.487153887659376839e+00
2.487153887659376839e+00
2.488028092689394732e+00
2.488028092689394732e+00
2.517435383911131197e+00
2.517435383911131197e+00
2.517435383911131197e+00
2.581237548068321175e+00
2.581237548068321175e+00
2.491322145655487930e+00
2.551196562107430843e+00
2.551196562107430843e+00
2.491322145655487930e+00
2.491322145655487930e+00
2.526605139339034967e+00
2.526605139339034967e+00
2.565222430321086655e+00
2.565222430321086655e+00
2.490987462522460838e+00
2.490987462522460838e+00
2.490987462522460838e+00
2.517416568179608571e+00
2.517416568179608571e+00
2.541049951244578775e+00
2.450804227456945039e+00
2.450804227456945039e+00
2.541049951244578775e+00
2.541049951244578775e+00
2.556799068426593546e+00
2.556799068426593546e+00
2.445663507372046741e+00
2.445663507372046741e+00
2.573491148126315853e+00
2.573491148126315853e+00
2.573491148126315853e+00
2.561626074025155742e+00
2.561626074025155742e+00
2.511787073436651418e+00
2.460700558388052350e+00
2.460700558388052350e+00
2.511787073436651418e+00
2.511787073436651418e+00
2.503539648996049749e+00
2.503539648996049749e+00
2.548424504772999644e+00
2.548424504772999644e+00
2.530477382957858623e+00
2.530477382957858623e+00
2.530477382957858623e+00
2.456251032846021420e+00
2.456251032846021420e+00
2.521965202677490581e+00
2.539144530860897753e+00
2.539144530860897753e+00
2.521965202677490581e+00
2.521965202677490581e+00
2.514070541380220902e+00
2.514070541380220902e+00
2.472712834454386499e+00
2.472712834454386499e+00
2.469937634057080444e+00
2.469937634057080444e+00
2.469937634057080444e+00
2.616943770650692169e+00
2.616943770650692169e+00
2.506562205069593485e+00
2.587387143855489846e+00
2.587387143855489846e+00
2.506562205069593485e+00
2.506562205069593485e+00
2.580762412376526704e+00
2.580762412376526704e+00
2.481778668102238239e+00
2.481778668102238239e+00
2.480457022616912699e+00
2.480457022616912699e+00
2.480457022616912699e+00
2.531854069668662888e+00
2.531854069668662888e+00
2.496969696174323960e+00
2.507561823618639441e+00
2.507561823618639441e+00
2.496969696174323960e+00
2.496969696174323960e+00
2.542152086010058820e+00
2.542152086010058820e+00
2.593996246492989766e+00
2.593996246492989766e+00
2.535209771382895827e+00
2.535209771382895827e+00
2.535209771382895827e+00
2.520282324839786536e+00
2.520282324839786536e+00
2.569981034134557696e+00
2.502594615646223541e+00
2.502594615646223541e+00
2.569981034134557696e+00
2.569981034134557696e+00
2.462873881566017165e+00
2.462873881566017165e+00
2.431538325253872035e+00
2.431538325253872035e+00
2.565780908278923356e+00
2.565780908278923356e+00
2.565780908278923356e+00
2.538086576528856053e+00
2.538086576528856053e+00
2.508875309821541055e+00
2.560608072281137293e+00
2.560608072281137293e+00
2.508875309821541055e+00
2.508875309821541055e+00
2.408025179686948292e+00
2.408025179686948292e+00
2.557738847021282513e+00
2.557738847021282513e+00
2.498525962215014218e+00
2.498525962215014218e+00
2.498525962215014218e+00
2.463298512835486065e+00
2.463298512835486065e+00
2.551991579816971445e+00
2.523894084122411119e+00
2.523894084122411119e+00
2.551991579816971445e+00
2.551991579816971445e+00
2.545822067310557824e+00
2.545822067310557824e+00
2.480279229035475819e+00
2.480279229035475819e+00
2.518371401755725714e+00
2.518371401755725714e+00
2.518371401755725714e+00
2.526659101355192671e+00
2.526659101355192671e+00
2.501680288100511795e+00
2.485979934256879353e+00
2.485979934256879353e+00
2.501680288100511795e+00
2.501680288100511795e+00
2.636084795787855484e+00
2.636084795787855484e+00
2.594365502154431180e+00
2.594365502154431180e+00
2.614430294140817512e+00
2.614430294140817512e+00
2.614430294140817512e+00
2.497873937387045995e+00
2.497873937387045995e+00
2.585710108068552504e+00
2.483421518882741541e+00
2.483421518882741541e+00
2.585710108068552504e+00
2.585710108068552504e+00
2.520255312651785484e+00
2.520255312651785484e+00
2.485733467502278859e+00
2.485733467502278859e+00
2.548146086175774538e+00
2.548146086175774538e+00
2.548146086175774538e+00
2.531049154801457313e+00
2.531049154801457313e+00
2.389003448147324793e+00
2.522015656751401380e+00
2.522015656751401380e+00
2.389003448147324793e+00
2.389003448147324793e+00
2.496251955409459100e+00
2.496251955409459100e+00
2.539188600999583656e+00
2.539188600999583656e+00
2.430900761864772885e+00
2.430900761864772885e+00
2.430900761864772885e+00
2.519247486784055745e+00
2.519247486784055745e+00
2.574722736758008335e+00
2.563349912469298442e+00
2.563349912469298442e+00
2.574722736758008335e+00
2.574722736758008335e+00
2.568631634349052284e+00
2.568631634349052284e+00
2.468674502051050990e+00
2.468674502051050990e+00
2.466370590509459060e+00
2.466370590509459060e+00
2.466370590509459060e+00
2.550743022837571150e+00
2.550743022837571150e+00
2.509928852436583924e+00
2.500787134777791021e+00
2.500787134777791021e+00
2.509928852436583924e+00
2.509928852436583924e+00
2.533368156238172464e+00
2.533368156238172464e+00
2.554270972863441180e+00
2.554270972863441180e+00
2.543997452828445027e+00
2.543997452828445027e+00
2.543997452828445027e+00
2.500795081824218169e+00
2.500795081824218169e+00
2.605896025388588111e+00
2.509393832315482076e+00
2.509393832315482076e+00
2.605896025388588111e+00
2.605896025388588111e+00
2.477789912867298217e+00
2.477789912867298217e+00
2.475895835191030514e+00
2.475895835191030514e+00
2.577240546946385713e+00
2.577240546946385713e+00
2.577240546946385713e+00
2.527465277483607498e+00
2.527465277483607498e+00
2.579466736210653366e+00
2.593244294895607815e+00
2.593244294895607815e+00
2.579466736210653366e+00
2.579466736210653366e+00
2.473283682079499890e+00
2.473283682079499890e+00
2.494732163325006358e+00
2.494732163325006358e+00
2.512161779950054186e+00
2.512161779950054186e+00
2.512161779950054186e+00
2.533723858023652742e+00
2.533723858023652742e+00
2.489063464099728229e+00
2.537016704184786864e+00
2.537016704184786864e+00
2.489063464099728229e+00
2.489063464099728229e+00
2.532405786772978118e+00
2.532405786772978118e+00
2.543966914523024148e+00
2.543966914523024148e+00
2.505669071324672093e+00
2.505669071324672093e+00
2.505669071324672093e+00
2.441381287596472216e+00
2.441381287596472216e+00
2.566825332403472881e+00
2.455618088323154424e+00
2.455618088323154424e+00
2.566825332403472881e+00
2.566825332403472881e+00
2.570138042910549370e+00
2.570138042910549370e+00
2.514780934057820438e+00
2.514780934057820438e+00
2.554485807253438878e+00
2.554485807253438878e+00
2.554485807253438878e+00
2.545382706093445080e+00
2.545382706093445080e+00
2.458944684668342262e+00
2.444901646341743895e+00
2.444901646341743895e+00
2.458944684668342262e+00
2.458944684668342262e+00
2.493000670591338341e+00
2.493000670591338341e+00
2.560152996741839715e+00
2.560152996741839715e+00
2.528386643573230064e+00
2.528386643573230064e+00
2.528386643573230064e+00
2.514432427227846656e+00
2.514432427227846656e+00
2.624079324307619920e+00
2.549189051490189595e+00
2.549189051490189595e+00
2.624079324307619920e+00
2.624079324307619920e+00
2.515659687401713196e+00
2.515659687401713196e+00
2.503536948805842322e+00
2.503536948805842322e+00
2.489417664292948196e+00
2.489417664292948196e+00
2.489417664292948196e+00
2.524823138771513431e+00
2.524823138771513431e+00
2.471312010894537892e+00
2.608546525735600419e+00
2.608546525735600419e+00
2.471312010894537892e+00
2.471312010894537892e+00
2.603745566257620325e+00
2.603745566257620325e+00
2.424159886077530857e+00
2.424159886077530857e+00
2.490374942912684908e+00
2.490374942912684908e+00
2.490374942912684908e+00
2.537099819324448724e+00
2.537099819324448724e+00
2.521202594615977510e+00
2.514934343208491185e+00
2.514934343208491185e+00
2.521202594615977510e+00
2.521202594615977510e+00
2.550381604186371831e+00
2.550381604186371831e+00
2.571606402244746459e+00
2.571606402244746459e+00
2.527775462696598030e+00
2.527775462696598030e+00
2.527775462696598030e+00
2.495908110782870892e+00
2.495908110782870892e+00
2.591063841754965402e+00
2.494586602076760862e+00
2.494586602076760862e+00
2.591063841754965402e+00
2.591063841754965402e+00
2.439190567801909904e+00
2.439190567801909904e+00
2.483088166705818001e+00
2.483088166705818001e+00
2.555326728714045981e+00
2.555326728714045981e+00
2.555326728714045981e+00
2.532808449949526253e+00
2.532808449949526253e+00
2.502650903408907723e+00
2.572285883980121923e+00
2.572285883980121923e+00
2.502650903408907723e+00
2.502650903408907723e+00
2.454231652690001209e+00
2.454231652690001209e+00
2.597541939435434433e+00
2.597541939435434433e+00
2.506230147429469923e+00
2.506230147429469923e+00
2.506230147429469923e+00
2.478940915086659924e+00
2.478940915086659924e+00
2.525754470679264063e+00
2.531202010192269647e+00
2.531202010192269647e+00
2.525754470679264063e+00
2.525754470679264063e+00
2.537946128338566254e+00
2.537946128338566254e+00
2.465215663496897136e+00
2.465215663496897136e+00
2.511081446245984061e+00
2.511081446245984061e+00
2.511081446245984061e+00
2.553118614502938755e+00
2.553118614502938755e+00
2.507948636462497216e+00
2.475134651410064723e+00
2.475134651410064723e+00
2.507948636462497216e+00
2.507948636462497216e+00
2.590666267613274343e+00
2.590666267613274343e+00
2.556530433081714460e+00
2.556530433081714460e+00
2.579192089967089707e+00
2.579192089967089707e+00
2.579192089967089707e+00
2.542070327795149520e+00
2.542070327795149520e+00
2.449025785929659804e+00
2.476566552677680999e+00
2.476566552677680999e+00
2.449025785929659804e+00
2.449025785929659804e+00
2.510119494716933630e+00
2.510119494716933630e+00
2.563798169512566894e+00
2.563798169512566894e+00
2.542872377474473033e+00
2.542872377474473033e+00
2.542872377474473033e+00
2.516492534708592022e+00
2.516492534708592022e+00
2.583404063459691535e+00
2.533981468929387582e+00
2.533981468929387582e+00
2.583404063459691535e+00
2.583404063459691535e+00
2.499295743037819761e+00
2.499295743037819761e+00
2.492446896843390380e+00
2.492446896843390380e+00
2.468876215566222054e+00
2.468876215566222054e+00
2.468876215566222054e+00
2.535719387294047777e+00
2.535719387294047777e+00
2.486825836572932769e+00
2.567538713192354383e+00
2.567538713192354383e+00
2.486825836572932769e+00
2.486825836572932769e+00
2.561536257655844473e+00
2.561536257655844473e+00
2.610775616169188851e+00
2.610775616169188851e+00
2.434015677108140707e+00
2.434015677108140707e+00
2.434015677108140707e+00
2.505621476623875576e+00
2.505621476623875576e+00
2.522864865517791433e+00
2.495616996807967336e+00
2.495616996807967336e+00
2.522864865517791433e+00
2.522864865517791433e+00
2.523173418279478941e+00
2.523173418279478941e+00
2.474236714377707536e+00
2.474236714377707536e+00
2.547104441807757969e+00
2.547104441807757969e+00
2.547104441807757969e+00
2.547365000377591393e+00
2.547365000377591393e+00
2.453732587890471883e+00
2.521300146381762808e+00
2.521300146381762808e+00
2.453732587890471883e+00
2.453732587890471883e+00
2.481841309138705043e+00
2.481841309138705043e+00
2.562948525365542629e+00
2.562948525365542629e+00
2.621013087484089787e+00
2.621013087484089787e+00
2.621013087484089787e+00
2.512695988757769339e+00
2.512695988757769339e+00
2.568293961206241871e+00
2.648266778403907118e+00
2.648266778403907118e+00
2.568293961206241871e+00
2.568293961206241871e+00
2.484310938464166618e+00
2.484310938464166618e+00
2.515680838656864982e+00
2.515680838656864982e+00
2.519531721078282160e+00
2.519531721078282160e+00
2.519531721078282160e+00
2.542958391118996353e+00
2.542958391118996353e+00
2.436952069271640209e+00
2.545193133446684630e+00
2.545193133446684630e+00
2.436952069271640209e+00
2.436952069271640209e+00
2.524943215552905684e+00
2.524943215552905684e+00
2.534659402654074967e+00
2.534659402654074967e+00
2.497518642515538012e+00
2.497518642515538012e+00
2.497518642515538012e+00
2.490189689474755941e+00
2.490189689474755941e+00
2.577569009159097924e+00
2.420602970162823553e+00
2.420602970162823553e+00
2.577569009159097924e+00
2.577569009159097924e+00
2.559036746347831848e+00
2.559036746347831848e+00
2.493674169356400405e+00
2.493674169356400405e+00
2.564576566633231192e+00
2.564576566633231192e+00
2.564576566633231192e+00
2.523893280809645479e+00
2.523893280809645479e+00
2.469623563390816567e+00
2.464893952945350630e+00
2.464893952945350630e+00
2.469623563390816567e+00
2.469623563390816567e+00
2.501503285010355793e+00
2.501503285010355793e+00
2.637420577270891187e+00
2.637420577270891187e+00
2.535946414114506275e+00
2.535946414114506275e+00
2.535946414114506275e+00
2.504522731086563869e+00
2.504522731086563869e+00
2.558854406468067832e+00
2.540677352467361594e+00
2.540677352467361594e+00
2.558854406468067832e+00
2.558854406468067832e+00
2.508176427722055735e+00
2.508176427722055735e+00
2.513500701575175356e+00
2.513500701575175356e+00
2.479473379915360542e+00
2.479473379915360542e+00
2.479473379915360542e+00
2.546450448282008949e+00
2.546450448282008949e+00
2.461173393709457979e+00
2.583725962794495512e+00
2.583725962794495512e+00
2.461173393709457979e+00
2.461173393709457979e+00
2.586085612375738751e+00
2.586085612375738751e+00
2.518353758080716709e+00
2.518353758080716709e+00
2.472137199606993185e+00
2.472137199606993185e+00
2.472137199606993185e+00
2.573031162138800010e+00
2.573031162138800010e+00
2.414716890205393707e+00
2.512879725609637127e+00
2.512879725609637127e+00
2.414716890205393707e+00
2.414716890205393707e+00
2.539720473280911772e+00
2.539720473280911772e+00
2.540162034487019049e+00
2.540162034487019049e+00
2.529398949925324214e+00
2.529398949925324214e+00
2.529398949925324214e+00
2.484523553826249564e+00
2.484523553826249564e+00
2.530130860678278637e+00
2.504477837156996678e+00
2.504477837156996678e+00
2.530130860678278637e+00
2.530130860678278637e+00
2.458663822062860493e+00
2.458663822062860493e+00
2.498881591758689069e+00
2.498881591758689069e+00
2.575599460537473018e+00
2.575599460537473018e+00
2.575599460537473018e+00
2.588102466906599730e+00
2.588102466906599730e+00
2.477364598313866129e+00
2.557823109009309537e+00
2.557823109009309537e+00
2.477364598313866129e+00
2.477364598313866129e+00
2.447569600940236345e+00
2.447569600940236345e+00
2.528402810104667608e+00
2.528402810104667608e+00
2.492198217343325251e+00
2.492198217343325251e+00
2.492198217343325251e+00
2.499775908570257332e+00
2.499775908570257332e+00
2.601590112534728494e+00
2.525883072514301553e+00
2.525883072514301553e+00
2.601590112534728494e+00
2.601590112534728494e+00
2.552849758253281198e+00
2.552849758253281198e+00
2.510874575464848490e+00
2.510874575464848490e+00
2.516830404204531302e+00
2.516830404204531302e+00
2.516830404204531302e+00
2.555474718831214798e+00
2.555474718831214798e+00
2.466869384370403484e+00
2.487995823479564272e+00
2.487995823479564272e+00
2.466869384370403484e+00
2.466869384370403484e+00
2.595775636063107683e+00
2.595775636063107683e+00
2.549617887144096429e+00
2.549617887144096429e+00
2.596936616317914837e+00
2.596936616317914837e+00
2.596936616317914837e+00
2.488402410409515486e+00
2.488402410409515486e+00
2.536522331992281387e+00
2.488379630134080589e+00
2.488379630134080589e+00
2.536522331992281387e+00
2.536522331992281387e+00
2.516469876694723773e+00
2.516469876694723773e+00
2.491665415706450837e+00
2.491665415706450837e+00
2.552366346508847084e+00
2.552366346508847084e+00
2.552366346508847084e+00
2.580841524459169811e+00
2.580841524459169811e+00
2.517696130067767601e+00
2.525752482075411809e+00
2.525752482075411809e+00
2.517696130067767601e+00
2.517696130067767601e+00
2.492007414849245261e+00
2.492007414849245261e+00
2.564948681030698285e+00
2.564948681030698285e+00
2.447919346229256110e+00
2.447919346229256110e+00
2.447919346229256110e+00
2.446763563458034252e+00
2.446763563458034252e+00
2.540868451702661623e+00
2.557918998820155387e+00
2.557918998820155387e+00
2.540868451702661623e+00
2.540868451702661623e+00
2.575350613158656987e+00
2.575350613158656987e+00
2.511607736358406395e+00
2.511607736358406395e+00
2.458273363195310424e+00
2.458273363195310424e+00
2.458273363195310424e+00
2.562033632976768338e+00
2.562033632976768338e+00
2.455800610194106781e+00
2.504584241908167641e+00
2.504584241908167641e+00
2.455800610194106781e+00
2.455800610194106781e+00
2.529473236725365837e+00
2.529473236725365837e+00
2.548769452192853890e+00
2.548769452192853890e+00
2.540076612792258715e+00
2.540076612792258715e+00
2.540076612792258715e+00
2.472423556582315385e+00
2.472423556582315385e+00
2.522254366164112138e+00
2.513186300288527075e+00
2.513186300288527075e+00
2.522254366164112138e+00
2.522254366164112138e+00
2.471508124001242646e+00
2.471508124001242646e+00
2.506376857773944700e+00
2.506376857773944700e+00
2.585109839993440239e+00
2.585109839993440239e+00
2.585109839993440239e+00
2.619229713831547457e+00
2.619229713831547457e+00
2.531568116531773160e+00
2.582937869681726006e+00
2.582937869681726006e+00
2.531568116531773160e+00
2.531568116531773160e+00
2.479017679307812472e+00
2.479017679307812472e+00
2.482031890118117978e+00
2.482031890118117978e+00
2.508544051618277759e+00
2.508544051618277759e+00
2.508544051618277759e+00
2.593052499144840262e+00
2.593052499144840262e+00
2.497159669763443279e+00
2.541093481752610739e+00
2.541093481752610739e+00
2.497159669763443279e+00
2.497159669763443279e+00
2.536080813566685244e+00
2.536080813566685244e+00
2.569484414544978446e+00
2.569484414544978446e+00
2.501672169383009958e+00
2.501672169383009958e+00
2.501672169383009958e+00
2.520447049005668294e+00
2.520447049005668294e+00
2.537788563181388568e+00
2.464681641996964601e+00
2.464681641996964601e+00
2.537788563181388568e+00
2.537788563181388568e+00
2.564463721161361232e+00
2.564463721161361232e+00
2.432706646877993428e+00
2.432706646877993428e+00
2.559218041872383775e+00
