2.334847697538887934e-01
1.843045528174774572e-01
3.193074813266453815e-01
4.045121654269632772e-01
3.471198448954779803e-01
3.562590580769040560e-01
3.471198448954779803e-01
4.346660082222688626e-01
4.461531871721299836e-01
2.299713768788493873e-01
1.921326769320927386e-01
2.617943762253970297e-01
3.129952136364657078e-01
2.617943762253970297e-01
4.988372987425344629e-01
3.595366517881645740e-01
2.695476183303796014e-01
3.739824720001926339e-01
4.628771817063497829e-01
4.243427470491033526e-01
4.628771817063497829e-01
3.569351423195590844e-01
3.266554549382174044e-01
2.144774837274147916e-01
3.466101424172852163e-01
4.561246582031823760e-01
2.823098444345018554e-01
4.561246582031823760e-01
3.259336424851549396e-01
2.770688788721317186e-01
2.475014225972562432e-01
2.911515739904171340e-01
2.373817787870430851e-01
2.694099952957346722e-01
2.373817787870430851e-01
3.098025893632502248e-01
3.508834243686196896e-01
3.224011221998555055e-01
3.470494361182770993e-01
3.955737487040321687e-01
3.673888205498626602e-01
3.955737487040321687e-01
4.245063125103781254e-01
2.694252473134109982e-01
1.414235120546813440e-01
2.228268293459648164e-01
3.523411970631726842e-01
2.956089453247836007e-01
3.523411970631726842e-01
3.395601382553861680e-01
2.856807150220538327e-01
2.862549964531489466e-01
2.954996423710053999e-01
4.565264851044933958e-01
4.424716334686118469e-01
4.565264851044933958e-01
2.306335448673095256e-01
3.064744667088309393e-01
2.462075242644899409e-01
1.852804075455700694e-01
3.217800683806108508e-01
3.403795060135019757e-01
3.217800683806108508e-01
3.364563847884255998e-01
3.555967735371542982e-01
3.820046885224018807e-01
3.710940345585377886e-01
5.226469914501871150e-01
5.378423005128788459e-01
5.226469914501871150e-01
3.074608601686877329e-01
2.910519387438748606e-01
2.325626116188663772e-01
2.456740227191421821e-01
4.487407293478350434e-01
4.136437915546103405e-01
4.487407293478350434e-01
3.579939606452455236e-01
3.302937382632384344e-01
1.825360714299880394e-01
2.672181782134656070e-01
3.656675114686294137e-01
2.494465915193403716e-01
3.656675114686294137e-01
3.290228512588842524e-01
3.442348264679999104e-01
3.280413479848580116e-01
3.135449737965989581e-01
4.019112909047676818e-01
3.207915056884833582e-01
4.019112909047676818e-01
3.801620339319356501e-01
3.039408400893699458e-01
3.031872588372068189e-01
3.346008531381740037e-01
3.689678379713491330e-01
3.344388109306626333e-01
3.689678379713491330e-01
3.509120799121608347e-01
3.720506516040165135e-01
3.643903970137963855e-01
3.436870532677462897e-01
2.324229085809281503e-01
1.856542483396619314e-01
2.324229085809281503e-01
2.875039150921100961e-01
2.306213457467782835e-01
3.193845727514557642e-01
2.531304852011179163e-01
3.173740853965844599e-01
3.994337635046980028e-01
3.173740853965844599e-01
4.185652870634337108e-01
5.447720367929782537e-01
3.981491072184302205e-01
3.059103333166532934e-01
2.916851879405973347e-01
3.652439772181230726e-01
2.916851879405973347e-01
1.669928795371493080e-01
2.093237145599110838e-01
3.658922478289515778e-01
3.132871960262110234e-01
1.893747748358567962e-01
2.215384016187653959e-01
1.893747748358567962e-01
2.529726155011845501e-01
2.795263532987286026e-01
4.370745120772617232e-01
3.955544126135596139e-01
2.031873638401678062e-01
2.097810459931488958e-01
2.031873638401678062e-01
1.866197232323096034e-01
1.926953653223693330e-01
4.094597683388627174e-01
3.976633047669698162e-01
3.766661395389918066e-01
3.879451594216333787e-01
3.766661395389918066e-01
3.683310516564347048e-01
4.006361393538085958e-01
5.327782405405075972e-01
4.898179429206417357e-01
2.904979970358952390e-01
2.652182463218170638e-01
2.904979970358952390e-01
2.651787315052453464e-01
2.418027337247583564e-01
3.875995891296839524e-01
4.588290894019320110e-01
3.854728661123538735e-01
3.249619660808576449e-01
3.854728661123538735e-01
2.284453609911794303e-01
2.705872299876078135e-01
3.151421997004764108e-01
2.660612386527878015e-01
3.332715261095560155e-01
3.074260553589280298e-01
3.332715261095560155e-01
2.993209512208656609e-01
2.753208739654527393e-01
3.181324510893229207e-01
3.982926663708366011e-01
3.413679455593919831e-01
2.742495706219787444e-01
3.413679455593919831e-01
3.515445070705305874e-01
3.749539749830865798e-01
3.901833642413119474e-01
3.658230812342251892e-01
3.237119039084694894e-01
3.166641941655024550e-01
3.237119039084694894e-01
3.963018915673341414e-01
3.878284971865703645e-01
2.075290313571445111e-01
3.202919505713185955e-01
3.113368089208928269e-01
2.022321486038692051e-01
3.113368089208928269e-01
3.790313941881809923e-01
3.669516688092435142e-01
2.472279277387283425e-01
2.553664531275857130e-01
3.449831497243104894e-01
3.570054922757133764e-01
3.449831497243104894e-01
3.346023436250154526e-01
3.463387288147413146e-01
3.235692325642967049e-01
2.427794696590611923e-01
2.385612928083101214e-01
3.173689807702351207e-01
2.385612928083101214e-01
3.549663206073709332e-01
2.683914334609521779e-01
2.800963771731409535e-01
3.704469220142578845e-01
1.740212437126817668e-01
1.343368222585658023e-01
1.740212437126817668e-01
4.901901583786877903e-01
3.804917894856582605e-01
2.529976357225412475e-01
2.317530155226395217e-01
1.803086705261573164e-01
1.968414451892566419e-01
1.803086705261573164e-01
3.884730603260709292e-01
3.763318287549040075e-01
3.521741503172701182e-01
3.635360059608055416e-01
3.602209408230116483e-01
3.114670779740508211e-01
3.602209408230116483e-01
4.804575182791010479e-01
4.168675793448402556e-01
4.500369585906974224e-01
2.527949345150892202e-01
3.119719777645825198e-01
5.503420458217865852e-01
3.119719777645825198e-01
2.706468202237140019e-01
2.282796723335530076e-01
4.626331784802528713e-01
5.484947363281577060e-01
2.610533897535189385e-01
2.749179552148826033e-01
2.610533897535189385e-01
3.107431353158543463e-01
3.273759880855603988e-01
2.944880710135880375e-01
2.701310654237251696e-01
2.811759917198845549e-01
3.068960526642664499e-01
2.811759917198845549e-01
3.153441398243433946e-01
2.276396065991674877e-01
2.627766133272709248e-01
3.640186623655207176e-01
4.093275573213144836e-01
3.896046615443049532e-01
4.093275573213144836e-01
3.628685603058867115e-01
3.451491771145192011e-01
2.984807876115455616e-01
3.901276999376381838e-01
3.374090719215533385e-01
2.580291568287289006e-01
3.374090719215533385e-01
2.465559554565041611e-01
2.793191699476844647e-01
3.685629928508176167e-01
3.253317732014667785e-01
4.033481604458454273e-01
3.397845584630046489e-01
4.033481604458454273e-01
2.811743274793470637e-01
2.366476873332086783e-01
2.001802985559097414e-01
2.182568122687377210e-01
3.072165103843283451e-01
2.817501892839699984e-01
3.072165103843283451e-01
6.035343986923816795e-01
4.677182656554463858e-01
2.514825735017525155e-01
3.245081386062509399e-01
2.766408089640444712e-01
3.230319767061946568e-01
2.766408089640444712e-01
2.396788931068453143e-01
2.796950822972715245e-01
3.290975589833302073e-01
4.035225301428654321e-01
4.911802277711748710e-01
4.000066928383328446e-01
4.911802277711748710e-01
3.660559843177814132e-01
3.083959872202657326e-01
1.699986664360788602e-01
2.017828757626577152e-01
2.486081161009692231e-01
2.785141871665931523e-01
2.486081161009692231e-01
3.437467410218306152e-01
3.844743300299757749e-01
4.914828185311313491e-01
4.577282090064541120e-01
3.390168629367503184e-01
3.642478734934045392e-01
3.390168629367503184e-01
2.671272780651762213e-01
2.967836869108521625e-01
3.193509104499329121e-01
2.874394490616024034e-01
3.973669460802632947e-01
4.588185979377166213e-01
3.973669460802632947e-01
4.165847745920626677e-01
4.821173194483032165e-01
3.032632185546053627e-01
3.112839289864823833e-01
2.916918379159755825e-01
2.841777029390425424e-01
2.916918379159755825e-01
4.061584590275350015e-01
2.583596055115012780e-01
1.524720089771965659e-01
2.396961246647121013e-01
1.898586542511927489e-01
2.176506466059954792e-01
1.898586542511927489e-01
3.513421399054470484e-01
4.020915637241749274e-01
2.101220549456294384e-01
2.369470399894471890e-01
2.218492080345010053e-01
1.965645588697756962e-01
2.218492080345010053e-01
4.673845231999715910e-01
4.526623204743452367e-01
5.027863312705523891e-01
5.191387466624106661e-01
3.136778532376089390e-01
3.554831400046077894e-01
3.136778532376089390e-01
3.055333126795175547e-01
3.461561531170002093e-01
4.443198027276188955e-01
3.018409855931319941e-01
2.380734909736421934e-01
3.525387825443559997e-01
2.380734909736421934e-01
3.174903958844418339e-01
2.824520894007342964e-01
2.630948698907755734e-01
2.957319047418273117e-01
2.530383959637778069e-01
2.353312716045506681e-01
2.530383959637778069e-01
2.885536965408045385e-01
2.684474488913176637e-01
2.524001915306758881e-01
2.149838243164772789e-01
4.549184913776971317e-01
5.333888691793325920e-01
4.549184913776971317e-01
3.632602222888270393e-01
2.660443345782915747e-01
3.233410287481848222e-01
4.414938365981191937e-01
3.663022253219533342e-01
3.860388358086624949e-01
3.663022253219533342e-01
3.286387766329573745e-01
3.464184458437651881e-01
2.941668228843035138e-01
2.414258361483862803e-01
2.481741182024065906e-01
3.020649957309376465e-01
2.481741182024065906e-01
2.583546808801006067e-01
2.669517870104647361e-01
4.017175508125597760e-01
3.887803517121464769e-01
3.424872955090824123e-01
3.702809028819538106e-01
3.424872955090824123e-01
2.998471140630745158e-01
3.243503200611762005e-01
2.923833591513706476e-01
3.804505700371803578e-01
4.585309090913953223e-01
3.515836199989517685e-01
4.585309090913953223e-01
3.875987646463219249e-01
3.353431847732590287e-01
2.407929739072938169e-01
2.783150618823118649e-01
2.661910980333712096e-01
2.535855294929718617e-01
2.661910980333712096e-01
2.232730005167170850e-01
2.127693984131247829e-01
3.144188883254840361e-01
2.871954945600334042e-01
4.119498905116215637e-01
4.505939156082388042e-01
4.119498905116215637e-01
2.473288248498694830e-01
2.059011475149553627e-01
2.382582106780540832e-01
2.861961867092341905e-01
3.186530522734497550e-01
3.290266981630620147e-01
3.186530522734497550e-01
4.904299382453870537e-01
5.059806966272428763e-01
5.785303974021168694e-01
4.278834492629579600e-01
3.665049373042709169e-01
4.947127838841790526e-01
3.665049373042709169e-01
2.524601161662706206e-01
2.729583893122246585e-01
1.748518688240579821e-01
1.617210712095676906e-01
3.095932565643991219e-01
3.092800933939118813e-01
3.095932565643991219e-01
3.073896143521810398e-01
3.070826057974574419e-01
2.428563911968321665e-01
2.105115789545445038e-01
3.280567834822986084e-01
3.778256874702147772e-01
3.280567834822986084e-01
2.308947450770569010e-01
2.973297379679769037e-01
3.646006219894641354e-01
2.831347050736665594e-01
4.553128149251343681e-01
3.796348010307918908e-01
4.553128149251343681e-01
4.212067976948771775e-01
3.515639636854946959e-01
4.232837646908897966e-01
2.872853032952544239e-01
3.126675350376886264e-01
4.606833169157311669e-01
3.126675350376886264e-01
2.929743267146238672e-01
2.235671136089721067e-01
2.273891274299797705e-01
2.979828984487573607e-01
3.648614171127383954e-01
3.031141554141919547e-01
3.648614171127383954e-01
4.270682514112755235e-01
3.554399144191010551e-01
2.537957539560787845e-01
3.555203258357476637e-01
3.677916273430766325e-01
2.634102595338047581e-01
3.677916273430766325e-01
2.898884339831597767e-01
3.580245733017789478e-01
3.806286019422474021e-01
3.081906594529536525e-01
5.017192465369955112e-01
5.062886492502807201e-01
5.017192465369955112e-01
2.760747716327320855e-01
2.786773631875038015e-01
3.188263481618058837e-01
2.474665900533797314e-01
2.215053561302918472e-01
2.844857117167489680e-01
2.215053561302918472e-01
3.083705798620026139e-01
3.728149799979990076e-01
3.447286055597724719e-01
2.851391861777045622e-01
2.791824587977219663e-01
3.072643657311348586e-01
2.791824587977219663e-01
2.850265527263695087e-01
3.142602326965969750e-01
2.619209672455742322e-01
4.352686062469912076e-01
4.242791971869518397e-01
2.552258966634460280e-01
4.242791971869518397e-01
4.192585623791283966e-01
4.695005962236541430e-01
3.560759462695474720e-01
3.179716714558602497e-01
2.510828095387142023e-01
2.994203774792172923e-01
2.510828095387142023e-01
1.496642477621826506e-01
1.787547615277971513e-01
2.324396564595642145e-01
4.230009640946934546e-01
3.098956815601319192e-01
1.708405411440151456e-01
3.098956815601319192e-01
3.047713132596365226e-01
3.517738147736413357e-01
2.619421397947503949e-01
2.269425596520190380e-01
2.736309144612578681e-01
2.410898057666777672e-01
2.736309144612578681e-01
3.469964600079619710e-01
3.057621556269137231e-01
4.245424736499391893e-01
4.421485096043713536e-01
3.758768504206561611e-01
3.609458573149802452e-01
3.758768504206561611e-01
4.350109289395773793e-01
3.906418280197923587e-01
2.600260842648746129e-01
2.895598483090573994e-01
2.356499881786200956e-01
2.188257063692199134e-01
2.356499881786200956e-01
3.431403147980285340e-01
3.190173809346845135e-01
3.053300839196962380e-01
4.375551529448314381e-01
4.215510238324851056e-01
2.948861551146024218e-01
4.215510238324851056e-01
2.857704892443237443e-01
3.699313682215522037e-01
3.897344766447923270e-01
3.010683105939273574e-01
2.877048401241455999e-01
3.184249782775062654e-01
2.877048401241455999e-01
4.407575771314270474e-01
4.877253013890344158e-01
4.463554340317559266e-01
4.037938314287399799e-01
2.784217856210179920e-01
3.075119474658482566e-01
2.784217856210179920e-01
3.610240210984528297e-01
3.117226179603617697e-01
2.450281259549703383e-01
2.837812664775263283e-01
2.560401685942265693e-01
2.262024820605875175e-01
2.560401685942265693e-01
3.467517026753092479e-01
3.068905669533776304e-01
2.938158618690506763e-01
3.330103257247513660e-01
3.232090143641769275e-01
2.846919074127151061e-01
3.232090143641769275e-01
3.198510442879221038e-01
3.281213111578265007e-01
3.393659633366032935e-01
3.308122760632829507e-01
3.627107136178221447e-01
3.344397867141872260e-01
3.627107136178221447e-01
4.158958325171444592e-01
3.838161395977102708e-01
3.329692722123498982e-01
1.824609466761172027e-01
2.003412940100886275e-01
3.642464672746809629e-01
2.003412940100886275e-01
4.199493020187781145e-01
2.583497129675432213e-01
2.611190133737344432e-01
4.244508195908392456e-01
2.232994983751238893e-01
1.826193299352534549e-01
2.232994983751238893e-01
3.116486881067250247e-01
2.549721107610777859e-01
4.223006029639830294e-01
3.192265785716874027e-01
3.193389843210915346e-01
4.237278760007290312e-01
3.193389843210915346e-01
2.845107686515950807e-01
2.534987338140383684e-01
4.422701759892732065e-01
4.963757642067402887e-01
2.932019201126484509e-01
2.942694105457469567e-01
2.932019201126484509e-01
2.493902007374124707e-01
2.503066681503687274e-01
3.459040178616146211e-01
3.341229397967185877e-01
3.791845774111340384e-01
3.924140523481065013e-01
3.791845774111340384e-01
1.420351118563793757e-01
1.637842416489748154e-01
3.452823836749614461e-01
2.994318714276467119e-01
4.318206193748439503e-01
3.772531430223784454e-01
4.318206193748439503e-01
4.104253202824219571e-01
3.582844715820889259e-01
1.857596959116794566e-01
1.638569823751704624e-01
2.537183405162131145e-01
2.875658633376947382e-01
2.537183405162131145e-01
3.999288162702995253e-01
2.665449711941564881e-01
2.706957712091861978e-01
4.061567504502183734e-01
2.507954060995410406e-01
3.473609362475985618e-01
2.507954060995410406e-01
2.654506321690574544e-01
3.669209356415439882e-01
3.750627120623819533e-01
2.994165437864538815e-01
2.887765452625239981e-01
3.628066138092033155e-01
2.887765452625239981e-01
4.354520395059576221e-01
4.129203948009948499e-01
3.175994587444886386e-01
3.349297680559677470e-01
3.154771902995930355e-01
2.942736116786637823e-01
3.154771902995930355e-01
2.647773365139119428e-01
2.468659248950269558e-01
4.858268275510250200e-01
4.194382303493167097e-01
3.374203511125082322e-01
3.916062148372880247e-01
3.374203511125082322e-01
2.031453610993149972e-01
2.151316705322433853e-01
4.137950087763018758e-01
3.907399420596108786e-01
4.036018442723031674e-01
3.464002576211389073e-01
4.036018442723031674e-01
3.126307317333437141e-01
2.686720084992987867e-01
2.545455149726315036e-01
2.413894156526155133e-01
4.421148873680177394e-01
4.661963168763194054e-01
4.421148873680177394e-01
2.643141265331936385e-01
2.891873983345433219e-01
3.500139768477666946e-01
3.199089555690234343e-01
3.310076948378898876e-01
3.743780913704240487e-01
3.310076948378898876e-01
2.252363667137015635e-01
2.555521925658318372e-01
3.300173071922725687e-01
5.103895671111756682e-01
5.550912413576307713e-01
3.600113431465002956e-01
5.550912413576307713e-01
2.477796188490923590e-01
2.514407917800467462e-01
3.180630514954919108e-01
3.134318067947883257e-01
3.107631698949612775e-01
3.346361738760638138e-01
3.107631698949612775e-01
2.187772660675887659e-01
2.359198601705857490e-01
3.737156036619551092e-01
4.111772779747009388e-01
3.015257063275835758e-01
2.737538214508590806e-01
3.015257063275835758e-01
2.809664177867059465e-01
3.513104416637283234e-01
2.771708633181805825e-01
2.216720465596064837e-01
3.342494113083587792e-01
2.927046855880735543e-01
3.342494113083587792e-01
2.857594299033771601e-01
2.507121018789119637e-01
4.961894965019740811e-01
4.497932460594581405e-01
4.403659025617264189e-01
4.853087631487461584e-01
4.403659025617264189e-01
2.542689131777357003e-01
3.369544947569826920e-01
2.888568636238379450e-01
2.179740051561981917e-01
2.918813381597813450e-01
2.942974285026658254e-01
2.918813381597813450e-01
3.365308036109358469e-01
3.392925074276235686e-01
4.367951243822415508e-01
2.662570911579686395e-01
2.379228174196033330e-01
3.890467621116956431e-01
2.379228174196033330e-01
2.578843717185410056e-01
3.277214159885212252e-01
3.504305818056719368e-01
2.757542412885333194e-01
3.440700707894144839e-01
3.704629706917079712e-01
3.440700707894144839e-01
3.011747948400153585e-01
3.242282458716468363e-01
3.653992658173906838e-01
2.993888500464967906e-01
2.817399360444086676e-01
3.434363072550817853e-01
2.817399360444086676e-01
2.759952959551001395e-01
3.676054593781718505e-01
5.114021576222753662e-01
3.839567292710825419e-01
2.698870651935774134e-01
2.268698157110043689e-01
2.698870651935774134e-01
3.577790892248409182e-01
3.006126760861488889e-01
2.105570646434008486e-01
2.741910750162874222e-01
2.683414767223264441e-01
2.067091783996149179e-01
2.683414767223264441e-01
3.225020713381119286e-01
2.936962530430329843e-01
3.876965410053104244e-01
4.257219362839940180e-01
2.977478940329030821e-01
2.899257760749978097e-01
2.977478940329030821e-01
3.185442504887595616e-01
3.101636142366888116e-01
2.515420533259654645e-01
2.243609913589890981e-01
2.020357485699746658e-01
2.260645188952938867e-01
2.020357485699746658e-01
4.932530467567735055e-01
5.246595048271835982e-01
3.985169179617766289e-01
3.746614369132855726e-01
3.129177930362628812e-01
3.029951317008451883e-01
3.129177930362628812e-01
2.594070483914681646e-01
2.509167580130700070e-01
3.070893566206278624e-01
4.240986811653993938e-01
2.980310730378367690e-01
2.155279651405849761e-01
2.980310730378367690e-01
4.769907310046990756e-01
3.821607209991220722e-01
3.024688464940545884e-01
3.775239794873598842e-01
2.908837556634095711e-01
3.488238793790214842e-01
2.908837556634095711e-01
3.448483992128376641e-01
4.136894247923060819e-01
2.606809976686096930e-01
2.869101752418131146e-01
2.360951719375059543e-01
2.145556378686654386e-01
2.360951719375059543e-01
5.289296882766336694e-01
6.005513582517533200e-01
3.395252289444501415e-01
2.990334982014277720e-01
2.766652812441292575e-01
3.303444901653784793e-01
2.766652812441292575e-01
2.720598448005626668e-01
3.248020647736020727e-01
2.799457431579400746e-01
3.338274983660082240e-01
3.219385649635010394e-01
2.691736869555503842e-01
3.219385649635010394e-01
4.072384949628222728e-01
3.320009402207109717e-01
3.100633694114416361e-01
3.803294647848712851e-01
2.646317967353604694e-01
2.635579747044287657e-01
2.646317967353604694e-01
4.370833415174195657e-01
4.353594336140074739e-01
2.975865842242652048e-01
3.317829215371108642e-01
4.327862644631867983e-01
3.885179352457004409e-01
4.327862644631867983e-01
3.009096530889020515e-01
2.193098287114765843e-01
1.790997123789855316e-01
2.457383357459274054e-01
2.476741742730931284e-01
2.214631078153453669e-01
2.476741742730931284e-01
6.192287712195810867e-01
5.574436926109471724e-01
2.943239589264645684e-01
2.501563211692794941e-01
2.181511879101784290e-01
2.566561974844131511e-01
2.181511879101784290e-01
2.281121011882354388e-01
2.918277571455469843e-01
2.408642561593473674e-01
1.882756188481658488e-01
4.093306342194397152e-01
4.802518910948627151e-01
4.093306342194397152e-01
3.399992466021716231e-01
3.994846354935909782e-01
2.915325671345370684e-01
2.849921430378269394e-01
2.961414191467415247e-01
3.029424245964794093e-01
2.961414191467415247e-01
3.031367730178129438e-01
2.584194296771123445e-01
2.893490975122182118e-01
3.394185638636552094e-01
3.902448848034111295e-01
3.367603303905418732e-01
3.902448848034111295e-01
3.525664200685491578e-01
3.049990685325781326e-01
3.549084303652257910e-01
2.366479137556118384e-01
3.918946807617120220e-01
5.860994581388940805e-01
3.918946807617120220e-01
2.850178739580682685e-01
2.762297024420499181e-01
2.457597574692964859e-01
2.535785361208368061e-01
3.950141624273248442e-01
3.605774097018076274e-01
3.950141624273248442e-01
2.029382507121833545e-01
1.843267411696919711e-01
3.543008035586170945e-01
3.086254458745936180e-01
3.901438674521330863e-01
4.466534192982534179e-01
3.901438674521330863e-01
2.419599052340017653e-01
2.659266261256761354e-01
3.504661300695126047e-01
3.188802597723741639e-01
3.285778793365236039e-01
3.068384521457506176e-01
3.285778793365236039e-01
2.926871163542008047e-01
2.733142492526922651e-01
3.748826880254703675e-01
4.467528568815165579e-01
5.030916991356544354e-01
4.220579539476014275e-01
5.030916991356544354e-01
1.942863017029883843e-01
2.540508146159778380e-01
4.364650334700176382e-01
3.337882513927099004e-01
4.768785106701912690e-01
4.010764983732280076e-01
4.768785106701912690e-01
2.253212620155858881e-01
1.889617441130984343e-01
3.906206245276276356e-01
4.556896304602957026e-01
5.046961774045594096e-01
4.330105661102763293e-01
5.046961774045594096e-01
1.936867582162550838e-01
2.277721828436205520e-01
2.743339824940354554e-01
2.332807240746553323e-01
4.009756918749982635e-01
3.020341445809875403e-01
4.009756918749982635e-01
2.528634793820596638e-01
1.890235394035932048e-01
2.616530671831442389e-01
3.171413587937589873e-01
3.633298788488710795e-01
3.002537220800657880e-01
3.633298788488710795e-01
5.114421712052275026e-01
3.739317669253438559e-01
2.550754063916756409e-01
3.488773386083032779e-01
2.171512328090740296e-01
2.381746701341484473e-01
2.171512328090740296e-01
3.248656849467363439e-01
3.560664445790530652e-01
3.457040820112046164e-01
3.906524807413457312e-01
4.482061614339132305e-01
3.963118865989930795e-01
4.482061614339132305e-01
2.448367821345977524e-01
1.879945511934104918e-01
2.695788979931255103e-01
3.510890581510712205e-01
2.557249375740323072e-01
2.373123941970974871e-01
2.557249375740323072e-01
3.461666047493543452e-01
3.214602087356145388e-01
3.645366877141301698e-01
3.108655584767646141e-01
2.332557730136300411e-01
2.744023902730626796e-01
2.332557730136300411e-01
2.178397505719517069e-01
2.834429928693615319e-01
3.202477410576525241e-01
2.461259928390028273e-01
4.762166566928165423e-01
4.485344559702869049e-01
4.762166566928165423e-01
4.768502869645889763e-01
4.492836247767872937e-01
2.819682862381273081e-01
2.578911741878666675e-01
2.943797269813467343e-01
3.220124709434963872e-01
2.943797269813467343e-01
3.491496618201184732e-01
2.782421189035124698e-01
3.815340892870881517e-01
4.787646772256954342e-01
4.327105541955925672e-01
5.096480495379926978e-01
4.327105541955925672e-01
2.362509649867099715e-01
2.789812490099068398e-01
3.285627520002500912e-01
2.590371856689304697e-01
2.720738769928217615e-01
3.460587536358435967e-01
2.720738769928217615e-01
2.970544736513434647e-01
2.751425076417207682e-01
3.940856257795218309e-01
4.254700560188732217e-01
3.754734224126534126e-01
3.810222287876022795e-01
3.754734224126534126e-01
3.251516379564051706e-01
3.300402992816743319e-01
3.179777796034868320e-01
3.240106715218485367e-01
2.412448918808446918e-01
2.367041466398179528e-01
2.412448918808446918e-01
1.953450180015686988e-01
2.642044866021868166e-01
3.068734400486625158e-01
2.268931858101652654e-01
3.145290137768697591e-01
3.192508029996716790e-01
3.145290137768697591e-01
2.693474379219283898e-01
2.733971925095506350e-01
3.982566292162183497e-01
3.262507193334130418e-01
2.939674303497397112e-01
3.593207878316678205e-01
2.939674303497397112e-01
2.577218708937430991e-01
3.738667084026781051e-01
5.488592400801397542e-01
3.783515007664653984e-01
3.857252935673811667e-01
4.488457072177495788e-01
3.857252935673811667e-01
2.419439683013121511e-01
2.817291885877007962e-01
3.759237864230582371e-01
3.810469975978760249e-01
3.936198745752841344e-01
3.883326401728424138e-01
3.936198745752841344e-01
1.753636444129286487e-01
1.476195314897369992e-01
2.033210123053814378e-01
2.415338495101270466e-01
2.778017507223879967e-01
3.342408829712740781e-01
2.778017507223879967e-01
2.535442911450067061e-01
3.054960071483878714e-01
3.380287660382036985e-01
4.157009565934569606e-01
3.864959652910138210e-01
3.136170988938016269e-01
3.864959652910138210e-01
2.116082927297678884e-01
2.372405144173362901e-01
2.982762629874508575e-01
2.660495443942496041e-01
4.187097409139952653e-01
4.330423199357263386e-01
4.187097409139952653e-01
4.414713553754058273e-01
4.563367230822543696e-01
3.822034215144750613e-01
3.934565768183183598e-01
2.563637731944476417e-01
2.490610099918302567e-01
2.563637731944476417e-01
3.386868962681410244e-01
4.351164332717142313e-01
2.842451427603553404e-01
2.212513658859725507e-01
4.075538964643758422e-01
3.669526355897803627e-01
4.075538964643758422e-01
3.505717676359786927e-01
3.146096279063756440e-01
3.261297977239668300e-01
3.391895402768320134e-01
3.306328224760964885e-01
3.178393625882627305e-01
3.306328224760964885e-01
3.529230991876436963e-01
3.606066397240893506e-01
2.079287039714805552e-01
2.034983123767004909e-01
2.609800567727638687e-01
2.838630039329294585e-01
2.609800567727638687e-01
3.074894614974947871e-01
3.339947624144613547e-01
3.136350853363115143e-01
2.438496249799084192e-01
1.691592628937680642e-01
2.176189362367214331e-01
1.691592628937680642e-01
3.149760948223538359e-01
4.627006904861292735e-01
4.239433109393462296e-01
2.885926285639229261e-01
1.661234371046829694e-01
1.824795893088122511e-01
1.661234371046829694e-01
3.921662863450336989e-01
4.287516590608718148e-01
3.819840421912983341e-01
3.436964513002703225e-01
3.000624232632319588e-01
3.336531551738463053e-01
3.000624232632319588e-01
3.760844562843958516e-01
3.671170236635438733e-01
4.091717557838947528e-01
4.191664438910596147e-01
2.143173553880473037e-01
2.585684849525265450e-01
2.143173553880473037e-01
2.086862729110787185e-01
2.516622102510062686e-01
3.357120046637904198e-01
2.494950964259702308e-01
2.241770366881534193e-01
3.022272500728291900e-01
2.241770366881534193e-01
3.490673398746598211e-01
3.458912296598357083e-01
6.161369758992575330e-01
6.217945895508351084e-01
1.935708788876920050e-01
2.135257289073510534e-01
1.935708788876920050e-01
3.758128172053417648e-01
4.142447954021689638e-01
3.734175223822938650e-01
4.113549992351206441e-01
3.006215106745195875e-01
2.728738446565877052e-01
3.006215106745195875e-01
3.314633540248262400e-01
3.066953841024821492e-01
3.014612672597385412e-01
3.258065426935088937e-01
3.791486609506597438e-01
4.421930743707526146e-01
3.791486609506597438e-01
1.929124415829137629e-01
2.264815783927543180e-01
3.616009693287258742e-01
3.860946342186681313e-01
2.937477676710621988e-01
2.749407643011707592e-01
2.937477676710621988e-01
3.731751226445787495e-01
3.669317348972032100e-01
3.324189077099336531e-01
3.380750555380128697e-01
3.981287680702839116e-01
4.653996500590793506e-01
3.981287680702839116e-01
2.952949817349109773e-01
3.463129946380154034e-01
2.479123597564094339e-01
3.310854140742331975e-01
2.362726828689568348e-01
1.761421923495763431e-01
2.362726828689568348e-01
3.942189423584654961e-01
2.721730698968685691e-01
1.838661179893826270e-01
2.663140280439816876e-01
2.679542531580045295e-01
2.918571704627961894e-01
2.679542531580045295e-01
3.922441800676677026e-01
4.267952554305720625e-01
2.358885700570295396e-01
3.028553039546650338e-01
4.724195557781348809e-01
3.686724789003159031e-01
4.724195557781348809e-01
3.212238223057939379e-01
2.763717152179010483e-01
2.688842654134949162e-01
3.125212412779279081e-01
3.203500906764387146e-01
3.193118403610666900e-01
3.203500906764387146e-01
3.749120612380004713e-01
3.737412217677021919e-01
2.870631113763948417e-01
2.150842209087230616e-01
2.003505754537282801e-01
2.680320997391332227e-01
2.003505754537282801e-01
3.451702327473368803e-01
3.101338113563698040e-01
2.813855526235970461e-01
3.131742271700236890e-01
3.629993280305932046e-01
4.253278819116761422e-01
3.629993280305932046e-01
4.436934028527402263e-01
5.195507714258915666e-01
3.615806685071153437e-01
2.918747600492680450e-01
3.898107973283426175e-01
4.833636413571838486e-01
3.898107973283426175e-01
2.334152926450371590e-01
1.975102843290587051e-01
3.065741669017401083e-01
3.623056851336323714e-01
4.713906968482347581e-01
4.496968710544702041e-01
4.713906968482347581e-01
2.994621968234489895e-01
2.855004542748886820e-01
2.230285811560922538e-01
1.873673260265396878e-01
2.934537495576846622e-01
3.488751518843988819e-01
2.934537495576846622e-01
2.277533581464504797e-01
2.577780645327825138e-01
3.566463058853599488e-01
3.151059186635601361e-01
5.520467909639618087e-01
5.857337795710830797e-01
5.520467909639618087e-01
3.544991856025431209e-01
3.769099321540546610e-01
2.868363056620573670e-01
2.427877572443470355e-01
2.609109300011077104e-01
3.080867781970103025e-01
2.609109300011077104e-01
3.232897068638520000e-01
2.656794670559225469e-01
2.458915996003490367e-01
2.992110155744472921e-01
2.661187607762702245e-01
1.829841885819574743e-01
2.661187607762702245e-01
3.613930731798109530e-01
2.492154897113370848e-01
4.606525071720427023e-01
3.134098191940132283e-01
3.144399083300630782e-01
4.606284346421974929e-01
3.144399083300630782e-01
2.962133767699186015e-01
3.219710638722035889e-01
3.738430782864231028e-01
3.439356297099920856e-01
3.166444867504080718e-01
3.226290156504939555e-01
3.166444867504080718e-01
2.795370379640430558e-01
2.847286248842542111e-01
2.589773859880518114e-01
1.895246382081242631e-01
3.599231577745936606e-01
4.887079569953903246e-01
3.599231577745936606e-01
2.041598478702490171e-01
1.709632001754392006e-01
2.975053635323361423e-01
3.552732383168777375e-01
3.808631025490509248e-01
3.772410549409426217e-01
3.808631025490509248e-01
3.414523745623661566e-01
3.382189581960232672e-01
2.492892750639848221e-01
2.532824919571796118e-01
3.290574689539527142e-01
3.238737894087710956e-01
3.290574689539527142e-01
2.820439528239556681e-01
2.449197923546156674e-01
4.772103065415214673e-01
5.495443218015849673e-01
3.219673175125760123e-01
3.045613462207975575e-01
3.219673175125760123e-01
2.629527355136996869e-01
2.485145619147384743e-01
2.718392688619187259e-01
2.252801528166734069e-01
2.020064467058005631e-01
2.436805944094777299e-01
2.020064467058005631e-01
4.582874366644512643e-01
5.576605794210302003e-01
4.385980779022110032e-01
3.604414517813762098e-01
4.883346175070757411e-01
4.095336762748845727e-01
4.883346175070757411e-01
2.528358175744229164e-01
2.111212119145362276e-01
2.787913527898103205e-01
3.474923837944984828e-01
4.327113828853686450e-01
3.474784383238863072e-01
4.327113828853686450e-01
2.648305897999352343e-01
4.157437734674613306e-01
3.999443847823894727e-01
2.547663105708117270e-01
3.015842905877397784e-01
3.183864319001895038e-01
3.015842905877397784e-01
2.071285675451092212e-01
2.188080242753947524e-01
3.708975756818683189e-01
3.566089187241421876e-01
3.361589018823273323e-01
3.496844092902813839e-01
3.361589018823273323e-01
3.130068925584348905e-01
3.143963291615959332e-01
2.934829143231681425e-01
2.921859020309113819e-01
4.911876005229244835e-01
4.535865644028922450e-01
4.911876005229244835e-01
3.913015972177726343e-01
3.611334748720448351e-01
1.689501487195554097e-01
2.811703134529033310e-01
2.716397135255182449e-01
1.632711039296048938e-01
2.716397135255182449e-01
2.089045390700889071e-01
3.221911038624796220e-01
3.704035027700603999e-01
2.401648341263743491e-01
3.901569201889627525e-01
3.328951509775780471e-01
3.901569201889627525e-01
2.945502240677850270e-01
2.513737086635851603e-01
2.826495081427027323e-01
4.661311311484650499e-01
4.362163613162531317e-01
2.649149533703809567e-01
4.362163613162531317e-01
3.991223358820618072e-01
4.634441617519676204e-01
3.354247641638665178e-01
2.888708639238861120e-01
3.364935626398283253e-01
