1.695442968330124894e-02
1.695442968330124894e-02
2.618025550201123416e-02
2.618025550201123416e-02
2.548379414865253878e-02
2.615474924044870059e-02
2.548379414865253878e-02
2.484053192082811765e-02
2.549700753655736660e-02
2.095646897704026013e-02
1.852697869671174336e-02
2.039896665000479406e-02
2.304764236216595708e-02
2.039896665000479406e-02
2.723414261640837511e-02
2.723414261640837511e-02
2.114198288432220935e-02
2.114198288432220935e-02
2.878377333792345866e-02
2.638752984890468251e-02
2.878377333792345866e-02
2.499435501917384589e-02
2.287402231289949184e-02
2.091469627316415794e-02
2.900009711596614886e-02
2.928241446379161589e-02
2.112326394946439229e-02
2.928241446379161589e-02
2.551221415331436995e-02
2.551221415331436995e-02
2.291686751583046563e-02
2.291686751583046563e-02
1.850607981685915837e-02
2.100297209785105187e-02
1.850607981685915837e-02
2.121499431753258794e-02
2.402817184128956327e-02
2.443446330111026868e-02
2.569083466865332635e-02
2.464565758529300293e-02
2.343463925013337598e-02
2.464565758529300293e-02
2.666163583648146693e-02
2.666163583648146693e-02
1.658992262151952335e-02
1.658992262151952335e-02
2.296325226954937931e-02
1.926582199643081181e-02
2.296325226954937931e-02
2.603080939611225955e-02
2.190039231074611750e-02
2.368805319003954024e-02
2.420693352202983942e-02
2.921552223356232991e-02
2.860398787989171937e-02
2.921552223356232991e-02
2.363554550172904806e-02
2.363554550172904806e-02
2.045870403302849083e-02
2.045870403302849083e-02
2.150348653666888168e-02
2.274642479179850296e-02
2.150348653666888168e-02
2.438001546747687112e-02
2.576694998512903817e-02
2.510204325725850713e-02
2.461186394555617274e-02
2.919461182075722139e-02
2.976658783153721816e-02
2.919461182075722139e-02
2.446128057397727734e-02
2.446128057397727734e-02
1.976412319153273908e-02
1.976412319153273908e-02
2.468257798204441522e-02
2.275210265997766601e-02
2.468257798204441522e-02
2.808751838264993833e-02
2.591421215157330843e-02
1.827737071976021088e-02
2.372063086493604242e-02
2.265898170673043624e-02
1.743557890649119826e-02
2.265898170673043624e-02
2.375315545630922454e-02
2.375315545630922454e-02
2.470805029051681076e-02
2.470805029051681076e-02
2.803039640573864663e-02
2.237287996512786481e-02
2.803039640573864663e-02
2.935318485176863570e-02
2.346797119867698178e-02
2.238938037671329290e-02
2.394724920763418446e-02
2.491813787139439407e-02
2.330484839736657321e-02
2.491813787139439407e-02
2.650201119534363256e-02
2.650201119534363256e-02
2.627449178985447054e-02
2.627449178985447054e-02
2.281637582833796057e-02
1.822521338412036104e-02
2.281637582833796057e-02
2.770004329636578319e-02
2.221959746254325088e-02
2.044633510033929541e-02
1.743295617948087753e-02
2.119907623971127239e-02
2.480077198570767791e-02
2.119907623971127239e-02
3.152147455275777777e-02
3.152147455275777777e-02
2.558311196135659715e-02
2.558311196135659715e-02
1.770844273080518852e-02
2.217425608411715751e-02
1.770844273080518852e-02
1.634464456619121042e-02
2.048782991969128747e-02
2.443541633659633908e-02
2.197970679922764056e-02
1.465686294344572919e-02
1.632131704335346156e-02
1.465686294344572919e-02
2.021224510908424532e-02
2.021224510908424532e-02
2.825087231094894000e-02
2.825087231094894000e-02
1.764313051900823562e-02
1.821567200302203274e-02
1.764313051900823562e-02
1.682550496873192955e-02
1.737328065076572739e-02
2.863667544608777815e-02
2.807541907727881952e-02
2.559391025876547876e-02
2.611265494693607025e-02
2.559391025876547876e-02
2.303760133463984144e-02
2.303760133463984144e-02
2.926397955915339966e-02
2.926397955915339966e-02
2.733189639833785017e-02
2.495341690951846311e-02
2.733189639833785017e-02
2.400373511653692421e-02
2.188776127646873543e-02
2.703030990300342440e-02
3.029875796655939757e-02
2.689889544012823500e-02
2.394787609633968611e-02
2.689889544012823500e-02
1.949175602876148522e-02
1.949175602876148522e-02
2.151511005144163963e-02
2.151511005144163963e-02
2.914986896708538638e-02
2.688927354638394329e-02
2.914986896708538638e-02
2.109707580163194818e-02
1.940547537393969013e-02
2.166802705624637157e-02
2.525797805683762179e-02
3.136151942756474492e-02
2.706047648178134396e-02
3.136151942756474492e-02
2.049339550749144229e-02
2.049339550749144229e-02
2.168230214558668906e-02
2.168230214558668906e-02
2.794526947833825964e-02
2.733685766031623485e-02
2.794526947833825964e-02
3.148599417364720404e-02
3.081278707627857494e-02
1.734429177630835914e-02
2.334850343052945199e-02
2.530494051431353419e-02
1.884472197027258281e-02
2.530494051431353419e-02
2.536552091425503183e-02
2.536552091425503183e-02
1.836503885376494435e-02
1.836503885376494435e-02
2.534806289505982593e-02
2.623141935865071217e-02
2.534806289505982593e-02
2.369278030365217988e-02
2.452381930011192715e-02
2.346005661634044739e-02
1.927526665203939046e-02
2.084451573360570492e-02
2.532384857836437672e-02
2.084451573360570492e-02
2.169652679098095505e-02
2.169652679098095505e-02
2.366987241253179497e-02
2.366987241253179497e-02
2.120258566413166235e-02
1.636747284996505417e-02
2.120258566413166235e-02
2.770543658780392354e-02
2.150530965501585776e-02
2.229860721606906696e-02
2.100103651207079966e-02
2.093717272027814658e-02
2.223125131453356634e-02
2.093717272027814658e-02
2.358422873258346833e-02
2.358422873258346833e-02
2.217635485649837104e-02
2.217635485649837104e-02
2.450218256260206645e-02
2.118595101474145606e-02
2.450218256260206645e-02
2.986440058671928355e-02
2.591176099348349582e-02
2.949798484294212028e-02
1.991419301906956901e-02
2.443916088414168492e-02
3.587180419782364654e-02
2.443916088414168492e-02
1.929349706569616352e-02
1.929349706569616352e-02
3.199706809925786238e-02
3.199706809925786238e-02
2.326714930308134560e-02
2.450286937902625140e-02
2.326714930308134560e-02
2.139932295518657407e-02
2.254474419747153069e-02
2.452581683496901990e-02
2.312474602969394333e-02
1.835724630715222100e-02
1.949278689908476997e-02
1.835724630715222100e-02
2.128610554181455811e-02
2.128610554181455811e-02
2.532860653213238333e-02
2.532860653213238333e-02
2.651609844804018318e-02
2.523845603977912730e-02
2.651609844804018318e-02
2.250968859185195625e-02
2.141050877494757657e-02
2.293145049985165912e-02
2.751537603113866914e-02
2.695145418236441492e-02
2.245125951739774042e-02
2.695145418236441492e-02
2.142523576736910657e-02
2.142523576736910657e-02
2.762965354781044686e-02
2.762965354781044686e-02
2.316369262385566466e-02
1.951332829154253656e-02
2.316369262385566466e-02
2.211643773923060649e-02
1.861408859748141936e-02
2.070653342118752155e-02
2.196782956703353593e-02
2.154674025928740577e-02
2.030803781747854420e-02
2.154674025928740577e-02
3.376093827085797916e-02
3.376093827085797916e-02
2.111473469459908964e-02
2.111473469459908964e-02
2.110946962514616276e-02
2.464941353289861609e-02
2.110946962514616276e-02
2.175912387063147491e-02
2.539197283008054820e-02
2.555935537938772151e-02
2.935211715141261904e-02
2.673455300610349042e-02
2.324624979855233198e-02
2.673455300610349042e-02
2.737196608627004424e-02
2.737196608627004424e-02
1.810816888113073869e-02
1.810816888113073869e-02
1.785010009817965260e-02
1.999736049513247890e-02
1.785010009817965260e-02
2.170341814621524340e-02
2.427486912696748961e-02
2.761905376120490918e-02
2.631612803282350893e-02
2.264254228798730575e-02
2.377864232452894452e-02
2.264254228798730575e-02
2.229275952760149948e-02
2.229275952760149948e-02
2.415108986520735079e-02
2.415108986520735079e-02
2.917028908980284774e-02
3.368139014491114414e-02
2.917028908980284774e-02
2.657235496004427266e-02
3.075242621939420357e-02
2.172134524419654447e-02
2.211238915413684530e-02
2.219948094183630399e-02
2.180703154286721748e-02
2.219948094183630399e-02
2.637716749421457549e-02
2.637716749421457549e-02
1.745329153174123710e-02
1.745329153174123710e-02
1.868492732610087595e-02
2.142007447778136037e-02
1.868492732610087595e-02
2.187971582754746208e-02
2.504011944968160402e-02
2.015940998084023161e-02
2.188672810453365022e-02
1.899562087549133693e-02
1.748144987087172156e-02
1.899562087549133693e-02
2.635808763941420094e-02
2.635808763941420094e-02
2.829793100873728012e-02
2.829793100873728012e-02
2.174251421123653966e-02
2.464023884258871588e-02
2.174251421123653966e-02
2.222119690637663555e-02
2.517566405871781571e-02
3.072499817489260376e-02
2.364224266499272142e-02
2.003534671510973780e-02
2.619259081339035677e-02
2.003534671510973780e-02
2.255460006643817891e-02
2.255460006643817891e-02
2.063094077236528323e-02
2.063094077236528323e-02
2.144560954323056559e-02
1.994488838312737100e-02
2.144560954323056559e-02
2.219299152181386167e-02
2.064659724937918661e-02
2.581828016676529849e-02
2.314454447084844657e-02
2.552742957109277455e-02
2.843886245901967175e-02
2.552742957109277455e-02
2.343422070599932711e-02
2.343422070599932711e-02
2.638219688027407944e-02
2.638219688027407944e-02
2.332852191829033056e-02
2.458547838348043926e-02
2.332852191829033056e-02
2.270114597446291210e-02
2.392929948168886350e-02
2.309118484057832293e-02
2.017618882864337729e-02
2.293710558680862530e-02
2.622283638633284009e-02
2.293710558680862530e-02
2.078786799825481021e-02
2.078786799825481021e-02
2.684214399103700827e-02
2.684214399103700827e-02
2.264166559838133586e-02
2.447908722587224459e-02
2.264166559838133586e-02
2.114394047935713034e-02
2.287180212910542437e-02
2.646940347869064514e-02
3.163035178933590319e-02
2.916106752381305428e-02
2.434720740483656276e-02
2.916106752381305428e-02
2.385312302839580692e-02
2.385312302839580692e-02
1.866176870838509930e-02
1.866176870838509930e-02
2.053877480082487439e-02
1.956615424589119509e-02
2.053877480082487439e-02
2.188538526256681230e-02
2.085581438677875515e-02
2.479009610023999097e-02
2.330592068278788953e-02
2.621699064117172934e-02
2.786151393327579787e-02
2.621699064117172934e-02
1.816329270947089972e-02
1.816329270947089972e-02
2.155554973559160870e-02
2.155554973559160870e-02
2.311681182414822289e-02
2.386937207188351631e-02
2.311681182414822289e-02
2.743534306911505141e-02
2.830527444548559118e-02
2.843419135576226789e-02
2.315959766368992298e-02
2.515045410205844767e-02
3.082679051164274875e-02
2.515045410205844767e-02
2.252078129787579708e-02
2.252078129787579708e-02
1.610566416562301401e-02
1.610566416562301401e-02
2.021729896582886987e-02
2.019684854157516654e-02
2.021729896582886987e-02
2.347882337603109451e-02
2.345537365849109657e-02
2.413800805085576998e-02
2.189472275847028498e-02
2.465979835799413794e-02
2.714066027330732170e-02
2.465979835799413794e-02
1.880627520735297237e-02
1.880627520735297237e-02
2.263237174737475071e-02
2.263237174737475071e-02
3.061349476662444252e-02
2.552519413822257333e-02
3.061349476662444252e-02
3.221455269840443891e-02
2.688816015550277161e-02
2.730147310756100149e-02
2.096490626347066732e-02
2.096277153709179969e-02
2.729878703863477390e-02
2.096277153709179969e-02
2.275518494150263055e-02
2.275518494150263055e-02
2.221072866508673124e-02
2.221072866508673124e-02
2.938102624304316651e-02
2.440873311663545320e-02
2.938102624304316651e-02
3.123575239809335546e-02
2.599685910274482370e-02
1.711572819562343778e-02
2.156682934012814704e-02
2.484266536884795554e-02
1.977963166323757835e-02
2.484266536884795554e-02
2.190371083335216837e-02
2.190371083335216837e-02
2.176125168482727010e-02
2.176125168482727010e-02
3.068195752831344783e-02
3.096139313088691961e-02
3.068195752831344783e-02
2.340875122649848511e-02
2.362942846509414122e-02
1.953481199060657508e-02
1.641404486396617554e-02
1.979780887286829855e-02
2.348817872522814681e-02
1.979780887286829855e-02
2.676004577957558084e-02
2.676004577957558084e-02
2.456043627332723384e-02
2.456043627332723384e-02
2.562509524420987159e-02
2.820262659380344539e-02
2.562509524420987159e-02
2.228400392284393683e-02
2.456955743673395337e-02
1.864451832076333138e-02
2.637883678133005200e-02
2.608387631061435605e-02
1.843010196955245997e-02
2.608387631061435605e-02
2.806106274493210678e-02
2.806106274493210678e-02
2.224690286792178548e-02
2.224690286792178548e-02
2.001936481441812798e-02
2.387342160397084440e-02
2.001936481441812798e-02
1.777172862814837065e-02
2.122605204891225145e-02
1.818541983713590354e-02
2.736374620057284782e-02
2.874778832493877709e-02
1.916720390324214499e-02
2.874778832493877709e-02
2.231992203494383847e-02
2.231992203494383847e-02
1.866264271974093364e-02
1.866264271974093364e-02
2.350109788936496913e-02
2.070626828334079170e-02
2.350109788936496913e-02
2.372639920802837449e-02
2.090694229833062884e-02
2.485085162425915845e-02
2.554783267006011799e-02
2.646773813187111579e-02
2.574823975354151653e-02
2.646773813187111579e-02
2.576497683052211135e-02
2.576497683052211135e-02
1.921653366127804713e-02
1.921653366127804713e-02
2.488356027361111888e-02
2.310699311271188425e-02
2.488356027361111888e-02
2.759070250145212802e-02
2.565106246796471437e-02
2.364720913549369502e-02
3.019574525582944050e-02
3.261441834700419540e-02
2.560420037467658894e-02
3.261441834700419540e-02
2.175245117075792767e-02
2.175245117075792767e-02
2.207600911661947510e-02
2.207600911661947510e-02
2.337564674950465618e-02
2.587161830583674035e-02
2.337564674950465618e-02
2.399635765382453212e-02
2.655344201935476087e-02
2.557366611390523084e-02
2.388810821446468030e-02
2.558159123275560720e-02
2.736380085719121100e-02
2.558159123275560720e-02
2.422971148369592459e-02
2.422971148369592459e-02
2.090408907293859683e-02
2.090408907293859683e-02
2.063566571842801248e-02
1.823088474792642494e-02
2.063566571842801248e-02
2.432678099160568569e-02
2.153027527497161642e-02
2.502839017094601534e-02
2.724579359335633361e-02
2.419423817495134493e-02
2.218806991092160327e-02
2.419423817495134493e-02
2.249307341873960780e-02
2.249307341873960780e-02
2.264622515069995151e-02
2.264622515069995151e-02
2.385339512761411318e-02
2.199417905061989628e-02
2.385339512761411318e-02
2.629236852990646592e-02
2.426433400150270966e-02
2.805538036186092793e-02
1.860815289656118920e-02
2.015670936401153801e-02
3.027772009535385778e-02
2.015670936401153801e-02
2.488357443503961056e-02
2.488357443503961056e-02
2.502705575965710749e-02
2.502705575965710749e-02
1.989511449019584072e-02
1.627067012520197822e-02
1.989511449019584072e-02
2.058904297104093353e-02
1.684470990963737869e-02
3.018777353876480121e-02
2.497191122159504728e-02
2.217749377682482620e-02
2.689082988292084558e-02
2.217749377682482620e-02
1.989752844501696885e-02
1.989752844501696885e-02
3.078509800614675010e-02
3.078509800614675010e-02
2.164090549036818203e-02
2.171969576420295506e-02
2.164090549036818203e-02
1.926394468972698198e-02
1.933473647505344617e-02
2.619363803882389027e-02
2.558354680522539198e-02
2.843638599604792275e-02
2.910409120873635319e-02
2.843638599604792275e-02
1.542174321468741706e-02
1.542174321468741706e-02
2.747207116012135089e-02
2.747207116012135089e-02
2.651235052373722423e-02
2.316208887493790419e-02
2.651235052373722423e-02
2.515636257651848728e-02
2.196047277602961728e-02
1.872726829904039839e-02
1.718070440479741237e-02
1.777802675313588585e-02
1.937385081087156583e-02
1.777802675313588585e-02
2.548650502356490655e-02
2.548650502356490655e-02
2.621577974153856475e-02
2.621577974153856475e-02
1.763920030290657553e-02
2.443094643226706095e-02
1.763920030290657553e-02
1.948339677575636891e-02
2.693105725920092244e-02
2.846098614154935272e-02
2.442271583747284563e-02
1.986052990897913678e-02
2.321303903064300331e-02
1.986052990897913678e-02
2.936120095954266110e-02
2.936120095954266110e-02
2.434189444162175586e-02
2.434189444162175586e-02
2.209698299906939431e-02
2.061181979008696111e-02
2.209698299906939431e-02
2.027901794166750080e-02
1.890720174938219367e-02
2.764500347488865750e-02
2.502128161560574979e-02
2.144516161415099820e-02
2.374112219063943818e-02
2.144516161415099820e-02
1.904554056860689043e-02
1.904554056860689043e-02
3.225081540000306751e-02
3.225081540000306751e-02
2.631610215695430119e-02
2.258637985955989913e-02
2.631610215695430119e-02
2.773022493442718617e-02
2.383110319309428293e-02
2.529691724206303491e-02
2.439914861740434190e-02
2.466904583076690721e-02
2.557594871980864437e-02
2.466904583076690721e-02
2.174311649031993032e-02
2.174311649031993032e-02
2.395732938195546669e-02
2.395732938195546669e-02
2.375576044432059150e-02
2.686836708902913540e-02
2.375576044432059150e-02
1.949309495602954967e-02
2.211677993473988926e-02
2.142252669461498782e-02
2.882012043440798990e-02
3.281381313710804437e-02
2.446518385959751268e-02
3.281381313710804437e-02
2.072659334466003811e-02
2.072659334466003811e-02
2.425880322986889367e-02
2.425880322986889367e-02
2.495313721432055112e-02
2.687005144923398231e-02
2.495313721432055112e-02
2.070919859215055933e-02
2.233189637992672588e-02
2.331529769056303256e-02
2.488379296987945286e-02
1.920352002887051532e-02
1.797334666996860952e-02
1.920352002887051532e-02
2.266902189394706668e-02
2.266902189394706668e-02
1.922912407668779175e-02
1.922912407668779175e-02
2.483728927820548840e-02
2.175019821450128316e-02
2.483728927820548840e-02
2.732163909770147711e-02
2.397074198838483605e-02
2.913208891339904433e-02
2.725551298716025542e-02
3.029753031402430963e-02
3.235149146586854124e-02
3.029753031402430963e-02
2.357161453934724510e-02
2.357161453934724510e-02
2.048167678432789851e-02
2.048167678432789851e-02
2.546807770292721859e-02
2.567889343022866991e-02
2.546807770292721859e-02
2.696162917136109977e-02
2.718288687908864548e-02
2.317888727434487539e-02
1.651114109281060643e-02
1.872249818947369776e-02
2.619801607445606043e-02
1.872249818947369776e-02
1.968865973645741313e-02
1.968865973645741313e-02
1.943105429401865980e-02
1.943105429401865980e-02
2.465709770420554045e-02
2.654849241370488971e-02
2.465709770420554045e-02
2.512563377970554804e-02
2.704887761651744715e-02
2.569661595798789638e-02
2.243309414536794055e-02
2.415658038126336504e-02
2.763681275945328170e-02
2.415658038126336504e-02
2.191883937417003075e-02
2.191883937417003075e-02
2.770079839903221569e-02
2.770079839903221569e-02
2.638277033716237424e-02
2.217762544509012737e-02
2.638277033716237424e-02
2.565141044057219627e-02
2.155279436434206358e-02
1.493969446065644691e-02
1.791657913355153633e-02
2.236099194309663918e-02
1.870394172840593103e-02
2.236099194309663918e-02
2.058381993815965039e-02
2.058381993815965039e-02
2.414991882806611159e-02
2.414991882806611159e-02
2.451657367013894417e-02
2.387250016025105337e-02
2.451657367013894417e-02
2.420151075205340466e-02
2.356478898403424962e-02
2.000932606397554450e-02
1.850007972829313327e-02
2.315544927451104046e-02
2.499499218377642523e-02
2.315544927451104046e-02
3.078627246135893017e-02
3.078627246135893017e-02
2.439743384993215553e-02
2.439743384993215553e-02
2.669000057955664418e-02
2.584365740992310492e-02
2.669000057955664418e-02
2.037669616872649081e-02
1.970977494011052350e-02
1.960556697296587589e-02
2.444579089659294421e-02
2.280933182112386201e-02
1.826972946158427272e-02
2.280933182112386201e-02
3.089008055825957430e-02
3.089008055825957430e-02
2.463775994147762369e-02
2.463775994147762369e-02
2.156227675322435269e-02
2.585719167490086248e-02
2.156227675322435269e-02
2.116713319678158178e-02
2.539266291120053851e-02
2.136234747228354588e-02
2.280879118679538312e-02
2.359176259837482761e-02
2.210021486902219792e-02
2.359176259837482761e-02
3.248469192624992008e-02
3.248469192624992008e-02
2.253907302855906805e-02
2.253907302855906805e-02
1.883462603391518331e-02
2.248896177594130949e-02
1.883462603391518331e-02
1.900865451863403138e-02
2.269372108458846821e-02
2.647465597278405094e-02
2.982866705398986434e-02
2.308626812586335453e-02
2.042951484879098473e-02
2.308626812586335453e-02
2.292635215013180336e-02
2.292635215013180336e-02
2.318816452256951960e-02
2.318816452256951960e-02
2.340420857024723411e-02
2.330923904999572527e-02
2.340420857024723411e-02
2.855160441938982621e-02
2.843899354672923749e-02
2.237439412594073584e-02
2.409831097805774369e-02
2.690632319664174738e-02
2.500329907828314352e-02
2.690632319664174738e-02
2.124806088797596276e-02
2.124806088797596276e-02
1.771826854493509587e-02
1.771826854493509587e-02
2.017209291581293501e-02
1.803730405637683429e-02
2.017209291581293501e-02
3.218021143323922945e-02
2.896935143212971131e-02
2.238105704723473283e-02
2.002544373019785745e-02
2.015447980357595523e-02
2.252423645354898266e-02
2.015447980357595523e-02
2.381155331770171829e-02
2.381155331770171829e-02
2.037602762133253545e-02
2.037602762133253545e-02
2.511368731679970365e-02
2.946492350678144717e-02
2.511368731679970365e-02
2.352653002684343408e-02
2.764267087685523538e-02
2.281443585295005877e-02
2.246389385552203036e-02
2.229106649424706169e-02
2.263926364604278152e-02
2.229106649424706169e-02
2.065671548258075571e-02
2.065671548258075571e-02
2.334131104515022037e-02
2.334131104515022037e-02
2.264549341416217249e-02
1.954184190742641603e-02
2.264549341416217249e-02
2.802693415428288842e-02
2.424561252662169389e-02
2.766617635733444047e-02
2.098857924255796009e-02
2.310571622745239903e-02
3.037203212919628234e-02
2.310571622745239903e-02
2.452185674052247133e-02
2.452185674052247133e-02
2.270196958185560082e-02
2.270196958185560082e-02
2.560777602799390804e-02
2.337532784054772300e-02
2.560777602799390804e-02
1.645835042578729090e-02
1.494895165582530057e-02
2.457574975228699748e-02
2.236741860157590717e-02
2.718132940674442347e-02
2.978290632834468266e-02
2.718132940674442347e-02
2.096243569113327362e-02
2.096243569113327362e-02
2.479344353652415678e-02
2.479344353652415678e-02
2.265082937614304112e-02
2.115220123651419953e-02
2.265082937614304112e-02
2.253929615419793947e-02
2.104742731351963436e-02
2.721904714986946722e-02
3.065352441969862451e-02
3.019063367225581496e-02
2.680165558355174574e-02
3.019063367225581496e-02
1.780456822552193077e-02
1.780456822552193077e-02
2.731457165449393404e-02
2.731457165449393404e-02
2.783283887237172904e-02
2.340868230574873893e-02
2.783283887237172904e-02
2.443734359498679967e-02
2.049395172871143825e-02
2.432919330293783697e-02
2.701762379267677941e-02
2.875750819533626559e-02
2.591876271276163934e-02
2.875750819533626559e-02
2.001534910255661423e-02
2.001534910255661423e-02
2.286066952632467841e-02
2.286066952632467841e-02
2.957714684922509163e-02
2.227892719875113059e-02
2.957714684922509163e-02
2.148026619154015313e-02
1.605718608625746752e-02
1.963021034952199678e-02
2.239062082941121329e-02
2.583971296737499687e-02
2.269137647441554773e-02
2.583971296737499687e-02
2.850567026313085423e-02
2.850567026313085423e-02
2.203960887129930574e-02
2.203960887129930574e-02
1.959181129575729777e-02
2.148858715805775782e-02
1.959181129575729777e-02
2.204766370205032966e-02
2.416516606532582295e-02
2.512530851277483546e-02
2.730229916943495427e-02
2.464350061564675801e-02
2.266000160383869685e-02
2.464350061564675801e-02
1.834628496162949915e-02
1.834628496162949915e-02
2.395214754000087737e-02
2.395214754000087737e-02
1.912544787337943156e-02
1.774838960947836691e-02
1.912544787337943156e-02
2.228214700051723424e-02
2.069183892262003305e-02
2.906525034791183904e-02
2.609989179548876520e-02
2.211422235048316615e-02
2.470551361584227140e-02
2.211422235048316615e-02
2.176629398259913306e-02
2.176629398259913306e-02
2.442880961600533279e-02
2.442880961600533279e-02
2.895133425341656075e-02
2.726840982243620981e-02
2.895133425341656075e-02
3.028055335355317457e-02
2.853003792349935105e-02
2.380691375351407651e-02
2.239994283622730176e-02
2.024019637628337795e-02
2.152146932816884073e-02
2.024019637628337795e-02
2.219067090686095700e-02
2.219067090686095700e-02
2.765394189086034515e-02
2.765394189086034515e-02
2.622399211423445328e-02
3.088671238205592182e-02
2.622399211423445328e-02
2.251250020767207177e-02
2.658429533452041915e-02
2.535801634860437165e-02
2.156691877186777198e-02
1.879406457114076237e-02
2.215923019612889289e-02
1.879406457114076237e-02
2.339307252571879575e-02
2.339307252571879575e-02
3.117321638778170617e-02
3.117321638778170617e-02
2.533618424147452558e-02
2.571060643022125836e-02
2.533618424147452558e-02
2.061984757998368625e-02
2.092986739729343557e-02
2.170802619778078313e-02
2.198851484305008180e-02
1.852777415644970421e-02
1.828765288174497017e-02
1.852777415644970421e-02
1.992744117336609638e-02
1.992744117336609638e-02
2.377506495110959933e-02
2.377506495110959933e-02
2.250490312486516306e-02
2.284275243090907320e-02
2.250490312486516306e-02
2.222128076327037349e-02
2.255538727791998183e-02
2.752337351956105765e-02
2.403154446113130518e-02
2.103329750538055973e-02
2.412120152891629454e-02
2.103329750538055973e-02
2.346646580289556486e-02
2.346646580289556486e-02
2.920199327749247592e-02
2.920199327749247592e-02
2.159005113155086295e-02
2.512306537998783978e-02
2.159005113155086295e-02
2.061508574213816863e-02
2.400502653393475280e-02
2.354316481991420434e-02
2.376151742820098792e-02
2.414690406531114567e-02
2.392531930761146799e-02
2.414690406531114567e-02
1.825786462079220102e-02
1.825786462079220102e-02
2.416181014385555131e-02
2.416181014385555131e-02
2.164956352239474219e-02
2.604796121281154411e-02
2.164956352239474219e-02
1.943693809182972174e-02
2.341960432802009384e-02
2.437553269087260055e-02
2.805424656466312672e-02
2.422314066987676928e-02
2.100235955798609652e-02
2.422314066987676928e-02
1.753068933220902972e-02
1.753068933220902972e-02
2.099477652982086745e-02
2.099477652982086745e-02
2.733420610241116960e-02
2.826986541643597417e-02
2.733420610241116960e-02
3.013270648151469139e-02
3.114734481851245962e-02
2.267177501751701033e-02
2.312537025411169275e-02
2.451018050583137972e-02
2.403226291394059203e-02
2.451018050583137972e-02
2.682198804262882208e-02
2.682198804262882208e-02
1.953447999209324826e-02
1.953447999209324826e-02
3.525568545727331138e-02
3.174344991006990135e-02
3.525568545727331138e-02
2.933998277162201684e-02
2.633024651358761153e-02
2.086964881182088935e-02
2.143784799977298955e-02
1.871066392076538298e-02
1.821112764615895330e-02
1.871066392076538298e-02
2.529683813529159248e-02
2.529683813529159248e-02
1.702549498363971348e-02
1.702549498363971348e-02
2.156258424550379013e-02
2.345320946042625532e-02
2.156258424550379013e-02
2.462655214478190469e-02
2.674933766063651228e-02
2.075798232887642036e-02
1.746690772179813195e-02
1.707080033171710920e-02
2.029183610344452784e-02
1.707080033171710920e-02
2.858237570838507990e-02
2.858237570838507990e-02
2.635128200538620208e-02
2.635128200538620208e-02
1.586679305122918465e-02
1.742900297573121704e-02
1.586679305122918465e-02
2.566594321893574462e-02
2.806033083322994476e-02
2.594787478165461528e-02
2.414789347412928805e-02
2.266693885898020400e-02
2.436850392442225371e-02
2.266693885898020400e-02
2.563712945489274656e-02
2.563712945489274656e-02
2.829724507192110314e-02
2.829724507192110314e-02
1.670149518488162413e-02
2.014993278811989807e-02
1.670149518488162413e-02
1.741998873576689963e-02
2.100738494504970910e-02
2.794014834911560247e-02
2.282961843247248088e-02
2.050648690642065120e-02
2.514542372969775022e-02
2.050648690642065120e-02
2.069940838423485474e-02
2.069940838423485474e-02
3.134653553898371359e-02
3.134653553898371359e-02
2.209476948269417651e-02
2.437247682059341669e-02
2.209476948269417651e-02
2.333074854559313502e-02
2.571663529125452902e-02
2.325113863715187051e-02
2.483651516733966641e-02
2.447777215635379283e-02
2.291339267192394821e-02
2.447777215635379283e-02
2.449714965611489090e-02
2.449714965611489090e-02
2.300708614030492344e-02
2.300708614030492344e-02
2.625697996387639510e-02
3.062296109606648872e-02
2.625697996387639510e-02
1.569463188650882871e-02
1.842569080969319942e-02
2.606867570346911231e-02
2.725591336852861354e-02
2.101571727297482303e-02
2.008774502527818639e-02
2.101571727297482303e-02
2.470030268885433505e-02
2.470030268885433505e-02
2.297185497818279160e-02
2.297185497818279160e-02
2.349912049322641985e-02
2.746971163940867960e-02
2.349912049322641985e-02
1.927938651654687030e-02
2.261027952490862053e-02
2.282123705409908401e-02
2.777495617088527810e-02
2.374597507377054773e-02
1.942529225099953044e-02
2.374597507377054773e-02
2.620093439016250164e-02
2.620093439016250164e-02
1.986265624062851301e-02
1.986265624062851301e-02
2.265710854115277409e-02
2.467824082564580926e-02
2.265710854115277409e-02
2.476058298546038317e-02
2.694163451466982662e-02
2.136120027388121317e-02
2.533037767775558891e-02
2.889215244561186072e-02
2.441209338885286240e-02
2.889215244561186072e-02
2.223422362461010410e-02
2.223422362461010410e-02
2.073495155332272244e-02
2.073495155332272244e-02
1.951458727942737351e-02
1.945134076573219045e-02
1.951458727942737351e-02
2.648405729890300833e-02
2.640134835772677338e-02
2.460859034346982860e-02
2.020434852466602635e-02
1.689684881342579451e-02
2.062884823464990192e-02
1.689684881342579451e-02
2.609162609040368078e-02
2.609162609040368078e-02
2.340271866962435887e-02
2.340271866962435887e-02
2.412714973343013311e-02
2.826988564513494354e-02
2.412714973343013311e-02
2.498144145055722354e-02
2.925246824387755379e-02
2.766298099867888285e-02
2.391653711382664763e-02
2.284968990893002094e-02
2.645406666546865418e-02
2.284968990893002094e-02
1.833508792845443131e-02
1.833508792845443131e-02
2.459489267371581939e-02
2.459489267371581939e-02
2.750265582060477249e-02
2.623695874973077172e-02
2.750265582060477249e-02
2.435817304510309173e-02
2.322252873134181272e-02
2.283276813684828252e-02
2.026819430732175117e-02
2.221485047855305608e-02
2.499485460159919098e-02
2.221485047855305608e-02
1.928814916365935786e-02
1.928814916365935786e-02
2.499957665770340814e-02
2.499957665770340814e-02
3.032075917739936871e-02
3.217099195782142929e-02
3.032075917739936871e-02
2.461078294970850400e-02
2.616662860893819928e-02
2.024528928875785755e-02
1.805742231300845949e-02
1.900955025445445756e-02
2.130166373039936792e-02
1.900955025445445756e-02
2.451618629318567250e-02
2.451618629318567250e-02
2.247120324542959541e-02
2.247120324542959541e-02
2.456296833720297140e-02
1.688958274582565491e-02
2.456296833720297140e-02
2.703066032367597293e-02
1.864025558241398650e-02
2.474832701325981044e-02
1.902100049697089817e-02
2.195307327014719978e-02
2.846820326794211736e-02
2.195307327014719978e-02
2.157835037398171327e-02
2.157835037398171327e-02
2.420230765300547884e-02
2.420230765300547884e-02
2.313790322390200938e-02
2.357520580242433716e-02
2.313790322390200938e-02
2.755086631871776076e-02
2.806254347700238433e-02
2.020938513848750950e-02
1.631366324913170740e-02
2.290272786784286127e-02
2.819241456749510544e-02
2.290272786784286127e-02
1.715257634813774357e-02
1.715257634813774357e-02
2.405996078143077949e-02
2.405996078143077949e-02
2.414412121342938283e-02
2.391450811647752653e-02
2.414412121342938283e-02
2.546083883510897108e-02
2.521973495321101766e-02
2.342446208534420052e-02
2.367972594758491547e-02
2.393272745531993539e-02
2.367504294266136941e-02
2.393272745531993539e-02
1.888003008664140836e-02
1.888003008664140836e-02
3.157658452632148421e-02
3.157658452632148421e-02
2.609603360878705314e-02
2.468524814356326882e-02
2.609603360878705314e-02
2.236751786010935522e-02
2.113936518388325608e-02
2.058678297067604440e-02
1.809912079156540676e-02
1.883748963203106877e-02
2.142005040491739079e-02
1.883748963203106877e-02
2.886085444921407048e-02
2.886085444921407048e-02
2.390026879850053534e-02
2.390026879850053534e-02
3.149493996863529655e-02
2.641270572882357948e-02
3.149493996863529655e-02
2.425839241364979165e-02
2.025607469147688508e-02
2.208772198287837010e-02
2.566741292606883676e-02
2.707623988608056156e-02
2.332129782689940783e-02
2.707623988608056156e-02
2.805185861170788469e-02
2.805185861170788469e-02
2.657544982252138532e-02
2.657544982252138532e-02
1.988042998198737490e-02
2.098802677775759434e-02
1.988042998198737490e-02
1.710555804660270074e-02
1.807009725729933139e-02
2.639862791035509429e-02
2.570280278782598182e-02
2.425218137936386437e-02
2.491274240936763168e-02
2.425218137936386437e-02
2.214334562919532262e-02
2.214334562919532262e-02
2.223274781859662860e-02
2.223274781859662860e-02
2.689393332785599416e-02
2.483516849463570167e-02
2.689393332785599416e-02
2.539368185702516045e-02
2.343590885911716812e-02
1.644046121996967091e-02
2.330804001289413577e-02
2.363093639965260784e-02
1.667309118945409924e-02
2.363093639965260784e-02
2.026874912358232056e-02
2.026874912358232056e-02
2.270854545215193060e-02
2.270854545215193060e-02
2.510901732598782438e-02
2.142386737517054662e-02
2.510901732598782438e-02
2.547748436791871796e-02
2.174287849636265951e-02
2.064838533315145261e-02
2.903153666931214405e-02
3.053135262048612200e-02
2.174836005805414960e-02
3.053135262048612200e-02
3.065679559741877822e-02
3.065679559741877822e-02
2.418073121459996325e-02
2.418073121459996325e-02
2.230478800595910721e-02
