2.712708749328199970e-02
2.712708749328199970e-02
4.188840880321797328e-02
4.188840880321797328e-02
4.077407063784406482e-02
4.184759878471792233e-02
4.077407063784406482e-02
3.974485107332498962e-02
4.079521205849178517e-02
3.353035036326441898e-02
2.964316591473879076e-02
3.263834664000767050e-02
3.687622777946553132e-02
3.263834664000767050e-02
4.357462818625339879e-02
4.357462818625339879e-02
3.382717261491553773e-02
3.382717261491553773e-02
4.605403734067753385e-02
4.222004775824748923e-02
4.605403734067753385e-02
3.999096803067815620e-02
3.659843570063918416e-02
3.346351403706265132e-02
4.640015538554583679e-02
4.685186314206658820e-02
3.379722231914302627e-02
4.685186314206658820e-02
4.081954264530299192e-02
4.081954264530299192e-02
3.666698802532874363e-02
3.666698802532874363e-02
2.960972770697465478e-02
3.360475535656168300e-02
2.960972770697465478e-02
3.394399090805214070e-02
3.844507494606329984e-02
3.909514128177642850e-02
4.110533546984532216e-02
3.943305213646880469e-02
3.749542280021340296e-02
3.943305213646880469e-02
4.265861733837034847e-02
4.265861733837034847e-02
2.654387619443123944e-02
2.654387619443123944e-02
3.674120363127900829e-02
3.082531519428929889e-02
3.674120363127900829e-02
4.164929503377961389e-02
3.504062769719378662e-02
3.790088510406326716e-02
3.873109363524774446e-02
4.674483557369972508e-02
4.576638060782674960e-02
4.674483557369972508e-02
3.781687280276647967e-02
3.781687280276647967e-02
3.273392645284558394e-02
3.273392645284558394e-02
3.440557845867021208e-02
3.639427966687760335e-02
3.440557845867021208e-02
3.900802474796299241e-02
4.122711997620646246e-02
4.016326921161361002e-02
3.937898231288987361e-02
4.671137891321155283e-02
4.762654053045954627e-02
4.671137891321155283e-02
3.913804891836364375e-02
3.913804891836364375e-02
3.162259710645238392e-02
3.162259710645238392e-02
3.949212477127106435e-02
3.640336425596426423e-02
3.949212477127106435e-02
4.494002941223990133e-02
4.146273944251729210e-02
2.924379315161633464e-02
3.795300938389766648e-02
3.625437073076869660e-02
2.789692625038591930e-02
3.625437073076869660e-02
3.800504873009476203e-02
3.800504873009476203e-02
3.953288046482689860e-02
3.953288046482689860e-02
4.484863424918183322e-02
3.579660794420458370e-02
4.484863424918183322e-02
4.696509576282981852e-02
3.754875391788316946e-02
3.582300860274127002e-02
3.831559873221469792e-02
3.986902059423103051e-02
3.728775743578651575e-02
3.986902059423103051e-02
4.240321791254981348e-02
4.240321791254981348e-02
4.203918686376715425e-02
4.203918686376715425e-02
3.650620132534073553e-02
2.916034141459257836e-02
3.650620132534073553e-02
4.432006927418525449e-02
3.555135594006920280e-02
3.271413616054287543e-02
2.789272988716940543e-02
3.391852198353803582e-02
3.968123517713228326e-02
3.391852198353803582e-02
5.043435928441244998e-02
5.043435928441244998e-02
4.093297913817055267e-02
4.093297913817055267e-02
2.833350836928830163e-02
3.547880973458745341e-02
2.833350836928830163e-02
2.615143130590593876e-02
3.278052787150605857e-02
3.909666613855414252e-02
3.516753087876422351e-02
2.345098070951316671e-02
2.611410726936553781e-02
2.345098070951316671e-02
3.233959217453478974e-02
3.233959217453478974e-02
4.520139569751830538e-02
4.520139569751830538e-02
2.822900883041317907e-02
2.914507520483525238e-02
2.822900883041317907e-02
2.692080794997108936e-02
2.779724904122516174e-02
4.581868071374044227e-02
4.492067052364610846e-02
4.095025641402476324e-02
4.178024791509771241e-02
4.095025641402476324e-02
3.686016213542374353e-02
3.686016213542374353e-02
4.682236729464543668e-02
4.682236729464543668e-02
4.373103423734055889e-02
3.992546705522954237e-02
4.373103423734055889e-02
3.840597618645907874e-02
3.502041804234997530e-02
4.324849584480548043e-02
4.847801274649503334e-02
4.303823270420517599e-02
3.831660175414349639e-02
4.303823270420517599e-02
3.118680964601837705e-02
3.118680964601837705e-02
3.442417608230662063e-02
3.442417608230662063e-02
4.663979034733661821e-02
4.302283767421431065e-02
4.663979034733661821e-02
3.375532128261111986e-02
3.104876059830350213e-02
3.466884328999419312e-02
4.041276489094019347e-02
5.017843108410359465e-02
4.329676237085015172e-02
5.017843108410359465e-02
3.278943281198630488e-02
3.278943281198630488e-02
3.469168343293869972e-02
3.469168343293869972e-02
4.471243116534121681e-02
4.373897225650597714e-02
4.471243116534121681e-02
5.037759067783552369e-02
4.930045932204572129e-02
2.775086684209337323e-02
3.735760548884712456e-02
4.048790482290165471e-02
3.015155515243613318e-02
4.048790482290165471e-02
4.058483346280804954e-02
4.058483346280804954e-02
2.938406216602390889e-02
2.938406216602390889e-02
4.055690063209572288e-02
4.197027097384113670e-02
4.055690063209572288e-02
3.790844848584348781e-02
3.923811088017908205e-02
3.753609058614471722e-02
3.084042664326302335e-02
3.335122517376912926e-02
4.051815772538300275e-02
3.335122517376912926e-02
3.471444286556953085e-02
3.471444286556953085e-02
3.787179586005087056e-02
3.787179586005087056e-02
3.392413706261065975e-02
2.618795655994408597e-02
3.392413706261065975e-02
4.432869854048628044e-02
3.440849544802537102e-02
3.567777154571050852e-02
3.360165841931327807e-02
3.349947635244503175e-02
3.557000210325370754e-02
3.349947635244503175e-02
3.773476597213355072e-02
3.773476597213355072e-02
3.548216777039739367e-02
3.548216777039739367e-02
3.920349210016330771e-02
3.389752162358632831e-02
3.920349210016330771e-02
4.778304093875085368e-02
4.145881758957359331e-02
4.719677574870739106e-02
3.186270883051130903e-02
3.910265741462669309e-02
5.739488671651783031e-02
3.910265741462669309e-02
3.086959530511386440e-02
3.086959530511386440e-02
5.119530895881257981e-02
5.119530895881257981e-02
3.722743888493015157e-02
3.920459100644200362e-02
3.722743888493015157e-02
3.423891672829851990e-02
3.607159071595444910e-02
3.924130693595043184e-02
3.699959364751030655e-02
2.937159409144355499e-02
3.118845903853563473e-02
2.937159409144355499e-02
3.405776886690329436e-02
3.405776886690329436e-02
4.052577045141181333e-02
4.052577045141181333e-02
4.242575751686429586e-02
4.038152966364660229e-02
4.242575751686429586e-02
3.601550174696312862e-02
3.425681403991612251e-02
3.669032079976265737e-02
4.402460164982187341e-02
4.312232669178306388e-02
3.592201522783638329e-02
4.312232669178306388e-02
3.428037722779057189e-02
3.428037722779057189e-02
4.420744567649671775e-02
4.420744567649671775e-02
3.706190819816906207e-02
3.122132526646805711e-02
3.706190819816906207e-02
3.538630038276897177e-02
2.978254175597027167e-02
3.313045347390003448e-02
3.514852730725365887e-02
3.447478441485984924e-02
3.249286050796566794e-02
3.447478441485984924e-02
5.401750123337276110e-02
5.401750123337276110e-02
3.378357551135854203e-02
3.378357551135854203e-02
3.377515140023386320e-02
3.943906165263778851e-02
3.377515140023386320e-02
3.481459819301035985e-02
4.062715652812887851e-02
4.089496860702035441e-02
4.696338744226018908e-02
4.277528480976558467e-02
3.719399967768373394e-02
4.277528480976558467e-02
4.379514573803207356e-02
4.379514573803207356e-02
2.897307020980918399e-02
2.897307020980918399e-02
2.856016015708744485e-02
3.199577679221196624e-02
2.856016015708744485e-02
3.472546903394439083e-02
3.883979060314798198e-02
4.419048601792785469e-02
4.210580485251761568e-02
3.622806766077969060e-02
3.804582771924631263e-02
3.622806766077969060e-02
3.566841524416240056e-02
3.566841524416240056e-02
3.864174378433175849e-02
3.864174378433175849e-02
4.667246254368455360e-02
5.389022423185782507e-02
4.667246254368455360e-02
4.251576793607083488e-02
4.920388195103072432e-02
3.475415239071447115e-02
3.537982264661895110e-02
3.551916950693808500e-02
3.489125046858754936e-02
3.551916950693808500e-02
4.220346799074332217e-02
4.220346799074332217e-02
2.792526645078597866e-02
2.792526645078597866e-02
2.989588372176140221e-02
3.427211916445017936e-02
2.989588372176140221e-02
3.500754532407594072e-02
4.006419111949056922e-02
3.225505596934437336e-02
3.501876496725384036e-02
3.039299340078613701e-02
2.797031979339475657e-02
3.039299340078613701e-02
4.217294022306272011e-02
4.217294022306272011e-02
4.527668961397964681e-02
4.527668961397964681e-02
3.478802273797846484e-02
3.942438214814194403e-02
3.478802273797846484e-02
3.555391505020261828e-02
4.028106249394850652e-02
4.915999707982816880e-02
3.782758826398835428e-02
3.205655474417558326e-02
4.190814530142457361e-02
3.205655474417558326e-02
3.608736010630108487e-02
3.608736010630108487e-02
3.300950523578445595e-02
3.300950523578445595e-02
3.431297526916890495e-02
3.191182141300379083e-02
3.431297526916890495e-02
3.550878643490217729e-02
3.303455559900669858e-02
4.130924826682447898e-02
3.703127115335751174e-02
4.084388731374843928e-02
4.550217993443147341e-02
4.084388731374843928e-02
3.749475312959892059e-02
3.749475312959892059e-02
4.221151500843852572e-02
4.221151500843852572e-02
3.732563506926452751e-02
3.933676541356870282e-02
3.732563506926452751e-02
3.632183355914066214e-02
3.828687917070218438e-02
3.694589574492531531e-02
3.228190212582940366e-02
3.669936893889379909e-02
4.195653821813254136e-02
3.669936893889379909e-02
3.326058879720769634e-02
3.326058879720769634e-02
4.294743038565921461e-02
4.294743038565921461e-02
3.622666495741013598e-02
3.916653956139558995e-02
3.622666495741013598e-02
3.383030476697140854e-02
3.659488340656867622e-02
4.235104556590503500e-02
5.060856286293744649e-02
4.665770803810088962e-02
3.895553184773849903e-02
4.665770803810088962e-02
3.816499684543329246e-02
3.816499684543329246e-02
2.985882993341615679e-02
2.985882993341615679e-02
3.286203968131980180e-02
3.130584679342591353e-02
3.286203968131980180e-02
3.501661642010690106e-02
3.336930301884601102e-02
3.966415376038398555e-02
3.728947309246062602e-02
4.194718502587476555e-02
4.457842229324127797e-02
4.194718502587476555e-02
2.906126833515343746e-02
2.906126833515343746e-02
3.448887957694657391e-02
3.448887957694657391e-02
3.698689891863715662e-02
3.819099531501362471e-02
3.698689891863715662e-02
4.389654891058408087e-02
4.528843911277694728e-02
4.549470616921962723e-02
3.705535626190387816e-02
4.024072656329351350e-02
4.932286481862839522e-02
4.024072656329351350e-02
3.603325007660127671e-02
3.603325007660127671e-02
2.576906266499682033e-02
2.576906266499682033e-02
3.234767834532618902e-02
3.231495766652026785e-02
3.234767834532618902e-02
3.756611740164975122e-02
3.752859785358575451e-02
3.862081288136923196e-02
3.503155641355245459e-02
3.945567737279061932e-02
4.342505643729171333e-02
3.945567737279061932e-02
3.009004033176475301e-02
3.009004033176475301e-02
3.621179479579959837e-02
3.621179479579959837e-02
4.898159162659911081e-02
4.084031062115611732e-02
4.898159162659911081e-02
5.154328431744709810e-02
4.302105624880443735e-02
4.368235697209760238e-02
3.354385002155306494e-02
3.354043445934688089e-02
4.367805926181563686e-02
3.354043445934688089e-02
3.640829590640420887e-02
3.640829590640420887e-02
3.553716586413876999e-02
3.553716586413876999e-02
4.700964198886906781e-02
3.905397298661672512e-02
4.700964198886906781e-02
4.997720383694936874e-02
4.159497456439172069e-02
2.738516511299749975e-02
3.450692694420503387e-02
3.974826459015672747e-02
3.164741066118012536e-02
3.974826459015672747e-02
3.504593733336346800e-02
3.504593733336346800e-02
3.481800269572363216e-02
3.481800269572363216e-02
4.909113204530151514e-02
4.953822900941907276e-02
4.909113204530151514e-02
3.745400196239757895e-02
3.780708554415062456e-02
3.125569918497052291e-02
2.626247178234588156e-02
3.167649419658927906e-02
3.758108596036503768e-02
3.167649419658927906e-02
4.281607324732093073e-02
4.281607324732093073e-02
3.929669803732357275e-02
3.929669803732357275e-02
4.100015239073579593e-02
4.512420255008551401e-02
4.100015239073579593e-02
3.565440627655029615e-02
3.931129189877432401e-02
2.983122931322132812e-02
4.220613885012808320e-02
4.173420209698296829e-02
2.948816315128393456e-02
4.173420209698296829e-02
4.489770039189137224e-02
4.489770039189137224e-02
3.559504458867485815e-02
3.559504458867485815e-02
3.203098370306900478e-02
3.819747456635334826e-02
3.203098370306900478e-02
2.843476580503739165e-02
3.396168327825960231e-02
2.909667173941744497e-02
4.378199392091655651e-02
4.599646131990204473e-02
3.066752624518743336e-02
4.599646131990204473e-02
3.571187525591014433e-02
3.571187525591014433e-02
2.986022835158549243e-02
2.986022835158549243e-02
3.760175662298394922e-02
3.313002925334526672e-02
3.760175662298394922e-02
3.796223873284539779e-02
3.345110767732900614e-02
3.976136259881465213e-02
4.087653227209618600e-02
4.234838101099378666e-02
4.119718360566642507e-02
4.234838101099378666e-02
4.122396292883537955e-02
4.122396292883537955e-02
3.074645385804487818e-02
3.074645385804487818e-02
3.981369643777778883e-02
3.697118898033901341e-02
3.981369643777778883e-02
4.414512400232340622e-02
4.104169994874354299e-02
3.783553461678991481e-02
4.831319240932710479e-02
5.218306935520670986e-02
4.096672059948254507e-02
5.218306935520670986e-02
3.480392187321268427e-02
3.480392187321268427e-02
3.532161458659115877e-02
3.532161458659115877e-02
3.740103479920744989e-02
4.139458928933878457e-02
3.740103479920744989e-02
3.839417224611925417e-02
4.248550723096761877e-02
4.091786578224836796e-02
3.822097314314348848e-02
4.093054597240897152e-02
4.378208137150593759e-02
4.093054597240897152e-02
3.876753837391348073e-02
3.876753837391348073e-02
3.344654251670175354e-02
3.344654251670175354e-02
3.301706514948481858e-02
2.916941559668227713e-02
3.301706514948481858e-02
3.892284958656909433e-02
3.444844043995458349e-02
4.004542427351362455e-02
4.359326974937013238e-02
3.871078107992215189e-02
3.550091185747456662e-02
3.871078107992215189e-02
3.598891746998337388e-02
3.598891746998337388e-02
3.623396024111992519e-02
3.623396024111992519e-02
3.816543220418257970e-02
3.519068648099183544e-02
3.816543220418257970e-02
4.206778964785034408e-02
3.882293440240433546e-02
4.488860857897748746e-02
2.977304463449790065e-02
3.225073498241846220e-02
4.844435215256617105e-02
3.225073498241846220e-02
3.981371909606337689e-02
3.981371909606337689e-02
4.004328921545137476e-02
4.004328921545137476e-02
3.183218318431334237e-02
2.603307220032316516e-02
3.183218318431334237e-02
3.294246875366549365e-02
2.695153585541980312e-02
4.830043766202368055e-02
3.995505795455207843e-02
3.548399004291972331e-02
4.302532781267335432e-02
3.548399004291972331e-02
3.183604551202715016e-02
3.183604551202715016e-02
4.925615680983479877e-02
4.925615680983479877e-02
3.462544878458909126e-02
3.475151322272472532e-02
3.462544878458909126e-02
3.082231150356317187e-02
3.093557836008551526e-02
4.190982086211822444e-02
4.093367488836062440e-02
4.549821759367667778e-02
4.656654593397816649e-02
4.549821759367667778e-02
2.467478914349986729e-02
2.467478914349986729e-02
4.395531385619416004e-02
4.395531385619416004e-02
4.241976083797956154e-02
3.705934219990064671e-02
4.241976083797956154e-02
4.025018012242957688e-02
3.513675644164739043e-02
2.996362927846463881e-02
2.748912704767586188e-02
2.844484280501741527e-02
3.099816129739450463e-02
2.844484280501741527e-02
4.077840803770384909e-02
4.077840803770384909e-02
4.194524758646170359e-02
4.194524758646170359e-02
2.822272048465052086e-02
3.908951429162729752e-02
2.822272048465052086e-02
3.117343484121018818e-02
4.308969161472147452e-02
4.553757782647896435e-02
3.907634533995655440e-02
3.177684785436661608e-02
3.714086244902880390e-02
3.177684785436661608e-02
4.697792153526825915e-02
4.697792153526825915e-02
3.894703110659480938e-02
3.894703110659480938e-02
3.535517279851103228e-02
3.297891166413913916e-02
3.535517279851103228e-02
3.244642870666800127e-02
3.025152279901151264e-02
4.423200555982185339e-02
4.003405058496919966e-02
3.431225858264159989e-02
3.798579550502310248e-02
3.431225858264159989e-02
3.047286490977102469e-02
3.047286490977102469e-02
5.160130464000491080e-02
5.160130464000491080e-02
4.210576345112688329e-02
3.613820777529584000e-02
4.210576345112688329e-02
4.436835989508349648e-02
3.812976510895085130e-02
4.047506758730085724e-02
3.903863778784694843e-02
3.947047332922705432e-02
4.092151795169383238e-02
3.947047332922705432e-02
3.478898638451188852e-02
3.478898638451188852e-02
3.833172701112874670e-02
3.833172701112874670e-02
3.800921671091294501e-02
4.298938734244661664e-02
3.800921671091294501e-02
3.118895192964727878e-02
3.538684789558382143e-02
3.427604271138397912e-02
4.611219269505278245e-02
5.250210101937286683e-02
3.914429417535601752e-02
5.250210101937286683e-02
3.316254935145605820e-02
3.316254935145605820e-02
3.881408516779023127e-02
3.881408516779023127e-02
3.992501954291288041e-02
4.299208231877436892e-02
3.992501954291288041e-02
3.313471774744089493e-02
3.573103420788276141e-02
3.730447630490085070e-02
3.981406875180712457e-02
3.072563204619282312e-02
2.875735467194977246e-02
3.072563204619282312e-02
3.627043503031530947e-02
3.627043503031530947e-02
3.076659852270046888e-02
3.076659852270046888e-02
3.973966284512878144e-02
3.480031714320205166e-02
3.973966284512878144e-02
4.371462255632236477e-02
3.835318718141574046e-02
4.661134226143846815e-02
4.360882077945640867e-02
4.847604850243889679e-02
5.176238634538966182e-02
4.847604850243889679e-02
3.771458326295559077e-02
3.771458326295559077e-02
3.277068285492464039e-02
3.277068285492464039e-02
4.074892432468354975e-02
4.108622948836587047e-02
4.074892432468354975e-02
4.313860667417775824e-02
4.349261900654183277e-02
3.708621963895179785e-02
2.641782574849697168e-02
2.995599710315791434e-02
4.191682571912969807e-02
2.995599710315791434e-02
3.150185557833186378e-02
3.150185557833186378e-02
3.108968687042985846e-02
3.108968687042985846e-02
3.945135632672886611e-02
4.247758786192782493e-02
3.945135632672886611e-02
4.020101404752887686e-02
4.327820418642791545e-02
4.111458553278063421e-02
3.589295063258870350e-02
3.865052861002138407e-02
4.421890041512525210e-02
3.865052861002138407e-02
3.507014299867204643e-02
3.507014299867204643e-02
4.432127743845154511e-02
4.432127743845154511e-02
4.221243253945979740e-02
3.548420071214420518e-02
4.221243253945979740e-02
4.104225670491551403e-02
3.448447098294730312e-02
2.390351113705031436e-02
2.866652661368246022e-02
3.577758710895462269e-02
2.992630676544949173e-02
3.577758710895462269e-02
3.293411190105544062e-02
3.293411190105544062e-02
3.863987012490577994e-02
3.863987012490577994e-02
3.922651787222231068e-02
3.819600025640168539e-02
3.922651787222231068e-02
3.872241720328544606e-02
3.770366237445479940e-02
3.201492170236087259e-02
2.960012756526901254e-02
3.704871883921766196e-02
3.999198749404227898e-02
3.704871883921766196e-02
4.925803593817428688e-02
4.925803593817428688e-02
3.903589415989144884e-02
3.903589415989144884e-02
4.270400092729063207e-02
4.134985185587696649e-02
4.270400092729063207e-02
3.260271386996238530e-02
3.153563990417683482e-02
3.136890715674540281e-02
3.911326543454871074e-02
3.649493091379817783e-02
2.923156713853483635e-02
3.649493091379817783e-02
4.942412889321531888e-02
4.942412889321531888e-02
3.942041590636419929e-02
3.942041590636419929e-02
3.449964280515896431e-02
4.137150667984137997e-02
3.449964280515896431e-02
3.386741311485053085e-02
4.062826065792086300e-02
3.417975595565367342e-02
3.649406589887261437e-02
3.774682015739972557e-02
3.536034379043551806e-02
3.774682015739972557e-02
5.197550708199987629e-02
5.197550708199987629e-02
3.606251684569451027e-02
3.606251684569451027e-02
3.013540165426429121e-02
3.598233884150609657e-02
3.013540165426429121e-02
3.041384722981445299e-02
3.630995373534155052e-02
4.235944955645448012e-02
4.772586728638378295e-02
3.693802900138136447e-02
3.268722375806557695e-02
3.693802900138136447e-02
3.668216344021088537e-02
3.668216344021088537e-02
3.710106323611123136e-02
3.710106323611123136e-02
3.744673371239557597e-02
3.729478247999316182e-02
3.744673371239557597e-02
4.568256707102372194e-02
4.550238967476678137e-02
3.579903060150517458e-02
3.855729756489238713e-02
4.305011711462679302e-02
4.000527852525302686e-02
4.305011711462679302e-02
3.399689742076154181e-02
3.399689742076154181e-02
2.834922967189615339e-02
2.834922967189615339e-02
3.227534866530069879e-02
2.885968649020293625e-02
3.227534866530069879e-02
5.148833829318276434e-02
4.635096229140753948e-02
3.580969127557557391e-02
3.204070996831657331e-02
3.224716768572152836e-02
3.603877832567837364e-02
3.224716768572152836e-02
3.809848530832275065e-02
3.809848530832275065e-02
3.260164419413205672e-02
3.260164419413205672e-02
4.018189970687952722e-02
4.714387761085031547e-02
4.018189970687952722e-02
3.764244804294949315e-02
4.422827340296837939e-02
3.650309736472009264e-02
3.594223016883524996e-02
3.566570639079529731e-02
3.622282183366844904e-02
3.566570639079529731e-02
3.305074477212920775e-02
3.305074477212920775e-02
3.734609767224035537e-02
3.734609767224035537e-02
3.623278946265947459e-02
3.126694705188226564e-02
3.623278946265947459e-02
4.484309464685262009e-02
3.879298004259471022e-02
4.426588217173510476e-02
3.358172678809273615e-02
3.696914596392383845e-02
4.859525140671405036e-02
3.696914596392383845e-02
3.923497078483595413e-02
3.923497078483595413e-02
3.632315133096895854e-02
3.632315133096895854e-02
4.097244164479025424e-02
3.740052454487635680e-02
4.097244164479025424e-02
2.633336068125966684e-02
2.391832264932048160e-02
3.932119960365919320e-02
3.578786976252144869e-02
4.349012705079107616e-02
4.765265012535149086e-02
4.349012705079107616e-02
3.353989710581323919e-02
3.353989710581323919e-02
3.966950965843864946e-02
3.966950965843864946e-02
3.624132700182886718e-02
3.384352197842271925e-02
3.624132700182886718e-02
3.606287384671670593e-02
3.367588370163141637e-02
4.355047543979114616e-02
4.904563907151780061e-02
4.830501387560930115e-02
4.288264893368279318e-02
4.830501387560930115e-02
2.848730916083508716e-02
2.848730916083508716e-02
4.370331464719029446e-02
4.370331464719029446e-02
4.453254219579476370e-02
3.745389168919797951e-02
4.453254219579476370e-02
3.909974975197887809e-02
3.279032276593830258e-02
3.892670928470053776e-02
4.322819806828284706e-02
4.601201311253802495e-02
4.147002034041862017e-02
4.601201311253802495e-02
3.202455856409058138e-02
3.202455856409058138e-02
3.657707124211948685e-02
3.657707124211948685e-02
4.732343495876014522e-02
3.564628351800180894e-02
4.732343495876014522e-02
3.436842590646424500e-02
2.569149773801195080e-02
3.140833655923519485e-02
3.582499332705794265e-02
4.134354074779999361e-02
3.630620235906487775e-02
4.134354074779999361e-02
4.560907242100936676e-02
4.560907242100936676e-02
3.526337419407889195e-02
3.526337419407889195e-02
3.134689807321167782e-02
3.438173945289241251e-02
3.134689807321167782e-02
3.527626192328052468e-02
3.866426570452131950e-02
4.020049362043973812e-02
4.368367867109592545e-02
3.942960098503481281e-02
3.625600256614191358e-02
3.942960098503481281e-02
2.935405593860719933e-02
2.935405593860719933e-02
3.832343606400140379e-02
3.832343606400140379e-02
3.060071659740709257e-02
2.839742337516538984e-02
3.060071659740709257e-02
3.565143520082757200e-02
3.310694227619205565e-02
4.650440055665894246e-02
4.175982687278202710e-02
3.538275576077306445e-02
3.952882178534763286e-02
3.538275576077306445e-02
3.482607037215861012e-02
3.482607037215861012e-02
3.908609538560853247e-02
3.908609538560853247e-02
4.632213480546649997e-02
4.362945571589793570e-02
4.632213480546649997e-02
4.844888536568507653e-02
4.564806067759896030e-02
3.809106200562252520e-02
3.583990853796368420e-02
3.238431420205340611e-02
3.443435092507014794e-02
3.238431420205340611e-02
3.550507345097753120e-02
3.550507345097753120e-02
4.424630702537655363e-02
4.424630702537655363e-02
4.195838738277512386e-02
4.941873981128947629e-02
4.195838738277512386e-02
3.602000033227531484e-02
4.253487253523267203e-02
4.057282615776699325e-02
3.450707003498843656e-02
3.007050331382521771e-02
3.545476831380622862e-02
3.007050331382521771e-02
3.742891604115007598e-02
3.742891604115007598e-02
4.987714622045073126e-02
4.987714622045073126e-02
4.053789478635923954e-02
4.113697028835401615e-02
4.053789478635923954e-02
3.299175612797389939e-02
3.348778783566949691e-02
3.473284191644925023e-02
3.518162374888013366e-02
2.964443865031952605e-02
2.926024461079195296e-02
2.964443865031952605e-02
3.188390587738575144e-02
3.188390587738575144e-02
3.804010392177535615e-02
3.804010392177535615e-02
3.600784499978425951e-02
3.654840388945451712e-02
3.600784499978425951e-02
3.555404922123259898e-02
3.608861964467197092e-02
4.403739763129769363e-02
3.845047113781008968e-02
3.365327600860889418e-02
3.859392244626606849e-02
3.365327600860889418e-02
3.754634528463290238e-02
3.754634528463290238e-02
4.672318924398796008e-02
4.672318924398796008e-02
3.454408181048138071e-02
4.019690460798054643e-02
3.454408181048138071e-02
3.298413718742106843e-02
3.840804245429560448e-02
3.766906371186272418e-02
3.801842788512158067e-02
3.863504650449783168e-02
3.828051089217834879e-02
3.863504650449783168e-02
2.921258339326751954e-02
2.921258339326751954e-02
3.865889623016888210e-02
3.865889623016888210e-02
3.463930163583158611e-02
4.167673794049846919e-02
3.463930163583158611e-02
3.109910094692755478e-02
3.747136692483214737e-02
3.900085230539616227e-02
4.488679450346100275e-02
3.875702507180282808e-02
3.360377529277775582e-02
3.875702507180282808e-02
2.804910293153444964e-02
2.804910293153444964e-02
3.359164244771338514e-02
3.359164244771338514e-02
4.373472976385787275e-02
4.523178466629755590e-02
4.373472976385787275e-02
4.821233037042350900e-02
4.983575170961993678e-02
3.627484002802721513e-02
3.700059240657870702e-02
3.921628880933020894e-02
3.845162066230494585e-02
3.921628880933020894e-02
4.291518086820611533e-02
4.291518086820611533e-02
3.125516798734919582e-02
3.125516798734919582e-02
5.640909673163729821e-02
5.078951985611184633e-02
5.640909673163729821e-02
4.694397243459522834e-02
4.212839442174017707e-02
3.339143809891342157e-02
3.430055679963678328e-02
2.993706227322461000e-02
2.913780423385432805e-02
2.993706227322461000e-02
4.047494101646655074e-02
4.047494101646655074e-02
2.724079197382353948e-02
2.724079197382353948e-02
3.450013479280606560e-02
3.752513513668200712e-02
3.450013479280606560e-02
3.940248343165105027e-02
4.279894025701842103e-02
3.321277172620227397e-02
2.794705235487700973e-02
2.731328053074737541e-02
3.246693776551124594e-02
2.731328053074737541e-02
4.573180113341612785e-02
4.573180113341612785e-02
4.216205120861792055e-02
4.216205120861792055e-02
2.538686888196669406e-02
2.788640476116995004e-02
2.538686888196669406e-02
4.106550915029719140e-02
4.489652933316791439e-02
4.151659965064738445e-02
3.863662955860686088e-02
3.626710217436832778e-02
3.898960627907560594e-02
3.626710217436832778e-02
4.101940712782839449e-02
4.101940712782839449e-02
4.527559211507376641e-02
4.527559211507376641e-02
2.672239229581059930e-02
3.223989246099183414e-02
2.672239229581059930e-02
2.787198197722703941e-02
3.361181591207953318e-02
4.470423735858496117e-02
3.652738949195596940e-02
3.281037905027304330e-02
4.023267796751640174e-02
3.281037905027304330e-02
3.311905341477576481e-02
3.311905341477576481e-02
5.015445686237393619e-02
5.015445686237393619e-02
3.535163117231068103e-02
3.899596291294946809e-02
3.535163117231068103e-02
3.732919767294901742e-02
4.114661646600724365e-02
3.720182181944299560e-02
3.973842426774346764e-02
3.916443545016606853e-02
3.666142827507831714e-02
3.916443545016606853e-02
3.919543944978382682e-02
3.919543944978382682e-02
3.681133782448788028e-02
3.681133782448788028e-02
4.201116794220223494e-02
4.899673775370638057e-02
4.201116794220223494e-02
2.511141101841412454e-02
2.948110529550911768e-02
4.170988112555058108e-02
4.360946138964578306e-02
3.362514763675971546e-02
3.214039204044509546e-02
3.362514763675971546e-02
3.952048430216693886e-02
3.952048430216693886e-02
3.675496796509246378e-02
3.675496796509246378e-02
3.759859278916227038e-02
4.395153862305388459e-02
3.759859278916227038e-02
3.084701842647499109e-02
3.617644723985379007e-02
3.651397928655853581e-02
4.443992987341644635e-02
3.799356011803287775e-02
3.108046760159924662e-02
3.799356011803287775e-02
4.192149502425999985e-02
4.192149502425999985e-02
3.178024998500562220e-02
3.178024998500562220e-02
3.625137366584443854e-02
3.948518532103329620e-02
3.625137366584443854e-02
3.961693277673661306e-02
4.310661522347172120e-02
3.417792043820994108e-02
4.052860428440894364e-02
4.622744391297897715e-02
3.905934942216458122e-02
4.622744391297897715e-02
3.557475779937616794e-02
3.557475779937616794e-02
3.317592248531635313e-02
3.317592248531635313e-02
3.122333964708379900e-02
3.112214522517150680e-02
3.122333964708379900e-02
4.237449167824481472e-02
4.224215737236283741e-02
3.937374454955172576e-02
3.232695763946564355e-02
2.703495810148126913e-02
3.300615717543984445e-02
2.703495810148126913e-02
4.174660174464588785e-02
4.174660174464588785e-02
3.744434987139897558e-02
3.744434987139897558e-02
3.860343957348821159e-02
4.523181703221591105e-02
3.860343957348821159e-02
3.997030632089156044e-02
4.680394919020408606e-02
4.426076959788621118e-02
3.826645938212263481e-02
3.655950385428803628e-02
4.232650666474984530e-02
3.655950385428803628e-02
2.933614068552709009e-02
2.933614068552709009e-02
3.935182827794531102e-02
3.935182827794531102e-02
4.400424931296763320e-02
4.197913399956923475e-02
4.400424931296763320e-02
3.897307687216494676e-02
3.715604597014689897e-02
3.653242901895725064e-02
3.242911089171480327e-02
3.554376076568489112e-02
3.999176736255870279e-02
3.554376076568489112e-02
3.086103866185497396e-02
3.086103866185497396e-02
3.999932265232545442e-02
3.999932265232545442e-02
4.851321468383899133e-02
5.147358713251428547e-02
4.851321468383899133e-02
3.937725271953360778e-02
4.186660577430111746e-02
3.239246286201256930e-02
2.889187570081353656e-02
3.041528040712713349e-02
3.408266196863898867e-02
3.041528040712713349e-02
3.922589806909707738e-02
3.922589806909707738e-02
3.595392519268734988e-02
3.595392519268734988e-02
3.930074933952475147e-02
2.702333239332104647e-02
3.930074933952475147e-02
4.324905651788155808e-02
2.982440893186237563e-02
3.959732322121569531e-02
3.043360079515343430e-02
3.512491723223552104e-02
4.554912522870738917e-02
3.512491723223552104e-02
3.452536059837073984e-02
3.452536059837073984e-02
3.872369224480876754e-02
3.872369224480876754e-02
3.702064515824321500e-02
3.772032928387893808e-02
3.702064515824321500e-02
4.408138610994841861e-02
4.490006956320381770e-02
3.233501622158001243e-02
2.610186119861072906e-02
3.664436458854857664e-02
4.510786330799217148e-02
3.664436458854857664e-02
2.744412215702039110e-02
2.744412215702039110e-02
3.849593725028924857e-02
3.849593725028924857e-02
3.863059394148701114e-02
3.826321298636404383e-02
3.863059394148701114e-02
4.073734213617435235e-02
4.035157592513762687e-02
3.747913933655071944e-02
3.788756151613586337e-02
3.829236392851189524e-02
3.788006870825819106e-02
3.829236392851189524e-02
3.020804813862625060e-02
3.020804813862625060e-02
5.052253524211437752e-02
5.052253524211437752e-02
4.175365377405928363e-02
3.949639702970123012e-02
4.175365377405928363e-02
3.578802857617496835e-02
3.382298429421320973e-02
3.293885275308167104e-02
2.895859326650464943e-02
3.013998341124971003e-02
3.427208064786782526e-02
3.013998341124971003e-02
4.617736711874251276e-02
4.617736711874251276e-02
3.824043007760085516e-02
3.824043007760085516e-02
5.039190394981647725e-02
4.226032916611772994e-02
5.039190394981647725e-02
3.881342786183966664e-02
3.240971950636301752e-02
3.534035517260539216e-02
4.106786068171013743e-02
4.332198381772889989e-02
3.731407652303905115e-02
4.332198381772889989e-02
4.488297377873261274e-02
4.488297377873261274e-02
4.252071971603421652e-02
4.252071971603421652e-02
3.180868797117979846e-02
3.358084284441215095e-02
3.180868797117979846e-02
2.736889287456431910e-02
2.891215561167893161e-02
4.223780465656815086e-02
4.112448446052156814e-02
3.880349020698218437e-02
3.986038785498820930e-02
3.880349020698218437e-02
3.542935300671251619e-02
3.542935300671251619e-02
3.557239650975460576e-02
3.557239650975460576e-02
4.303029332456959066e-02
3.973626959141712128e-02
4.303029332456959066e-02
4.062989097124025673e-02
3.749745417458746899e-02
2.630473795195147069e-02
3.729286402063061723e-02
3.780949823944416976e-02
2.667694590312655670e-02
3.780949823944416976e-02
3.242999859773171289e-02
3.242999859773171289e-02
3.633367272344308757e-02
3.633367272344308757e-02
4.017442772158051623e-02
3.427818780027287737e-02
4.017442772158051623e-02
4.076397498866994595e-02
3.478860559418025383e-02
3.303741653304232556e-02
4.645045867089943326e-02
4.885016419277779520e-02
3.479737609288664074e-02
4.885016419277779520e-02
4.905087295587004514e-02
4.905087295587004514e-02
3.868916994335994120e-02
3.868916994335994120e-02
3.568766080953457431e-02
