4.160360888520890921e-01
4.160360888520890921e-01
6.106047167230862494e-01
6.106047167230862494e-01
5.824538759419762846e-01
5.936864295516021128e-01
5.824538759419762846e-01
5.673690531397466152e-01
5.783675792829050533e-01
4.939744092672413989e-01
4.354123609910636183e-01
4.665717442969367079e-01
5.287043136114798481e-01
4.665717442969367079e-01
6.347878419727049915e-01
6.347878419727049915e-01
5.197314503510002126e-01
5.197314503510002126e-01
6.519037271077982032e-01
6.119494307338162464e-01
6.519037271077982032e-01
5.639399673224410048e-01
5.284431497849461090e-01
4.984407922274465275e-01
6.977203564054620388e-01
7.023715793474450964e-01
5.018861074526055344e-01
7.023715793474450964e-01
5.880922834126190990e-01
5.880922834126190990e-01
5.429588505220077632e-01
5.429588505220077632e-01
4.297570621175888506e-01
4.716581891449243558e-01
4.297570621175888506e-01
4.942525601718865680e-01
5.413078290749131494e-01
5.604163946399419727e-01
5.900174197386304220e-01
5.726472688071801986e-01
5.437807199100217481e-01
5.726472688071801986e-01
6.217455355084214874e-01
6.217455355084214874e-01
3.955944834858061698e-01
3.955944834858061698e-01
5.129921912406333329e-01
4.509487389434035931e-01
5.129921912406333329e-01
5.833153627561041832e-01
5.142298013524467803e-01
5.619337766945158297e-01
5.745893362021923245e-01
6.579427481305218928e-01
6.437901609169098815e-01
6.579427481305218928e-01
5.554813777449196799e-01
5.554813777449196799e-01
4.765136061240187182e-01
4.765136061240187182e-01
4.962119697815148833e-01
5.169892392961265015e-01
4.962119697815148833e-01
5.643920760564771211e-01
5.875045161657466153e-01
6.086748581388772283e-01
5.964368381198167368e-01
6.721566008199512110e-01
6.857231664788123737e-01
6.721566008199512110e-01
5.559777384984112558e-01
5.559777384984112558e-01
4.741141050791934375e-01
4.741141050791934375e-01
5.761116256391373147e-01
5.442091114263744034e-01
5.761116256391373147e-01
6.580218259484270638e-01
6.221662122403757156e-01
4.150794807189546187e-01
5.419593650270581042e-01
5.242601690510041434e-01
4.009641359778827185e-01
5.242601690510041434e-01
5.660697474335680823e-01
5.660697474335680823e-01
5.507266058585007507e-01
5.507266058585007507e-01
6.195783812306072669e-01
5.241840274751056183e-01
6.195783812306072669e-01
6.496124690587786743e-01
5.505334209414579627e-01
5.158658064939009025e-01
5.527077910140990591e-01
5.688971797108646200e-01
5.311565612946493875e-01
5.688971797108646200e-01
6.267699948485833117e-01
6.267699948485833117e-01
6.177197749748718492e-01
6.177197749748718492e-01
5.160045690738724877e-01
4.396543820583854179e-01
5.160045690738724877e-01
6.296044160488716290e-01
5.387779089106643493e-01
4.973254869405953627e-01
4.223341332153082717e-01
4.848040636347574761e-01
5.693994558751682700e-01
4.848040636347574761e-01
7.236737094812630833e-01
7.236737094812630833e-01
5.818288423355415517e-01
5.818288423355415517e-01
4.423866589781186298e-01
5.161923990130207196e-01
4.423866589781186298e-01
4.075003874720695141e-01
4.760048429295021810e-01
5.670448257340837683e-01
5.086647837096903713e-01
3.873419151861855481e-01
4.325646591462334323e-01
3.873419151861855481e-01
4.769457855838689087e-01
4.769457855838689087e-01
6.527705767195198794e-01
6.527705767195198794e-01
4.202426361244946396e-01
4.297153417268685383e-01
4.202426361244946396e-01
4.003354525881887005e-01
4.094027559823015805e-01
6.463341548869333542e-01
6.333188689603562738e-01
5.918360927914262382e-01
6.041664894340342817e-01
5.918360927914262382e-01
5.388771458272511028e-01
5.388771458272511028e-01
6.601767724130376269e-01
6.601767724130376269e-01
6.300628335348358311e-01
5.906907220142306736e-01
6.300628335348358311e-01
5.513943073593549071e-01
5.162804546995817256e-01
6.066317381524001240e-01
6.821338618274896959e-01
6.253749149533401885e-01
5.549882223357300859e-01
6.253749149533401885e-01
4.614257215647213362e-01
4.614257215647213362e-01
5.136011140323393231e-01
5.136011140323393231e-01
6.719970784984339307e-01
6.345947371476139409e-01
6.719970784984339307e-01
4.822105724883021249e-01
4.540376542207181787e-01
5.035080361381668590e-01
5.892983122374593208e-01
6.923722616364065274e-01
5.950777270686381515e-01
6.923722616364065274e-01
4.928963825424890755e-01
4.928963825424890755e-01
5.066657354301705718e-01
5.066657354301705718e-01
6.363721487838135404e-01
6.262138343372923854e-01
6.363721487838135404e-01
7.195189766272351850e-01
7.083218584655412986e-01
4.041611139647787176e-01
5.479878340997796915e-01
5.804676147752895199e-01
4.292176854829328758e-01
5.804676147752895199e-01
5.870774035760618625e-01
5.870774035760618625e-01
4.452530986059987095e-01
4.452530986059987095e-01
5.990068707897964195e-01
6.136039797657567574e-01
5.990068707897964195e-01
5.588345357037035610e-01
5.725818858713669357e-01
5.444566519122526760e-01
4.451985511270173945e-01
4.714916377444552387e-01
5.755383979370217729e-01
4.714916377444552387e-01
5.295125047740847357e-01
5.295125047740847357e-01
5.453124881490454268e-01
5.453124881490454268e-01
4.822745817597640650e-01
4.020463114559503226e-01
4.822745817597640650e-01
6.345354031020019603e-01
5.319993139481122846e-01
5.128769136888999824e-01
4.823312354467465535e-01
4.812652483944768189e-01
5.117541241162849586e-01
4.812652483944768189e-01
5.514608245427045086e-01
5.514608245427045086e-01
5.263752254985276657e-01
5.263752254985276657e-01
5.537028478876752091e-01
4.984072129670489848e-01
5.537028478876752091e-01
6.785151542762072330e-01
6.129203006796748454e-01
7.112973242554109232e-01
4.747896933360759575e-01
5.502005656809690892e-01
8.165933288316995498e-01
5.502005656809690892e-01
4.444924417243004688e-01
4.444924417243004688e-01
7.297357833343803835e-01
7.297357833343803835e-01
5.504540714383815425e-01
5.708967864130709557e-01
5.504540714383815425e-01
5.051501704218100963e-01
5.241238331119361105e-01
5.581288991675029676e-01
5.254675419336225506e-01
4.463426998351975317e-01
4.746721633688560926e-01
4.463426998351975317e-01
5.285199895328721587e-01
5.285199895328721587e-01
5.832574840548001571e-01
5.832574840548001571e-01
6.239361781744416913e-01
6.028515398835962991e-01
6.239361781744416913e-01
5.272778194491565262e-01
5.091008460749426590e-01
5.263271783354317446e-01
6.346295824771723826e-01
6.252728324282710304e-01
5.183255349686767266e-01
6.252728324282710304e-01
5.148932154712445586e-01
5.148932154712445586e-01
6.266423075055231884e-01
6.266423075055231884e-01
5.202873260492905105e-01
4.592513537260457523e-01
5.202873260492905105e-01
4.962235286275155643e-01
4.376006361649485421e-01
4.922763641986958594e-01
5.230651035421267636e-01
5.161132547178701735e-01
4.856942699768605487e-01
5.161132547178701735e-01
7.580926961361674765e-01
7.580926961361674765e-01
4.890915918965580422e-01
4.890915918965580422e-01
4.910971651716201647e-01
5.505484026435142342e-01
4.910971651716201647e-01
5.065913659815199921e-01
5.675522010668524464e-01
5.860006445471984682e-01
6.755961684964056913e-01
6.322863100024398442e-01
5.476174344315966058e-01
6.322863100024398442e-01
6.216341673585700223e-01
6.216341673585700223e-01
4.096168315233141288e-01
4.096168315233141288e-01
4.298263656093201379e-01
4.653655709305178911e-01
4.298263656093201379e-01
5.252244237341746613e-01
5.676962224549879643e-01
6.397414620906740623e-01
6.087236027601922173e-01
5.480075744039599739e-01
5.763088083104718207e-01
5.480075744039599739e-01
5.235172593087855653e-01
5.235172593087855653e-01
5.519951379422847193e-01
5.519951379422847193e-01
6.783546605687169606e-01
7.537806142874925452e-01
6.783546605687169606e-01
6.162514680808863776e-01
6.863812447972865716e-01
5.096975120548991045e-01
5.191108532250253704e-01
5.205526634992925228e-01
5.111164351008071760e-01
5.205526634992925228e-01
6.002808373679504594e-01
6.002808373679504594e-01
4.137821979128506467e-01
4.137821979128506467e-01
4.501866125708848254e-01
4.954739173898875526e-01
4.501866125708848254e-01
5.293230883136603726e-01
5.815512121140189450e-01
4.669655846767151730e-01
5.079887843315684659e-01
4.601640669879011880e-01
4.226260463163855619e-01
4.601640669879011880e-01
6.054037938816729802e-01
6.054037938816729802e-01
6.514312992898665389e-01
6.514312992898665389e-01
5.150136734326244969e-01
5.631223745633124889e-01
5.150136734326244969e-01
5.266530430519413830e-01
5.756832238721140138e-01
6.904795956501501575e-01
5.276557090680306095e-01
4.670631728350772560e-01
6.149078302043297084e-01
4.670631728350772560e-01
5.380379651959468212e-01
5.380379651959468212e-01
5.134740545718381455e-01
5.134740545718381455e-01
4.825265663104523761e-01
4.572837137498783067e-01
4.825265663104523761e-01
4.997388754338327743e-01
4.737508901127475136e-01
6.042674212434455683e-01
5.400770428614092289e-01
5.797793644309232608e-01
6.478119784241368473e-01
5.797793644309232608e-01
5.392792611429443328e-01
5.392792611429443328e-01
6.176706753153916596e-01
6.176706753153916596e-01
5.323068341755922139e-01
5.534503107958088641e-01
5.323068341755922139e-01
5.176419617063863221e-01
5.383176659105792794e-01
5.689319963130334834e-01
4.952257677652161516e-01
5.408057920609768976e-01
6.205988543650439171e-01
5.408057920609768976e-01
4.813495249684374144e-01
4.813495249684374144e-01
6.407118588982854135e-01
6.407118588982854135e-01
5.343621612597453385e-01
5.648171137549231613e-01
5.343621612597453385e-01
4.981314927870183484e-01
5.268055853028732471e-01
5.954299072428311801e-01
7.150957007055463999e-01
6.739163080625790725e-01
5.598322438390374023e-01
6.739163080625790725e-01
5.732552201013029203e-01
5.732552201013029203e-01
4.548550651685469015e-01
4.548550651685469015e-01
4.697330286803934052e-01
4.535053864453315597e-01
4.697330286803934052e-01
5.012837913586759564e-01
4.841285662314871452e-01
5.813714873598430088e-01
5.456503076291179255e-01
5.941456791155521611e-01
6.324597508941374180e-01
5.941456791155521611e-01
4.625201892888328170e-01
4.625201892888328170e-01
5.092379338011254752e-01
5.092379338011254752e-01
5.258238670517716429e-01
5.384875991406310458e-01
5.258238670517716429e-01
6.268675886260728358e-01
6.414282227386434165e-01
6.779144221449253660e-01
5.488507268422767593e-01
5.818105280632693832e-01
7.173865955844830333e-01
5.818105280632693832e-01
5.212116133133131157e-01
5.212116133133131157e-01
3.810156575190051242e-01
3.810156575190051242e-01
4.743411293807703877e-01
4.740023234750909698e-01
4.743411293807703877e-01
5.529800113925318339e-01
5.525923351183789078e-01
5.575317638451674496e-01
5.044648554313462263e-01
5.510102118928207338e-01
6.079286122751561550e-01
5.510102118928207338e-01
4.554172770790704816e-01
4.554172770790704816e-01
5.252167816397304012e-01
5.252167816397304012e-01
6.983704016158479577e-01
6.141678867195029534e-01
6.983704016158479577e-01
7.360424666283055251e-01
6.479916779086585255e-01
6.264958778658520355e-01
4.778473289002993507e-01
4.778115319634289593e-01
6.264511474754506093e-01
4.778115319634289593e-01
5.296656353690395447e-01
5.296656353690395447e-01
5.362186069437286928e-01
5.362186069437286928e-01
6.539508805940538183e-01
5.705044243309450591e-01
6.539508805940538183e-01
6.964301710461396899e-01
6.086924119233892982e-01
4.041967068303613519e-01
5.121543013955819346e-01
5.665496306645425584e-01
4.486217669966995891e-01
5.665496306645425584e-01
5.114780228843970322e-01
5.114780228843970322e-01
5.348802539490780106e-01
5.348802539490780106e-01
7.116249054255171513e-01
7.162507733358383089e-01
7.116249054255171513e-01
5.387933402459890164e-01
5.424715992049338187e-01
4.660166874100988288e-01
3.899836946801676363e-01
4.464680441466480354e-01
5.317970725406625521e-01
4.464680441466480354e-01
6.056199186699514625e-01
6.056199186699514625e-01
5.717279019917844707e-01
5.717279019917844707e-01
5.958105436790961384e-01
6.387751863490416238e-01
5.958105436790961384e-01
5.162160643382646130e-01
5.544581011719815766e-01
4.374193273313722874e-01
6.245152674593782427e-01
6.196487628639276712e-01
4.338660820157103082e-01
6.196487628639276712e-01
6.425322765387635471e-01
6.425322765387635471e-01
5.287049690601007823e-01
5.287049690601007823e-01
4.887908376206472338e-01
5.525141455242559285e-01
4.887908376206472338e-01
4.326051485648055861e-01
4.897932638718823783e-01
4.101283765405782100e-01
6.231994037049263246e-01
6.464702057687238268e-01
4.268484625768345642e-01
6.464702057687238268e-01
5.373427805255480694e-01
5.373427805255480694e-01
4.367162586444902073e-01
4.367162586444902073e-01
5.431109805061534734e-01
4.968489645743258687e-01
5.431109805061534734e-01
5.484536125723137312e-01
5.017902397468610998e-01
5.838926493963779718e-01
6.007370302497189174e-01
6.159543760639009102e-01
5.987450054247058784e-01
6.159543760639009102e-01
6.140072920910398802e-01
6.140072920910398802e-01
4.617628665894565887e-01
4.617628665894565887e-01
5.580133250258418887e-01
5.280916636975070411e-01
5.580133250258418887e-01
6.203826815837404363e-01
5.878223078203769214e-01
5.504390204701995470e-01
7.078620807715846341e-01
7.478921458422371771e-01
5.830319526845146871e-01
7.478921458422371771e-01
4.978259693260481122e-01
4.978259693260481122e-01
5.156786699613490343e-01
5.156786699613490343e-01
5.678665152995638898e-01
6.090501056367845223e-01
5.678665152995638898e-01
5.833909471764560095e-01
6.255739346505873044e-01
5.793055971572069751e-01
5.401848721448407886e-01
5.689717409166658024e-01
6.096596640404917666e-01
5.689717409166658024e-01
5.706419805980573745e-01
5.706419805980573745e-01
4.823699019154983336e-01
4.823699019154983336e-01
4.741179978518320626e-01
4.342022715223304297e-01
4.741179978518320626e-01
5.612175748572684197e-01
5.149171557185237003e-01
5.559834721175100913e-01
6.065413906536717414e-01
5.550312536660748641e-01
5.079016855533665664e-01
5.550312536660748641e-01
5.364093662082850544e-01
5.364093662082850544e-01
5.496808862291228115e-01
5.496808862291228115e-01
5.455976180794769315e-01
5.146765850963918032e-01
5.455976180794769315e-01
6.029337866377069144e-01
5.692756777718130934e-01
6.581338325935218725e-01
4.318661671211247444e-01
4.577560120450459569e-01
6.949437206494006869e-01
4.577560120450459569e-01
5.726470399523082566e-01
5.726470399523082566e-01
5.768661521126010605e-01
5.768661521126010605e-01
4.643361749889149959e-01
4.044267870522147423e-01
4.643361749889149959e-01
4.809286881054689600e-01
4.190490703903582692e-01
6.835211214766675480e-01
5.625115661313819793e-01
5.157690710813871426e-01
6.286624708129407990e-01
5.157690710813871426e-01
4.766758760477504686e-01
4.766758760477504686e-01
7.046525967804466717e-01
7.046525967804466717e-01
5.106425595589209054e-01
5.119456914915493373e-01
5.106425595589209054e-01
4.532498529150071898e-01
4.544224670640508723e-01
6.084607714492714647e-01
5.938979647099719150e-01
6.415360046760317791e-01
6.570267299889069879e-01
6.415360046760317791e-01
3.779008025294194884e-01
3.779008025294194884e-01
6.367878161095461564e-01
6.367878161095461564e-01
6.049698180799291114e-01
5.493769448021974533e-01
6.049698180799291114e-01
5.732243033226149809e-01
5.201356260611575966e-01
4.413764327767496498e-01
4.041328740200585412e-01
4.140471503846303025e-01
4.520955758992716844e-01
4.140471503846303025e-01
5.918077798586715010e-01
5.918077798586715010e-01
5.990172726228041311e-01
5.990172726228041311e-01
4.480657419693879762e-01
5.604591019083812187e-01
4.480657419693879762e-01
4.962634878292620511e-01
6.194434129448883608e-01
6.510663730948340611e-01
5.563709435745819443e-01
4.807094985364487871e-01
5.642463874203954566e-01
4.807094985364487871e-01
6.778455462706560741e-01
6.778455462706560741e-01
5.639891308290484462e-01
5.639891308290484462e-01
5.166936630235351435e-01
4.921317617784224385e-01
5.166936630235351435e-01
4.731756626869653148e-01
4.504642747942441128e-01
6.224611803837428736e-01
5.619188498854816860e-01
5.021070696404096312e-01
5.573391595995526027e-01
5.021070696404096312e-01
4.550506052024316794e-01
4.550506052024316794e-01
7.228642780688119274e-01
7.228642780688119274e-01
5.839128865562615012e-01
5.209049056131074273e-01
5.839128865562615012e-01
6.161202329069606076e-01
5.503667123924641524e-01
6.034949053461096113e-01
5.814710056567723440e-01
5.859248821064643176e-01
6.080978352942827403e-01
5.859248821064643176e-01
4.959583306881539810e-01
4.959583306881539810e-01
5.659224959271564881e-01
5.659224959271564881e-01
5.536060014817317798e-01
6.055945931871032917e-01
5.536060014817317798e-01
4.520453244800558545e-01
4.960921785732750888e-01
5.203431728808906032e-01
7.063735002274227348e-01
7.721702375104418925e-01
5.706039622934888644e-01
7.721702375104418925e-01
4.680736235709709869e-01
4.680736235709709869e-01
5.513903404883350179e-01
5.513903404883350179e-01
5.886720867817166747e-01
6.204103462741751285e-01
5.886720867817166747e-01
4.861515637032339798e-01
5.131137067579505384e-01
5.381040544948717530e-01
5.752876589304315447e-01
4.813928943161937535e-01
4.497626564925231163e-01
4.813928943161937535e-01
5.379186844217600516e-01
5.379186844217600516e-01
4.555013820092368992e-01
4.555013820092368992e-01
5.540595784477267971e-01
5.020767112910077268e-01
5.540595784477267971e-01
6.109641271190097145e-01
5.547040695497550411e-01
6.819034980759359765e-01
6.367029651800830692e-01
6.872903774796431664e-01
7.353371488120107324e-01
6.872903774796431664e-01
5.395583770433406423e-01
5.395583770433406423e-01
4.836099114270152599e-01
4.836099114270152599e-01
5.794354709981969220e-01
5.829705030401549637e-01
5.794354709981969220e-01
6.143557871916148772e-01
6.180592996085146895e-01
5.609151560682021920e-01
3.961399935918397119e-01
4.328031491186837831e-01
6.107689201861061790e-01
4.328031491186837831e-01
4.533359267984690133e-01
4.533359267984690133e-01
4.755312014589156977e-01
4.755312014589156977e-01
5.801971251467088475e-01
6.115406475294569155e-01
5.801971251467088475e-01
5.915342647990479152e-01
6.233933939230750232e-01
5.986085598109449624e-01
5.206962898150032659e-01
5.494448459696607001e-01
6.308637646697441426e-01
5.494448459696607001e-01
5.165676188184935569e-01
5.165676188184935569e-01
6.509409477412322342e-01
6.509409477412322342e-01
6.042400405702819111e-01
5.346100424217161695e-01
6.042400405702819111e-01
5.870426571286179174e-01
5.191450798641209508e-01
3.629305819954748991e-01
4.370816729792866839e-01
5.107619783727257445e-01
4.254833895721077952e-01
5.107619783727257445e-01
4.791367779393207460e-01
4.791367779393207460e-01
5.822962775058762031e-01
5.822962775058762031e-01
5.645651312968559266e-01
5.538596542099830655e-01
5.645651312968559266e-01
5.571205299542413281e-01
5.465342135820289160e-01
4.762876749235203655e-01
4.395242885135442479e-01
5.174184305121818372e-01
5.595618553720997923e-01
5.174184305121818372e-01
6.987568071083452015e-01
6.987568071083452015e-01
5.750198140598129504e-01
5.750198140598129504e-01
6.124971269773022975e-01
5.984264630156549414e-01
6.124971269773022975e-01
4.644492483428481200e-01
4.532904067281987581e-01
4.553806546938442001e-01
5.709711357251493480e-01
5.439228659837763713e-01
4.332345799407508191e-01
5.439228659837763713e-01
6.913104270299669230e-01
6.913104270299669230e-01
5.838838786996548569e-01
5.838838786996548569e-01
5.133536744645855743e-01
5.847927064094470273e-01
5.133536744645855743e-01
5.037036009759913169e-01
5.740159769241329757e-01
5.016623777184789912e-01
5.365374106584234193e-01
5.495025114582078318e-01
5.138937534449632416e-01
5.495025114582078318e-01
7.555854526098204627e-01
7.555854526098204627e-01
5.086135749531486283e-01
5.086135749531486283e-01
4.553727035088062647e-01
5.159319473384612609e-01
4.553727035088062647e-01
4.596856891753723362e-01
5.207465115578113757e-01
5.999294132434326299e-01
6.781916237942150483e-01
5.665923800644536712e-01
4.996735822502132440e-01
5.665923800644536712e-01
5.695255178053981737e-01
5.695255178053981737e-01
5.413958935411198325e-01
5.413958935411198325e-01
5.321204528607603734e-01
5.305274987133838938e-01
5.321204528607603734e-01
6.526099392804849408e-01
6.507321181640498553e-01
5.286177986393960637e-01
5.704927535082509049e-01
6.170336468552009013e-01
5.722544034085106368e-01
6.170336468552009013e-01
4.907052497111302203e-01
4.907052497111302203e-01
4.255638285547378441e-01
4.255638285547378441e-01
4.523549990683140010e-01
4.164444779241606720e-01
4.523549990683140010e-01
7.304236267026749108e-01
6.770903669844700046e-01
5.373700625683380805e-01
4.794075194473501611e-01
4.815383964019258611e-01
5.397326738903227561e-01
4.815383964019258611e-01
5.475441213744616231e-01
5.475441213744616231e-01
4.781171724586049110e-01
4.781171724586049110e-01
5.894668170247403527e-01
6.620628442991719487e-01
5.894668170247403527e-01
5.512269519478127933e-01
6.200280360102966570e-01
5.194008959737932418e-01
5.112273846403960764e-01
5.083300716174137257e-01
5.164654672472567265e-01
5.083300716174137257e-01
5.051944113134250181e-01
5.051944113134250181e-01
5.460586372426353696e-01
5.460586372426353696e-01
5.247130557436157083e-01
4.733721392615405921e-01
5.247130557436157083e-01
6.532219682321229737e-01
5.908193812906451514e-01
6.561234910143181054e-01
4.939606555019929734e-01
5.291423411524345255e-01
7.008430469772146676e-01
5.291423411524345255e-01
5.883520745530330665e-01
5.883520745530330665e-01
5.420130292337057565e-01
5.420130292337057565e-01
5.790745224962916549e-01
5.417720570775645950e-01
5.790745224962916549e-01
3.685181208099362893e-01
3.430292570689502663e-01
5.754667860143710678e-01
5.224475933266643501e-01
6.034381220300837345e-01
6.628141866087339240e-01
6.034381220300837345e-01
4.812537288894048193e-01
4.812537288894048193e-01
5.833332263164779929e-01
5.833332263164779929e-01
5.265626483026270011e-01
5.017503971619446945e-01
5.265626483026270011e-01
5.239036952855457008e-01
4.992015540813539709e-01
6.267346465785454956e-01
7.083033388480446391e-01
7.006380707839090505e-01
6.198014441995667312e-01
7.006380707839090505e-01
4.200986563598348433e-01
4.200986563598348433e-01
6.162148394858713019e-01
6.162148394858713019e-01
6.262110810186988230e-01
5.524563232073453900e-01
6.262110810186988230e-01
5.479653833384289241e-01
4.820070806801098895e-01
5.626234636623277385e-01
6.266023667061562108e-01
6.555476969178797297e-01
5.891436289747662425e-01
6.555476969178797297e-01
4.677382557934665619e-01
4.677382557934665619e-01
5.329700728335994286e-01
5.329700728335994286e-01
6.749508963903551040e-01
5.542455305428325429e-01
6.749508963903551040e-01
4.861019675700563036e-01
3.960347747889995107e-01
4.712627084424313995e-01
5.393962148247937183e-01
5.964401597755553119e-01
5.219871159419758877e-01
5.964401597755553119e-01
6.484653652825405068e-01
6.484653652825405068e-01
4.967954541321916162e-01
4.967954541321916162e-01
4.757789915374993628e-01
5.071035196113508059e-01
4.757789915374993628e-01
5.371171066579484288e-01
5.720590476594904494e-01
5.806940895702243921e-01
6.324732630282989820e-01
5.885266166982601188e-01
5.398906309770269418e-01
5.885266166982601188e-01
4.297367621745711297e-01
4.297367621745711297e-01
5.537107421099007887e-01
5.537107421099007887e-01
4.533041356141639944e-01
4.305568823013427582e-01
4.533041356141639944e-01
5.301715008343353963e-01
5.039249768035410915e-01
6.425577533585284939e-01
5.754064702027877898e-01
5.076035569135319836e-01
5.686866224955449134e-01
5.076035569135319836e-01
5.063907671361016494e-01
5.063907671361016494e-01
5.531075962964078219e-01
5.531075962964078219e-01
6.649904816910003902e-01
6.370883215872241712e-01
6.649904816910003902e-01
6.964545423518549994e-01
6.674641040513834556e-01
5.574178306658660320e-01
5.236342893135518262e-01
4.879367749142171640e-01
5.196668156954785678e-01
4.879367749142171640e-01
5.087158491381800207e-01
5.087158491381800207e-01
6.345671299169934887e-01
6.345671299169934887e-01
6.312876762913113282e-01
7.083525195854895040e-01
6.312876762913113282e-01
5.395560959318995709e-01
6.070432823103583120e-01
5.703443677819383106e-01
4.831889499081706285e-01
4.366226474912640598e-01
5.168450383886890043e-01
4.366226474912640598e-01
5.422484397873970074e-01
5.422484397873970074e-01
7.000653588709437880e-01
7.000653588709437880e-01
6.013741884856372844e-01
6.075542536314021413e-01
6.013741884856372844e-01
4.867258598939609993e-01
4.918564887190793877e-01
4.934116907048030076e-01
4.999394141624187715e-01
4.423980320450331405e-01
4.365287676775967407e-01
4.423980320450331405e-01
4.989373558509118123e-01
4.989373558509118123e-01
5.521884125248535113e-01
5.521884125248535113e-01
5.168134359009681766e-01
5.224559189807643778e-01
5.168134359009681766e-01
5.101404588296357678e-01
5.157221391669924992e-01
6.460697939487366481e-01
5.619369086930837698e-01
5.124191752959575963e-01
5.899450753415714788e-01
5.124191752959575963e-01
5.282221425167067386e-01
5.282221425167067386e-01
6.883162697047647827e-01
6.883162697047647827e-01
5.154509235958709690e-01
5.740509913583642376e-01
5.154509235958709690e-01
4.915841759159821356e-01
5.478577302794678250e-01
5.563039651933614493e-01
5.616052906497022157e-01
5.679743518387441181e-01
5.626204195316107937e-01
5.679743518387441181e-01
4.214893753557433231e-01
4.214893753557433231e-01
5.327635149471950937e-01
5.327635149471950937e-01
5.325988179444932635e-01
6.052413071802008604e-01
5.325988179444932635e-01
4.767674184078685151e-01
5.426088238391090224e-01
5.567455127975363682e-01
6.432199113951500014e-01
5.798077005365427361e-01
5.007683000142095775e-01
5.798077005365427361e-01
4.205118155633302268e-01
4.205118155633302268e-01
4.936536940563426290e-01
4.936536940563426290e-01
6.235084975487565906e-01
6.391931481385210168e-01
6.235084975487565906e-01
6.892763260903415068e-01
7.062267335933607448e-01
5.319176577984384702e-01
5.428432281430042305e-01
5.658081085807030730e-01
5.544877005538907389e-01
5.658081085807030730e-01
6.228306577517573883e-01
6.228306577517573883e-01
4.619637503581821569e-01
4.619637503581821569e-01
7.957596309288160752e-01
7.373131816386604420e-01
7.957596309288160752e-01
6.585827032759907773e-01
6.081660481562548570e-01
4.937359560241662559e-01
5.075263908762506215e-01
4.624987771095393496e-01
4.498377333014277890e-01
4.624987771095393496e-01
5.804517757774134701e-01
5.804517757774134701e-01
3.941366320632749276e-01
3.941366320632749276e-01
5.002561181290948733e-01
5.318375004476579848e-01
5.002561181290948733e-01
5.733104732637945844e-01
6.086539501944290276e-01
4.980150667671431886e-01
4.172876531037012504e-01
4.107435918052747548e-01
4.903214348421112700e-01
4.107435918052747548e-01
6.458842580299888336e-01
6.458842580299888336e-01
6.061612897362188557e-01
6.061612897362188557e-01
3.685648047245428383e-01
3.947332484291404819e-01
3.685648047245428383e-01
6.031620394184585843e-01
6.428700673425925549e-01
5.977232779272587671e-01
5.551918984324142325e-01
5.305978187799810231e-01
5.715335179214272587e-01
5.305978187799810231e-01
5.838848313475087926e-01
5.838848313475087926e-01
6.322595378001233390e-01
6.322595378001233390e-01
4.140011007913442787e-01
4.709924002182963032e-01
4.140011007913442787e-01
4.322604276568721149e-01
4.915346974260032531e-01
6.496596721375225147e-01
5.279016353675508588e-01
4.894271485210963668e-01
6.035117524777247056e-01
4.894271485210963668e-01
4.884247772372611318e-01
4.884247772372611318e-01
7.317779786684863730e-01
7.317779786684863730e-01
5.085899276351056875e-01
5.468631746709551322e-01
5.085899276351056875e-01
5.377751685167454498e-01
5.778036173729458325e-01
5.468777623370721930e-01
5.852238698532281624e-01
5.792982542914172361e-01
5.412939693608356251e-01
5.792982542914172361e-01
5.544326368412180184e-01
5.544326368412180184e-01
5.461742141015895058e-01
5.461742141015895058e-01
6.396149879223949064e-01
7.116315103292772948e-01
6.396149879223949064e-01
3.771843336480564801e-01
4.225318909700944148e-01
6.096339171552577207e-01
6.382213878972110566e-01
5.351044843195243983e-01
5.107994029326425878e-01
5.351044843195243983e-01
5.659767293275522748e-01
5.659767293275522748e-01
5.279689547260012494e-01
5.279689547260012494e-01
5.602689457229130809e-01
6.261145690701487299e-01
5.602689457229130809e-01
4.573080751544720268e-01
5.127610178976955702e-01
5.078655218695590223e-01
6.211355223632041289e-01
5.536268701865795228e-01
4.506418701094589974e-01
5.536268701865795228e-01
6.170372952499708630e-01
6.170372952499708630e-01
4.687258751039021232e-01
4.687258751039021232e-01
5.227242830395292250e-01
5.565820627830276868e-01
5.227242830395292250e-01
5.725735073827176169e-01
6.090199478462612337e-01
5.146577666642531135e-01
6.132517201757120562e-01
6.720311358412389691e-01
5.651175116479795202e-01
6.720311358412389691e-01
5.032345379720418732e-01
5.032345379720418732e-01
4.921864979278488539e-01
4.921864979278488539e-01
4.453537247213741335e-01
4.442935673530289953e-01
4.453537247213741335e-01
6.090157259222883646e-01
6.076395894348436411e-01
5.736439667768802320e-01
4.686249907693713634e-01
4.139060972166274666e-01
5.079130853864161077e-01
4.139060972166274666e-01
5.852903834641004499e-01
5.852903834641004499e-01
5.442959402151024140e-01
5.442959402151024140e-01
5.741485223728911569e-01
6.428809733512629299e-01
5.741485223728911569e-01
5.950681431149149603e-01
6.658752590835885776e-01
6.273669338412543039e-01
5.403398206855715147e-01
5.224300378719148874e-01
6.071594814793332962e-01
5.224300378719148874e-01
4.361340288055819969e-01
4.361340288055819969e-01
5.939791490545751618e-01
5.939791490545751618e-01
6.362366484399483157e-01
6.152805223560230408e-01
6.362366484399483157e-01
5.616105510123122757e-01
5.427605835401273504e-01
5.333043830423264131e-01
4.719972160182677179e-01
5.044914431265080657e-01
5.692983490181938722e-01
5.044914431265080657e-01
4.696418409571009311e-01
4.696418409571009311e-01
5.889285655331267799e-01
5.889285655331267799e-01
6.960901368819483181e-01
7.269970389320898896e-01
6.960901368819483181e-01
5.617103543400278065e-01
5.878883483181676084e-01
4.757297248577322946e-01
4.231798623069275567e-01
4.390084009921171315e-01
4.932585914947351102e-01
4.390084009921171315e-01
5.695429057619136870e-01
5.695429057619136870e-01
5.395059167270076506e-01
5.395059167270076506e-01
5.528071027545055083e-01
4.253795595350069458e-01
5.528071027545055083e-01
6.098547592315953780e-01
4.706868408023103800e-01
5.967803609001994802e-01
4.554372148573351820e-01
5.040634138422676047e-01
6.582290999898396944e-01
5.040634138422676047e-01
4.946698346887131170e-01
4.946698346887131170e-01
5.498900752015873916e-01
5.498900752015873916e-01
5.422245748552069200e-01
5.494681481843614046e-01
5.422245748552069200e-01
6.488274197850421032e-01
6.572773532274562847e-01
5.027401581774323391e-01
4.036003750170449877e-01
5.132804237968272565e-01
6.351872024543474549e-01
5.132804237968272565e-01
3.870616465982618104e-01
3.870616465982618104e-01
5.690420554227483274e-01
5.690420554227483274e-01
5.720062613422433051e-01
5.682153792500411749e-01
5.720062613422433051e-01
6.041126667246716764e-01
6.001344289525407660e-01
5.420644447395728260e-01
5.481260132067713453e-01
5.523319610807659874e-01
5.462311371520987002e-01
5.523319610807659874e-01
4.417199044477555514e-01
4.417199044477555514e-01
7.081679269645962949e-01
7.081679269645962949e-01
6.033321556699186017e-01
5.799618073662877737e-01
6.033321556699186017e-01
5.150391671862351028e-01
4.946334797875764355e-01
4.979434988253536032e-01
4.363551260354887051e-01
4.485515032825315718e-01
5.116965652813909582e-01
4.485515032825315718e-01
6.561755261829469443e-01
6.561755261829469443e-01
5.536442927274930481e-01
5.536442927274930481e-01
7.266995942010802123e-01
6.428242720436873059e-01
7.266995942010802123e-01
5.555717290851139856e-01
4.892588983086684773e-01
5.142960538134270232e-01
6.000486557363652329e-01
6.234113142112400752e-01
5.348194128236535283e-01
6.234113142112400752e-01
6.272652833090316404e-01
6.272652833090316404e-01
6.080323333646902029e-01
6.080323333646902029e-01
4.719417992710018273e-01
4.902767828226691771e-01
4.719417992710018273e-01
4.046379647127828494e-01
4.206361825149086409e-01
6.115066478387284343e-01
5.949456591766867364e-01
5.709220783280025691e-01
5.869114258442033050e-01
5.709220783280025691e-01
5.191480129162300283e-01
5.191480129162300283e-01
4.973435391672729744e-01
4.973435391672729744e-01
6.115659944318097008e-01
5.772739114450078368e-01
6.115659944318097008e-01
5.765665781010841373e-01
5.439080317598001812e-01
3.936175446432634284e-01
5.629799742673632368e-01
5.683062605511544074e-01
3.974630905006908965e-01
5.683062605511544074e-01
4.701022395935380849e-01
4.701022395935380849e-01
5.190438199541348441e-01
5.190438199541348441e-01
5.765854445384744897e-01
5.155632872263754551e-01
5.765854445384744897e-01
5.852749794396270300e-01
5.234479771059121767e-01
4.893043479859386924e-01
6.946873572395728669e-01
7.194018583272803191e-01
5.075135565670204629e-01
7.194018583272803191e-01
6.909305863252803714e-01
6.909305863252803714e-01
5.501860356633506699e-01
5.501860356633506699e-01
5.330844235024679856e-01
