4.994985193111610156e-01
4.994985193111610156e-01
4.994985193111610156e-01
5.068788228518041894e-01
5.218999518297030571e-01
4.994985193111610156e-01
5.295772487279144514e-01
5.295772487279144514e-01
5.218999518297030571e-01
5.068788228518041894e-01
5.295772487279144514e-01
5.295772487279144514e-01
6.285931320037483339e-01
6.285931320037483339e-01
6.285931320037483339e-01
5.937305892302485733e-01
5.336485902463803388e-01
6.285931320037483339e-01
5.030531795964801045e-01
5.030531795964801045e-01
5.336485902463803388e-01
5.937305892302485733e-01
5.030531795964801045e-01
5.030531795964801045e-01
4.195401960536039865e-01
4.195401960536039865e-01
4.195401960536039865e-01
4.641743706422303273e-01
5.154307752263247444e-01
4.195401960536039865e-01
5.684449840759929762e-01
5.684449840759929762e-01
5.154307752263247444e-01
4.641743706422303273e-01
5.684449840759929762e-01
5.684449840759929762e-01
6.076702379394806064e-01
6.076702379394806064e-01
6.076702379394806064e-01
5.949979170408901119e-01
6.257919231386767089e-01
6.076702379394806064e-01
6.127990670828563635e-01
6.127990670828563635e-01
6.257919231386767089e-01
5.949979170408901119e-01
6.127990670828563635e-01
6.127990670828563635e-01
