6.069366819181065686e+00
6.069366819181065686e+00
6.069366819181065686e+00
6.199389798307698207e+00
6.460831788512059859e+00
6.245792205757271454e+00
6.790650408468015264e+00
6.790650408468015264e+00
6.648636345371234491e+00
6.379594714946860812e+00
6.598834369133005140e+00
6.790650408468015264e+00
8.103417245861310292e+00
8.103417245861310292e+00
8.103417245861310292e+00
7.502267708077025254e+00
6.405090247851416230e+00
7.757014483632996615e+00
5.665405791952579762e+00
5.665405791952579762e+00
6.131287124198792959e+00
7.181562729152059177e+00
5.918404187097707769e+00
5.665405791952579762e+00
4.133950011320021822e+00
4.133950011320021822e+00
4.133950011320021822e+00
4.747133572887784148e+00
5.543291100762354873e+00
4.446520024016010986e+00
6.825468054331416567e+00
6.825468054331416567e+00
5.962422092912303739e+00
5.106066699094911954e+00
6.345668879948848762e+00
6.825468054331416567e+00
8.064583975742136701e+00
8.064583975742136701e+00
8.064583975742136701e+00
7.828801412798497061e+00
8.410917740515531094e+00
7.883033592801581335e+00
7.981925536625394280e+00
7.981925536625394280e+00
8.221570671743569036e+00
7.652558980611742001e+00
8.165753452708436555e+00
7.981925536625394280e+00
