2.086232559502867664e-02
2.086232559502867664e-02
2.086232559502867664e-02
2.130925553124588326e-02
2.177340888140909259e-02
2.086232559502867664e-02
2.223848624496036624e-02
2.223848624496036624e-02
2.177340888140909259e-02
2.130925553124588326e-02
2.223848624496036624e-02
2.223848624496036624e-02
2.798466596930166209e-02
2.798466596930166209e-02
2.798466596930166209e-02
2.590863205643788650e-02
2.385518348752605974e-02
2.798466596930166209e-02
2.204256495588311632e-02
2.204256495588311632e-02
2.385518348752605974e-02
2.590863205643788650e-02
2.204256495588311632e-02
2.204256495588311632e-02
1.796499345085908472e-02
1.796499345085908472e-02
1.796499345085908472e-02
2.062971814215301680e-02
2.196507599399799213e-02
1.796499345085908472e-02
2.514446682434836461e-02
2.514446682434836461e-02
2.196507599399799213e-02
2.062971814215301680e-02
2.514446682434836461e-02
2.514446682434836461e-02
2.617578809220373615e-02
2.617578809220373615e-02
2.617578809220373615e-02
2.541049202460572698e-02
2.693452515331583655e-02
2.617578809220373615e-02
2.614942846347112146e-02
2.614942846347112146e-02
2.693452515331583655e-02
2.541049202460572698e-02
2.614942846347112146e-02
2.614942846347112146e-02
