6.364084286953020353e+01
6.364084286953020353e+01
6.364084286953020353e+01
6.500420946617010998e+01
6.774558086680957558e+01
5.726920011638442531e+01
6.226513856872872310e+01
6.226513856872872310e+01
6.096297680431180765e+01
5.849606812966696623e+01
6.919261822845518850e+01
6.226513856872872310e+01
9.770118193120362093e+01
9.770118193120362093e+01
9.770118193120362093e+01
9.045324953713642913e+01
7.722481375505115864e+01
1.102115960640831105e+02
8.049403749332181235e+01
8.049403749332181235e+01
8.711327551481238629e+01
1.020355824117897754e+02
7.135694321076144320e+01
8.049403749332181235e+01
7.136972828486696585e+01
7.136972828486696585e+01
7.136972828486696585e+01
8.195590955411365996e+01
9.570100716796112295e+01
6.008119155614159013e+01
9.222543728977350952e+01
9.222543728977350952e+01
8.056399655641017432e+01
6.899295849109448397e+01
1.095534930290732802e+02
9.222543728977350952e+01
8.284115730649602938e+01
8.284115730649602938e+01
8.284115730649602938e+01
8.041914763486317952e+01
8.639877292243403417e+01
8.939789046289111241e+01
9.051937891750033316e+01
9.051937891750033316e+01
9.323708515166156019e+01
8.678418294883978490e+01
8.388039213636339753e+01
9.051937891750033316e+01
