2.537511826387113256e-01
2.537511826387113256e-01
2.537511826387113256e-01
2.591872496464462938e-01
2.701177496775395426e-01
2.283459269717376394e-01
2.482659222689642675e-01
2.482659222689642675e-01
2.430738934898183656e-01
2.332377416504068934e-01
2.758874319332058622e-01
2.482659222689642675e-01
3.895578584819870405e-01
3.895578584819870405e-01
3.895578584819870405e-01
3.606586275203471637e-01
3.079137066046075955e-01
4.394398562428639132e-01
3.209488794981756876e-01
3.209488794981756876e-01
3.473413564105851670e-01
4.068401444855420657e-01
2.845171105972774672e-01
3.209488794981756876e-01
2.845680877296993261e-01
2.845680877296993261e-01
2.845680877296993261e-01
3.267777112289700914e-01
3.815826857977186459e-01
2.395580059014770502e-01
3.677247617481955166e-01
3.677247617481955166e-01
3.212278229281261832e-01
2.750913410551437122e-01
4.368158428592850973e-01
3.677247617481955166e-01
3.303074046454417823e-01
3.303074046454417823e-01
3.303074046454417823e-01
3.206502758138957132e-01
3.444924645725854773e-01
3.564506597888817963e-01
3.609223010940757481e-01
3.609223010940757481e-01
3.717584424757479078e-01
3.460291860487885174e-01
3.344510811781175597e-01
3.609223010940757481e-01
