7.618879258727307757e+00
7.618879258727307757e+00
7.618879258727307757e+00
7.782097170634549421e+00
8.110285434068124744e+00
6.856086457326421524e+00
7.454184316125651577e+00
7.454184316125651577e+00
7.298293652031795808e+00
7.002963193053465929e+00
8.283520143794506296e+00
7.454184316125651577e+00
1.169647470092166053e+01
1.169647470092166053e+01
1.169647470092166053e+01
1.082877529129842387e+01
9.245109040803342282e+00
1.319418168369198696e+01
9.636490106932724231e+00
9.636490106932724231e+00
1.042892422622781901e+01
1.221537533817840071e+01
8.542626245683255348e+00
9.636490106932724231e+00
8.544156834084221330e+00
8.544156834084221330e+00
8.544156834084221330e+00
9.811500779649826143e+00
1.145702014107650157e+01
7.192729127191847205e+00
1.104093597148956896e+01
1.104093597148956896e+01
9.644865383416988180e+00
8.259617515180689651e+00
1.311539568185003368e+01
1.104093597148956896e+01
9.917479824479389805e+00
9.917479824479389805e+00
9.917479824479389805e+00
9.627524531312218414e+00
1.034338624879187840e+01
1.070243106016117451e+01
1.083669209034962400e+01
1.083669209034962400e+01
1.116204723533433096e+01
1.038952631111487435e+01
1.004189371237297834e+01
1.083669209034962400e+01
