2.189708779261664517e+00
2.184388533496562701e+00
2.152348790456454886e+00
2.187852132970165897e+00
2.206300776543878683e+00
2.197412750733100939e+00
2.176816122388411934e+00
2.206908001480600401e+00
2.173261403053984075e+00
2.153063745552797226e+00
2.163036737149129696e+00
2.171303521892645083e+00
2.124907332640273427e+00
2.123708637205170557e+00
2.209898922452004033e+00
2.134213342535329350e+00
2.043607056728480309e+00
2.110764865891000763e+00
2.138976174199557434e+00
2.036137378211314353e+00
2.129201557049416049e+00
2.205265777033261987e+00
2.151138987072260811e+00
2.137816978926862621e+00
2.070667196198775706e+00
2.070191451229346224e+00
2.005033224341911779e+00
2.055733889054492725e+00
2.165204090551009930e+00
2.095969854701071888e+00
2.120520377434867321e+00
2.172955463320937142e+00
2.134221737108686234e+00
2.016881450715874990e+00
2.096005981282811348e+00
2.120089289096317664e+00
2.201937534344430514e+00
2.207351714403439580e+00
2.224103720092255099e+00
2.204522448173074078e+00
2.212800816314438368e+00
2.195907980052171915e+00
2.231202584516760901e+00
2.214826344374247746e+00
2.233783022880944991e+00
2.226034575957280826e+00
2.241471997785038806e+00
2.236146360320268922e+00
