-3.724401276646358383e+03
-3.644256758161599009e+03
-3.207744384342624016e+03
-3.721243370040773243e+03
-3.752622041181462009e+03
-3.363310335781692629e+03
-2.919402950154251812e+03
-3.313206490307076365e+03
-2.858862294014425970e+03
-2.832292861834561336e+03
-3.161986204573121540e+03
-2.856286758176699550e+03
-3.299613899181781562e+03
-3.285484160786099437e+03
-4.626352193970629742e+03
-3.314064524450929639e+03
-3.173368619547612980e+03
-3.697349115863916268e+03
-5.051259761172191247e+03
-3.553358248986988656e+03
-5.009470760636307205e+03
-5.188430561167226188e+03
-4.486586737278042165e+03
-5.029740661267707765e+03
-5.542190391141618420e+03
-5.533552876707187352e+03
-4.500799597253411775e+03
-5.502221036570808792e+03
-5.795220655227100906e+03
-4.722594572018343570e+03
-4.007144896183280707e+03
-4.889549784945016654e+03
-4.027676221198435996e+03
-3.806233119445943885e+03
-4.698757542911011114e+03
-4.001005644370813570e+03
-3.373778710537684219e+03
-3.452674301637675399e+03
-3.721495773120987906e+03
-3.377739280312089249e+03
-3.390423283267533407e+03
-3.630837808527488050e+03
-4.028864035369781504e+03
-3.738564417048073210e+03
-4.117722430294044898e+03
-4.103439058377122819e+03
-3.828849417110295690e+03
-4.122078971410426675e+03
