6.699204318682942016e+01
6.699204318682942016e+01
6.699204318682942016e+01
6.842720195914213832e+01
7.131292853003746757e+01
6.028488238814432520e+01
6.554389703137169931e+01
6.554389703137169931e+01
6.417316601611950944e+01
6.157635483295246814e+01
7.283616400356905274e+01
6.554389703137169931e+01
1.028459320181814434e+02
1.028459320181814434e+02
1.028459320181814434e+02
9.521633790746230375e+01
8.129131898487435137e+01
1.160151196983818238e+02
8.473269354854301127e+01
8.473269354854301127e+01
9.170048749037820812e+01
1.074085734146778748e+02
7.511445803845862201e+01
8.473269354854301127e+01
7.512791634915980410e+01
7.512791634915980410e+01
7.512791634915980410e+01
8.627154488699807189e+01
1.007404320266893194e+02
6.324494770907989505e+01
9.708184554543041145e+01
9.708184554543041145e+01
8.480633651686970609e+01
7.262599058120629536e+01
1.153223622653423632e+02
9.708184554543041145e+01
8.720340802684090420e+01
8.720340802684090420e+01
8.720340802684090420e+01
8.465386013896038264e+01
9.094836061135744387e+01
9.410540572159547423e+01
9.528594952958270881e+01
9.528594952958270881e+01
9.814676477336088567e+01
9.135406556386007537e+01
8.829736689766320978e+01
9.528594952958270881e+01
