1.764236814412013743e+01
1.730282931175421268e+01
1.547778873890887752e+01
1.752256193345264990e+01
1.878027417455446013e+01
1.815519950077986167e+01
1.683883597841918345e+01
1.882436242399264970e+01
1.662844107925404202e+01
1.551483678884628148e+01
1.604801602739128796e+01
1.651450248566004220e+01
1.416254913484098488e+01
1.410946972999691518e+01
1.904421504679162069e+01
1.458646248422458314e+01
1.119433969596177469e+01
1.355713218645309937e+01
1.481187681628166963e+01
1.097381682943017722e+01
1.435551845974964813e+01
1.870554558302968928e+01
1.541544416943655094e+01
1.475646879161104508e+01
1.205747137107574218e+01
1.204135804854594127e+01
1.012711015641453294e+01
1.156814484836231571e+01
1.616808949454103228e+01
1.296914276749285477e+01
1.396992256857550707e+01
1.661054703272200328e+01
1.458685461677395168e+01
1.043678334077861791e+01
1.297052607324673623e+01
1.395123398898997280e+01
1.846875896887425483e+01
1.885669439258608904e+01
2.015344064113474332e+01
1.865219908029054707e+01
1.926190029440605400e+01
1.805298919410079961e+01
2.075171166085755203e+01
1.941647046178132285e+01
2.097709025786486592e+01
2.031309775435548559e+01
2.167533089821054659e+01
2.118737458989133771e+01
