3.337972095204588124e-02
3.337972095204588124e-02
3.337972095204588124e-02
3.409480884999341321e-02
3.483745421025454675e-02
3.337972095204588124e-02
3.558157799193658460e-02
3.558157799193658460e-02
3.483745421025454675e-02
3.409480884999341321e-02
3.558157799193658460e-02
3.558157799193658460e-02
4.477546555088265934e-02
4.477546555088265934e-02
4.477546555088265934e-02
4.145381129030061701e-02
3.816829358004169420e-02
4.477546555088265934e-02
3.526810392941298611e-02
3.526810392941298611e-02
3.816829358004169420e-02
4.145381129030061701e-02
3.526810392941298611e-02
3.526810392941298611e-02
2.874398952137453486e-02
2.874398952137453486e-02
2.874398952137453486e-02
3.300754902744482827e-02
3.514412159039678740e-02
2.874398952137453486e-02
4.023114691895738476e-02
4.023114691895738476e-02
3.514412159039678740e-02
3.300754902744482827e-02
4.023114691895738476e-02
4.023114691895738476e-02
4.188126094752597783e-02
4.188126094752597783e-02
4.188126094752597783e-02
4.065678723936916317e-02
4.309524024530533848e-02
4.188126094752597783e-02
4.183908554155379295e-02
4.183908554155379295e-02
4.309524024530533848e-02
4.065678723936916317e-02
4.183908554155379295e-02
4.183908554155379295e-02
