2.390204205315405339e+00
2.397254896664986479e+00
2.403605123375457175e+00
2.364592367833014741e+00
2.344936987476889279e+00
2.392325177236171552e+00
2.335348277210221646e+00
2.324829181861267635e+00
2.374660000467990528e+00
2.390723344574928522e+00
2.342704361614021291e+00
2.345683667715554588e+00
8.701359406925956996e-03
6.640808820855146656e-03
6.480802750568953260e-03
8.703387329980161180e-03
2.440549226641960612e+00
9.022490505064395885e-03
2.422670394237302904e+00
2.424482015996931139e+00
2.400618914592035580e+00
5.128619267469936883e-03
2.395986020591640120e+00
2.399551779515086025e+00
2.441796677333951227e+00
2.458214801011702644e+00
2.411933650650520455e+00
2.418063300583507047e+00
2.449006535351708091e+00
2.433755419319060032e+00
2.376974081828884700e+00
2.441179344005122598e+00
2.436718350572829372e+00
2.398627201728035896e+00
2.421734575439148163e+00
2.411022576764721759e+00
2.269341926459688352e+00
2.239673105054613256e+00
2.296068837473626001e+00
2.334819884097503628e+00
1.929936887942514723e+00
2.263004844966367113e+00
2.034620973382614828e+00
1.924059620649263502e+00
1.917098808403713717e+00
2.330298182603801838e+00
1.993936756081851724e+00
1.981761131488665839e+00
2.083391032020883493e+00
2.255078743607531688e+00
2.056986532099717824e+00
2.045341081982416487e+00
2.302962903414075946e+00
2.145399884005466884e+00
2.296197947897144154e+00
2.392896791370616949e+00
2.400769579675221976e+00
2.257565901377778239e+00
2.362341823802491803e+00
2.385120535971858136e+00
2.451089733989634478e+00
2.451882710794793585e+00
2.462304178619107109e+00
2.445420689978747841e+00
1.463118571705624538e+00
2.438147885382169644e+00
1.462024842311042683e+00
1.308841984677027614e+00
1.488276803479303245e+00
2.447598577961065391e+00
1.613720291513810912e+00
1.472124128980582425e+00
2.340057793570654798e+00
2.321708688764511308e+00
2.393923671296582789e+00
2.362013460546797283e+00
2.387092208256515136e+00
2.331299717920717107e+00
2.447918917824944529e+00
2.411097886754068220e+00
2.412009397413035661e+00
2.392215281145885442e+00
2.444793072570231374e+00
2.441627003431246390e+00
2.384577780308284822e+00
2.302186188586351268e+00
2.372650238974936432e+00
2.373567024770717904e+00
2.390573336841096186e+00
2.405094557987653037e+00
2.391115726016525223e+00
2.330137370249840689e+00
2.328791474171241216e+00
2.302974813621085914e+00
2.274297205505887209e+00
2.312878548327106376e+00
2.390088780386342204e+00
2.375398979564604662e+00
2.368858904400597876e+00
2.391440330933243263e+00
2.361131227820893574e+00
2.380146540915802245e+00
2.322284542262996521e+00
2.330981581167405725e+00
2.296807352548283720e+00
2.340205472901395911e+00
2.315363121815121161e+00
2.299229227197415515e+00
2.425361305026585867e+00
2.405309777469672561e+00
2.438208655394821456e+00
2.432683697434819159e+00
1.947559709420554563e+00
2.434164853213681035e+00
2.083183544403680365e+00
1.907218007770463020e+00
1.979990842378528182e+00
2.437548745745529821e+00
1.936113457291788409e+00
1.990500795795878242e+00
2.395893412399168643e+00
2.365347372579361895e+00
2.410624068944387410e+00
2.433595943839636178e+00
2.379761712197077994e+00
2.407420361697674593e+00
2.441508125191881984e+00
2.411301220192819006e+00
2.380994260548200181e+00
2.434291881104652777e+00
2.414383430761736005e+00
2.423928120159200894e+00
1.949443356710418351e+00
2.192680689106549785e+00
1.846342152883082344e+00
1.912658627231722752e+00
2.407771585392638691e+00
1.842303749233225929e+00
2.314294797436953655e+00
2.423026760112810152e+00
2.427020807391826462e+00
2.014403368382050807e+00
2.423777729055282215e+00
2.404418911511368329e+00
1.688128246077451156e+00
1.325123915626826854e+00
1.754880342412472372e+00
1.714535489593994599e+00
2.180262090030805400e+00
1.642744131045407840e+00
2.206479154653433916e+00
1.956523030999566481e+00
1.986922134317180566e+00
1.383759598132840773e+00
2.040246404946310044e+00
2.008818719642666561e+00
2.398670213239549653e+00
2.451835887687829452e+00
2.386496374600472148e+00
2.414233420980909539e+00
2.379941644102979925e+00
2.402303251336242784e+00
2.390156228669425786e+00
2.453430022267142352e+00
2.438012433052826111e+00
2.456024168786044459e+00
2.445707175307187065e+00
2.447690546229816633e+00
2.408639211441011341e+00
2.394546407349402273e+00
2.390788627331158711e+00
2.345527746000159119e+00
2.451456504302206518e+00
2.401321484517946470e+00
2.392604883933383775e+00
2.396302880215414266e+00
2.427190808060410987e+00
2.273209523820698408e+00
2.385259284319085626e+00
2.376165173677827092e+00
2.408110157859925327e+00
2.384616063547415621e+00
2.417595309605908849e+00
2.422676570273844643e+00
2.299492756027723850e+00
2.423134359824552941e+00
2.357252708854056689e+00
2.302100553347683043e+00
2.310338800669438086e+00
2.427070561242939295e+00
2.288632493015001490e+00
2.321745548612130339e+00
2.207220692513296889e+00
2.354527439975035108e+00
2.245488577024862931e+00
2.178014609105304533e+00
1.726312219251568081e+00
2.178390625808192205e+00
1.712878113230905219e+00
1.999210744756823699e+00
2.085864092140190973e+00
2.346334693066534971e+00
2.096750121831127522e+00
2.059214353484153825e+00
2.429621766582424680e+00
2.275335826220234559e+00
2.419908869234955517e+00
2.444370719595049923e+00
2.445149218377648204e+00
2.427997967911267541e+00
2.449478781691242890e+00
2.355086168640871502e+00
2.294432786394221324e+00
2.291697396960532540e+00
2.339094895333561297e+00
2.335523814969682643e+00
2.337252886808186769e+00
2.268038296427687506e+00
2.401385604657956918e+00
2.336555559272886828e+00
2.407027973127250142e+00
2.328511677744247610e+00
2.440462048292844077e+00
2.356803408182120751e+00
2.414684422951959952e+00
2.349653066802058543e+00
2.418201890021399958e+00
2.413647848676793828e+00
2.376659868586270097e+00
2.445200687373845216e+00
2.298929335742230240e+00
2.370437993659141096e+00
2.272382217370083168e+00
2.384547367678147456e+00
2.144289122832108152e+00
2.398067490618729813e+00
2.341400589697691270e+00
2.410889791109545488e+00
2.322399178184549662e+00
2.333513532984457406e+00
2.243968072536139946e+00
2.394717645381168492e+00
2.338227208960775183e+00
2.360791610151515840e+00
2.178572185316105525e+00
2.292627653445677982e+00
2.411477872809544731e+00
2.443012865365273178e+00
2.433240634140538816e+00
2.472883906265158860e+00
2.456006086411216760e+00
2.464995875573891659e+00
2.434828855270115611e+00
2.384944504521551600e+00
2.397902167788889205e+00
2.425109383846009159e+00
2.415996048119799955e+00
2.428043846193455479e+00
2.336520531192233463e+00
2.316369239123489798e+00
2.251151195964375962e+00
2.276493629558174359e+00
2.244022891338147474e+00
2.219660148968178870e+00
2.437312573615832534e+00
2.391432270607566135e+00
2.448269510436058116e+00
2.435377111199127143e+00
2.329820276343969265e+00
2.426808952733687796e+00
2.333772831314415264e+00
2.168185626876418137e+00
2.223836336648224776e+00
2.392086602428579400e+00
2.257946725439530677e+00
2.220831712040563399e+00
1.054899553792227662e+00
1.229196581030045810e+00
9.542793765686198304e-01
1.013452363399159228e+00
2.432980183907254901e+00
1.140512118182440027e+00
2.413832834508819580e+00
2.444308087925670225e+00
2.447662319781327422e+00
1.168985305652682660e+00
2.424943385697109210e+00
2.434434706829359030e+00
2.280017547759832564e+00
2.349249011429993761e+00
2.400417583277220324e+00
2.352897528714305242e+00
2.307922111696826040e+00
2.242922387352547453e+00
2.432968432505596912e+00
2.397813492908821065e+00
2.431146462674567577e+00
2.447919752313422848e+00
2.461960348826075506e+00
2.454939457019369442e+00
2.482443062966356084e+00
2.447622093749228345e+00
2.471447744591677154e+00
2.469773750768867515e+00
2.465680316580153075e+00
2.482603889988515444e+00
2.413200771285017421e+00
2.343841566308754398e+00
2.340379916596182053e+00
2.358561095185239154e+00
2.252429839078888385e+00
2.254489279872827101e+00
1.680689878360632328e+00
1.202010635902126534e+00
1.771042850251290046e+00
1.701489978532073177e+00
2.180770235408249214e+00
1.813667218449948937e+00
2.291888388923175590e+00
2.019014327319476276e+00
2.062262991740145157e+00
1.487654431277887879e+00
1.986047272156683974e+00
2.081796011770539412e+00
2.308306848286573842e+00
2.451402147233919582e+00
2.300644302916721173e+00
2.309481634480178514e+00
2.359691778129842099e+00
2.270579963832630277e+00
2.325630499737328716e+00
2.457839412056738393e+00
2.455775097993297962e+00
2.439060983668880134e+00
2.463779617802676292e+00
2.456068788347607779e+00
2.363999960677771739e+00
2.411575287619297736e+00
2.372501323032849996e+00
2.276142194316384426e+00
4.626902163781512756e-01
2.368861612054567800e+00
4.671610156852446516e-01
6.298817935611638053e-01
7.095894241777676026e-01
2.366623077065568737e+00
6.438698635927538882e-01
6.624243878734112911e-01
2.192683798327446087e+00
2.132868299987464855e+00
2.127201405480952712e+00
2.199195547136274076e+00
2.416646173243313100e+00
2.220009175707832849e+00
2.413177313328874973e+00
2.414671476731621969e+00
2.386234757289756203e+00
2.102497504959891295e+00
2.382961280318082409e+00
2.394184387200673392e+00
2.435171749396841445e+00
2.363522905735877533e+00
2.454720928905264721e+00
2.443435784799215860e+00
2.413244015772278317e+00
2.430994631232775927e+00
2.443476661113489268e+00
2.331188665077192912e+00
2.364062546416251021e+00
2.410736771033658687e+00
2.387844990014727831e+00
2.380767746037300459e+00
2.374803407051304660e+00
2.424503281015296885e+00
2.272664951897123586e+00
2.379891278186993198e+00
2.398318771997269394e+00
2.378016612048456491e+00
2.325711936100165467e+00
2.443008380141930225e+00
2.389600980997863555e+00
2.369679428203755212e+00
2.391296614813278154e+00
2.394105392542801525e+00
1.197942367898710225e+00
1.555803038820062323e+00
1.346018670765060543e+00
1.192470353127834004e+00
2.387027615955181314e+00
1.265811224551693925e+00
2.415431427184275393e+00
2.439538047266538889e+00
2.454103403491988189e+00
1.744241132712683662e+00
2.446669912849787742e+00
2.452054765726119356e+00
2.446948516077593894e+00
2.368641741582439231e+00
2.414887427209735371e+00
2.450795602683404795e+00
2.162487230722373699e+00
2.449976796055712391e+00
2.028539932862988504e+00
1.830565827086461761e+00
1.548817295242132852e+00
2.316961385874949819e+00
1.529712434218607253e+00
1.565094030167932360e+00
2.339252232422220246e+00
2.288851119679267132e+00
2.375236307223695498e+00
2.377072156692714877e+00
2.328380568347628632e+00
2.330773178854633088e+00
2.392820242274039444e+00
2.317675446881239942e+00
2.315078327870769392e+00
2.367328958904208136e+00
2.365442283527511513e+00
2.358260986476072407e+00
2.413804367452042410e+00
2.449839564010952486e+00
2.371691342093002142e+00
2.392434123792346767e+00
2.401737240722896516e+00
2.412714236854694771e+00
2.316772160233286915e+00
2.427344999971287276e+00
2.413221647785066981e+00
2.404962803095480162e+00
2.393024875069998281e+00
2.391683735631237706e+00
2.248381005232415131e+00
2.438010842811392465e+00
2.356327385700459409e+00
2.185267234325511509e+00
1.988496579972182543e+00
2.285529134439377774e+00
2.190759166853885720e+00
2.361022632045760350e+00
2.433939097819842523e+00
2.462577023488283334e+00
2.406436429348984607e+00
2.421069002957479288e+00
2.402318132707700560e+00
2.311094850210907214e+00
2.373960374011951480e+00
2.381802951316749795e+00
2.436018843184482030e+00
2.362704389573499597e+00
2.359056244671436708e+00
2.289416322602283227e+00
2.275501889511256870e+00
2.107200665636102421e+00
2.305937652257120885e+00
2.231604748588996046e+00
2.450655988824722353e+00
2.385052891422730248e+00
2.466393215603289946e+00
2.438334267152975077e+00
2.465015334726691432e+00
2.446759860758762617e+00
2.467815976786268184e+00
2.389765328711752623e+00
2.439412430105105667e+00
2.394044599963613962e+00
2.429831859028068752e+00
2.424342251111885727e+00
2.103134151398408758e+00
2.204429393863818643e+00
2.037326892340550977e+00
2.160132005280567480e+00
2.160356189858353648e+00
2.145632706973195081e+00
2.198986785892064422e+00
2.313060354128120277e+00
2.236891522442079339e+00
2.236711698883332655e+00
2.250042871143488554e+00
2.278466746014582878e+00
2.289530835161378786e+00
2.374632289441516164e+00
2.335473438962575532e+00
2.281198114076552930e+00
2.291851314069979662e+00
2.278603318045469894e+00
2.321789127324224822e+00
2.364015330293973705e+00
2.398588976648010185e+00
2.393143982759311950e+00
2.399839649551791965e+00
2.394375125777644886e+00
2.450147641390551190e+00
2.390632291972403678e+00
2.432668871457646542e+00
2.454906550375350882e+00
2.416101712971179705e+00
2.457059845986156343e+00
2.411880526638873423e+00
2.357624837262714657e+00
2.290867545207125211e+00
2.384835026542782455e+00
2.281628317861508659e+00
2.310095295126919357e+00
2.274453311050434579e+00
1.941241187263315959e+00
2.345164447317921841e+00
2.235252280443623007e+00
2.459696384105324540e+00
2.306701497210472240e+00
2.462206802150998186e+00
2.343200028313194849e+00
2.435165574290266477e+00
2.096522069970104596e+00
2.375392038339199541e+00
2.393881569191998793e+00
2.322879386899181053e+00
2.446411296244062061e+00
2.248006234024584771e+00
2.367386471015158200e+00
2.003514173233784668e+00
2.289522828830023560e+00
1.787564042253236396e+00
2.319363877247645256e+00
2.220639006481628819e+00
2.430871978907413578e+00
2.283765898721594745e+00
2.243855486381633568e+00
2.329154281447558983e+00
2.401617764902410634e+00
2.369755775136550557e+00
2.347751770708670804e+00
2.348692006488175998e+00
2.309491951474115456e+00
2.385506843471555172e+00
2.413656003100290715e+00
2.426326923314968464e+00
2.425853885161743939e+00
2.441711118326828966e+00
2.434639240196357246e+00
1.534002943847529332e+00
1.476776544837701488e+00
1.325017128714897519e+00
1.592089039699498665e+00
1.587120482156962470e-02
1.536190372059201392e+00
1.218442459181063448e-02
1.557282685218193928e-02
1.030262665916062588e-02
1.329460991347060528e+00
1.103632979691358124e-02
1.107696968392584726e-02
2.419537055287330318e+00
2.318904963251280815e+00
2.442186390433716436e+00
2.430146291977566264e+00
2.385827646800739110e+00
2.413391875988088131e+00
2.423006707927387815e+00
2.262798972881385318e+00
2.301598996580336287e+00
2.376926347340300172e+00
2.338523121328774490e+00
2.326634015056320948e+00
2.408623493709132202e+00
2.436088736342486794e+00
2.377345903712656305e+00
2.372869941125781423e+00
2.431166094376292275e+00
2.419739599654746165e+00
2.386578174602425939e+00
2.441009104747636105e+00
2.443138065056891239e+00
2.394541282795036086e+00
2.409454399376789624e+00
2.420472761713849952e+00
2.297900210300609203e+00
2.296557572528264313e+00
2.266274753350909776e+00
2.364619748808026056e+00
2.279869990963879101e+00
2.288182753981768958e+00
2.320079749142124115e+00
2.343871543292035398e+00
2.232079339464430934e+00
2.333887851660956692e+00
2.327287272294902731e+00
2.318871440583165189e+00
2.399463979781346623e+00
2.350325699319713912e+00
2.406268140574248537e+00
2.389674711114555095e+00
2.432800350386649324e+00
2.402464220596661981e+00
2.422171264443084393e+00
2.375228198808322144e+00
2.408901370011422127e+00
2.351375449755870761e+00
2.380045178628729552e+00
2.383596810961727819e+00
2.410722063544489036e+00
2.437584375798368175e+00
2.413963009591233888e+00
2.414264174036044430e+00
2.050604663745583700e+00
2.410900651094629144e+00
2.069813599411197469e+00
2.175208019238895840e+00
2.182397503906812197e+00
2.442403202366836279e+00
2.185306862910275871e+00
2.185877606226785286e+00
2.285469487395805466e+00
2.292504799938162474e+00
2.280245951137105820e+00
2.279357064789098608e+00
2.434755921000896883e+00
2.310626471708350671e+00
2.437669789981432800e+00
2.441372632240111251e+00
2.443405165114935329e+00
2.306973923241083746e+00
2.431344930615897848e+00
2.439846024133116131e+00
2.243817016352806615e+00
2.324827497956448052e+00
2.247351386667741924e+00
2.211558256365314445e+00
6.372834105395071003e-01
2.284070623094101027e+00
7.268806831913289246e-01
9.487851213012505891e-01
9.716703244644656623e-01
2.336044927794024950e+00
8.490547775752825821e-01
9.578402038044614430e-01
2.440493532677666000e+00
2.438074334472881244e+00
2.440546302438997284e+00
2.459389038965558161e+00
2.439240081281658590e+00
2.431134427260416064e+00
2.451981426045296342e+00
2.449975162572744392e+00
2.426908765287148384e+00
2.451064946832718139e+00
2.456857765775036562e+00
2.450019697929472162e+00
6.735413681285666865e-01
7.718187654310099122e-01
6.811662327002068196e-01
6.629792575679576139e-01
2.451918522127378708e+00
5.660700553522572953e-01
2.433387855305381819e+00
2.443900416151247423e+00
2.450771285666330623e+00
6.513302834337084679e-01
2.455938508713692237e+00
2.444741431919675634e+00
2.384163865659938430e+00
2.300396203907455916e+00
2.383640249520790899e+00
2.356385216205115096e+00
2.353652221586365112e+00
2.393071120381445205e+00
2.331822040894934389e+00
2.215925116035055709e+00
2.267338301432152203e+00
2.271526710541267757e+00
2.192862544330015595e+00
2.214719807555780573e+00
2.415258918955938139e+00
2.379022212334618303e+00
2.420328622991078316e+00
2.385732505098047351e+00
1.650004678030932315e+00
2.407433526746951546e+00
1.589335851038155667e+00
1.326147477033671862e+00
1.414485385238178017e+00
2.333499865336051471e+00
1.422432929805350632e+00
1.365972512904701341e+00
2.422910131593541294e+00
2.410980961943615331e+00
2.426769205349426528e+00
2.435356272181165682e+00
2.451162153113952247e+00
2.426114103185570858e+00
2.462837956636360293e+00
2.454680760781507765e+00
2.448603528605361124e+00
2.431992549305451945e+00
2.455086694776226874e+00
2.456977105865545408e+00
2.376477963492241496e+00
2.366526460632249584e+00
2.393166434876763393e+00
2.377028389025397814e+00
2.375769225474285928e+00
2.410265485740695990e+00
2.422438578240678542e+00
2.402801432735759857e+00
2.415680604584840463e+00
2.416549448477068651e+00
2.384352982846793978e+00
2.416062499324332702e+00
1.558696367778751313e+00
1.953092234885035472e+00
1.616076440749813825e+00
1.532245327626197140e+00
2.216112685555299944e+00
1.447805044438219557e+00
2.164866492859665481e+00
2.316413263446409854e+00
2.347840651313847005e+00
1.894612715481980736e+00
2.359137489463906334e+00
2.332403920991547697e+00
1.852989628683947121e+00
1.732014116282415861e+00
1.789767583455368571e+00
1.880453807500821695e+00
2.287568828611953098e+00
1.854881545002519561e+00
2.299988356515720866e+00
2.278591601476480211e+00
2.205371730929414298e+00
1.696088716078675063e+00
2.250318427101819285e+00
2.251204513240825378e+00
2.444886082288609153e+00
2.465190146208551703e+00
2.430883241981780962e+00
2.411342437318447995e+00
2.409530089645453010e+00
2.446700624391891399e+00
2.351599157820538633e+00
2.424029754003023562e+00
2.430329974213873978e+00
2.431737450608136619e+00
2.401753616207875197e+00
2.404933011239119622e+00
2.367772365617351049e+00
2.339234341443317877e+00
2.351496510507163684e+00
2.391363057288546479e+00
2.341720062285092663e+00
2.356138841515938331e+00
2.324729670300127893e+00
2.310435493115959193e+00
2.266851399390618749e+00
2.338355328596304794e+00
2.304436113995554258e+00
2.287729764295945323e+00
2.446920668079018757e+00
2.443813217345890632e+00
2.444732702515834077e+00
2.455388283317545106e+00
2.442874961781464904e+00
2.444338782248710373e+00
2.447428291348791696e+00
2.446552672395049477e+00
2.434001991590226677e+00
2.448417909452961894e+00
2.446930427067647962e+00
2.444349005138079178e+00
