3.304853225322793797e+00
2.906890620957764515e+00
3.304853225322793797e+00
3.304853225322793797e+00
3.304853225322793797e+00
3.304853225322793797e+00
3.304853225322793797e+00
2.906890620957764515e+00
2.906890620957764515e+00
2.906890620957764515e+00
2.906890620957764515e+00
2.906890620957764515e+00
1.708894076916687377e+00
4.821880637018597149e+00
1.708894076916687377e+00
1.708894076916687377e+00
1.708894076916687377e+00
1.708894076916687377e+00
1.708894076916687377e+00
4.821880637018597149e+00
4.821880637018597149e+00
4.821880637018597149e+00
4.821880637018597149e+00
4.821880637018597149e+00
2.938526107407162247e+00
3.288726078850353840e+00
2.938526107407162247e+00
2.938526107407162247e+00
2.938526107407162247e+00
2.938526107407162247e+00
2.938526107407162247e+00
3.288726078850353840e+00
3.288726078850353840e+00
3.288726078850353840e+00
3.288726078850353840e+00
3.288726078850353840e+00
6.026439568623729315e+00
2.243891595745763468e+00
6.026439568623729315e+00
6.026439568623729315e+00
6.026439568623729315e+00
6.026439568623729315e+00
6.026439568623729315e+00
2.243891595745763468e+00
2.243891595745763468e+00
2.243891595745763468e+00
2.243891595745763468e+00
2.243891595745763468e+00
4.674337541225468406e+00
2.339973118950223974e+00
4.674337541225468406e+00
4.674337541225468406e+00
4.674337541225468406e+00
4.674337541225468406e+00
4.674337541225468406e+00
2.339973118950223974e+00
2.339973118950223974e+00
2.339973118950223974e+00
2.339973118950223974e+00
2.339973118950223974e+00
2.482721576759407078e+00
6.419983997102531426e+00
2.482721576759407078e+00
2.482721576759407078e+00
2.482721576759407078e+00
2.482721576759407078e+00
2.482721576759407078e+00
6.419983997102531426e+00
6.419983997102531426e+00
6.419983997102531426e+00
6.419983997102531426e+00
6.419983997102531426e+00
2.161783778433300274e+00
3.984619635113147762e+00
2.161783778433300274e+00
2.161783778433300274e+00
2.161783778433300274e+00
2.161783778433300274e+00
2.161783778433300274e+00
3.984619635113147762e+00
3.984619635113147762e+00
3.984619635113147762e+00
3.984619635113147762e+00
3.984619635113147762e+00
3.857044769029446041e+00
1.482810045948325994e+00
3.857044769029446041e+00
3.857044769029446041e+00
3.857044769029446041e+00
3.857044769029446041e+00
3.857044769029446041e+00
1.482810045948325994e+00
1.482810045948325994e+00
1.482810045948325994e+00
1.482810045948325994e+00
1.482810045948325994e+00
4.240016435233341596e+00
2.007340539213477104e+00
4.240016435233341596e+00
4.240016435233341596e+00
4.240016435233341596e+00
4.240016435233341596e+00
4.240016435233341596e+00
2.007340539213477104e+00
2.007340539213477104e+00
2.007340539213477104e+00
2.007340539213477104e+00
2.007340539213477104e+00
1.741395723653342387e+00
3.531161742482913812e+00
1.741395723653342387e+00
1.741395723653342387e+00
1.741395723653342387e+00
1.741395723653342387e+00
1.741395723653342387e+00
3.531161742482913812e+00
3.531161742482913812e+00
3.531161742482913812e+00
3.531161742482913812e+00
3.531161742482913812e+00
2.589298750767984991e+00
4.419212271425035254e+00
2.589298750767984991e+00
2.589298750767984991e+00
2.589298750767984991e+00
2.589298750767984991e+00
2.589298750767984991e+00
4.419212271425035254e+00
4.419212271425035254e+00
4.419212271425035254e+00
4.419212271425035254e+00
4.419212271425035254e+00
4.471654553889421457e+00
3.162406773195284959e+00
4.471654553889421457e+00
4.471654553889421457e+00
4.471654553889421457e+00
4.471654553889421457e+00
4.471654553889421457e+00
3.162406773195284959e+00
3.162406773195284959e+00
3.162406773195284959e+00
3.162406773195284959e+00
3.162406773195284959e+00
5.637936662771333651e+00
1.092334699021792144e+00
5.637936662771333651e+00
5.637936662771333651e+00
5.637936662771333651e+00
5.637936662771333651e+00
5.637936662771333651e+00
1.092334699021792144e+00
1.092334699021792144e+00
1.092334699021792144e+00
1.092334699021792144e+00
1.092334699021792144e+00
3.075512601930218803e+00
4.227877128532586681e+00
3.075512601930218803e+00
3.075512601930218803e+00
3.075512601930218803e+00
3.075512601930218803e+00
3.075512601930218803e+00
4.227877128532586681e+00
4.227877128532586681e+00
4.227877128532586681e+00
4.227877128532586681e+00
4.227877128532586681e+00
1.229548166282980359e+00
5.442328390438387231e+00
1.229548166282980359e+00
1.229548166282980359e+00
1.229548166282980359e+00
1.229548166282980359e+00
1.229548166282980359e+00
5.442328390438387231e+00
5.442328390438387231e+00
5.442328390438387231e+00
5.442328390438387231e+00
5.442328390438387231e+00
3.698472767325117427e+00
2.615658555896434034e+00
3.698472767325117427e+00
3.698472767325117427e+00
3.698472767325117427e+00
3.698472767325117427e+00
3.698472767325117427e+00
2.615658555896434034e+00
2.615658555896434034e+00
2.615658555896434034e+00
2.615658555896434034e+00
2.615658555896434034e+00
3.583078743017300560e+00
4.120033948056964768e+00
3.583078743017300560e+00
3.583078743017300560e+00
3.583078743017300560e+00
3.583078743017300560e+00
3.583078743017300560e+00
4.120033948056964768e+00
4.120033948056964768e+00
4.120033948056964768e+00
4.120033948056964768e+00
4.120033948056964768e+00
1.265071682066716496e+00
1.308549019473778108e+00
1.265071682066716496e+00
1.265071682066716496e+00
1.265071682066716496e+00
1.265071682066716496e+00
1.265071682066716496e+00
1.308549019473778108e+00
1.308549019473778108e+00
1.308549019473778108e+00
1.308549019473778108e+00
1.308549019473778108e+00
3.219831182148884974e+00
2.709826972675924761e+00
3.219831182148884974e+00
3.219831182148884974e+00
3.219831182148884974e+00
3.219831182148884974e+00
3.219831182148884974e+00
2.709826972675924761e+00
2.709826972675924761e+00
2.709826972675924761e+00
2.709826972675924761e+00
2.709826972675924761e+00
5.063659361121699121e+00
5.163886959000137722e+00
5.063659361121699121e+00
5.063659361121699121e+00
5.063659361121699121e+00
5.063659361121699121e+00
5.063659361121699121e+00
5.163886959000137722e+00
5.163886959000137722e+00
5.163886959000137722e+00
5.163886959000137722e+00
5.163886959000137722e+00
4.455185418716002488e+00
3.662823997547789201e+00
4.455185418716002488e+00
4.455185418716002488e+00
4.455185418716002488e+00
4.455185418716002488e+00
4.455185418716002488e+00
3.662823997547789201e+00
3.662823997547789201e+00
3.662823997547789201e+00
3.662823997547789201e+00
3.662823997547789201e+00
2.695233110158626655e+00
1.841846759239651909e+00
2.695233110158626655e+00
2.695233110158626655e+00
2.695233110158626655e+00
2.695233110158626655e+00
2.695233110158626655e+00
1.841846759239651909e+00
1.841846759239651909e+00
1.841846759239651909e+00
1.841846759239651909e+00
1.841846759239651909e+00
1.996154824416787488e+00
3.033919132338630309e+00
1.996154824416787488e+00
1.996154824416787488e+00
1.996154824416787488e+00
1.996154824416787488e+00
1.996154824416787488e+00
3.033919132338630309e+00
3.033919132338630309e+00
3.033919132338630309e+00
3.033919132338630309e+00
3.033919132338630309e+00
4.086186850374667223e+00
4.634974660455531748e+00
4.086186850374667223e+00
4.086186850374667223e+00
4.086186850374667223e+00
4.086186850374667223e+00
4.086186850374667223e+00
4.634974660455531748e+00
4.634974660455531748e+00
4.634974660455531748e+00
4.634974660455531748e+00
4.634974660455531748e+00
3.940469353131565100e+00
5.803485963014384907e+00
3.940469353131565100e+00
3.940469353131565100e+00
3.940469353131565100e+00
3.940469353131565100e+00
3.940469353131565100e+00
5.803485963014384907e+00
5.803485963014384907e+00
5.803485963014384907e+00
5.803485963014384907e+00
5.803485963014384907e+00
2.108619083044303899e+00
2.483528655955418163e+00
2.108619083044303899e+00
2.108619083044303899e+00
2.108619083044303899e+00
2.108619083044303899e+00
2.108619083044303899e+00
2.483528655955418163e+00
2.483528655955418163e+00
2.483528655955418163e+00
2.483528655955418163e+00
2.483528655955418163e+00
2.303431629418502880e+00
1.649172172856973040e+00
2.303431629418502880e+00
2.303431629418502880e+00
2.303431629418502880e+00
2.303431629418502880e+00
2.303431629418502880e+00
1.649172172856973040e+00
1.649172172856973040e+00
1.649172172856973040e+00
1.649172172856973040e+00
1.649172172856973040e+00
5.031242903851103065e+00
3.838752868786078576e+00
5.031242903851103065e+00
5.031242903851103065e+00
5.031242903851103065e+00
5.031242903851103065e+00
5.031242903851103065e+00
3.838752868786078576e+00
3.838752868786078576e+00
3.838752868786078576e+00
3.838752868786078576e+00
3.838752868786078576e+00
6.231479276928001632e+00
5.016691824748039430e+00
6.231479276928001632e+00
6.231479276928001632e+00
6.231479276928001632e+00
6.231479276928001632e+00
6.231479276928001632e+00
5.016691824748039430e+00
5.016691824748039430e+00
5.016691824748039430e+00
5.016691824748039430e+00
5.016691824748039430e+00
2.863410266996163855e+00
2.792716286600530839e+00
2.863410266996163855e+00
2.863410266996163855e+00
2.863410266996163855e+00
2.863410266996163855e+00
2.863410266996163855e+00
2.792716286600530839e+00
2.792716286600530839e+00
2.792716286600530839e+00
2.792716286600530839e+00
2.792716286600530839e+00
1.464295334508567192e+00
2.133607575403455581e+00
1.464295334508567192e+00
1.464295334508567192e+00
1.464295334508567192e+00
1.464295334508567192e+00
1.464295334508567192e+00
2.133607575403455581e+00
2.133607575403455581e+00
2.133607575403455581e+00
2.133607575403455581e+00
2.133607575403455581e+00
3.472863260533591845e+00
3.405173354237712058e+00
3.472863260533591845e+00
3.472863260533591845e+00
3.472863260533591845e+00
3.472863260533591845e+00
3.472863260533591845e+00
3.405173354237712058e+00
3.405173354237712058e+00
3.405173354237712058e+00
3.405173354237712058e+00
3.405173354237712058e+00
3.442700255540652066e+00
3.792448714133879850e+00
3.442700255540652066e+00
3.442700255540652066e+00
3.442700255540652066e+00
3.442700255540652066e+00
3.442700255540652066e+00
3.792448714133879850e+00
3.792448714133879850e+00
3.792448714133879850e+00
3.792448714133879850e+00
3.792448714133879850e+00
1.586710525444286368e+00
1.705107694957428643e+00
1.586710525444286368e+00
1.586710525444286368e+00
1.586710525444286368e+00
1.586710525444286368e+00
1.586710525444286368e+00
1.705107694957428643e+00
1.705107694957428643e+00
1.705107694957428643e+00
1.705107694957428643e+00
1.705107694957428643e+00
2.831273370311958804e+00
2.405702506628248916e+00
2.831273370311958804e+00
2.831273370311958804e+00
2.831273370311958804e+00
2.831273370311958804e+00
2.831273370311958804e+00
2.405702506628248916e+00
2.405702506628248916e+00
2.405702506628248916e+00
2.405702506628248916e+00
2.405702506628248916e+00
6.944983443067846096e+00
6.114579296700549449e+00
6.944983443067846096e+00
6.944983443067846096e+00
6.944983443067846096e+00
6.944983443067846096e+00
6.944983443067846096e+00
6.114579296700549449e+00
6.114579296700549449e+00
6.114579296700549449e+00
6.114579296700549449e+00
6.114579296700549449e+00
4.855502801600974472e+00
3.482263047824080804e+00
4.855502801600974472e+00
4.855502801600974472e+00
4.855502801600974472e+00
4.855502801600974472e+00
4.855502801600974472e+00
3.482263047824080804e+00
3.482263047824080804e+00
3.482263047824080804e+00
3.482263047824080804e+00
3.482263047824080804e+00
2.334102604085621646e+00
2.050782252900284597e+00
2.334102604085621646e+00
2.334102604085621646e+00
2.334102604085621646e+00
2.334102604085621646e+00
2.334102604085621646e+00
2.050782252900284597e+00
2.050782252900284597e+00
2.050782252900284597e+00
2.050782252900284597e+00
2.050782252900284597e+00
2.012887219444863263e+00
2.838326727601949706e+00
2.012887219444863263e+00
2.012887219444863263e+00
2.012887219444863263e+00
2.012887219444863263e+00
2.012887219444863263e+00
2.838326727601949706e+00
2.838326727601949706e+00
2.838326727601949706e+00
2.838326727601949706e+00
2.838326727601949706e+00
3.973339492070779855e+00
4.927936245289763484e+00
3.973339492070779855e+00
3.973339492070779855e+00
3.973339492070779855e+00
3.973339492070779855e+00
3.973339492070779855e+00
4.927936245289763484e+00
4.927936245289763484e+00
4.927936245289763484e+00
4.927936245289763484e+00
4.927936245289763484e+00
4.118749799235544629e+00
5.268739373759125932e+00
4.118749799235544629e+00
4.118749799235544629e+00
4.118749799235544629e+00
4.118749799235544629e+00
4.118749799235544629e+00
5.268739373759125932e+00
5.268739373759125932e+00
5.268739373759125932e+00
5.268739373759125932e+00
5.268739373759125932e+00
1.891979410206314993e+00
2.664088774360822587e+00
1.891979410206314993e+00
1.891979410206314993e+00
1.891979410206314993e+00
1.891979410206314993e+00
1.891979410206314993e+00
2.664088774360822587e+00
2.664088774360822587e+00
2.664088774360822587e+00
2.664088774360822587e+00
2.664088774360822587e+00
2.727268664500085205e+00
1.422830928828702657e+00
2.727268664500085205e+00
2.727268664500085205e+00
2.727268664500085205e+00
2.727268664500085205e+00
2.727268664500085205e+00
1.422830928828702657e+00
1.422830928828702657e+00
1.422830928828702657e+00
1.422830928828702657e+00
1.422830928828702657e+00
4.338623680114869430e+00
4.038451241900709476e+00
4.338623680114869430e+00
4.338623680114869430e+00
4.338623680114869430e+00
4.338623680114869430e+00
4.338623680114869430e+00
4.038451241900709476e+00
4.038451241900709476e+00
4.038451241900709476e+00
4.038451241900709476e+00
4.038451241900709476e+00
5.268654995576650180e+00
4.521157365540369177e+00
5.268654995576650180e+00
5.268654995576650180e+00
5.268654995576650180e+00
5.268654995576650180e+00
5.268654995576650180e+00
4.521157365540369177e+00
4.521157365540369177e+00
4.521157365540369177e+00
4.521157365540369177e+00
4.521157365540369177e+00
3.189569020493860041e+00
3.110585464912885012e+00
3.189569020493860041e+00
3.189569020493860041e+00
3.189569020493860041e+00
3.189569020493860041e+00
3.189569020493860041e+00
3.110585464912885012e+00
3.110585464912885012e+00
3.110585464912885012e+00
3.110585464912885012e+00
3.110585464912885012e+00
1.400911604740236349e+00
1.788626921154903515e+00
1.400911604740236349e+00
1.400911604740236349e+00
1.400911604740236349e+00
1.400911604740236349e+00
1.400911604740236349e+00
1.788626921154903515e+00
1.788626921154903515e+00
1.788626921154903515e+00
1.788626921154903515e+00
1.788626921154903515e+00
3.550927527735487477e+00
3.708934364407987960e+00
3.550927527735487477e+00
3.550927527735487477e+00
3.550927527735487477e+00
3.550927527735487477e+00
3.550927527735487477e+00
3.708934364407987960e+00
3.708934364407987960e+00
3.708934364407987960e+00
3.708934364407987960e+00
3.708934364407987960e+00
3.726817209154239308e+00
3.209947291945217440e+00
3.726817209154239308e+00
3.726817209154239308e+00
3.726817209154239308e+00
3.726817209154239308e+00
3.726817209154239308e+00
3.209947291945217440e+00
3.209947291945217440e+00
3.209947291945217440e+00
3.209947291945217440e+00
3.209947291945217440e+00
1.022190049547728519e+00
4.360552158519472421e+00
1.022190049547728519e+00
1.022190049547728519e+00
1.022190049547728519e+00
1.022190049547728519e+00
1.022190049547728519e+00
4.360552158519472421e+00
4.360552158519472421e+00
4.360552158519472421e+00
4.360552158519472421e+00
4.360552158519472421e+00
3.109629658265979479e+00
3.610463035764139406e+00
3.109629658265979479e+00
3.109629658265979479e+00
3.109629658265979479e+00
3.109629658265979479e+00
3.109629658265979479e+00
3.610463035764139406e+00
3.610463035764139406e+00
3.610463035764139406e+00
3.610463035764139406e+00
3.610463035764139406e+00
5.385318366852365202e+00
1.924671546638414332e+00
5.385318366852365202e+00
5.385318366852365202e+00
5.385318366852365202e+00
5.385318366852365202e+00
5.385318366852365202e+00
1.924671546638414332e+00
1.924671546638414332e+00
1.924671546638414332e+00
1.924671546638414332e+00
1.924671546638414332e+00
4.604401406518757511e+00
2.536428245887092814e+00
4.604401406518757511e+00
4.604401406518757511e+00
4.604401406518757511e+00
4.604401406518757511e+00
4.604401406518757511e+00
2.536428245887092814e+00
2.536428245887092814e+00
2.536428245887092814e+00
2.536428245887092814e+00
2.536428245887092814e+00
2.561033812907250962e+00
5.658460204765002999e+00
2.561033812907250962e+00
2.561033812907250962e+00
2.561033812907250962e+00
2.561033812907250962e+00
2.561033812907250962e+00
5.658460204765002999e+00
5.658460204765002999e+00
5.658460204765002999e+00
5.658460204765002999e+00
5.658460204765002999e+00
1.845505862472398340e+00
4.173439975517212908e+00
1.845505862472398340e+00
1.845505862472398340e+00
1.845505862472398340e+00
1.845505862472398340e+00
1.845505862472398340e+00
4.173439975517212908e+00
4.173439975517212908e+00
4.173439975517212908e+00
4.173439975517212908e+00
4.173439975517212908e+00
4.200520278024947096e+00
1.188119659686836638e+00
4.200520278024947096e+00
4.200520278024947096e+00
4.200520278024947096e+00
4.200520278024947096e+00
4.200520278024947096e+00
1.188119659686836638e+00
1.188119659686836638e+00
1.188119659686836638e+00
1.188119659686836638e+00
1.188119659686836638e+00
3.828270052293374803e+00
2.196722571046058725e+00
3.828270052293374803e+00
3.828270052293374803e+00
3.828270052293374803e+00
3.828270052293374803e+00
3.828270052293374803e+00
2.196722571046058725e+00
2.196722571046058725e+00
2.196722571046058725e+00
2.196722571046058725e+00
2.196722571046058725e+00
2.259508412275994527e+00
3.336358729079258900e+00
2.259508412275994527e+00
2.259508412275994527e+00
2.259508412275994527e+00
2.259508412275994527e+00
2.259508412275994527e+00
3.336358729079258900e+00
3.336358729079258900e+00
3.336358729079258900e+00
3.336358729079258900e+00
3.336358729079258900e+00
2.448447083855763928e+00
4.697262393689208615e+00
2.448447083855763928e+00
2.448447083855763928e+00
2.448447083855763928e+00
2.448447083855763928e+00
2.448447083855763928e+00
4.697262393689208615e+00
4.697262393689208615e+00
4.697262393689208615e+00
4.697262393689208615e+00
4.697262393689208615e+00
4.822856264294444806e+00
2.985487564560125762e+00
4.822856264294444806e+00
4.822856264294444806e+00
4.822856264294444806e+00
4.822856264294444806e+00
4.822856264294444806e+00
2.985487564560125762e+00
2.985487564560125762e+00
2.985487564560125762e+00
2.985487564560125762e+00
2.985487564560125762e+00
5.686132660455550436e+00
1.580207860040682810e+00
5.686132660455550436e+00
5.686132660455550436e+00
5.686132660455550436e+00
5.686132660455550436e+00
5.686132660455550436e+00
1.580207860040682810e+00
1.580207860040682810e+00
1.580207860040682810e+00
1.580207860040682810e+00
1.580207860040682810e+00
2.966746708240878494e+00
3.904352938630347492e+00
2.966746708240878494e+00
2.966746708240878494e+00
2.966746708240878494e+00
2.966746708240878494e+00
2.966746708240878494e+00
3.904352938630347492e+00
3.904352938630347492e+00
3.904352938630347492e+00
3.904352938630347492e+00
3.904352938630347492e+00
1.599307783506635605e+00
6.792331138687013770e+00
1.599307783506635605e+00
1.599307783506635605e+00
1.599307783506635605e+00
1.599307783506635605e+00
1.599307783506635605e+00
6.792331138687013770e+00
6.792331138687013770e+00
6.792331138687013770e+00
6.792331138687013770e+00
6.792331138687013770e+00
3.338824539282267523e+00
2.291275862332298630e+00
3.338824539282267523e+00
3.338824539282267523e+00
3.338824539282267523e+00
3.338824539282267523e+00
3.338824539282267523e+00
2.291275862332298630e+00
2.291275862332298630e+00
2.291275862332298630e+00
2.291275862332298630e+00
2.291275862332298630e+00
