4.066765523559774920e+01
4.066765523559774920e+01
4.066765523559774920e+01
4.066765523559774920e+01
1.140220634774554265e+00
4.066765523559774920e+01
1.140220634774554265e+00
1.140220634774554265e+00
1.140220634774554265e+00
4.066765523559774920e+01
1.140220634774554265e+00
1.140220634774554265e+00
1.013692968383615955e+01
1.013692968383615955e+01
1.013692968383615955e+01
1.013692968383615955e+01
3.523777432880365268e+01
1.013692968383615955e+01
3.523777432880365268e+01
3.523777432880365268e+01
3.523777432880365268e+01
1.013692968383615955e+01
3.523777432880365268e+01
3.523777432880365268e+01
2.637261283954806146e+01
2.637261283954806146e+01
2.637261283954806146e+01
2.637261283954806146e+01
2.242791419409498843e+01
2.637261283954806146e+01
2.242791419409498843e+01
2.242791419409498843e+01
2.242791419409498843e+01
2.637261283954806146e+01
2.242791419409498843e+01
2.242791419409498843e+01
1.630399251593123111e+01
1.630399251593123111e+01
1.630399251593123111e+01
1.630399251593123111e+01
1.838889296642577520e+01
1.630399251593123111e+01
1.838889296642577520e+01
1.838889296642577520e+01
1.838889296642577520e+01
1.630399251593123111e+01
1.838889296642577520e+01
1.838889296642577520e+01
1.299178526684863755e+01
1.299178526684863755e+01
1.299178526684863755e+01
1.299178526684863755e+01
2.380266629818830992e+01
1.299178526684863755e+01
2.380266629818830992e+01
2.380266629818830992e+01
2.380266629818830992e+01
1.299178526684863755e+01
2.380266629818830992e+01
2.380266629818830992e+01
2.207854178880232610e+01
2.207854178880232610e+01
2.207854178880232610e+01
2.207854178880232610e+01
1.320009224595162323e+01
2.207854178880232610e+01
1.320009224595162323e+01
1.320009224595162323e+01
1.320009224595162323e+01
2.207854178880232610e+01
1.320009224595162323e+01
1.320009224595162323e+01
4.050174050083035659e+00
4.050174050083035659e+00
4.050174050083035659e+00
4.050174050083035659e+00
1.192406497257119824e+01
4.050174050083035659e+00
1.192406497257119824e+01
1.192406497257119824e+01
1.192406497257119824e+01
4.050174050083035659e+00
1.192406497257119824e+01
1.192406497257119824e+01
3.238888904298880789e+01
3.238888904298880789e+01
3.238888904298880789e+01
3.238888904298880789e+01
3.217751759035793668e+01
3.238888904298880789e+01
3.217751759035793668e+01
3.217751759035793668e+01
3.217751759035793668e+01
3.238888904298880789e+01
3.217751759035793668e+01
3.217751759035793668e+01
2.000214398617129063e+01
2.000214398617129063e+01
2.000214398617129063e+01
2.000214398617129063e+01
2.614704347514263816e+01
2.000214398617129063e+01
2.614704347514263816e+01
2.614704347514263816e+01
2.614704347514263816e+01
2.000214398617129063e+01
2.614704347514263816e+01
2.614704347514263816e+01
1.467776436266502671e+01
1.467776436266502671e+01
1.467776436266502671e+01
1.467776436266502671e+01
1.483075216587572065e+01
1.467776436266502671e+01
1.483075216587572065e+01
1.483075216587572065e+01
1.483075216587572065e+01
1.467776436266502671e+01
1.483075216587572065e+01
1.483075216587572065e+01
2.922969936989744255e+01
2.922969936989744255e+01
2.922969936989744255e+01
2.922969936989744255e+01
1.007168146966272637e+01
2.922969936989744255e+01
1.007168146966272637e+01
1.007168146966272637e+01
1.007168146966272637e+01
2.922969936989744255e+01
1.007168146966272637e+01
1.007168146966272637e+01
7.801452230483688410e+00
7.801452230483688410e+00
7.801452230483688410e+00
7.801452230483688410e+00
2.931075885624436950e+01
7.801452230483688410e+00
2.931075885624436950e+01
2.931075885624436950e+01
2.931075885624436950e+01
7.801452230483688410e+00
2.931075885624436950e+01
2.931075885624436950e+01
1.192653030373951673e+01
1.192653030373951673e+01
1.192653030373951673e+01
1.192653030373951673e+01
6.684517914258015558e+00
1.192653030373951673e+01
6.684517914258015558e+00
6.684517914258015558e+00
6.684517914258015558e+00
1.192653030373951673e+01
6.684517914258015558e+00
6.684517914258015558e+00
3.605592896137914494e+01
3.605592896137914494e+01
3.605592896137914494e+01
3.605592896137914494e+01
4.003485492558694858e+01
3.605592896137914494e+01
4.003485492558694858e+01
4.003485492558694858e+01
4.003485492558694858e+01
3.605592896137914494e+01
4.003485492558694858e+01
4.003485492558694858e+01
1.791458331414236227e+01
1.791458331414236227e+01
1.791458331414236227e+01
1.791458331414236227e+01
2.049964846528418505e+01
1.791458331414236227e+01
2.049964846528418505e+01
2.049964846528418505e+01
2.049964846528418505e+01
1.791458331414236227e+01
2.049964846528418505e+01
2.049964846528418505e+01
2.420644055899523295e+01
2.420644055899523295e+01
2.420644055899523295e+01
2.420644055899523295e+01
1.669580975983483739e+01
2.420644055899523295e+01
1.669580975983483739e+01
1.669580975983483739e+01
1.669580975983483739e+01
2.420644055899523295e+01
1.669580975983483739e+01
1.669580975983483739e+01
5.538843013876510568e+00
5.538843013876510568e+00
5.538843013876510568e+00
5.538843013876510568e+00
1.553773096659361208e+01
5.538843013876510568e+00
1.553773096659361208e+01
1.553773096659361208e+01
1.553773096659361208e+01
5.538843013876510568e+00
1.553773096659361208e+01
1.553773096659361208e+01
3.310439021213426258e+01
3.310439021213426258e+01
3.310439021213426258e+01
3.310439021213426258e+01
2.785054156702175376e+01
3.310439021213426258e+01
2.785054156702175376e+01
2.785054156702175376e+01
2.785054156702175376e+01
3.310439021213426258e+01
2.785054156702175376e+01
2.785054156702175376e+01
1.432617403371440545e+01
1.432617403371440545e+01
1.432617403371440545e+01
1.432617403371440545e+01
3.130575336503698125e+01
1.432617403371440545e+01
3.130575336503698125e+01
3.130575336503698125e+01
3.130575336503698125e+01
1.432617403371440545e+01
3.130575336503698125e+01
3.130575336503698125e+01
2.359004197442571638e+01
2.359004197442571638e+01
2.359004197442571638e+01
2.359004197442571638e+01
1.094382273484037427e+01
2.359004197442571638e+01
1.094382273484037427e+01
1.094382273484037427e+01
1.094382273484037427e+01
2.359004197442571638e+01
1.094382273484037427e+01
1.094382273484037427e+01
2.849173244034640007e+01
2.849173244034640007e+01
2.849173244034640007e+01
2.849173244034640007e+01
4.305762430071069957e+01
2.849173244034640007e+01
4.305762430071069957e+01
4.305762430071069957e+01
4.305762430071069957e+01
2.849173244034640007e+01
4.305762430071069957e+01
4.305762430071069957e+01
1.752590031592322006e+01
1.752590031592322006e+01
1.752590031592322006e+01
1.752590031592322006e+01
8.573468950273623435e+00
1.752590031592322006e+01
8.573468950273623435e+00
8.573468950273623435e+00
8.573468950273623435e+00
1.752590031592322006e+01
8.573468950273623435e+00
8.573468950273623435e+00
4.318894428973785438e+01
4.318894428973785438e+01
4.318894428973785438e+01
4.318894428973785438e+01
1.788297195935512107e+01
4.318894428973785438e+01
1.788297195935512107e+01
1.788297195935512107e+01
1.788297195935512107e+01
4.318894428973785438e+01
1.788297195935512107e+01
1.788297195935512107e+01
1.058769469415589271e+01
1.058769469415589271e+01
1.058769469415589271e+01
1.058769469415589271e+01
2.135636407446258289e+01
1.058769469415589271e+01
2.135636407446258289e+01
2.135636407446258289e+01
2.135636407446258289e+01
1.058769469415589271e+01
2.135636407446258289e+01
2.135636407446258289e+01
1.944996863800671605e+01
1.944996863800671605e+01
1.944996863800671605e+01
1.944996863800671605e+01
3.705802675743212404e+01
1.944996863800671605e+01
3.705802675743212404e+01
3.705802675743212404e+01
3.705802675743212404e+01
1.944996863800671605e+01
3.705802675743212404e+01
3.705802675743212404e+01
2.584793839483592848e+01
2.584793839483592848e+01
2.584793839483592848e+01
2.584793839483592848e+01
5.490253126581188248e+00
2.584793839483592848e+01
5.490253126581188248e+00
5.490253126581188248e+00
5.490253126581188248e+00
2.584793839483592848e+01
5.490253126581188248e+00
5.490253126581188248e+00
1.251390944231742175e+01
1.251390944231742175e+01
1.251390944231742175e+01
1.251390944231742175e+01
1.964192434215386740e+01
1.251390944231742175e+01
1.964192434215386740e+01
1.964192434215386740e+01
1.964192434215386740e+01
1.251390944231742175e+01
1.964192434215386740e+01
1.964192434215386740e+01
3.696760323185863228e+01
3.696760323185863228e+01
3.696760323185863228e+01
3.696760323185863228e+01
2.334618300080271069e+01
3.696760323185863228e+01
2.334618300080271069e+01
2.334618300080271069e+01
2.334618300080271069e+01
3.696760323185863228e+01
2.334618300080271069e+01
2.334618300080271069e+01
3.020442430902463471e+01
3.020442430902463471e+01
3.020442430902463471e+01
3.020442430902463471e+01
1.388199147063604855e+01
3.020442430902463471e+01
1.388199147063604855e+01
1.388199147063604855e+01
1.388199147063604855e+01
3.020442430902463471e+01
1.388199147063604855e+01
1.388199147063604855e+01
8.383646119989448309e+00
8.383646119989448309e+00
8.383646119989448309e+00
8.383646119989448309e+00
2.534270575325428609e+01
8.383646119989448309e+00
2.534270575325428609e+01
2.534270575325428609e+01
2.534270575325428609e+01
8.383646119989448309e+00
2.534270575325428609e+01
2.534270575325428609e+01
2.163208715025232109e+01
2.163208715025232109e+01
2.163208715025232109e+01
2.163208715025232109e+01
3.454370157455391421e+01
2.163208715025232109e+01
3.454370157455391421e+01
3.454370157455391421e+01
3.454370157455391421e+01
2.163208715025232109e+01
3.454370157455391421e+01
3.454370157455391421e+01
1.584411136446501622e+01
1.584411136446501622e+01
1.584411136446501622e+01
1.584411136446501622e+01
1.266853946755500893e+01
1.584411136446501622e+01
1.266853946755500893e+01
1.266853946755500893e+01
1.266853946755500893e+01
1.584411136446501622e+01
1.266853946755500893e+01
1.266853946755500893e+01
1.108134734216764450e+01
1.108134734216764450e+01
1.108134734216764450e+01
1.108134734216764450e+01
2.824369276524677375e+01
1.108134734216764450e+01
2.824369276524677375e+01
2.824369276524677375e+01
2.824369276524677375e+01
1.108134734216764450e+01
2.824369276524677375e+01
2.824369276524677375e+01
4.572346706328271182e+01
4.572346706328271182e+01
4.572346706328271182e+01
4.572346706328271182e+01
1.578820322047497982e+01
4.572346706328271182e+01
1.578820322047497982e+01
1.578820322047497982e+01
1.578820322047497982e+01
4.572346706328271182e+01
1.578820322047497982e+01
1.578820322047497982e+01
1.711581092197060627e+01
1.711581092197060627e+01
1.711581092197060627e+01
1.711581092197060627e+01
1.026803321410770842e+01
1.711581092197060627e+01
1.026803321410770842e+01
1.026803321410770842e+01
1.026803321410770842e+01
1.711581092197060627e+01
1.026803321410770842e+01
1.026803321410770842e+01
2.782939438599520088e+01
2.782939438599520088e+01
2.782939438599520088e+01
2.782939438599520088e+01
3.029488374289414310e+01
2.782939438599520088e+01
3.029488374289414310e+01
3.029488374289414310e+01
3.029488374289414310e+01
2.782939438599520088e+01
3.029488374289414310e+01
3.029488374289414310e+01
2.306355096065991006e+01
2.306355096065991006e+01
2.306355096065991006e+01
2.306355096065991006e+01
8.943307032137727930e+00
2.306355096065991006e+01
8.943307032137727930e+00
8.943307032137727930e+00
8.943307032137727930e+00
2.306355096065991006e+01
8.943307032137727930e+00
8.943307032137727930e+00
1.391436889008551603e+01
1.391436889008551603e+01
1.391436889008551603e+01
1.391436889008551603e+01
4.451780360629047806e+01
1.391436889008551603e+01
4.451780360629047806e+01
4.451780360629047806e+01
4.451780360629047806e+01
1.391436889008551603e+01
4.451780360629047806e+01
4.451780360629047806e+01
3.401228301249603447e+01
3.401228301249603447e+01
3.401228301249603447e+01
3.401228301249603447e+01
2.069407324568377504e+01
3.401228301249603447e+01
2.069407324568377504e+01
2.069407324568377504e+01
2.069407324568377504e+01
3.401228301249603447e+01
2.069407324568377504e+01
2.069407324568377504e+01
6.410199407498872404e+00
6.410199407498872404e+00
6.410199407498872404e+00
6.410199407498872404e+00
1.729119039906743538e+01
6.410199407498872404e+00
1.729119039906743538e+01
1.729119039906743538e+01
1.729119039906743538e+01
6.410199407498872404e+00
1.729119039906743538e+01
1.729119039906743538e+01
1.542525732951542139e+01
1.542525732951542139e+01
1.542525732951542139e+01
1.542525732951542139e+01
6.258961104763370642e+00
1.542525732951542139e+01
6.258961104763370642e+00
6.258961104763370642e+00
6.258961104763370642e+00
1.542525732951542139e+01
6.258961104763370642e+00
6.258961104763370642e+00
2.116279655002056614e+01
2.116279655002056614e+01
2.116279655002056614e+01
2.116279655002056614e+01
3.804881598551962441e+01
2.116279655002056614e+01
3.804881598551962441e+01
3.804881598551962441e+01
3.804881598551962441e+01
2.116279655002056614e+01
3.804881598551962441e+01
3.804881598551962441e+01
8.957964615931887309e+00
8.957964615931887309e+00
8.957964615931887309e+00
8.957964615931887309e+00
2.276131746492018948e+01
8.957964615931887309e+00
2.276131746492018948e+01
2.276131746492018948e+01
2.276131746492018948e+01
8.957964615931887309e+00
2.276131746492018948e+01
2.276131746492018948e+01
3.095067765646255253e+01
3.095067765646255253e+01
3.095067765646255253e+01
3.095067765646255253e+01
1.912742344462037636e+01
3.095067765646255253e+01
1.912742344462037636e+01
1.912742344462037636e+01
1.912742344462037636e+01
3.095067765646255253e+01
1.912742344462037636e+01
1.912742344462037636e+01
3.810935936272884561e+01
3.810935936272884561e+01
3.810935936272884561e+01
3.810935936272884561e+01
2.584627770217003828e+01
3.810935936272884561e+01
2.584627770217003828e+01
2.584627770217003828e+01
2.584627770217003828e+01
3.810935936272884561e+01
2.584627770217003828e+01
2.584627770217003828e+01
1.294537542135577013e+01
1.294537542135577013e+01
1.294537542135577013e+01
1.294537542135577013e+01
1.422286229660841173e+01
1.294537542135577013e+01
1.422286229660841173e+01
1.422286229660841173e+01
1.422286229660841173e+01
1.294537542135577013e+01
1.422286229660841173e+01
1.422286229660841173e+01
2.524146167890159731e+01
2.524146167890159731e+01
2.524146167890159731e+01
2.524146167890159731e+01
1.220143096488611612e+01
2.524146167890159731e+01
1.220143096488611612e+01
1.220143096488611612e+01
1.220143096488611612e+01
2.524146167890159731e+01
1.220143096488611612e+01
1.220143096488611612e+01
1.899450849583684331e+01
1.899450849583684331e+01
1.899450849583684331e+01
1.899450849583684331e+01
3.355453444951783837e+01
1.899450849583684331e+01
3.355453444951783837e+01
3.355453444951783837e+01
3.355453444951783837e+01
1.899450849583684331e+01
3.355453444951783837e+01
3.355453444951783837e+01
3.161375642076010095e+01
3.161375642076010095e+01
3.161375642076010095e+01
3.161375642076010095e+01
3.661825169380333733e+01
3.161375642076010095e+01
3.661825169380333733e+01
3.661825169380333733e+01
3.661825169380333733e+01
3.161375642076010095e+01
3.661825169380333733e+01
3.661825169380333733e+01
2.319063811599254787e+00
2.319063811599254787e+00
2.319063811599254787e+00
2.319063811599254787e+00
3.942486639973348694e+00
2.319063811599254787e+00
3.942486639973348694e+00
3.942486639973348694e+00
3.942486639973348694e+00
2.319063811599254787e+00
3.942486639973348694e+00
3.942486639973348694e+00
2.261611754961832688e+01
2.261611754961832688e+01
2.261611754961832688e+01
2.261611754961832688e+01
1.811470808963888146e+01
2.261611754961832688e+01
1.811470808963888146e+01
1.811470808963888146e+01
1.811470808963888146e+01
2.261611754961832688e+01
1.811470808963888146e+01
1.811470808963888146e+01
1.338179644723695283e+01
1.338179644723695283e+01
1.338179644723695283e+01
1.338179644723695283e+01
2.211306309902024481e+01
1.338179644723695283e+01
2.211306309902024481e+01
2.211306309902024481e+01
2.211306309902024481e+01
1.338179644723695283e+01
2.211306309902024481e+01
2.211306309902024481e+01
1.673234580473542721e+01
1.673234580473542721e+01
1.673234580473542721e+01
1.673234580473542721e+01
1.373351192973990642e+01
1.673234580473542721e+01
1.373351192973990642e+01
1.373351192973990642e+01
1.373351192973990642e+01
1.673234580473542721e+01
1.373351192973990642e+01
1.373351192973990642e+01
2.695636784806203323e+01
2.695636784806203323e+01
2.695636784806203323e+01
2.695636784806203323e+01
2.455154392835898136e+01
2.695636784806203323e+01
2.455154392835898136e+01
2.455154392835898136e+01
2.455154392835898136e+01
2.695636784806203323e+01
2.455154392835898136e+01
2.455154392835898136e+01
9.626750320014545892e+00
9.626750320014545892e+00
9.626750320014545892e+00
9.626750320014545892e+00
3.169729599861532776e+01
9.626750320014545892e+00
3.169729599861532776e+01
3.169729599861532776e+01
3.169729599861532776e+01
9.626750320014545892e+00
3.169729599861532776e+01
3.169729599861532776e+01
3.921084329900408960e+01
3.921084329900408960e+01
3.921084329900408960e+01
3.921084329900408960e+01
1.165322468382218801e+01
3.921084329900408960e+01
1.165322468382218801e+01
1.165322468382218801e+01
1.165322468382218801e+01
3.921084329900408960e+01
1.165322468382218801e+01
1.165322468382218801e+01
2.475046028029134959e+01
2.475046028029134959e+01
2.475046028029134959e+01
2.475046028029134959e+01
1.527741036550016673e+01
2.475046028029134959e+01
1.527741036550016673e+01
1.527741036550016673e+01
1.527741036550016673e+01
2.475046028029134959e+01
1.527741036550016673e+01
1.527741036550016673e+01
1.838070249918823151e+01
1.838070249918823151e+01
1.838070249918823151e+01
1.838070249918823151e+01
2.681413194460130711e+01
1.838070249918823151e+01
2.681413194460130711e+01
2.681413194460130711e+01
2.681413194460130711e+01
1.838070249918823151e+01
2.681413194460130711e+01
2.681413194460130711e+01
3.501731078410151099e+01
3.501731078410151099e+01
3.501731078410151099e+01
3.501731078410151099e+01
2.872303443806638157e+01
3.501731078410151099e+01
2.872303443806638157e+01
2.872303443806638157e+01
2.872303443806638157e+01
3.501731078410151099e+01
2.872303443806638157e+01
2.872303443806638157e+01
1.148710774731201667e+01
1.148710774731201667e+01
1.148710774731201667e+01
1.148710774731201667e+01
9.609059670534099595e+00
1.148710774731201667e+01
9.609059670534099595e+00
9.609059670534099595e+00
9.609059670534099595e+00
1.148710774731201667e+01
9.609059670534099595e+00
9.609059670534099595e+00
7.085668243404412259e+00
7.085668243404412259e+00
7.085668243404412259e+00
7.085668243404412259e+00
4.181337529426323130e+01
7.085668243404412259e+00
4.181337529426323130e+01
4.181337529426323130e+01
4.181337529426323130e+01
7.085668243404412259e+00
4.181337529426323130e+01
4.181337529426323130e+01
2.858314691518216932e+01
2.858314691518216932e+01
2.858314691518216932e+01
2.858314691518216932e+01
7.508078918650088696e+00
2.858314691518216932e+01
7.508078918650088696e+00
7.508078918650088696e+00
7.508078918650088696e+00
2.858314691518216932e+01
7.508078918650088696e+00
7.508078918650088696e+00
1.506371975313443379e+01
1.506371975313443379e+01
1.506371975313443379e+01
1.506371975313443379e+01
1.633337509887643435e+01
1.506371975313443379e+01
1.633337509887643435e+01
1.633337509887643435e+01
1.633337509887643435e+01
1.506371975313443379e+01
1.633337509887643435e+01
1.633337509887643435e+01
2.048456208205822193e+01
2.048456208205822193e+01
2.048456208205822193e+01
2.048456208205822193e+01
2.009015586966463829e+01
2.048456208205822193e+01
2.009015586966463829e+01
2.009015586966463829e+01
2.009015586966463829e+01
2.048456208205822193e+01
2.009015586966463829e+01
2.009015586966463829e+01
