3.204514680414121841e+01
3.204514680414121841e+01
3.204514680414121841e+01
3.204514680414121841e+01
8.984667893633142555e-01
3.179138238909023784e+01
8.913518617694717872e-01
8.913518617694717872e-01
8.913518617694717872e-01
3.179138238909023784e+01
8.984667893633142555e-01
8.913518617694717872e-01
5.336250589722311588e+00
5.336250589722311588e+00
5.336250589722311588e+00
5.336250589722311588e+00
1.854975815235411574e+01
6.165794168967028810e+00
2.143339948686432095e+01
2.143339948686432095e+01
2.143339948686432095e+01
6.165794168967028810e+00
1.854975815235411574e+01
2.143339948686432095e+01
1.585571888975476540e+01
1.585571888975476540e+01
1.585571888975476540e+01
1.585571888975476540e+01
1.348409067044890186e+01
1.112557504104816175e+01
9.461460792629942773e+00
9.461460792629942773e+00
9.461460792629942773e+00
1.112557504104816175e+01
1.348409067044890186e+01
9.461460792629942773e+00
1.107762148369871191e+01
1.107762148369871191e+01
1.107762148369871191e+01
1.107762148369871191e+01
1.249419095275384173e+01
1.183523231274834053e+01
1.334868254013562172e+01
1.334868254013562172e+01
1.334868254013562172e+01
1.183523231274834053e+01
1.249419095275384173e+01
1.334868254013562172e+01
9.003616545905725133e+00
9.003616545905725133e+00
9.003616545905725133e+00
9.003616545905725133e+00
1.649581452565257322e+01
7.724951044236169295e+00
1.415313046660264718e+01
1.415313046660264718e+01
1.415313046660264718e+01
7.724951044236169295e+00
1.649581452565257322e+01
1.415313046660264718e+01
1.306836387619034667e+01
1.306836387619034667e+01
1.306836387619034667e+01
1.306836387619034667e+01
7.813179435467244360e+00
1.884436058831065353e+01
1.126647314216350004e+01
1.126647314216350004e+01
1.126647314216350004e+01
1.884436058831065353e+01
7.813179435467244360e+00
1.126647314216350004e+01
1.937938076099551932e+00
1.937938076099551932e+00
1.937938076099551932e+00
1.937938076099551932e+00
5.705458394252693743e+00
2.692459330774732429e+00
7.926834649366554686e+00
7.926834649366554686e+00
7.926834649366554686e+00
2.692459330774732429e+00
5.705458394252693743e+00
7.926834649366554686e+00
2.776294780035880194e+01
2.776294780035880194e+01
2.776294780035880194e+01
2.776294780035880194e+01
2.758176546347506530e+01
1.779245972827036226e+01
1.767634527761263286e+01
1.767634527761263286e+01
1.767634527761263286e+01
1.779245972827036226e+01
2.758176546347506530e+01
1.767634527761263286e+01
1.099014681970133367e+01
1.099014681970133367e+01
1.099014681970133367e+01
1.099014681970133367e+01
1.436645226089767213e+01
1.389208733690086817e+01
1.815990384878508479e+01
1.815990384878508479e+01
1.815990384878508479e+01
1.389208733690086817e+01
1.436645226089767213e+01
1.815990384878508479e+01
1.100999786261642477e+01
1.100999786261642477e+01
1.100999786261642477e+01
1.100999786261642477e+01
1.112475616944962553e+01
7.057857437586252836e+00
7.131422190233265290e+00
7.131422190233265290e+00
7.131422190233265290e+00
7.057857437586252836e+00
1.112475616944962553e+01
7.131422190233265290e+00
1.925973417778034502e+01
1.925973417778034502e+01
1.925973417778034502e+01
1.925973417778034502e+01
6.636329213455772091e+00
1.816360027352038031e+01
6.258634205645540405e+00
6.258634205645540405e+00
6.258634205645540405e+00
1.816360027352038031e+01
6.636329213455772091e+00
6.258634205645540405e+00
4.876845928730667801e+00
4.876845928730667801e+00
4.876845928730667801e+00
4.876845928730667801e+00
1.832274950521862067e+01
5.946682405711151809e+00
2.234222152990918531e+01
2.234222152990918531e+01
2.234222152990918531e+01
5.946682405711151809e+00
1.832274950521862067e+01
2.234222152990918531e+01
6.844012506123533512e+00
6.844012506123533512e+00
6.844012506123533512e+00
6.844012506123533512e+00
3.835895523465383761e+00
6.349987592940249392e+00
3.559007082471946415e+00
3.559007082471946415e+00
3.559007082471946415e+00
6.349987592940249392e+00
3.835895523465383761e+00
3.559007082471946415e+00
2.606706498429891283e+01
2.606706498429891283e+01
2.606706498429891283e+01
2.606706498429891283e+01
2.894367708845010512e+01
2.441601638328882729e+01
2.711042821314492102e+01
2.711042821314492102e+01
2.711042821314492102e+01
2.441601638328882729e+01
2.894367708845010512e+01
2.711042821314492102e+01
1.643612209628534160e+01
1.643612209628534160e+01
1.643612209628534160e+01
1.643612209628534160e+01
1.880784605469176185e+01
1.700840919125213446e+01
1.946271388289162374e+01
1.946271388289162374e+01
1.946271388289162374e+01
1.700840919125213446e+01
1.880784605469176185e+01
1.946271388289162374e+01
9.749142279420775381e+00
9.749142279420775381e+00
9.749142279420775381e+00
9.749142279420775381e+00
6.724236238784216724e+00
1.391079604996010666e+01
9.594636761731159424e+00
9.594636761731159424e+00
9.594636761731159424e+00
1.391079604996010666e+01
6.724236238784216724e+00
9.594636761731159424e+00
3.715569535218587127e+00
3.715569535218587127e+00
3.715569535218587127e+00
3.715569535218587127e+00
1.042302872301352679e+01
4.631298561320141616e+00
1.299185965218417138e+01
1.299185965218417138e+01
1.299185965218417138e+01
4.631298561320141616e+00
1.042302872301352679e+01
1.299185965218417138e+01
2.034308912284320314e+01
2.034308912284320314e+01
2.034308912284320314e+01
2.034308912284320314e+01
1.711452908773714654e+01
1.934501054010145182e+01
1.627485106081446986e+01
1.627485106081446986e+01
1.627485106081446986e+01
1.934501054010145182e+01
1.711452908773714654e+01
1.627485106081446986e+01
7.297303151106754093e+00
7.297303151106754093e+00
7.297303151106754093e+00
7.297303151106754093e+00
1.594616763281247884e+01
7.813823523774717117e+00
1.707487508510968865e+01
1.707487508510968865e+01
1.707487508510968865e+01
7.813823523774717117e+00
1.594616763281247884e+01
1.707487508510968865e+01
1.897088142437967306e+01
1.897088142437967306e+01
1.897088142437967306e+01
1.897088142437967306e+01
8.800915388669690032e+00
1.514891780564485835e+01
7.027841292922512473e+00
7.027841292922512473e+00
7.027841292922512473e+00
1.514891780564485835e+01
8.800915388669690032e+00
7.027841292922512473e+00
2.348943889809007501e+01
2.348943889809007501e+01
2.348943889809007501e+01
2.348943889809007501e+01
3.549799708480506411e+01
1.741690669248109202e+01
2.632099070898993531e+01
2.632099070898993531e+01
2.632099070898993531e+01
1.741690669248109202e+01
3.549799708480506411e+01
2.632099070898993531e+01
8.618451522073334203e+00
8.618451522073334203e+00
8.618451522073334203e+00
8.618451522073334203e+00
4.216047403670390992e+00
1.437975585147012048e+01
7.034411247511435761e+00
7.034411247511435761e+00
7.034411247511435761e+00
1.437975585147012048e+01
4.216047403670390992e+00
7.034411247511435761e+00
2.521620096256710752e+01
2.521620096256710752e+01
2.521620096256710752e+01
2.521620096256710752e+01
1.044111223719352211e+01
3.180430060586202501e+01
1.316900482924454963e+01
1.316900482924454963e+01
1.316900482924454963e+01
3.180430060586202501e+01
1.044111223719352211e+01
1.316900482924454963e+01
7.504465873208677529e+00
7.504465873208677529e+00
7.504465873208677529e+00
7.504465873208677529e+00
1.513720502925795053e+01
4.846539804572247867e+00
9.775921157317769783e+00
9.775921157317769783e+00
9.775921157317769783e+00
4.846539804572247867e+00
1.513720502925795053e+01
9.775921157317769783e+00
1.230372156220574098e+01
1.230372156220574098e+01
1.230372156220574098e+01
1.230372156220574098e+01
2.344228164858069619e+01
1.315953480477960014e+01
2.507286268616107705e+01
2.507286268616107705e+01
2.507286268616107705e+01
1.315953480477960014e+01
2.344228164858069619e+01
2.507286268616107705e+01
1.664262878399095413e+01
1.664262878399095413e+01
1.664262878399095413e+01
1.664262878399095413e+01
3.534991585019072513e+00
1.314755481652243319e+01
2.792617455043576058e+00
2.792617455043576058e+00
2.792617455043576058e+00
1.314755481652243319e+01
3.534991585019072513e+00
2.792617455043576058e+00
9.634384524786936410e+00
9.634384524786936410e+00
9.634384524786936410e+00
9.634384524786936410e+00
1.512220084309947765e+01
7.065629103959245150e+00
1.109026343281473359e+01
1.109026343281473359e+01
1.109026343281473359e+01
7.065629103959245150e+00
1.512220084309947765e+01
1.109026343281473359e+01
1.994471994186927333e+01
1.994471994186927333e+01
1.994471994186927333e+01
1.994471994186927333e+01
1.259570653640204796e+01
3.271885989895270086e+01
2.066297038484445281e+01
2.066297038484445281e+01
2.066297038484445281e+01
3.271885989895270086e+01
1.259570653640204796e+01
2.066297038484445281e+01
1.376180721474104907e+01
1.376180721474104907e+01
1.376180721474104907e+01
1.376180721474104907e+01
6.324943936060803296e+00
1.503271702074308891e+01
6.909055684272360054e+00
6.909055684272360054e+00
6.909055684272360054e+00
1.503271702074308891e+01
6.324943936060803296e+00
6.909055684272360054e+00
7.451968401137269105e+00
7.451968401137269105e+00
7.451968401137269105e+00
7.451968401137269105e+00
2.252636141478837928e+01
5.969623887239333904e+00
1.804542074732692924e+01
1.804542074732692924e+01
1.804542074732692924e+01
5.969623887239333904e+00
2.252636141478837928e+01
1.804542074732692924e+01
1.590058746188404015e+01
1.590058746188404015e+01
1.590058746188404015e+01
1.590058746188404015e+01
2.539122297022592889e+01
1.651786529495799982e+01
2.637693743717441563e+01
2.637693743717441563e+01
2.637693743717441563e+01
1.651786529495799982e+01
2.539122297022592889e+01
2.637693743717441563e+01
8.892024354530365216e+00
8.892024354530365216e+00
8.892024354530365216e+00
8.892024354530365216e+00
7.109831462967120430e+00
1.013855667564887675e+01
8.106526294530242538e+00
8.106526294530242538e+00
8.106526294530242538e+00
1.013855667564887675e+01
7.109831462967120430e+00
8.106526294530242538e+00
9.643846948743544090e+00
9.643846948743544090e+00
9.643846948743544090e+00
9.643846948743544090e+00
2.457984953317913224e+01
8.959921733262715904e+00
2.283668842975079016e+01
2.283668842975079016e+01
2.283668842975079016e+01
8.959921733262715904e+00
2.457984953317913224e+01
2.283668842975079016e+01
2.227339237880238088e+01
2.227339237880238088e+01
2.227339237880238088e+01
2.227339237880238088e+01
7.690948825013784962e+00
2.822866468043353194e+01
9.747290029439238168e+00
9.747290029439238168e+00
9.747290029439238168e+00
2.822866468043353194e+01
7.690948825013784962e+00
9.747290029439238168e+00
1.020354316535894057e+01
1.020354316535894057e+01
1.020354316535894057e+01
1.020354316535894057e+01
6.121259495160670916e+00
7.615821972583103339e+00
4.568846508279327701e+00
4.568846508279327701e+00
4.568846508279327701e+00
7.615821972583103339e+00
6.121259495160670916e+00
4.568846508279327701e+00
1.944408935683096828e+01
1.944408935683096828e+01
1.944408935683096828e+01
1.944408935683096828e+01
2.116669943949894162e+01
2.067731068982217835e+01
2.250917554207006788e+01
2.250917554207006788e+01
2.250917554207006788e+01
2.067731068982217835e+01
2.116669943949894162e+01
2.250917554207006788e+01
1.583213764428348291e+01
1.583213764428348291e+01
1.583213764428348291e+01
1.583213764428348291e+01
6.139196352262037415e+00
1.357414693375680592e+01
5.263619810106834329e+00
5.263619810106834329e+00
5.263619810106834329e+00
1.357414693375680592e+01
6.139196352262037415e+00
5.263619810106834329e+00
8.443741466359307779e+00
8.443741466359307779e+00
8.443741466359307779e+00
8.443741466359307779e+00
2.701501068938274130e+01
1.148167030547727840e+01
3.673459772190022221e+01
3.673459772190022221e+01
3.673459772190022221e+01
1.148167030547727840e+01
2.701501068938274130e+01
3.673459772190022221e+01
1.816282276408908558e+01
1.816282276408908558e+01
1.816282276408908558e+01
1.816282276408908558e+01
1.105079551673555827e+01
2.206758231781014956e+01
1.342656606356417015e+01
1.342656606356417015e+01
1.342656606356417015e+01
2.206758231781014956e+01
1.105079551673555827e+01
1.342656606356417015e+01
5.122077877518656841e+00
5.122077877518656841e+00
5.122077877518656841e+00
5.122077877518656841e+00
1.381654737845093983e+01
3.452144892198525827e+00
9.311987166318639098e+00
9.311987166318639098e+00
9.311987166318639098e+00
3.452144892198525827e+00
1.381654737845093983e+01
9.311987166318639098e+00
6.665729369720746256e+00
6.665729369720746256e+00
6.665729369720746256e+00
6.665729369720746256e+00
2.704690104594297040e+00
1.089619715473408412e+01
4.421247096527781473e+00
4.421247096527781473e+00
4.421247096527781473e+00
1.089619715473408412e+01
2.704690104594297040e+00
4.421247096527781473e+00
2.013414961664275538e+01
2.013414961664275538e+01
2.013414961664275538e+01
2.013414961664275538e+01
3.619940077285372837e+01
1.068752898632166470e+01
1.921522152232120462e+01
1.921522152232120462e+01
1.921522152232120462e+01
1.068752898632166470e+01
3.619940077285372837e+01
1.921522152232120462e+01
6.551343688144814159e+00
6.551343688144814159e+00
6.551343688144814159e+00
6.551343688144814159e+00
1.664632758678883206e+01
5.676045978974748607e+00
1.442228117793117903e+01
1.442228117793117903e+01
1.442228117793117903e+01
5.676045978974748607e+00
1.664632758678883206e+01
1.442228117793117903e+01
1.794047485966875399e+01
1.794047485966875399e+01
1.794047485966875399e+01
1.794047485966875399e+01
1.108715819560736549e+01
2.392148611417414372e+01
1.478340472570805808e+01
1.478340472570805808e+01
1.478340472570805808e+01
2.392148611417414372e+01
1.108715819560736549e+01
1.478340472570805808e+01
2.400561209067378599e+01
2.400561209067378599e+01
2.400561209067378599e+01
2.400561209067378599e+01
1.628092749081828572e+01
1.969425962915025607e+01
1.335691053393779626e+01
1.335691053393779626e+01
1.335691053393779626e+01
1.969425962915025607e+01
1.628092749081828572e+01
1.335691053393779626e+01
8.598132740570306964e+00
8.598132740570306964e+00
8.598132740570306964e+00
8.598132740570306964e+00
9.446621206160765283e+00
8.667622349345718291e+00
9.522968249370297400e+00
9.522968249370297400e+00
9.522968249370297400e+00
8.667622349345718291e+00
9.446621206160765283e+00
9.522968249370297400e+00
1.911047768991032925e+01
1.911047768991032925e+01
1.911047768991032925e+01
1.911047768991032925e+01
9.237784134915596468e+00
2.276439543610340621e+01
1.100404576027988490e+01
1.100404576027988490e+01
1.100404576027988490e+01
2.276439543610340621e+01
9.237784134915596468e+00
1.100404576027988490e+01
1.053144404786331023e+01
1.053144404786331023e+01
1.053144404786331023e+01
1.053144404786331023e+01
1.860420353517708492e+01
1.063782437556343652e+01
1.879212850156130443e+01
1.879212850156130443e+01
1.879212850156130443e+01
1.063782437556343652e+01
1.860420353517708492e+01
1.879212850156130443e+01
2.265921555440584001e+01
2.265921555440584001e+01
2.265921555440584001e+01
2.265921555440584001e+01
2.624619634921027611e+01
2.738287511765988569e+01
3.171761684416577154e+01
3.171761684416577154e+01
3.171761684416577154e+01
2.738287511765988569e+01
2.624619634921027611e+01
3.171761684416577154e+01
1.366885775487512333e+00
1.366885775487512333e+00
1.366885775487512333e+00
1.366885775487512333e+00
2.323751886979279035e+00
1.369494932829493639e+00
2.328187542398030274e+00
2.328187542398030274e+00
2.328187542398030274e+00
1.369494932829493639e+00
2.323751886979279035e+00
2.328187542398030274e+00
1.133667087846996679e+01
1.133667087846996679e+01
1.133667087846996679e+01
1.133667087846996679e+01
9.080271325139937844e+00
1.256451886023028486e+01
1.006373401360725062e+01
1.006373401360725062e+01
1.006373401360725062e+01
1.256451886023028486e+01
9.080271325139937844e+00
1.006373401360725062e+01
1.120846066446405764e+01
1.120846066446405764e+01
1.120846066446405764e+01
1.120846066446405764e+01
1.852168345957439755e+01
8.805684203661245490e+00
1.455115919550640768e+01
1.455115919550640768e+01
1.455115919550640768e+01
8.805684203661245490e+00
1.852168345957439755e+01
1.455115919550640768e+01
1.360665671665093157e+01
1.360665671665093157e+01
1.360665671665093157e+01
1.360665671665093157e+01
1.116802058257222185e+01
1.008034982439914629e+01
8.273711659136145258e+00
8.273711659136145258e+00
8.273711659136145258e+00
1.008034982439914629e+01
1.116802058257222185e+01
8.273711659136145258e+00
1.390529021746567295e+01
1.390529021746567295e+01
1.390529021746567295e+01
1.390529021746567295e+01
1.266477537088635685e+01
2.134756985280508346e+01
1.944311644502714387e+01
1.944311644502714387e+01
1.944311644502714387e+01
2.134756985280508346e+01
1.266477537088635685e+01
1.944311644502714387e+01
5.960621008816717747e+00
5.960621008816717747e+00
5.960621008816717747e+00
5.960621008816717747e+00
1.962610041513397618e+01
6.930342491649533976e+00
2.281903134777309106e+01
2.281903134777309106e+01
2.281903134777309106e+01
6.930342491649533976e+00
1.962610041513397618e+01
2.281903134777309106e+01
2.651789063039990424e+01
2.651789063039990424e+01
2.651789063039990424e+01
2.651789063039990424e+01
7.880956175837258826e+00
1.723146172759956585e+01
5.121085859112362471e+00
5.121085859112362471e+00
5.121085859112362471e+00
1.723146172759956585e+01
7.880956175837258826e+00
5.121085859112362471e+00
1.400631867409646425e+01
1.400631867409646425e+01
1.400631867409646425e+01
1.400631867409646425e+01
8.645507019703028817e+00
1.694155659964905425e+01
1.045730501461767048e+01
1.045730501461767048e+01
1.045730501461767048e+01
1.694155659964905425e+01
8.645507019703028817e+00
1.045730501461767048e+01
1.363168606519088932e+01
1.363168606519088932e+01
1.363168606519088932e+01
1.363168606519088932e+01
1.988617294663000479e+01
9.649515742403607987e+00
1.407690420590535041e+01
1.407690420590535041e+01
1.407690420590535041e+01
9.649515742403607987e+00
1.988617294663000479e+01
1.407690420590535041e+01
3.173623938676664480e+01
3.173623938676664480e+01
3.173623938676664480e+01
3.173623938676664480e+01
2.603172763496968045e+01
2.027540178418522387e+01
1.663094768422912750e+01
1.663094768422912750e+01
1.663094768422912750e+01
2.027540178418522387e+01
2.603172763496968045e+01
1.663094768422912750e+01
5.359592843938221662e+00
5.359592843938221662e+00
5.359592843938221662e+00
5.359592843938221662e+00
4.483343290587752605e+00
1.057918412188302959e+01
8.849574125090663657e+00
8.849574125090663657e+00
8.849574125090663657e+00
1.057918412188302959e+01
4.483343290587752605e+00
8.849574125090663657e+00
3.872418928098336544e+00
3.872418928098336544e+00
3.872418928098336544e+00
3.872418928098336544e+00
2.285160698680806490e+01
3.339146377597613569e+00
1.970470192122425601e+01
1.970470192122425601e+01
1.970470192122425601e+01
3.339146377597613569e+00
2.285160698680806490e+01
1.970470192122425601e+01
2.229644212251075786e+01
2.229644212251075786e+01
2.229644212251075786e+01
2.229644212251075786e+01
5.856718560684693209e+00
2.001569527253601777e+01
5.257623317817038178e+00
5.257623317817038178e+00
5.257623317817038178e+00
2.001569527253601777e+01
5.856718560684693209e+00
5.257623317817038178e+00
9.793930549547471998e+00
9.793930549547471998e+00
9.793930549547471998e+00
9.793930549547471998e+00
1.061941830966537914e+01
1.134388383767546493e+01
1.230001041145774821e+01
1.230001041145774821e+01
1.230001041145774821e+01
1.134388383767546493e+01
1.061941830966537914e+01
1.230001041145774821e+01
1.308321699676229244e+01
1.308321699676229244e+01
1.308321699676229244e+01
1.308321699676229244e+01
1.283131500144768822e+01
1.285811692870713507e+01
1.261054897113741902e+01
1.261054897113741902e+01
1.261054897113741902e+01
1.285811692870713507e+01
1.283131500144768822e+01
1.261054897113741902e+01
