2.435801395936028957e+00
2.427246762706455563e+00
2.442668107830439972e+00
2.421935918083661932e+00
1.288636656099760858e+00
2.435302212980055003e+00
1.230357973557174134e+00
1.078599314570106493e+00
1.275777784125978531e+00
2.420363799452086795e+00
1.155147421323031942e+00
1.150208494960953010e+00
1.888584822780618344e+00
2.243962832929505158e+00
1.936366357832931762e+00
1.915478072409953159e+00
2.287007068583192471e+00
1.952840753662104412e+00
2.340146728808488508e+00
2.434804077512907394e+00
2.437703211257469249e+00
2.306835466334717477e+00
2.432301514771744610e+00
2.441195403048620260e+00
2.354843928744460690e+00
2.369523934626094785e+00
2.336929727073785212e+00
2.406555600540892126e+00
2.331038848322130264e+00
2.298113183127542314e+00
2.328480392366519158e+00
2.362664189471518572e+00
2.263554705847011572e+00
2.367519120506439201e+00
2.389668828587936389e+00
2.345656483209943133e+00
2.395754059673306458e+00
2.237925605335182588e+00
2.387684995442032498e+00
2.334965458373586600e+00
2.407134241247155249e+00
2.402166030686726295e+00
2.350931360634342049e+00
2.159160810218235138e+00
2.262287528128116509e+00
2.096426300056050351e+00
2.114428512052200837e+00
2.135511698245932788e+00
2.379413945679979658e+00
2.269926732607594921e+00
2.362334884641642763e+00
2.413991200421552019e+00
2.432708474178550961e+00
2.360567273764355711e+00
2.436497188113155410e+00
2.391586105861203126e+00
2.327406623487319859e+00
2.282023870044010305e+00
2.392959984788145977e+00
2.376120229447213017e+00
2.194821101157502952e+00
2.372519092057832957e+00
2.211056573910978429e+00
2.204207046665391800e+00
2.028286685518186694e+00
2.280135162408291283e+00
2.180941528415033748e+00
2.358152830162959290e+00
2.361655565100792664e+00
2.418259975143006724e+00
2.311552994934690020e+00
2.366223170069960968e+00
1.704748672421914080e+00
1.995870967684417074e+00
1.721507260251831761e+00
1.451259105245712222e+00
2.158055240615671000e+00
1.871587384850207592e+00
2.134446977327639328e+00
2.281730572258104051e+00
2.358789652001693327e+00
1.963821717902426434e+00
2.214654078090859901e+00
2.287831659787233463e+00
2.415748865669103740e+00
2.290641134947558832e+00
2.407190734009508226e+00
2.435440008555898928e+00
2.415214196432692084e+00
2.370973122209004913e+00
2.389994864939623209e+00
2.254057059428870691e+00
2.157365333718694433e+00
2.232283304209142560e+00
2.320478056470444805e+00
2.230714122778831854e+00
2.399334371172086922e+00
2.296029765800653433e+00
2.395033301141526128e+00
2.427878678539465263e+00
2.422256424212040571e+00
2.419687041690401941e+00
2.453917487769316175e+00
2.408327101680800109e+00
2.367051489456796443e+00
2.376462438563510471e+00
2.380346286267482903e+00
2.404384997725622419e+00
1.804226176754440747e+00
2.103712042921944469e+00
2.029282578788284219e+00
1.834114688214757427e+00
1.809420886746911705e+00
1.560961159716989455e+00
1.869646495498537453e+00
1.962633376152695508e+00
2.126578189196924651e+00
2.142173800717248167e+00
2.260450726780679265e+00
2.145341341094410215e+00
2.372049629240109869e+00
2.423474334520968831e+00
2.386861855077409444e+00
2.344150967773512395e+00
2.161610024123708396e+00
2.364745849175148518e+00
2.119030318962531467e+00
2.232605673427901394e+00
2.303301509934278624e+00
2.412502354223762246e+00
2.274243814730280810e+00
2.261917363579990958e+00
2.148950195436566624e+00
2.030802778571288769e+00
2.148099192865216445e+00
2.198408336904067006e+00
2.395829055022685949e+00
2.204644390463655235e+00
2.427115098823818595e+00
2.398423146517221216e+00
2.379652329523019638e+00
2.155976306123827957e+00
2.376905031530401669e+00
2.398148183917085952e+00
2.318567780718853832e+00
1.773902444781621179e+00
2.333370929167770225e+00
2.312239427373797618e+00
2.193719259173235514e+00
2.305550358521781806e+00
2.188176863185144594e+00
1.376033775379300161e+00
1.455622295577052805e+00
1.763925121225069503e+00
1.478596097088293426e+00
1.433045562654169158e+00
2.447105924791786347e+00
2.461311829686204877e+00
2.449120533860737581e+00
2.417935495101580123e+00
2.452262502613157036e+00
2.443609824102325856e+00
2.423972244519609021e+00
2.442046766942589375e+00
2.464204572476074162e+00
2.438248610697917762e+00
2.447706325293790730e+00
2.444249004730843389e+00
2.217148855181271472e+00
2.430607413058332167e+00
2.182366868289657091e+00
2.281460352147477000e+00
2.249239520205527310e+00
2.225621509724225788e+00
2.288772326742677610e+00
2.455547440329271858e+00
2.433162191792273443e+00
2.442356009756962543e+00
2.447755834612874715e+00
2.449478185448482392e+00
2.310645010306931812e+00
2.240135189419181660e+00
2.282594854024126985e+00
2.262158332944844918e+00
2.234509395947545496e+00
2.364217033708026161e+00
2.223872218958155234e+00
2.171593945458492936e+00
2.198727635615868703e+00
2.229652135951837977e+00
1.998658692841828621e+00
2.126218962995824580e+00
2.036747876735991003e+00
2.087165051395097226e+00
1.937950021430835612e+00
2.190113562631970545e+00
2.312503165091709167e+00
2.114210062352594122e+00
2.377331791622775192e+00
2.415013662325561139e+00
2.331804752451671181e+00
2.220491521601709373e+00
2.367578327975057739e+00
2.392637117915334066e+00
2.265792668084381845e+00
2.273086994009462902e+00
2.336067164090291914e+00
2.194300384671228343e+00
2.226445234805227269e+00
2.254893776521831317e+00
2.235691638804227388e+00
2.140090121632919562e+00
2.304698335197735037e+00
2.280843714517954091e+00
2.255079937848493365e+00
2.243738909467583476e+00
2.232624116000809789e+00
2.188437992630363649e+00
1.991025893059260143e+00
2.195372924821000105e+00
2.370108448722505479e+00
2.248520669140749995e+00
2.219098654559710670e+00
2.335364548521431161e+00
2.212492124301923546e+00
1.881092574592036382e+00
2.152905477611092078e+00
2.172847113303848499e+00
2.424868864568545224e+00
2.426281877777402229e+00
2.429574412878966694e+00
2.431624103088021460e+00
2.343485820462090530e+00
2.406621811652065013e+00
2.334237681570576761e+00
2.326805700165873070e+00
2.321844434380258448e+00
2.421762831691280482e+00
2.368303959364011835e+00
2.337241118816844043e+00
2.471261875457896995e+00
2.465132307663504552e+00
2.461092181984053440e+00
2.420375595057044915e+00
2.480909409897394280e+00
2.461396835394589200e+00
2.404049637962422103e+00
2.413805522690537497e+00
2.457823445209025071e+00
2.329128784340268155e+00
2.413138981458869292e+00
2.384256356585008785e+00
2.151283748312837307e+00
2.019400052260171829e+00
2.197481235722042570e+00
2.216693696439760330e+00
1.877781084838769265e+00
2.278626623333971590e+00
2.206559333252182675e+00
2.032685642558039518e+00
2.003987558188490059e+00
2.282133297996132182e+00
1.885926195334711064e+00
2.091783667095902466e+00
2.399195817046398282e+00
2.432894179654943478e+00
2.366282342474736122e+00
2.439288658095121853e+00
2.269690240765926514e+00
2.419403717711532842e+00
2.349408255296511427e+00
2.424156544837237526e+00
2.334309119945793043e+00
2.457219575557451741e+00
2.374096287333785860e+00
2.399124254642957421e+00
2.154898154023052737e+00
2.190668789947488815e+00
2.303523591256190439e+00
2.130710629434529491e+00
2.316111688454328910e+00
2.003244673155674782e+00
2.334572036111078219e+00
2.237519120280390350e+00
2.363558441023880796e+00
2.220215777366371324e+00
2.403043751211769496e+00
2.352997858516240104e+00
2.381186201123429491e+00
2.418045595727162045e+00
2.345545516170540523e+00
2.348997894292478961e+00
2.436199656459942187e+00
2.388568694645648360e+00
2.400082347609078237e+00
2.447555519562939708e+00
2.446298185364439437e+00
2.372174796772879901e+00
2.426597933733336099e+00
2.431240248873637988e+00
2.308960095166213478e+00
2.336091201809281426e+00
2.327163910105230382e+00
2.312368647567798696e+00
1.799169158462615048e+00
2.262989720147691397e+00
1.743291489682841533e+00
1.772954950487570791e+00
1.817673492587304374e+00
2.318688284943049016e+00
1.936737472537895854e+00
1.827293810770312943e+00
2.353702605808747350e+00
2.299733239859076406e+00
2.309511718804626135e+00
2.349147795476763445e+00
2.404771320888285047e+00
2.304670853894345228e+00
2.327689563212967272e+00
2.318770997380230181e+00
2.271719217416421355e+00
2.149700163945185150e+00
2.323123484448110343e+00
2.264866932553268430e+00
2.394858689897747528e+00
2.364003890435665056e+00
2.429906285036056435e+00
2.402516971797881151e+00
2.337500995459498743e+00
2.434838155279041683e+00
2.437280961071267793e+00
2.377964038996810192e+00
2.411992456553514241e+00
2.447869033260294813e+00
2.368949400077529077e+00
2.418445248440277862e+00
2.419978721362141094e+00
2.401400665899840803e+00
2.409259106099079339e+00
2.449883530838143475e+00
2.332204843120156745e+00
2.426545178410019599e+00
2.389119473916870184e+00
2.379604038896236951e+00
2.286974740757785174e+00
2.435497040658551882e+00
2.351952402398315822e+00
2.363786820565687563e+00
2.112537652695056334e+00
2.104237764800633848e+00
2.261909309888165076e+00
2.080376988494526902e+00
2.356991137155289628e+00
2.034249526068553138e+00
2.385942612544690533e+00
2.303265827047815684e+00
2.393324968013829768e+00
2.177369451298760694e+00
2.405541271440907902e+00
2.383181804673717430e+00
2.153887471423391986e+00
2.252800514160682166e+00
2.022835070694696036e+00
2.163939191872140899e+00
2.271428092020476797e+00
2.165089065729147055e+00
2.197941246215508571e+00
2.349782738259967640e+00
2.279203409997769381e+00
2.174847537851370305e+00
2.278405233102656968e+00
2.285977365144932882e+00
2.330178471434927623e+00
2.327031434790886255e+00
2.354748923832271412e+00
2.295276336824017438e+00
2.291165891329997706e+00
2.349803563625229241e+00
2.308812794925037881e+00
2.273173937821507895e+00
2.338616545945354730e+00
2.341857493113367994e+00
2.280407527651722610e+00
2.305303724089734274e+00
2.329775608884339988e+00
2.344508040032083240e+00
2.175550128804392358e+00
2.326773852068090953e+00
2.430330277297954034e+00
2.317729440819487507e+00
2.349243741416634723e+00
2.430634327770226033e+00
2.364820704588742384e+00
2.176839120226469859e+00
2.371657802603843290e+00
2.362400437839127676e+00
2.204170060470814096e+00
2.222854457473495415e+00
2.297765889201672795e+00
2.187154634175030754e+00
1.800257675655586587e+00
2.260603670631683215e+00
2.058730575009414476e+00
1.917713947718289180e+00
2.106252312271725824e+00
2.339083661590027230e+00
1.996004817836883438e+00
2.084666134568665008e+00
2.329022957258901627e+00
2.301042331405725783e+00
2.309106456591980105e+00
2.267632885616575056e+00
2.227429855965438854e+00
2.276130273116476310e+00
1.987741181223162901e+00
1.969221841393571149e+00
2.053433351215542046e+00
2.114862744206650547e+00
2.038198087276083204e+00
1.917826044701383292e+00
2.424879279364356766e+00
2.415054073068768403e+00
2.446970802007268020e+00
2.461968203034319735e+00
2.430823665800529110e+00
2.429232752212028501e+00
2.476878617461362175e+00
2.462688053355833073e+00
2.447962929565161705e+00
2.471481564594679270e+00
2.472133580903748573e+00
2.473778137705331837e+00
2.412068319394545135e+00
2.379075468486824718e+00
2.388533557011537578e+00
2.412719557951393590e+00
2.285166659526371102e+00
2.398037888448965038e+00
2.194347737985252955e+00
2.170684437425536739e+00
2.090808738753774154e+00
2.324916322386535672e+00
2.143145616270647036e+00
2.093438246117257151e+00
2.222275482411232961e+00
2.188383139911638686e+00
2.262200405757992083e+00
2.263463352790265226e+00
2.406017937699607590e+00
2.289573349220705989e+00
2.450489069862238800e+00
2.433399232186690408e+00
2.433028248955782402e+00
2.328523729165750566e+00
2.424128456353770389e+00
2.443751595999537951e+00
2.325196404776480819e+00
2.373677902602297607e+00
2.213515164698460325e+00
2.372279801527759524e+00
2.225068835785714239e+00
2.354324780415937735e+00
2.221464895095346392e+00
2.377429344759522944e+00
2.224643434503454476e+00
2.372069083676422885e+00
2.256931961317243829e+00
2.296439724299461194e+00
2.266289198955579565e+00
2.308049814598323479e+00
2.336202824065519490e+00
2.002238567270025804e+00
2.407943104905067688e+00
2.168237385260992411e+00
2.287346023380279370e+00
2.251688186299785954e+00
2.424596676163074616e+00
2.079468404813716198e+00
2.379754733650072840e+00
2.325644265328416616e+00
2.235874097072506395e+00
2.288602951876120617e+00
2.210325996109311131e+00
2.267794101309449584e+00
1.936281476251033862e+00
2.331510171202047399e+00
2.134449098640741838e+00
2.230732009059267273e+00
2.165436899962303485e+00
2.371154805185952341e+00
2.051012656513818921e+00
2.204745246753171184e+00
2.370776714076869407e+00
2.407105533194513924e+00
2.400011782869271304e+00
2.349865611000022447e+00
2.426438376839278099e+00
2.267193694819581662e+00
2.378303616879214211e+00
2.386864872155441297e+00
2.424994997579188460e+00
2.347014499095435358e+00
2.452796740925434094e+00
2.412533885896034569e+00
2.193023093433639659e+00
1.968503953717303467e+00
2.084358383192171260e+00
2.229250626185548700e+00
2.369465634892132133e+00
2.152268917360312006e+00
2.317832394876822022e+00
2.259548293774903183e+00
2.127317165681526401e+00
1.803458016155836896e+00
2.209076096474323236e+00
2.170132545892267117e+00
2.358809477935977394e+00
2.348955735475874995e+00
2.428047871328306684e+00
2.307642571069999260e+00
2.279241834089604790e+00
2.392594254730017855e+00
2.380768559940634077e+00
2.254950598289864327e+00
2.407007000716365308e+00
2.419550805640786173e+00
2.332657647496457987e+00
2.372361550490802884e+00
2.466416226976706927e+00
2.460956729508382068e+00
2.442261807496580950e+00
2.456653455634786098e+00
2.450795609940088937e+00
2.459184293483850592e+00
2.369536620498470469e+00
2.410920190631045124e+00
2.382086880559682207e+00
2.395776729258824567e+00
2.375018462568683209e+00
2.349307426627404549e+00
2.141522318909446110e+00
2.133730899667438674e+00
2.216311415860995560e+00
2.161606272777603976e+00
2.169463444095076632e+00
2.143987019393658322e+00
2.256152892644735619e+00
2.183513925376296516e+00
2.235115459823399320e+00
2.228623684415399264e+00
2.248753233809832164e+00
2.250566544477425435e+00
2.294724545841617669e+00
2.336888984057877483e+00
2.268825836358304926e+00
2.256978233871244299e+00
2.109599619509364032e+00
2.325371835044197422e+00
2.061014912986124603e+00
2.181678188400703711e+00
2.196844063605409403e+00
2.314188263947707824e+00
2.087051469388666369e+00
2.143892449355863761e+00
2.286084845839449375e+00
2.294455833317392557e+00
2.334481056944589294e+00
2.419313825717114064e+00
2.374237761839259608e+00
2.288042672196213712e+00
2.465089211975205252e+00
2.456052640598878511e+00
2.408383200944101077e+00
2.441522194242252919e+00
2.466224273926594712e+00
2.466557519539228860e+00
2.453539199010999816e+00
2.446209763911329826e+00
2.449265979577159413e+00
2.415470672529560936e+00
2.459786706886160967e+00
2.461430230177722223e+00
2.433450899127978406e+00
2.429469418090771438e+00
2.457765124748596097e+00
2.411301591642609043e+00
2.407602186280910050e+00
2.423050593659390017e+00
7.021506134564863277e-01
1.573233513687188889e+00
5.075659365553146785e-01
1.167649831823717621e+00
9.975498065568898509e-01
7.031139518139358779e-01
1.233323817508838349e+00
2.166142490806803433e+00
1.639312072202559145e+00
1.788572219349110481e+00
2.025242312543104273e+00
2.025975315938792320e+00
2.355296937501013765e+00
2.374385168331100804e+00
2.355115231553402300e+00
2.352901876176032303e+00
2.321900624584413819e+00
2.368695111570512157e+00
2.335315125552521742e+00
2.357058677745351272e+00
2.359213264986053549e+00
2.384043967860960844e+00
2.342355463447135300e+00
2.356879086084243902e+00
2.362975875594197195e+00
2.149907641640992573e+00
2.379484348022351980e+00
2.342554379650395369e+00
2.415245164862446892e+00
2.328156620000022770e+00
2.391845341144517967e+00
2.182675543130416784e+00
2.253256557625648249e+00
2.066566890295862269e+00
2.273318749749084322e+00
2.218431449909305631e+00
2.378106224470545982e+00
2.287018879462752619e+00
2.375317561453726078e+00
2.417691083316962697e+00
2.353054118788373117e+00
2.338224653458377489e+00
2.364431973012955712e+00
2.269173384904357604e+00
2.161054159461034185e+00
2.303078149733523539e+00
2.320882589665369089e+00
2.264135357745487465e+00
2.294609509832455707e+00
2.402754943602657622e+00
2.346971187250271207e+00
2.165298079990934710e+00
2.276291734876611184e+00
2.362268758349288955e+00
2.313683010060427758e+00
2.380986001575768451e+00
2.448363253728599087e+00
2.419733029250948686e+00
2.367617114457402749e+00
2.412147163723810550e+00
1.932810644380108744e+00
2.213812602565238485e+00
1.965145447922240995e+00
1.973352266177655912e+00
2.295422057509629354e+00
1.996180119288781807e+00
2.348175226933900017e+00
2.425512348490191261e+00
2.424060264104666462e+00
2.285590764849188883e+00
2.419840957790712732e+00
2.430746430281889303e+00
2.435623558841192526e+00
2.283611259154382456e+00
2.422981413801451822e+00
2.445775642574282482e+00
2.295819353972611498e+00
2.402285660111628474e+00
2.196711218903121043e+00
1.771069637862270341e+00
1.570576132618521470e+00
2.178608130857386804e+00
1.890285656981328444e+00
1.670696637381073879e+00
2.385637348335644337e+00
2.306951125766085742e+00
2.380903679942262929e+00
2.412748172741554065e+00
2.319835001059498580e+00
2.404696098002345295e+00
2.379726345605212234e+00
2.305102572462568666e+00
2.238215932945458508e+00
2.370878169537043778e+00
2.258923537414832872e+00
2.297305174218140511e+00
2.236007412529509519e+00
2.315273850490027208e+00
2.269148892787058003e+00
2.167517690095132732e+00
2.312820299534545043e+00
2.142635895934668522e+00
2.216318532066845037e+00
2.271938297147149122e+00
2.343905356572635768e+00
2.219809922242383937e+00
2.355717243371407310e+00
2.300916112534211688e+00
2.397546359729011645e+00
2.445585735466440980e+00
2.401762624802360246e+00
2.410941163154506572e+00
2.376206719544155188e+00
2.343264393781502530e+00
2.341984674858443416e+00
2.411491673324103413e+00
2.402363167422307821e+00
2.429974801874558832e+00
2.445119366109244297e+00
2.415150507670962732e+00
2.302533405079315809e+00
2.195721304083150915e+00
2.261563785823646811e+00
2.308539644998174545e+00
2.267528238527685147e+00
2.395903381727862769e+00
2.354606507591639808e+00
2.312324986824117801e+00
2.266170651771229227e+00
2.307401213896437930e+00
2.088622477864487958e+00
2.273173962461950026e+00
2.260854274527065666e+00
1.808025809240607629e+00
2.265925905029811283e+00
2.195204875050912108e+00
2.455976970038678875e+00
2.226835048091181157e+00
2.435109442771852262e+00
2.275358272354996103e+00
2.328951361768611061e+00
1.593472354241416866e+00
2.308126564950307991e+00
2.280178136583460358e+00
2.374984659461224279e+00
2.403895366048030446e+00
2.336879459892813315e+00
2.420379195918306525e+00
2.082650332287245831e+00
2.361528445502741658e+00
2.109714227997087743e+00
2.260492764537241239e+00
2.041165505141258052e+00
2.411030731107994374e+00
2.220029457663696526e+00
2.192057003129158854e+00
2.310762716571388431e+00
2.452913413276371912e+00
2.327011324516073287e+00
2.160744471023546609e+00
2.324439844760624929e+00
2.334911427122388528e+00
2.245200791340510538e+00
2.428823813476035820e+00
2.465773148558656924e+00
2.429884295180935627e+00
2.425243977358164216e+00
2.435193367696900424e+00
2.251390566557275097e+00
2.152827028671638665e+00
2.310795825258367131e+00
2.259815666740267126e+00
2.247003827028966505e+00
2.247477914009745614e+00
2.311043148025753169e+00
2.153249858544309614e+00
2.224226833809268111e+00
2.238057649828865348e+00
2.237567942278917865e+00
2.233463501514028948e+00
