-2.747037135633889875e+02
-2.416245424701693878e+02
-3.087538898783343484e+02
-2.747037135633889875e+02
-2.747037135633889875e+02
-2.747037135633889875e+02
-3.087538898783343484e+02
-2.416245424701693878e+02
-2.715744771339713566e+02
-2.715744771339713566e+02
-2.715744771339713566e+02
-2.715744771339713566e+02
-1.136119089809543539e+02
-3.205716910426688173e+02
-1.264233003058641032e+02
-1.136119089809543539e+02
-1.136119089809543539e+02
-1.136119089809543539e+02
-1.264233003058641032e+02
-3.205716910426688173e+02
-3.567208009244874916e+02
-3.567208009244874916e+02
-3.567208009244874916e+02
-3.567208009244874916e+02
-2.632986330104081389e+02
-2.946773481863084498e+02
-2.323611383235120513e+02
-2.632986330104081389e+02
-2.632986330104081389e+02
-2.632986330104081389e+02
-2.323611383235120513e+02
-2.946773481863084498e+02
-2.600528657511787287e+02
-2.600528657511787287e+02
-2.600528657511787287e+02
-2.600528657511787287e+02
-3.041676276354097013e+02
-1.132541321583169918e+02
-2.810642782897115239e+02
-3.041676276354097013e+02
-3.041676276354097013e+02
-3.041676276354097013e+02
-2.810642782897115239e+02
-1.132541321583169918e+02
-1.046518038946603610e+02
-1.046518038946603610e+02
-1.046518038946603610e+02
-1.046518038946603610e+02
-4.506105716423421086e+02
-2.255756276602649280e+02
-3.914483991889032382e+02
-4.506105716423421086e+02
-4.506105716423421086e+02
-4.506105716423421086e+02
-3.914483991889032382e+02
-2.255756276602649280e+02
-1.959590473472715075e+02
-1.959590473472715075e+02
-1.959590473472715075e+02
-1.959590473472715075e+02
-1.405427206847979278e+02
-3.634245684863965948e+02
-1.496348990943840818e+02
-1.405427206847979278e+02
-1.405427206847979278e+02
-1.405427206847979278e+02
-1.496348990943840818e+02
-3.634245684863965948e+02
-3.869357186833245237e+02
-3.869357186833245237e+02
-3.869357186833245237e+02
-3.869357186833245237e+02
-1.848428562159276396e+02
-3.407040434090788494e+02
-1.907146468516567950e+02
-1.848428562159276396e+02
-1.848428562159276396e+02
-1.848428562159276396e+02
-1.907146468516567950e+02
-3.407040434090788494e+02
-3.515269816204832409e+02
-3.515269816204832409e+02
-3.515269816204832409e+02
-3.515269816204832409e+02
-2.939799047997075263e+02
-1.130182256747901590e+02
-2.656666696809030555e+02
-2.939799047997075263e+02
-2.939799047997075263e+02
-2.939799047997075263e+02
-2.656666696809030555e+02
-1.130182256747901590e+02
-1.021334286393581579e+02
-1.021334286393581579e+02
-1.021334286393581579e+02
-1.021334286393581579e+02
-3.894342071151826303e+02
-1.843688776304808528e+02
-3.726800192773253571e+02
-3.894342071151826303e+02
-3.894342071151826303e+02
-3.894342071151826303e+02
-3.726800192773253571e+02
-1.843688776304808528e+02
-1.764369837422729574e+02
-1.764369837422729574e+02
-1.764369837422729574e+02
-1.764369837422729574e+02
-6.415222574137456490e+01
-1.300863911379197191e+02
-1.070499245612993491e+02
-6.415222574137456490e+01
-6.415222574137456490e+01
-6.415222574137456490e+01
-1.070499245612993491e+02
-1.300863911379197191e+02
-2.170733469779626148e+02
-2.170733469779626148e+02
-2.170733469779626148e+02
-2.170733469779626148e+02
-2.089609284579742052e+02
-3.566381434417158971e+02
-2.380190052541741181e+02
-2.089609284579742052e+02
-2.089609284579742052e+02
-2.089609284579742052e+02
-2.380190052541741181e+02
-3.566381434417158971e+02
-4.062321926118590909e+02
-4.062321926118590909e+02
-4.062321926118590909e+02
-4.062321926118590909e+02
-3.120384659163436822e+02
-2.206772786714940651e+02
-3.111517709120168433e+02
-3.120384659163436822e+02
-3.120384659163436822e+02
-3.120384659163436822e+02
-3.111517709120168433e+02
-2.206772786714940651e+02
-2.200501975198423281e+02
-2.200501975198423281e+02
-2.200501975198423281e+02
-2.200501975198423281e+02
-4.961391289884481921e+02
-9.612558965324285509e+01
-5.440292959387437577e+02
-4.961391289884481921e+02
-4.961391289884481921e+02
-4.961391289884481921e+02
-5.440292959387437577e+02
-9.612558965324285509e+01
-1.054041775890002697e+02
-1.054041775890002697e+02
-1.054041775890002697e+02
-1.054041775890002697e+02
-2.247778249335397334e+02
-3.089998800334543034e+02
-2.339550978805582702e+02
-2.247778249335397334e+02
-2.247778249335397334e+02
-2.247778249335397334e+02
-2.339550978805582702e+02
-3.089998800334543034e+02
-3.216157874989769425e+02
-3.216157874989769425e+02
-3.216157874989769425e+02
-3.216157874989769425e+02
-1.155136100654831210e+02
-5.112959514566276198e+02
-1.012832719567489193e+02
-1.155136100654831210e+02
-1.155136100654831210e+02
-1.155136100654831210e+02
-1.012832719567489193e+02
-5.112959514566276198e+02
-4.483084449737972363e+02
-4.483084449737972363e+02
-4.483084449737972363e+02
-4.483084449737972363e+02
-2.265601716925246194e+02
-1.602293943457942191e+02
-1.945703483381709589e+02
-2.265601716925246194e+02
-2.265601716925246194e+02
-2.265601716925246194e+02
-1.945703483381709589e+02
-1.602293943457942191e+02
-1.376053383036167475e+02
-1.376053383036167475e+02
-1.376053383036167475e+02
-1.376053383036167475e+02
-3.315571112069416131e+02
-3.812437994990784773e+02
-2.594775940497931401e+02
-3.315571112069416131e+02
-3.315571112069416131e+02
-3.315571112069416131e+02
-2.594775940497931401e+02
-3.812437994990784773e+02
-2.983625459888838805e+02
-2.983625459888838805e+02
-2.983625459888838805e+02
-2.983625459888838805e+02
-8.118792595469147955e+01
-8.397815112544627425e+01
-1.194971337139592578e+02
-8.118792595469147955e+01
-8.118792595469147955e+01
-8.118792595469147955e+01
-1.194971337139592578e+02
-8.397815112544627425e+01
-1.236039501697437544e+02
-1.236039501697437544e+02
-1.236039501697437544e+02
-1.236039501697437544e+02
-2.782810327025381412e+02
-2.342027906873595953e+02
-1.291893153059447741e+02
-2.782810327025381412e+02
-2.782810327025381412e+02
-2.782810327025381412e+02
-1.291893153059447741e+02
-2.342027906873595953e+02
-1.087264118499353316e+02
-1.087264118499353316e+02
-1.087264118499353316e+02
-1.087264118499353316e+02
-3.806677164602276662e+02
-3.882024671394731286e+02
-4.071310342205993607e+02
-3.806677164602276662e+02
-3.806677164602276662e+02
-3.806677164602276662e+02
-4.071310342205993607e+02
-3.882024671394731286e+02
-4.151895868742390689e+02
-4.151895868742390689e+02
-4.151895868742390689e+02
-4.151895868742390689e+02
-3.513853678272467960e+02
-2.888909521605795589e+02
-2.576462563081446433e+02
-3.513853678272467960e+02
-3.513853678272467960e+02
-3.513853678272467960e+02
-2.576462563081446433e+02
-2.888909521605795589e+02
-2.118234824793894973e+02
-2.118234824793894973e+02
-2.118234824793894973e+02
-2.118234824793894973e+02
-1.941925013958179704e+02
-1.327057121762199756e+02
-2.289627489729305125e+02
-1.941925013958179704e+02
-1.941925013958179704e+02
-1.941925013958179704e+02
-2.289627489729305125e+02
-1.327057121762199756e+02
-1.564667247493016191e+02
-1.564667247493016191e+02
-1.564667247493016191e+02
-1.564667247493016191e+02
-1.804098571516336733e+02
-2.742016353539803504e+02
-1.338943991892925283e+02
-1.804098571516336733e+02
-1.804098571516336733e+02
-1.804098571516336733e+02
-1.338943991892925283e+02
-2.742016353539803504e+02
-2.035036433268980147e+02
-2.035036433268980147e+02
-2.035036433268980147e+02
-2.035036433268980147e+02
-1.930570533460399076e+02
-2.189852258466986541e+02
-3.650107825990069728e+02
-1.930570533460399076e+02
-1.930570533460399076e+02
-1.930570533460399076e+02
-3.650107825990069728e+02
-2.189852258466986541e+02
-4.140328844688822301e+02
-4.140328844688822301e+02
-4.140328844688822301e+02
-4.140328844688822301e+02
-3.316215190043532175e+02
-4.884090340775744039e+02
-2.506080839943750220e+02
-3.316215190043532175e+02
-3.316215190043532175e+02
-3.316215190043532175e+02
-2.506080839943750220e+02
-4.884090340775744039e+02
-3.690932138638373203e+02
-3.690932138638373203e+02
-3.690932138638373203e+02
-3.690932138638373203e+02
-1.640815509152005518e+02
-1.932550250010928892e+02
-1.829175115755695060e+02
-1.640815509152005518e+02
-1.640815509152005518e+02
-1.640815509152005518e+02
-1.829175115755695060e+02
-1.932550250010928892e+02
-2.154399935611504304e+02
-2.154399935611504304e+02
-2.154399935611504304e+02
-2.154399935611504304e+02
-2.182195837888813799e+02
-1.562371813258053237e+02
-1.641233103309625392e+02
-2.182195837888813799e+02
-2.182195837888813799e+02
-2.182195837888813799e+02
-1.641233103309625392e+02
-1.562371813258053237e+02
-1.175062427979780466e+02
-1.175062427979780466e+02
-1.175062427979780466e+02
-1.175062427979780466e+02
-2.991670439733593412e+02
-2.282593725339585262e+02
-4.571344264280023140e+02
-2.991670439733593412e+02
-2.991670439733593412e+02
-2.991670439733593412e+02
-4.571344264280023140e+02
-2.282593725339585262e+02
-3.487858019194744656e+02
-3.487858019194744656e+02
-3.487858019194744656e+02
-3.487858019194744656e+02
-5.505742762570092736e+02
-4.432433051396986912e+02
-4.828811035594255259e+02
-5.505742762570092736e+02
-5.505742762570092736e+02
-5.505742762570092736e+02
-4.828811035594255259e+02
-4.432433051396986912e+02
-3.887464880965005705e+02
-3.887464880965005705e+02
-3.887464880965005705e+02
-3.887464880965005705e+02
-1.552127301138816051e+02
-1.513807239824884618e+02
-2.718589871670488378e+02
-1.552127301138816051e+02
-1.552127301138816051e+02
-1.552127301138816051e+02
-2.718589871670488378e+02
-1.513807239824884618e+02
-2.651471323795316835e+02
-2.651471323795316835e+02
-2.651471323795316835e+02
-2.651471323795316835e+02
-1.196397213505741206e+02
-1.743256362135530821e+02
-8.144802979821216127e+01
-1.196397213505741206e+02
-1.196397213505741206e+02
-1.196397213505741206e+02
-8.144802979821216127e+01
-1.743256362135530821e+02
-1.186769699279781065e+02
-1.186769699279781065e+02
-1.186769699279781065e+02
-1.186769699279781065e+02
-2.379881071816041640e+02
-2.333494584741449671e+02
-2.816200010842624692e+02
-2.379881071816041640e+02
-2.379881071816041640e+02
-2.379881071816041640e+02
-2.816200010842624692e+02
-2.333494584741449671e+02
-2.761309190057730234e+02
-2.761309190057730234e+02
-2.761309190057730234e+02
-2.761309190057730234e+02
-3.103451939597528622e+02
-3.418735714432564237e+02
-1.508207023047352209e+02
-3.103451939597528622e+02
-3.103451939597528622e+02
-3.103451939597528622e+02
-1.508207023047352209e+02
-3.418735714432564237e+02
-1.661427763279194778e+02
-1.661427763279194778e+02
-1.661427763279194778e+02
-1.661427763279194778e+02
-8.286404092040498881e+01
-8.904719010992086226e+01
-1.265533041929232638e+02
-8.286404092040498881e+01
-8.286404092040498881e+01
-8.286404092040498881e+01
-1.265533041929232638e+02
-8.904719010992086226e+01
-1.359964589263818766e+02
-1.359964589263818766e+02
-1.359964589263818766e+02
-1.359964589263818766e+02
-2.335695515113785348e+02
-1.984615337518776528e+02
-2.072022636860177727e+02
-2.335695515113785348e+02
-2.335695515113785348e+02
-2.335695515113785348e+02
-2.072022636860177727e+02
-1.984615337518776528e+02
-1.760575331069417757e+02
-1.760575331069417757e+02
-1.760575331069417757e+02
-1.760575331069417757e+02
-4.551051542734141435e+02
-4.006887240198626614e+02
-6.524735235880092432e+02
-4.551051542734141435e+02
-4.551051542734141435e+02
-4.551051542734141435e+02
-6.524735235880092432e+02
-4.006887240198626614e+02
-5.744579712365951991e+02
-5.744579712365951991e+02
-5.744579712365951991e+02
-5.744579712365951991e+02
-4.122860567513012597e+02
-2.956827663830773076e+02
-3.213257900872524147e+02
-4.122860567513012597e+02
-4.122860567513012597e+02
-4.122860567513012597e+02
-3.213257900872524147e+02
-2.956827663830773076e+02
-2.304480031943911058e+02
-2.304480031943911058e+02
-2.304480031943911058e+02
-2.304480031943911058e+02
-1.762099751018603513e+02
-1.548210815969939915e+02
-2.097477099375665830e+02
-1.762099751018603513e+02
-1.762099751018603513e+02
-1.762099751018603513e+02
-2.097477099375665830e+02
-1.548210815969939915e+02
-1.842879059273176665e+02
-1.842879059273176665e+02
-1.842879059273176665e+02
-1.842879059273176665e+02
-1.966699847370738610e+02
-2.773198959205745950e+02
-1.138311066809907430e+02
-1.966699847370738610e+02
-1.966699847370738610e+02
-1.966699847370738610e+02
-1.138311066809907430e+02
-2.773198959205745950e+02
-1.605106681606683594e+02
-1.605106681606683594e+02
-1.605106681606683594e+02
-1.605106681606683594e+02
-2.301368550590713369e+02
-2.854273468667378779e+02
-3.398148921783954393e+02
-2.301368550590713369e+02
-2.301368550590713369e+02
-2.301368550590713369e+02
-3.398148921783954393e+02
-2.854273468667378779e+02
-4.214555859616229441e+02
-4.214555859616229441e+02
-4.214555859616229441e+02
-4.214555859616229441e+02
-3.296808327743075324e+02
-4.217304932516382223e+02
-2.968832725228275535e+02
-3.296808327743075324e+02
-3.296808327743075324e+02
-3.296808327743075324e+02
-2.968832725228275535e+02
-4.217304932516382223e+02
-3.797755784150335217e+02
-3.797755784150335217e+02
-3.797755784150335217e+02
-3.797755784150335217e+02
-1.303930981245393923e+02
-1.836060091847585056e+02
-1.708462382941281987e+02
-1.303930981245393923e+02
-1.303930981245393923e+02
-1.303930981245393923e+02
-1.708462382941281987e+02
-1.836060091847585056e+02
-2.405679169264998905e+02
-2.405679169264998905e+02
-2.405679169264998905e+02
-2.405679169264998905e+02
-2.519178341526530289e+02
-1.314269073016452012e+02
-1.763106125644983138e+02
-2.519178341526530289e+02
-2.519178341526530289e+02
-2.519178341526530289e+02
-1.763106125644983138e+02
-1.314269073016452012e+02
-9.198220765810981447e+01
-9.198220765810981447e+01
-9.198220765810981447e+01
-9.198220765810981447e+01
-1.835100315616934665e+02
-1.708136887414808314e+02
-3.737787338448174523e+02
-1.835100315616934665e+02
-1.835100315616934665e+02
-1.835100315616934665e+02
-3.737787338448174523e+02
-1.708136887414808314e+02
-3.479184421571480357e+02
-3.479184421571480357e+02
-3.479184421571480357e+02
-3.479184421571480357e+02
-4.977766999000980377e+02
-4.271539501138635160e+02
-2.851693249559141918e+02
-4.977766999000980377e+02
-4.977766999000980377e+02
-4.977766999000980377e+02
-2.851693249559141918e+02
-4.271539501138635160e+02
-2.447105371357674244e+02
-2.447105371357674244e+02
-2.447105371357674244e+02
-2.447105371357674244e+02
-1.988867593401888882e+02
-1.939617104355461095e+02
-2.607709940376457780e+02
-1.988867593401888882e+02
-1.988867593401888882e+02
-1.988867593401888882e+02
-2.607709940376457780e+02
-1.939617104355461095e+02
-2.543135008248826807e+02
-2.543135008248826807e+02
-2.543135008248826807e+02
-2.543135008248826807e+02
-1.224875260928720735e+02
-1.563870881889070859e+02
-1.075307346070227368e+02
-1.224875260928720735e+02
-1.224875260928720735e+02
-1.224875260928720735e+02
-1.075307346070227368e+02
-1.563870881889070859e+02
-1.372908655470430404e+02
-1.372908655470430404e+02
-1.372908655470430404e+02
-1.372908655470430404e+02
-2.567382917539715663e+02
-2.681624633305220868e+02
-3.396257891956614685e+02
-2.567382917539715663e+02
-2.567382917539715663e+02
-2.567382917539715663e+02
-3.396257891956614685e+02
-2.681624633305220868e+02
-3.547382340946510340e+02
-3.547382340946510340e+02
-3.547382340946510340e+02
-3.547382340946510340e+02
-3.199123859831624941e+02
-2.755439398862896496e+02
-2.922316087292707039e+02
-3.199123859831624941e+02
-3.199123859831624941e+02
-3.199123859831624941e+02
-2.922316087292707039e+02
-2.755439398862896496e+02
-2.517021920895864469e+02
-2.517021920895864469e+02
-2.517021920895864469e+02
-2.517021920895864469e+02
-7.607957571021324839e+01
-3.245472387734545805e+02
-4.987079847171865055e+01
-7.607957571021324839e+01
-7.607957571021324839e+01
-7.607957571021324839e+01
-4.987079847171865055e+01
-3.245472387734545805e+02
-2.127434306557377965e+02
-2.127434306557377965e+02
-2.127434306557377965e+02
-2.127434306557377965e+02
-2.893556804695808751e+02
-3.359589736825320188e+02
-2.889676666413394628e+02
-2.893556804695808751e+02
-2.893556804695808751e+02
-2.893556804695808751e+02
-2.889676666413394628e+02
-3.359589736825320188e+02
-3.355084667932286493e+02
-3.355084667932286493e+02
-3.355084667932286493e+02
-3.355084667932286493e+02
-3.509592954630019221e+02
-1.254301647537901232e+02
-4.023543570325296628e+02
-3.509592954630019221e+02
-3.509592954630019221e+02
-3.509592954630019221e+02
-4.023543570325296628e+02
-1.254301647537901232e+02
-1.437983662048801818e+02
-1.437983662048801818e+02
-1.437983662048801818e+02
-1.437983662048801818e+02
-4.186229637744545471e+02
-2.306069814398077256e+02
-4.087043916500147702e+02
-4.186229637744545471e+02
-4.186229637744545471e+02
-4.186229637744545471e+02
-4.087043916500147702e+02
-2.306069814398077256e+02
-2.251431340741805798e+02
-2.251431340741805798e+02
-2.251431340741805798e+02
-2.251431340741805798e+02
-1.264679687235982470e+02
-2.794238657035107281e+02
-1.742114790406041891e+02
-1.264679687235982470e+02
-1.264679687235982470e+02
-1.264679687235982470e+02
-1.742114790406041891e+02
-2.794238657035107281e+02
-3.849104671700839049e+02
-3.849104671700839049e+02
-3.849104671700839049e+02
-3.849104671700839049e+02
-1.442952182086320363e+02
-3.263102243095100903e+02
-1.556369970172037540e+02
-1.442952182086320363e+02
-1.442952182086320363e+02
-1.442952182086320363e+02
-1.556369970172037540e+02
-3.263102243095100903e+02
-3.519586029116534291e+02
-3.519586029116534291e+02
-3.519586029116534291e+02
-3.519586029116534291e+02
-2.992534590594105453e+02
-8.464401893209095817e+01
-2.483361660181405455e+02
-2.992534590594105453e+02
-2.992534590594105453e+02
-2.992534590594105453e+02
-2.483361660181405455e+02
-8.464401893209095817e+01
-7.024203230275527687e+01
-7.024203230275527687e+01
-7.024203230275527687e+01
-7.024203230275527687e+01
-3.651394630982912872e+02
-2.095228626013834798e+02
-3.498183881493465606e+02
-3.651394630982912872e+02
-3.651394630982912872e+02
-3.651394630982912872e+02
-3.498183881493465606e+02
-2.095228626013834798e+02
-2.007313848076805129e+02
-2.007313848076805129e+02
-2.007313848076805129e+02
-2.007313848076805129e+02
-1.369970295037685446e+02
-2.022879103965896661e+02
-1.591905705475691946e+02
-1.369970295037685446e+02
-1.369970295037685446e+02
-1.369970295037685446e+02
-1.591905705475691946e+02
-2.022879103965896661e+02
-2.350585847558310206e+02
-2.350585847558310206e+02
-2.350585847558310206e+02
-2.350585847558310206e+02
-2.045541262438557624e+02
-3.924301288823855316e+02
-2.137748828757178785e+02
-2.045541262438557624e+02
-2.045541262438557624e+02
-2.045541262438557624e+02
-2.137748828757178785e+02
-3.924301288823855316e+02
-4.101198366378821447e+02
-4.101198366378821447e+02
-4.101198366378821447e+02
-4.101198366378821447e+02
-3.719007478956166892e+02
-2.302173229405593702e+02
-3.018927456866504144e+02
-3.719007478956166892e+02
-3.719007478956166892e+02
-3.719007478956166892e+02
-3.018927456866504144e+02
-2.302173229405593702e+02
-1.868803440714320629e+02
-1.868803440714320629e+02
-1.868803440714320629e+02
-1.868803440714320629e+02
-4.609297870381748226e+02
-1.280949488692105547e+02
-4.720648255659121446e+02
-4.609297870381748226e+02
-4.609297870381748226e+02
-4.609297870381748226e+02
-4.720648255659121446e+02
-1.280949488692105547e+02
-1.311894379453723047e+02
-1.311894379453723047e+02
-1.311894379453723047e+02
-1.311894379453723047e+02
-2.006559252515555727e+02
-2.640709263225356835e+02
-1.508244762018410086e+02
-2.006559252515555727e+02
-2.006559252515555727e+02
-2.006559252515555727e+02
-1.508244762018410086e+02
-2.640709263225356835e+02
-1.984908200084294663e+02
-1.984908200084294663e+02
-1.984908200084294663e+02
-1.984908200084294663e+02
-1.421990882511602479e+02
-6.039258390298773520e+02
-1.566886518580749907e+02
-1.421990882511602479e+02
-1.421990882511602479e+02
-1.421990882511602479e+02
-1.566886518580749907e+02
-6.039258390298773520e+02
-6.654636587592621026e+02
-6.654636587592621026e+02
-6.654636587592621026e+02
-6.654636587592621026e+02
-1.858574737561334871e+02
-1.275451100952524541e+02
-2.514636518272051831e+02
-1.858574737561334871e+02
-1.858574737561334871e+02
-1.858574737561334871e+02
-2.514636518272051831e+02
-1.275451100952524541e+02
-1.725674976048504163e+02
-1.725674976048504163e+02
-1.725674976048504163e+02
-1.725674976048504163e+02
