2.089994626283103329e+01 8.069182238572305721e+01 8.435044788458152425e+02 2.494085418560717926e+02 1.253151252497831969e+01
2.101820555123214618e+01 8.069182238572305721e+01 8.435044788458152425e+02 2.494085418560717926e+02 1.253151252497831969e+01
2.089994626283103329e+01 6.692719694129903019e+01 8.435044788458152425e+02 2.494085418560717926e+02 1.253151252497831969e+01
2.089994626283103329e+01 8.069182238572305721e+01 8.855189428082574068e+02 2.494085418560717926e+02 1.253151252497831969e+01
2.089994626283103329e+01 8.069182238572305721e+01 8.435044788458152425e+02 2.402576863329325931e+02 1.253151252497831969e+01
2.089994626283103329e+01 8.069182238572305721e+01 8.435044788458152425e+02 2.494085418560717926e+02 1.136941112071965421e+01
2.089994626283103329e+01 6.692719694129903019e+01 8.855189428082574068e+02 2.402576863329325931e+02 1.136941112071965421e+01
2.101820555123214618e+01 8.069182238572305721e+01 8.855189428082574068e+02 2.402576863329325931e+02 1.136941112071965421e+01
2.101820555123214618e+01 6.692719694129903019e+01 8.435044788458152425e+02 2.402576863329325931e+02 1.136941112071965421e+01
2.101820555123214618e+01 6.692719694129903019e+01 8.855189428082574068e+02 2.494085418560717926e+02 1.136941112071965421e+01
2.101820555123214618e+01 6.692719694129903019e+01 8.855189428082574068e+02 2.402576863329325931e+02 1.253151252497831969e+01
2.101820555123214618e+01 6.692719694129903019e+01 8.855189428082574068e+02 2.402576863329325931e+02 1.136941112071965421e+01
2.144694915542769920e+01 6.248223135350520607e+01 7.356107574998472955e+02 2.359041207941350535e+02 1.791540801683745343e+01
2.156967105449712463e+01 6.248223135350520607e+01 7.356107574998472955e+02 2.359041207941350535e+02 1.791540801683745343e+01
2.144694915542769920e+01 7.241481542375694858e+01 7.356107574998472955e+02 2.359041207941350535e+02 1.791540801683745343e+01
2.144694915542769920e+01 6.248223135350520607e+01 6.057571228257833127e+02 2.359041207941350535e+02 1.791540801683745343e+01
2.144694915542769920e+01 6.248223135350520607e+01 7.356107574998472955e+02 2.315195867272717294e+02 1.791540801683745343e+01
2.144694915542769920e+01 6.248223135350520607e+01 7.356107574998472955e+02 2.359041207941350535e+02 1.815764410307280485e+01
2.144694915542769920e+01 7.241481542375694858e+01 6.057571228257833127e+02 2.315195867272717294e+02 1.815764410307280485e+01
2.156967105449712463e+01 6.248223135350520607e+01 6.057571228257833127e+02 2.315195867272717294e+02 1.815764410307280485e+01
2.156967105449712463e+01 7.241481542375694858e+01 7.356107574998472955e+02 2.315195867272717294e+02 1.815764410307280485e+01
2.156967105449712463e+01 7.241481542375694858e+01 6.057571228257833127e+02 2.359041207941350535e+02 1.815764410307280485e+01
2.156967105449712463e+01 7.241481542375694858e+01 6.057571228257833127e+02 2.315195867272717294e+02 1.791540801683745343e+01
2.156967105449712463e+01 7.241481542375694858e+01 6.057571228257833127e+02 2.315195867272717294e+02 1.815764410307280485e+01
