2.122439368637885693e+01 6.735264588854144563e+01 6.084024581485998624e+02 2.176453384717825656e+02 1.443133838105403299e+01 3.000000000000000000e+00
2.131472242217341062e+01 6.735264588854144563e+01 6.084024581485998624e+02 2.176453384717825656e+02 1.443133838105403299e+01 1.000000000000000000e+00
2.122439368637885693e+01 8.081420787343542145e+01 6.084024581485998624e+02 2.176453384717825656e+02 1.443133838105403299e+01 1.000000000000000000e+00
2.122439368637885693e+01 6.735264588854144563e+01 7.918181436724246396e+02 2.176453384717825656e+02 1.443133838105403299e+01 3.000000000000000000e+00
2.122439368637885693e+01 6.735264588854144563e+01 6.084024581485998624e+02 2.249149577304962406e+02 1.443133838105403299e+01 3.000000000000000000e+00
2.122439368637885693e+01 6.735264588854144563e+01 6.084024581485998624e+02 2.176453384717825656e+02 1.890229748571628932e+01 3.000000000000000000e+00
2.122439368637885693e+01 6.735264588854144563e+01 6.084024581485998624e+02 2.176453384717825656e+02 1.443133838105403299e+01 1.000000000000000000e+00
2.122439368637885693e+01 8.081420787343542145e+01 7.918181436724246396e+02 2.249149577304962406e+02 1.890229748571628932e+01 2.000000000000000000e+00
2.131472242217341062e+01 6.735264588854144563e+01 7.918181436724246396e+02 2.249149577304962406e+02 1.890229748571628932e+01 1.000000000000000000e+00
2.131472242217341062e+01 8.081420787343542145e+01 6.084024581485998624e+02 2.249149577304962406e+02 1.890229748571628932e+01 2.000000000000000000e+00
2.131472242217341062e+01 8.081420787343542145e+01 7.918181436724246396e+02 2.176453384717825656e+02 1.890229748571628932e+01 3.000000000000000000e+00
2.131472242217341062e+01 8.081420787343542145e+01 7.918181436724246396e+02 2.249149577304962406e+02 1.443133838105403299e+01 1.000000000000000000e+00
2.131472242217341062e+01 8.081420787343542145e+01 7.918181436724246396e+02 2.249149577304962406e+02 1.890229748571628932e+01 2.000000000000000000e+00
2.131472242217341062e+01 8.081420787343542145e+01 7.918181436724246396e+02 2.249149577304962406e+02 1.890229748571628932e+01 2.000000000000000000e+00
2.085308957569524324e+01 7.536279951339784589e+01 7.982644347290150790e+02 2.389764183742578894e+02 2.004899367613793260e+01 3.000000000000000000e+00
2.094673753012728667e+01 7.536279951339784589e+01 7.982644347290150790e+02 2.389764183742578894e+02 2.004899367613793260e+01 2.000000000000000000e+00
2.085308957569524324e+01 5.507121367365714093e+01 7.982644347290150790e+02 2.389764183742578894e+02 2.004899367613793260e+01 1.000000000000000000e+00
2.085308957569524324e+01 7.536279951339784589e+01 7.590534529394708443e+02 2.389764183742578894e+02 2.004899367613793260e+01 1.000000000000000000e+00
2.085308957569524324e+01 7.536279951339784589e+01 7.982644347290150790e+02 2.430100038942575509e+02 2.004899367613793260e+01 3.000000000000000000e+00
2.085308957569524324e+01 7.536279951339784589e+01 7.982644347290150790e+02 2.389764183742578894e+02 1.575811774856461156e+01 2.000000000000000000e+00
2.085308957569524324e+01 7.536279951339784589e+01 7.982644347290150790e+02 2.389764183742578894e+02 2.004899367613793260e+01 2.000000000000000000e+00
2.085308957569524324e+01 5.507121367365714093e+01 7.590534529394708443e+02 2.430100038942575509e+02 1.575811774856461156e+01 1.000000000000000000e+00
2.094673753012728667e+01 7.536279951339784589e+01 7.590534529394708443e+02 2.430100038942575509e+02 1.575811774856461156e+01 3.000000000000000000e+00
2.094673753012728667e+01 5.507121367365714093e+01 7.982644347290150790e+02 2.430100038942575509e+02 1.575811774856461156e+01 3.000000000000000000e+00
2.094673753012728667e+01 5.507121367365714093e+01 7.590534529394708443e+02 2.389764183742578894e+02 1.575811774856461156e+01 1.000000000000000000e+00
2.094673753012728667e+01 5.507121367365714093e+01 7.590534529394708443e+02 2.430100038942575509e+02 2.004899367613793260e+01 2.000000000000000000e+00
2.094673753012728667e+01 5.507121367365714093e+01 7.590534529394708443e+02 2.430100038942575509e+02 1.575811774856461156e+01 2.000000000000000000e+00
2.094673753012728667e+01 5.507121367365714093e+01 7.590534529394708443e+02 2.430100038942575509e+02 1.575811774856461156e+01 3.000000000000000000e+00
