4.703374087067107440e-02
4.703374087067107440e-02
4.703374087067107440e-02
4.870711222109908034e-02
4.346268700273073909e-02
4.703374087067107440e-02
4.502888374170522373e-02
4.502888374170522373e-02
4.346268700273073909e-02
4.870711222109908034e-02
4.502888374170522373e-02
4.502888374170522373e-02
3.770907723461892902e-02
3.770907723461892902e-02
3.770907723461892902e-02
3.258300799926255875e-02
3.621319337077571338e-02
3.770907723461892902e-02
3.127867144477206041e-02
3.127867144477206041e-02
3.621319337077571338e-02
3.258300799926255875e-02
3.127867144477206041e-02
3.127867144477206041e-02
