2.939608804416941890e-02
2.939608804416941890e-02
2.939608804416941890e-02
3.044194513818692174e-02
2.716417937670671454e-02
2.939608804416941890e-02
2.814305233856577090e-02
2.814305233856577090e-02
2.716417937670671454e-02
3.044194513818692174e-02
2.814305233856577090e-02
2.814305233856577090e-02
2.356817327163683237e-02
2.356817327163683237e-02
2.356817327163683237e-02
2.036437999953909922e-02
2.263324585673482173e-02
2.356817327163683237e-02
1.954916965298253775e-02
1.954916965298253775e-02
2.263324585673482173e-02
2.036437999953909922e-02
1.954916965298253775e-02
1.954916965298253775e-02
