2.302377226000488442e+00
2.303705031934582426e+00
2.265334331560728387e+00
2.299878924756248555e+00
2.280139782605327348e+00
2.302377226000488442e+00
2.236301627943701131e+00
2.278956107115497343e+00
2.241105955870720035e+00
2.263986668830321847e+00
2.238024844324100648e+00
2.238024844324100648e+00
2.225371415842925860e+00
2.227216301359210338e+00
2.259593303174385781e+00
2.236913365823972377e+00
2.210552739899497521e+00
2.225371415842925860e+00
2.257082244813925609e+00
2.224408327323950996e+00
2.248128701580538014e+00
2.271421211204799562e+00
2.258735725607348588e+00
2.258735725607348588e+00
