1.173061672859039994e+01
1.173061672859039994e+01
1.173061672859039994e+01
1.214796983708437494e+01
1.044224462108850915e+01
1.173061672859039994e+01
1.081853542593670348e+01
1.081853542593670348e+01
1.044224462108850915e+01
1.214796983708437494e+01
1.081853542593670348e+01
1.081853542593670348e+01
8.895726710990912167e+00
8.895726710990912167e+00
8.895726710990912167e+00
7.686465854894303895e+00
8.384063563276770381e+00
8.895726710990912167e+00
7.241625086271742617e+00
7.241625086271742617e+00
8.384063563276770381e+00
7.686465854894303895e+00
7.241625086271742617e+00
7.241625086271742617e+00
