-3.661875599698056249e+03
-3.690748770585509646e+03
-2.980645077804471384e+03
-3.657902111659838283e+03
-3.626507480847322313e+03
-3.322294023400105289e+03
-2.669579242480242556e+03
-3.312516513553111508e+03
-2.694854573844279003e+03
-2.722367862009203691e+03
-2.966220068217645803e+03
-2.691149640785588872e+03
-4.037229142835626135e+03
-4.071076349166048658e+03
-4.761566678774378488e+03
-4.058168342690938061e+03
-4.010345365165468593e+03
-4.091816935973058207e+03
-4.820585297462100243e+03
-4.120919765299323444e+03
-4.837706473242375068e+03
-4.887829192866091034e+03
-4.795688530566613736e+03
-4.860531531594356238e+03
