1.050285184475592004e+01
1.050285184475592004e+01
1.050285184475592004e+01
1.087652340584078203e+01
9.349324994541087008e+00
8.918089473602995199e+00
8.224688363289553550e+00
8.224688363289553550e+00
7.938616868211942901e+00
9.235378193348157794e+00
9.686231967576208746e+00
8.224688363289553550e+00
1.093211904094458475e+01
1.093211904094458475e+01
1.093211904094458475e+01
9.446036558883923462e+00
1.030332696791873381e+01
1.093211904094458475e+01
8.899363713051251068e+00
8.899363713051251068e+00
1.030332696791873381e+01
9.446036558883923462e+00
8.899363713051251068e+00
8.899363713051251068e+00
