3.497831714972788886e-01
3.497831714972788886e-01
3.497831714972788886e-01
3.622277937452699215e-01
3.113665313276025026e-01
2.970048198224248814e-01
2.739120405401701541e-01
2.739120405401701541e-01
2.643848191433286199e-01
3.075716883561543935e-01
3.225867590590459910e-01
2.739120405401701541e-01
3.640793306283425790e-01
3.640793306283425790e-01
3.640793306283425790e-01
3.145873782172204369e-01
3.431382673089406476e-01
3.640793306283425790e-01
2.963811838794159215e-01
2.963811838794159215e-01
3.431382673089406476e-01
3.145873782172204369e-01
2.963811838794159215e-01
2.963811838794159215e-01
