2.914196330543737545e+01
2.935601896021137591e+01
2.414672388865920638e+01
2.874691226317642645e+01
2.594130527105960482e+01
2.914196330543737545e+01
2.121267211981103884e+01
2.578898933939389337e+01
2.165276076824726204e+01
2.399455260852909078e+01
2.136866660900245662e+01
2.136866660900245662e+01
2.026880194744941832e+01
2.042280950207422663e+01
2.351032252624582597e+01
2.126781584816239956e+01
1.910298387077524396e+01
2.026880194744941832e+01
2.324142399610974152e+01
2.018922429922443840e+01
2.232626970319189397e+01
2.485637824100946958e+01
2.341785882120834117e+01
2.341785882120834117e+01
