5.265018804138251601e-02
5.265018804138251601e-02
5.265018804138251601e-02
4.548916571243364487e-02
5.558701831118109671e-02
5.265018804138251601e-02
4.794278326590569600e-02
4.794278326590569600e-02
5.558701831118109671e-02
4.548916571243364487e-02
4.794278326590569600e-02
4.794278326590569600e-02
5.931060172829541455e-02
5.931060172829541455e-02
5.931060172829541455e-02
6.512774022635621496e-02
4.408330462042223813e-02
5.931060172829541455e-02
6.114475949647407704e-02
6.114475949647407704e-02
4.408330462042223813e-02
6.512774022635621496e-02
6.114475949647407704e-02
6.114475949647407704e-02
5.792823189930288580e-02
5.792823189930288580e-02
5.792823189930288580e-02
6.035032146892969213e-02
6.024052392299480280e-02
5.792823189930288580e-02
6.268764678140940905e-02
6.268764678140940905e-02
6.024052392299480280e-02
6.035032146892969213e-02
6.268764678140940905e-02
6.268764678140940905e-02
2.953601322880799931e-03
2.953601322880799931e-03
2.953601322880799931e-03
4.885443752799417151e-03
3.867733034203889309e-02
2.953601322880799931e-03
4.439875357986990817e-02
4.439875357986990817e-02
3.867733034203889309e-02
4.885443752799417151e-03
4.439875357986990817e-02
4.439875357986990817e-02
3.737504236522853213e-02
3.737504236522853213e-02
3.737504236522853213e-02
4.906538322609434871e-02
6.112188491072917396e-02
3.737504236522853213e-02
6.524431693589206882e-02
6.524431693589206882e-02
6.112188491072917396e-02
4.906538322609434871e-02
6.524431693589206882e-02
6.524431693589206882e-02
5.688827882410586040e-02
5.688827882410586040e-02
5.688827882410586040e-02
5.113409203727305868e-02
5.204229601461120985e-02
5.688827882410586040e-02
4.673842230033806860e-02
4.673842230033806860e-02
5.204229601461120985e-02
5.113409203727305868e-02
4.673842230033806860e-02
4.673842230033806860e-02
5.397245753215800662e-02
5.397245753215800662e-02
5.397245753215800662e-02
5.107733251577913774e-02
5.061581000765504740e-02
5.397245753215800662e-02
4.795004302743574587e-02
4.795004302743574587e-02
5.061581000765504740e-02
5.107733251577913774e-02
4.795004302743574587e-02
4.795004302743574587e-02
4.765152518946966231e-02
4.765152518946966231e-02
4.765152518946966231e-02
4.675572552657670383e-02
1.257616085427392533e-02
4.765152518946966231e-02
1.145722711400168868e-02
1.145722711400168868e-02
1.257616085427392533e-02
4.675572552657670383e-02
1.145722711400168868e-02
1.145722711400168868e-02
4.844180993328321000e-02
4.844180993328321000e-02
4.844180993328321000e-02
5.806144275847747310e-02
5.487799112052655498e-02
4.844180993328321000e-02
6.619404683850890758e-02
6.619404683850890758e-02
5.487799112052655498e-02
5.806144275847747310e-02
6.619404683850890758e-02
6.619404683850890758e-02
2.039462491849712220e-02
2.039462491849712220e-02
2.039462491849712220e-02
1.410961337721428066e-02
5.235032372099191617e-02
2.039462491849712220e-02
4.748767628592096002e-02
4.748767628592096002e-02
5.235032372099191617e-02
1.410961337721428066e-02
4.748767628592096002e-02
4.748767628592096002e-02
4.647711329483280446e-02
4.647711329483280446e-02
4.647711329483280446e-02
4.009805030003426446e-02
5.590217929014437009e-02
4.647711329483280446e-02
4.750059217059487970e-02
4.750059217059487970e-02
5.590217929014437009e-02
4.009805030003426446e-02
4.750059217059487970e-02
4.750059217059487970e-02
6.472674044859642872e-02
6.472674044859642872e-02
6.472674044859642872e-02
6.170811660503325996e-02
2.442504155022941822e-03
6.472674044859642872e-02
1.770162253533922626e-03
1.770162253533922626e-03
2.442504155022941822e-03
6.170811660503325996e-02
1.770162253533922626e-03
1.770162253533922626e-03
6.393860201722054160e-02
6.393860201722054160e-02
6.393860201722054160e-02
4.585805077593797102e-02
5.463557674644160117e-02
6.393860201722054160e-02
4.809774964963740157e-02
4.809774964963740157e-02
5.463557674644160117e-02
4.585805077593797102e-02
4.809774964963740157e-02
4.809774964963740157e-02
4.258245995596849492e-02
4.258245995596849492e-02
4.258245995596849492e-02
5.345977558252721501e-02
1.502017709147575146e-02
4.258245995596849492e-02
3.142606383211652560e-02
3.142606383211652560e-02
1.502017709147575146e-02
5.345977558252721501e-02
3.142606383211652560e-02
3.142606383211652560e-02
2.839601773187489160e-04
2.839601773187489160e-04
2.839601773187489160e-04
3.191933597769052128e-04
6.347360239133620352e-02
2.839601773187489160e-04
6.407121159932425980e-02
6.407121159932425980e-02
6.347360239133620352e-02
3.191933597769052128e-04
6.407121159932425980e-02
6.407121159932425980e-02
5.412075882830957863e-02
5.412075882830957863e-02
5.412075882830957863e-02
5.691442266747146622e-02
4.364997810670057793e-02
5.412075882830957863e-02
4.570447608078640617e-02
4.570447608078640617e-02
4.364997810670057793e-02
5.691442266747146622e-02
4.570447608078640617e-02
4.570447608078640617e-02
6.126945667684414315e-02
6.126945667684414315e-02
6.126945667684414315e-02
6.267007581519390413e-02
5.359686954218292887e-02
6.126945667684414315e-02
5.499339149983378111e-02
5.499339149983378111e-02
5.359686954218292887e-02
6.267007581519390413e-02
5.499339149983378111e-02
5.499339149983378111e-02
4.029686294760450455e-02
4.029686294760450455e-02
4.029686294760450455e-02
4.404046066216241867e-02
4.685581324151554677e-02
4.029686294760450455e-02
6.231178449823962517e-02
6.231178449823962517e-02
4.685581324151554677e-02
4.404046066216241867e-02
6.231178449823962517e-02
6.231178449823962517e-02
6.605026910389480421e-02
6.605026910389480421e-02
6.605026910389480421e-02
3.712489615902719170e-02
3.228851073661741342e-04
6.605026910389480421e-02
1.436545489544247271e-04
1.436545489544247271e-04
3.228851073661741342e-04
3.712489615902719170e-02
1.436545489544247271e-04
1.436545489544247271e-04
5.155955759794472737e-02
5.155955759794472737e-02
5.155955759794472737e-02
5.467665612788011331e-02
5.718682322380356370e-02
5.155955759794472737e-02
6.065463265206036403e-02
6.065463265206036403e-02
5.718682322380356370e-02
5.467665612788011331e-02
6.065463265206036403e-02
6.065463265206036403e-02
4.670095418416472105e-02
4.670095418416472105e-02
4.670095418416472105e-02
4.712442495060973485e-02
1.022309357702152859e-02
4.670095418416472105e-02
1.046874774679169839e-02
1.046874774679169839e-02
1.022309357702152859e-02
4.712442495060973485e-02
1.046874774679169839e-02
1.046874774679169839e-02
1.096100855799668310e-02
1.096100855799668310e-02
1.096100855799668310e-02
1.112709229324501496e-02
5.589249751274690675e-02
1.096100855799668310e-02
5.608557093077006644e-02
5.608557093077006644e-02
5.589249751274690675e-02
1.112709229324501496e-02
5.608557093077006644e-02
5.608557093077006644e-02
4.599053093797109831e-02
4.599053093797109831e-02
4.599053093797109831e-02
5.154668460744338959e-02
4.507518173054577554e-02
4.599053093797109831e-02
5.049565732762043707e-02
5.049565732762043707e-02
4.507518173054577554e-02
5.154668460744338959e-02
5.049565732762043707e-02
5.049565732762043707e-02
6.502166120981595077e-02
6.502166120981595077e-02
6.502166120981595077e-02
5.837655102129644252e-02
6.435406163322661410e-02
6.502166120981595077e-02
5.776421961096398633e-02
5.776421961096398633e-02
6.435406163322661410e-02
5.837655102129644252e-02
5.776421961096398633e-02
5.776421961096398633e-02
1.448831514260506608e-03
1.448831514260506608e-03
1.448831514260506608e-03
1.057703239469357870e-03
3.393078213808939370e-02
1.448831514260506608e-03
2.528382123826352842e-02
2.528382123826352842e-02
3.393078213808939370e-02
1.057703239469357870e-03
2.528382123826352842e-02
2.528382123826352842e-02
6.094134059439313550e-02
6.094134059439313550e-02
6.094134059439313550e-02
5.925941521455401623e-02
5.664980696640112973e-02
6.094134059439313550e-02
5.502464697310906899e-02
5.502464697310906899e-02
5.664980696640112973e-02
5.925941521455401623e-02
5.502464697310906899e-02
5.502464697310906899e-02
5.312570924132193478e-02
5.312570924132193478e-02
5.312570924132193478e-02
6.661305421573572583e-02
4.007666751672016303e-02
5.312570924132193478e-02
4.860338257013210178e-02
4.860338257013210178e-02
4.007666751672016303e-02
6.661305421573572583e-02
4.860338257013210178e-02
4.860338257013210178e-02
5.205091183087707379e-02
5.205091183087707379e-02
5.205091183087707379e-02
4.905594433579979485e-02
6.134301432906916901e-02
5.205091183087707379e-02
5.774130169479273905e-02
5.774130169479273905e-02
6.134301432906916901e-02
4.905594433579979485e-02
5.774130169479273905e-02
5.774130169479273905e-02
5.000043607060625228e-02
5.000043607060625228e-02
5.000043607060625228e-02
5.002388048898590012e-02
5.310433376581439463e-02
5.000043607060625228e-02
5.311872353760855453e-02
5.311872353760855453e-02
5.310433376581439463e-02
5.002388048898590012e-02
5.311872353760855453e-02
5.311872353760855453e-02
6.033106103634158779e-02
6.033106103634158779e-02
6.033106103634158779e-02
6.057376290166702898e-02
6.226332616364110145e-02
6.033106103634158779e-02
6.251270154452676087e-02
6.251270154452676087e-02
6.226332616364110145e-02
6.057376290166702898e-02
6.251270154452676087e-02
6.251270154452676087e-02
5.687108015480481921e-02
5.687108015480481921e-02
5.687108015480481921e-02
5.014669145886049145e-02
6.302723438271195903e-03
5.687108015480481921e-02
3.752968893485610774e-03
3.752968893485610774e-03
6.302723438271195903e-03
5.014669145886049145e-02
3.752968893485610774e-03
3.752968893485610774e-03
2.053064240380016170e-02
2.053064240380016170e-02
2.053064240380016170e-02
3.347097413027847607e-02
5.203234628937630779e-02
2.053064240380016170e-02
5.955461359761072410e-02
5.955461359761072410e-02
5.203234628937630779e-02
3.347097413027847607e-02
5.955461359761072410e-02
5.955461359761072410e-02
6.058874529864568398e-02
6.058874529864568398e-02
6.058874529864568398e-02
6.370980190198484439e-02
5.457057473644989082e-02
6.058874529864568398e-02
6.441935572072653160e-02
6.441935572072653160e-02
5.457057473644989082e-02
6.370980190198484439e-02
6.441935572072653160e-02
6.441935572072653160e-02
5.243968339529406913e-02
5.243968339529406913e-02
5.243968339529406913e-02
4.290640554718785221e-02
5.539903189546205309e-02
5.243968339529406913e-02
4.518583684604595557e-02
4.518583684604595557e-02
5.539903189546205309e-02
4.290640554718785221e-02
4.518583684604595557e-02
4.518583684604595557e-02
4.926251465622448998e-03
4.926251465622448998e-03
4.926251465622448998e-03
6.402850555196733934e-03
5.184248238503521428e-02
4.926251465622448998e-03
5.640583580231366828e-02
5.640583580231366828e-02
5.184248238503521428e-02
6.402850555196733934e-03
5.640583580231366828e-02
5.640583580231366828e-02
5.836601137921230281e-02
5.836601137921230281e-02
5.836601137921230281e-02
5.971665240734626984e-02
1.682275589152875468e-05
5.836601137921230281e-02
2.043519966695094852e-05
2.043519966695094852e-05
1.682275589152875468e-05
5.971665240734626984e-02
2.043519966695094852e-05
2.043519966695094852e-05
5.580894106343642358e-02
5.580894106343642358e-02
5.580894106343642358e-02
5.290344120933691135e-02
5.849397942699933323e-02
5.580894106343642358e-02
5.546392086010341199e-02
5.546392086010341199e-02
5.849397942699933323e-02
5.290344120933691135e-02
5.546392086010341199e-02
5.546392086010341199e-02
3.622200007600696881e-02
3.622200007600696881e-02
3.622200007600696881e-02
5.880290865391361171e-02
1.091559464354436605e-02
3.622200007600696881e-02
1.952895100494880104e-02
1.952895100494880104e-02
1.091559464354436605e-02
5.880290865391361171e-02
1.952895100494880104e-02
1.952895100494880104e-02
4.560582632249934182e-02
4.560582632249934182e-02
4.560582632249934182e-02
4.730906557168256671e-02
6.203615197167420409e-02
4.560582632249934182e-02
6.427914564297521061e-02
6.427914564297521061e-02
6.203615197167420409e-02
4.730906557168256671e-02
6.427914564297521061e-02
6.427914564297521061e-02
4.896605030243932760e-02
4.896605030243932760e-02
4.896605030243932760e-02
5.440730106668219962e-02
4.046827534785325808e-02
4.896605030243932760e-02
4.448001745760197384e-02
4.448001745760197384e-02
4.046827534785325808e-02
5.440730106668219962e-02
4.448001745760197384e-02
4.448001745760197384e-02
2.450660059394079229e-02
2.450660059394079229e-02
2.450660059394079229e-02
2.080891737302559968e-02
5.514407797039942022e-02
2.450660059394079229e-02
5.285295793950626347e-02
5.285295793950626347e-02
5.514407797039942022e-02
2.080891737302559968e-02
5.285295793950626347e-02
5.285295793950626347e-02
4.694081074178180213e-02
4.694081074178180213e-02
4.694081074178180213e-02
5.817878379273936501e-02
2.039760389225900999e-02
4.694081074178180213e-02
4.313136964275558066e-02
4.313136964275558066e-02
2.039760389225900999e-02
5.817878379273936501e-02
4.313136964275558066e-02
4.313136964275558066e-02
6.423436448273377175e-02
6.423436448273377175e-02
6.423436448273377175e-02
6.306109517810132292e-02
6.353113931812603976e-02
6.423436448273377175e-02
6.236215990122359609e-02
6.236215990122359609e-02
6.353113931812603976e-02
6.306109517810132292e-02
6.236215990122359609e-02
6.236215990122359609e-02
4.532220832707023472e-02
4.532220832707023472e-02
4.532220832707023472e-02
4.249152145063338909e-02
4.435306233151031091e-02
4.532220832707023472e-02
4.162604650165449560e-02
4.162604650165449560e-02
4.435306233151031091e-02
4.249152145063338909e-02
4.162604650165449560e-02
4.162604650165449560e-02
4.673574803157890672e-02
4.673574803157890672e-02
4.673574803157890672e-02
5.185820651092662437e-02
5.702648155801528368e-02
4.673574803157890672e-02
6.351704457663728820e-02
6.351704457663728820e-02
5.702648155801528368e-02
5.185820651092662437e-02
6.351704457663728820e-02
6.351704457663728820e-02
6.604614097329970790e-02
6.604614097329970790e-02
6.604614097329970790e-02
4.348999035301830823e-02
5.249930335952577437e-02
6.604614097329970790e-02
4.228138916067564201e-02
4.228138916067564201e-02
5.249930335952577437e-02
4.348999035301830823e-02
4.228138916067564201e-02
4.228138916067564201e-02
5.758564179923213872e-02
5.758564179923213872e-02
5.758564179923213872e-02
5.444488512409999953e-02
5.682370229384658966e-02
5.758564179923213872e-02
5.373072069786372779e-02
5.373072069786372779e-02
5.682370229384658966e-02
5.444488512409999953e-02
5.373072069786372779e-02
5.373072069786372779e-02
1.150233151097497649e-03
1.150233151097497649e-03
1.150233151097497649e-03
1.014351586631493307e-03
4.624356003588159757e-03
1.150233151097497649e-03
4.135436823494951196e-03
4.135436823494951196e-03
4.624356003588159757e-03
1.014351586631493307e-03
4.135436823494951196e-03
4.135436823494951196e-03
4.078273759456369635e-02
4.078273759456369635e-02
4.078273759456369635e-02
4.318463633666880241e-02
2.952454872093521546e-02
4.078273759456369635e-02
3.554774377005883584e-02
3.554774377005883584e-02
2.952454872093521546e-02
4.318463633666880241e-02
3.554774377005883584e-02
3.554774377005883584e-02
6.187638514874978929e-02
6.187638514874978929e-02
6.187638514874978929e-02
6.311904374073563917e-02
5.456906051717488187e-02
6.187638514874978929e-02
5.571388599913673634e-02
5.571388599913673634e-02
5.456906051717488187e-02
6.311904374073563917e-02
5.571388599913673634e-02
5.571388599913673634e-02
5.208878020460563224e-02
5.208878020460563224e-02
5.208878020460563224e-02
5.420217892981341740e-02
4.378221189046679895e-02
5.208878020460563224e-02
4.544355563385171770e-02
4.544355563385171770e-02
4.378221189046679895e-02
5.420217892981341740e-02
4.544355563385171770e-02
4.544355563385171770e-02
4.243345156318659162e-02
4.243345156318659162e-02
4.243345156318659162e-02
1.807516999507816427e-02
6.291405113146890382e-02
4.243345156318659162e-02
4.849276913299600117e-02
4.849276913299600117e-02
6.291405113146890382e-02
1.807516999507816427e-02
4.849276913299600117e-02
4.849276913299600117e-02
3.984387189316576129e-03
3.984387189316576129e-03
3.984387189316576129e-03
3.616369887508381811e-03
5.170184732283581580e-02
3.984387189316576129e-03
5.085697022536719153e-02
5.085697022536719153e-02
5.170184732283581580e-02
3.616369887508381811e-03
5.085697022536719153e-02
5.085697022536719153e-02
5.273252149511330894e-02
5.273252149511330894e-02
5.273252149511330894e-02
5.014562540955843500e-02
5.723396770522685278e-02
5.273252149511330894e-02
5.439205028647403628e-02
5.439205028647403628e-02
5.723396770522685278e-02
5.014562540955843500e-02
5.439205028647403628e-02
5.439205028647403628e-02
6.639582807736560399e-02
6.639582807736560399e-02
6.639582807736560399e-02
6.088787355439436583e-02
1.087167824965662964e-02
6.639582807736560399e-02
6.642051131597112058e-03
6.642051131597112058e-03
1.087167824965662964e-02
6.088787355439436583e-02
6.642051131597112058e-03
6.642051131597112058e-03
5.034188182513399390e-02
5.034188182513399390e-02
5.034188182513399390e-02
5.340237880722089464e-02
5.649955121502616556e-02
5.034188182513399390e-02
5.981650783120886355e-02
5.981650783120886355e-02
5.649955121502616556e-02
5.340237880722089464e-02
5.981650783120886355e-02
5.981650783120886355e-02
6.229384814250749081e-02
6.229384814250749081e-02
6.229384814250749081e-02
6.117330144681720067e-02
5.451074192044094019e-02
6.229384814250749081e-02
5.336865060258261240e-02
5.336865060258261240e-02
5.451074192044094019e-02
6.117330144681720067e-02
5.336865060258261240e-02
5.336865060258261240e-02
1.307008114933990811e-05
1.307008114933990811e-05
1.307008114933990811e-05
9.570866458483215576e-06
6.234788637059943822e-02
1.307008114933990811e-05
5.471856056785079359e-02
5.471856056785079359e-02
6.234788637059943822e-02
9.570866458483215576e-06
5.471856056785079359e-02
5.471856056785079359e-02
5.420521981374647885e-02
5.420521981374647885e-02
5.420521981374647885e-02
5.157426789493948366e-02
9.191368640752486116e-04
5.420521981374647885e-02
7.143950944741256186e-04
7.143950944741256186e-04
9.191368640752486116e-04
5.157426789493948366e-02
7.143950944741256186e-04
7.143950944741256186e-04
4.235438114991019187e-02
4.235438114991019187e-02
4.235438114991019187e-02
6.760948898784603645e-02
5.197216614536803725e-02
4.235438114991019187e-02
6.153829020963706015e-02
6.153829020963706015e-02
5.197216614536803725e-02
6.760948898784603645e-02
6.153829020963706015e-02
6.153829020963706015e-02
5.807281659231983834e-02
5.807281659231983834e-02
5.807281659231983834e-02
5.840914332188587577e-02
1.840815207627717956e-02
5.807281659231983834e-02
1.874960735498965025e-02
1.874960735498965025e-02
1.840815207627717956e-02
5.840914332188587577e-02
1.874960735498965025e-02
1.874960735498965025e-02
5.102416636990394355e-02
5.102416636990394355e-02
5.102416636990394355e-02
5.110092299981522368e-02
5.779425846375169790e-02
5.102416636990394355e-02
5.786968261502287852e-02
5.786968261502287852e-02
5.779425846375169790e-02
5.110092299981522368e-02
5.786968261502287852e-02
5.786968261502287852e-02
8.092141056469692381e-03
8.092141056469692381e-03
8.092141056469692381e-03
1.504068052160887660e-02
4.037454976753880598e-02
8.092141056469692381e-03
4.820529984847164023e-02
4.820529984847164023e-02
4.037454976753880598e-02
1.504068052160887660e-02
4.820529984847164023e-02
4.820529984847164023e-02
5.650692362533443758e-02
5.650692362533443758e-02
5.650692362533443758e-02
4.721217992288889026e-02
6.180577476673857623e-02
5.650692362533443758e-02
5.149060890138223295e-02
5.149060890138223295e-02
6.180577476673857623e-02
4.721217992288889026e-02
5.149060890138223295e-02
5.149060890138223295e-02
