2.269889522157365835e+00
2.409545990590757469e+00
2.318276305847654317e+00
2.368044876938170340e+00
2.256016394238201439e+00
2.269889522157365835e+00
2.389951287938559599e+00
2.446060204127693094e+00
2.424462631865252682e+00
2.460500844864220937e+00
2.457834063721993978e+00
2.457834063721993978e+00
2.436733793923815838e+00
2.472414513219234777e+00
2.373480606142995608e+00
2.409342136561838821e+00
2.384400566327867566e+00
2.436733793923815838e+00
2.243764800396734316e+00
2.441635231696607011e+00
2.397430469240919404e+00
2.419655698375125397e+00
2.383025442887837464e+00
2.383025442887837464e+00
2.435624201903118902e+00
2.425072178616104690e+00
2.469247619371709224e+00
2.412535243234825266e+00
2.426577567201129604e+00
2.435624201903118902e+00
2.451993631886818736e+00
2.384195428934992034e+00
2.459012685057401892e+00
2.451048562469613668e+00
2.444057321547898898e+00
2.444057321547898898e+00
6.820263363809256907e-01
5.954741621137263907e-01
5.775058679570054254e-01
6.031542896343347060e-01
2.456693714924423677e+00
6.820263363809256907e-01
2.409805882489791440e+00
2.413222530260213272e+00
2.435603661819864207e+00
4.373129620200844614e-01
2.392461800152442031e+00
2.392461800152442031e+00
1.978486214799548115e+00
1.901866799071400882e+00
2.250692058143919372e+00
1.922140359078104099e+00
2.288224096540075969e+00
1.978486214799548115e+00
2.370679403742102398e+00
2.164704627931847369e+00
2.389377735566399430e+00
2.173160257931389339e+00
2.347548989705523503e+00
2.347548989705523503e+00
2.461001550996784637e+00
2.454758197838139644e+00
2.450108208217923078e+00
2.477031123138938362e+00
2.464994509836833103e+00
2.461001550996784637e+00
2.473564059823909034e+00
2.476049299114487123e+00
2.448048008492401006e+00
2.465830891486372689e+00
2.469309720818753995e+00
2.469309720818753995e+00
2.443670564643316112e+00
2.434034891887459029e+00
2.457377886658207000e+00
2.452464197525113576e+00
2.454934563376348411e+00
2.443670564643316112e+00
2.471326369921944099e+00
2.455484201870025363e+00
2.460053595094356726e+00
2.457859023845391011e+00
2.466359065350780089e+00
2.466359065350780089e+00
2.391936422170797716e+00
2.370405212648738047e+00
2.263462403893066632e+00
2.401120535060564887e+00
1.039914915835914888e+00
2.391936422170797716e+00
5.969413685515446710e-01
9.370344001329901085e-01
5.041533697920801416e-01
2.239889139224582326e+00
5.116177652015163613e-01
5.116177652015163613e-01
2.390579826296578503e+00
2.368964539932111979e+00
2.440307766461216943e+00
2.293773190880721291e+00
2.302039452456549729e+00
2.390579826296578503e+00
2.294225217112058068e+00
2.078447061445815258e+00
2.368894281042793093e+00
2.363254169207619437e+00
2.256286147827961663e+00
2.256286147827961663e+00
2.089036765178570842e+00
2.031518190929718415e+00
1.958392496892636059e+00
2.119845601826680692e+00
2.465166371132197831e+00
2.089036765178570842e+00
2.465942667269599209e+00
2.471537415981623020e+00
2.443106488589221303e+00
1.929709828131848104e+00
2.460169215206086335e+00
2.460169215206086335e+00
2.479792355827652894e+00
2.476586055506602602e+00
2.482279452824669441e+00
2.488179807494052209e+00
2.472863711395759889e+00
2.479792355827652894e+00
2.485854823830065286e+00
2.481301496841255005e+00
2.472423258025374437e+00
2.487986744392181038e+00
2.483603219091310876e+00
2.483603219091310876e+00
2.402269178535088479e+00
2.384902763618151234e+00
2.281404286672162218e+00
2.426869382934840225e+00
2.823185333117120277e-01
2.402269178535088479e+00
1.313997165279246204e-01
2.480269589346823234e-01
1.088115508179157837e-01
2.305625760623419840e+00
1.115460114875256314e-01
1.115460114875256314e-01
2.284442093783490169e+00
2.068509626131238566e+00
2.347370578055294033e+00
2.323742446277639484e+00
2.393663280923672865e+00
2.284442093783490169e+00
2.450891715153335593e+00
2.349002066439343395e+00
2.342878063676421263e+00
2.243151564150213328e+00
2.394874623929432733e+00
2.394874623929432733e+00
2.488584613144158464e+00
2.477833163321855992e+00
2.479508096421959351e+00
2.474317663754279639e+00
2.367407094149021063e+00
2.488584613144158464e+00
2.198762531861321978e+00
2.177130020785835729e+00
2.088847658391910667e+00
2.412009516261881537e+00
1.972786692600065450e+00
1.972786692600065450e+00
9.510369090490081861e-03
1.347154247491030334e-02
2.305355032156955475e-02
9.476827413205362455e-03
2.349842188019452216e+00
9.510369090490081861e-03
2.428835367312126792e+00
2.380194465791765523e+00
2.454635056879293398e+00
3.246453567922973765e-02
2.449410328927716929e+00
2.449410328927716929e+00
2.364143338074332856e+00
2.408273993983564232e+00
2.350051248748507682e+00
2.341932260609432159e+00
2.403578659930200701e+00
2.364143338074332856e+00
2.375198815523118068e+00
2.423973045639516322e+00
2.428394367992150027e+00
2.381833738006952306e+00
2.415964265103518471e+00
2.415964265103518471e+00
2.181632685741602184e+00
2.368468651488836230e+00
2.188327294024518199e+00
2.117917510505220591e+00
2.260072927603124171e+00
2.181632685741602184e+00
2.216929449343318925e+00
2.381434952898671575e+00
2.405114337235486843e+00
2.342922465124629205e+00
2.384086698427865247e+00
2.384086698427865247e+00
2.474998652838105606e+00
2.409548047619960442e+00
2.475330194963574648e+00
2.465211889535376955e+00
2.423557119194279963e+00
2.474998652838105606e+00
2.413806953181853121e+00
2.203617292338025724e+00
2.240936622715274051e+00
2.377050533053225667e+00
2.207196970145949511e+00
2.207196970145949511e+00
2.383824890638060801e+00
2.147979906432989861e+00
2.385715485259779722e+00
2.413259650127993705e+00
2.404584862464860529e-02
2.383824890638060801e+00
2.623453528527540379e-02
7.725445806295894689e-03
7.324191706085471203e-03
2.234543865359498227e+00
7.859840229372524328e-03
7.859840229372524328e-03
2.445803213222057515e+00
2.477283614176613025e+00
2.446389459457620319e+00
2.431304630204806472e+00
2.431131212051469426e+00
2.445803213222057515e+00
2.413792058196196688e+00
2.463188460478092701e+00
2.471348819005704023e+00
2.471422155847651236e+00
2.463588591067049194e+00
2.463588591067049194e+00
2.462131217223809898e+00
2.473439082310459280e+00
2.451126959437821551e+00
2.460944264374475221e+00
1.934576314047619094e+00
2.462131217223809898e+00
1.804744346631374396e+00
2.070412493796557118e+00
1.977110178473844293e+00
2.464606991239003175e+00
1.970202151198601426e+00
1.970202151198601426e+00
2.086677689150070236e+00
1.175254581722241953e+00
2.025856429447832507e+00
2.085788369531131892e+00
2.482580722484553526e+00
2.086677689150070236e+00
2.479152391653579812e+00
2.402672560490003217e+00
2.387191333008694016e+00
1.069686248855791000e+00
2.385655525998994442e+00
2.385655525998994442e+00
2.464164124111623000e+00
2.429758301707209522e+00
2.448974791923193450e+00
2.442343034595099827e+00
2.464700494537500397e+00
2.464164124111623000e+00
2.419374550478471164e+00
2.389513312167465209e+00
2.401914282309133064e+00
2.342334104590607424e+00
2.344506510885296269e+00
2.344506510885296269e+00
2.319991581047447404e+00
2.453476919857202621e+00
2.282731424731680114e+00
2.382419549413044457e+00
2.331553650900464181e+00
2.319991581047447404e+00
2.366562542955734205e+00
2.472228915711836450e+00
2.447066586505385555e+00
2.463595571659954242e+00
2.466061248363876413e+00
2.466061248363876413e+00
9.483576827793228914e-02
3.567508487482149437e-01
9.655803053997147334e-02
1.042979876749435819e-01
1.951780144675637763e+00
9.483576827793228914e-02
2.008653631837352904e+00
2.360625977151313393e+00
2.346711013140486912e+00
3.942207091156316179e-01
2.363036783343430258e+00
2.363036783343430258e+00
2.447704545604657334e+00
2.397018772106898066e+00
2.448295445848915008e+00
2.456638977397668455e+00
2.455959058469038059e+00
2.447704545604657334e+00
2.463879420687490107e+00
2.427600732128178063e+00
2.413961308950745455e+00
2.415267233791830837e+00
2.428414339453245585e+00
2.428414339453245585e+00
2.443666400075959810e+00
2.196731058942789527e+00
2.445093089458489910e+00
2.380434804699109730e+00
2.476018538520312173e+00
2.443666400075959810e+00
2.447951342486829329e+00
2.210979316159991104e+00
2.366394290936211675e+00
1.933793616533315385e+00
2.217810170731874919e+00
2.217810170731874919e+00
2.431055968663022870e+00
2.451776549296493801e+00
2.432006602474046097e+00
2.444742843230143237e+00
2.399209782523899825e+00
2.431055968663022870e+00
2.420022947389573353e+00
2.443195909916603625e+00
2.430196496211511015e+00
2.461952968585165547e+00
2.443981784151684877e+00
2.443981784151684877e+00
2.331627701559142452e+00
2.455660894111633574e+00
2.335021299814117768e+00
2.329840166457758155e+00
2.324247761039228699e+00
2.331627701559142452e+00
2.325921734996114321e+00
2.453081625465285853e+00
2.454586706652693184e+00
2.456110066401430370e+00
2.454069944843709994e+00
2.454069944843709994e+00
2.459635735570562698e+00
2.422021506369330446e+00
2.460140731782079371e+00
2.459038329953085800e+00
2.450166124897499298e+00
2.459635735570562698e+00
2.450060655951041166e+00
2.402682733595593589e+00
2.405245853262165223e+00
2.421860417198727689e+00
2.403873291740696416e+00
2.403873291740696416e+00
2.426994716303726207e+00
2.353355114652914359e+00
2.428126571261893130e+00
2.454290443297447943e+00
7.943752222143456443e-01
2.426994716303726207e+00
8.511500936419356123e-01
4.923445066908481160e-01
4.650368811399421265e-01
2.408570573639579937e+00
4.987923794967073499e-01
4.987923794967073499e-01
1.859524690851962925e+00
2.320158893536171441e+00
1.864648668135246323e+00
1.781305513853876699e+00
2.400018982737097240e+00
1.859524690851962925e+00
2.339152343617603158e+00
2.461499799763914087e+00
2.477025590695983492e+00
2.293914513959375068e+00
2.461900285528042076e+00
2.461900285528042076e+00
2.116738844549986620e+00
2.385601908098076596e+00
2.216151244042331214e+00
2.049945761724068394e+00
1.961922052459385002e+00
2.116738844549986620e+00
2.066968301251136619e+00
2.318164985068548400e+00
2.376547790965078732e+00
2.400203278592364153e+00
2.367221630097256391e+00
2.367221630097256391e+00
2.437112248041700902e+00
2.342867194476988768e+00
2.448538443127082687e+00
2.472192668467767973e+00
2.433214290259355206e+00
2.437112248041700902e+00
2.475797946206364841e+00
2.424372529050749847e+00
2.363043362886396270e+00
2.441999625358767911e+00
2.438208239676051381e+00
2.438208239676051381e+00
1.475162136647186761e+00
9.326516698548626971e-01
1.293073479730507458e+00
1.423125608130365594e+00
2.467433703798893152e+00
1.475162136647186761e+00
2.443617083829610070e+00
2.400275610962976369e+00
2.397045967338214290e+00
7.221199924761546596e-01
2.367681479934205413e+00
2.367681479934205413e+00
2.410032927183895168e+00
2.472495510878990999e+00
2.392879692660254687e+00
2.394676751286756389e+00
2.506583778738687629e-04
2.410032927183895168e+00
2.106339733011962584e-04
8.474236575188256624e-04
7.018214844202990549e-04
2.461343134135771660e+00
7.072212301774655858e-04
7.072212301774655858e-04
2.382484184703961727e+00
2.439465820486497183e+00
2.336127533572690762e+00
2.408100412266204415e+00
2.371842876512890719e+00
2.382484184703961727e+00
2.359744960840362893e+00
2.448518258007940762e+00
2.407051817153214923e+00
2.433626975142948456e+00
2.427495118065117641e+00
2.427495118065117641e+00
2.428052930923981556e+00
2.229686002067005735e+00
2.412651787253784263e+00
2.405773258635053313e+00
2.140914029811512354e+00
2.428052930923981556e+00
2.006768992519103012e+00
1.371406397023611445e+00
1.359169331920071278e+00
2.090253451380568617e+00
1.245830114986672399e+00
1.245830114986672399e+00
2.427242928743772232e+00
2.397004863231832150e+00
2.450708590353822824e+00
2.413844526439182570e+00
2.366942580201607971e+00
2.427242928743772232e+00
2.392423491122370738e+00
2.280894709455187463e+00
2.371829227492114001e+00
2.417069011758440134e+00
2.348698488772605675e+00
2.348698488772605675e+00
2.409110498066056927e+00
2.483595788055033893e+00
2.427213369455020420e+00
2.374348093956639705e+00
2.439874829659143707e+00
2.409110498066056927e+00
2.432438869544764515e+00
2.484798830403407877e+00
2.491437174411714750e+00
2.481683207802506175e+00
2.487875180303114941e+00
2.487875180303114941e+00
1.653504395235759317e+00
2.176220731500897454e+00
1.379008887044001375e+00
1.676699607485500954e+00
2.372679020059603960e+00
1.653504395235759317e+00
2.331203751556785608e+00
2.467308553573476448e+00
2.439888265608330720e+00
2.040050553751664442e+00
2.448736452544658881e+00
2.448736452544658881e+00
2.483063755947918949e+00
2.458816460955926875e+00
2.477677088243684711e+00
2.460151538195675336e+00
2.373271668817447111e+00
2.483063755947918949e+00
2.276498285314281667e+00
2.114145972115584637e+00
2.130573647264224046e+00
2.375072823479052797e+00
2.013943364760268917e+00
2.013943364760268917e+00
2.432895836405450485e+00
2.079707271142088754e+00
2.443512453474900870e+00
2.441431255407980228e+00
2.436812685049310812e+00
2.432895836405450485e+00
2.453614596509849033e+00
2.145430795125707224e+00
2.158050443542196550e+00
2.180372069043174044e+00
2.197157588926401672e+00
2.197157588926401672e+00
2.459502355873998347e+00
2.465618683223600449e+00
2.463602596060490146e+00
2.467677664684543526e+00
2.459977737423971078e+00
2.459502355873998347e+00
2.471331814370510305e+00
2.472924477935506182e+00
2.469469573164564835e+00
2.475361645757749862e+00
2.475677693930768530e+00
2.475677693930768530e+00
2.402734553458942823e+00
2.469643065654432590e+00
2.440148096466718375e+00
2.362496892654533109e+00
2.311120220756200716e+00
2.402734553458942823e+00
2.334424947595476585e+00
2.414188002361462360e+00
2.462898618975759568e+00
2.473464482815293408e+00
2.447197364248055784e+00
2.447197364248055784e+00
2.430095321136697795e+00
2.339816414065662098e+00
2.447987411172424910e+00
2.461182671780256737e+00
2.468520630272843519e+00
2.430095321136697795e+00
2.489494758710719680e+00
2.466464360061249472e+00
2.445206709692617331e+00
2.432583060960004762e+00
2.475151352466572252e+00
2.475151352466572252e+00
2.430083787768089199e+00
2.328665634875567214e+00
2.420143319557781059e+00
2.441639235657000029e+00
2.432949705326242551e+00
2.430083787768089199e+00
2.436041490956688538e+00
2.361735079454776010e+00
2.312699359999118798e+00
2.335922006802886308e+00
2.342414451813354059e+00
2.342414451813354059e+00
3.934093745074291465e-02
1.362613148090988102e-01
3.616797105888183705e-02
3.996366619616901344e-02
2.592408700485303030e-01
3.934093745074291465e-02
2.466370501792461700e-01
7.514779956914668935e-01
6.928898727172810856e-01
1.277306280371075242e-01
7.079776534788358999e-01
7.079776534788358999e-01
2.397670544881123966e+00
2.451667208405105658e+00
2.437654435545864473e+00
2.374853235271804586e+00
2.006269981491002330e+00
2.397670544881123966e+00
2.154889140522315838e+00
2.225289944289336130e+00
2.339283270902485778e+00
2.463756993828458253e+00
2.326434434344752944e+00
2.326434434344752944e+00
2.437864847278035096e+00
2.467385873539297503e+00
2.411615447917263122e+00
2.430356369849293152e+00
2.456487634717504420e+00
2.437864847278035096e+00
2.430460830986412191e+00
2.474465774460957501e+00
2.467403528956737535e+00
2.447688180560640969e+00
2.463442620916051595e+00
2.463442620916051595e+00
2.453753911877544436e+00
2.435287953410681272e+00
2.475574264349650555e+00
2.446871584976395120e+00
2.460714551334366007e+00
2.453753911877544436e+00
2.476097923673791890e+00
2.436653203551586433e+00
2.470877368421698694e+00
2.460558062153725523e+00
2.466424927240924880e+00
2.466424927240924880e+00
2.041203993504808523e+00
1.871559579957527086e+00
1.840272743665970046e+00
2.169952490133235212e+00
2.353827214060299156e+00
2.041203993504808523e+00
2.410704384947327750e+00
2.416172021487061894e+00
2.176374149303857752e+00
1.832610874167454940e+00
2.368304333587746946e+00
2.368304333587746946e+00
3.227122592732646900e-01
2.287496963041688591e-01
4.377998371571649727e-01
3.254238339416983261e-01
2.397097934258615393e+00
3.227122592732646900e-01
2.433353413584772085e+00
2.363539618072729276e+00
2.394587616039902667e+00
3.183711761992168987e-01
2.403314142636024275e+00
2.403314142636024275e+00
2.481618634220511321e+00
2.474443447195746160e+00
2.460932692272017164e+00
2.484283673354602318e+00
2.472626128728622863e+00
2.481618634220511321e+00
2.450312144349395815e+00
2.467447247823423950e+00
2.419990906409972720e+00
2.453643653441126560e+00
2.431301924039805940e+00
2.431301924039805940e+00
2.383841962081511667e+00
2.337399263581398934e+00
2.411304968779238056e+00
2.429936210938784757e+00
1.289432324492217452e+00
2.383841962081511667e+00
1.534203527423451563e+00
1.141327854821887922e+00
1.242786222855451594e+00
2.424668242159127463e+00
1.316809493367476103e+00
1.316809493367476103e+00
2.424508322063156474e+00
2.387083886670123167e+00
2.366531639589534386e+00
2.396640260073732875e+00
2.408867894505087204e+00
2.424508322063156474e+00
2.282898011942466443e+00
2.315323671461363642e+00
2.262384950649469761e+00
2.232684064482859831e+00
2.181959527840233282e+00
2.181959527840233282e+00
2.095780623059818826e+00
2.156589877183523019e+00
2.283669600541118339e+00
2.154881310411804307e+00
2.189431302784203393e+00
2.095780623059818826e+00
2.362889954680758464e+00
2.277819316249902748e+00
2.363387674202246380e+00
2.346836090122301322e+00
2.385168652994885008e+00
2.385168652994885008e+00
3.984551640653385507e-04
4.670793398138903697e-04
2.417985099872333973e-04
4.194738642717233215e-04
2.414193882243182099e+00
3.984551640653385507e-04
2.389031353106059630e+00
2.441301224368534140e+00
2.381031571048825679e+00
2.984045835952500313e-04
2.404717841105403320e+00
2.404717841105403320e+00
2.459686216870049069e+00
2.465171167893622339e+00
2.476168744046213899e+00
2.467265970317241042e+00
1.265688913904249591e-01
2.459686216870049069e+00
2.098767632627853985e-01
1.469017504757457460e-01
2.383156121903584890e-01
2.483326164699751981e+00
2.402869797724362100e-01
2.402869797724362100e-01
2.370135722510352316e+00
2.389640235088204001e+00
2.313692524743803158e+00
2.304518828340514691e+00
2.447756682060538758e+00
2.370135722510352316e+00
2.346308157289108909e+00
2.409481956699971672e+00
2.435639226447212646e+00
2.262403258823548757e+00
2.369259491975097998e+00
2.369259491975097998e+00
2.354269501761388383e+00
2.286064457287089624e+00
2.407685316370691275e+00
2.351756498967261688e+00
1.717221920823174264e+00
2.354269501761388383e+00
1.947130155362606141e+00
1.476711511779355446e+00
1.754699318484095327e+00
2.361308838153899803e+00
1.751787534495131693e+00
1.751787534495131693e+00
2.469937171183065328e+00
2.457565773712940160e+00
2.457784664482300041e+00
2.469577095293715274e+00
2.464789314496338868e+00
2.469937171183065328e+00
2.450000698639140939e+00
2.449742272532435816e+00
2.430489285982947223e+00
2.439827159797583356e+00
2.429656576129599177e+00
2.429656576129599177e+00
1.551761141082832474e+00
1.903655226711110648e+00
1.873936070955996902e+00
1.422049612729714196e+00
2.456304905025429974e+00
1.551761141082832474e+00
2.453914015044801111e+00
2.456737617862019718e+00
2.487595916772477267e+00
2.061834017215469661e+00
2.476155711654886016e+00
2.476155711654886016e+00
2.320348916890971225e+00
2.414748978885336683e+00
2.229896018158187498e+00
2.398059762179802323e+00
2.255945456312894226e+00
2.320348916890971225e+00
2.286875594081223539e+00
2.433889161308221194e+00
2.322800173572963978e+00
2.427240193477707919e+00
2.399217845430085649e+00
2.399217845430085649e+00
