4.841349322242751896e+01
4.841349322242751896e+01
4.841349322242751896e+01
4.182870940901125323e+01
4.538158916811268995e+01
4.841349322242751896e+01
3.914078790068081304e+01
3.914078790068081304e+01
4.538158916811268995e+01
4.182870940901125323e+01
3.914078790068081304e+01
3.914078790068081304e+01
2.191712079490916665e+01
2.191712079490916665e+01
2.191712079490916665e+01
2.406673525552069393e+01
1.174406787153436227e+01
2.191712079490916665e+01
1.628934608460754774e+01
1.628934608460754774e+01
1.174406787153436227e+01
2.406673525552069393e+01
1.628934608460754774e+01
1.628934608460754774e+01
3.733655571634756143e+01
3.733655571634756143e+01
3.733655571634756143e+01
3.889766813427109327e+01
3.261459615518390365e+01
3.733655571634756143e+01
3.393948376524743793e+01
3.393948376524743793e+01
3.261459615518390365e+01
3.889766813427109327e+01
3.393948376524743793e+01
3.393948376524743793e+01
2.792076250535756032e-01
2.792076250535756032e-01
2.792076250535756032e-01
4.618271047568199283e-01
4.221268006861588873e+01
2.792076250535756032e-01
4.845707714927988974e+01
4.845707714927988974e+01
4.221268006861588873e+01
4.618271047568199283e-01
4.845707714927988974e+01
4.845707714927988974e+01
8.672177798806933069e+00
8.672177798806933069e+00
8.672177798806933069e+00
1.138470220167970304e+01
2.468751132722420394e+01
8.672177798806933069e+00
2.635258738738765416e+01
2.635258738738765416e+01
2.468751132722420394e+01
1.138470220167970304e+01
2.635258738738765416e+01
2.635258738738765416e+01
4.448841179916403377e+01
4.448841179916403377e+01
4.448841179916403377e+01
3.998845791352369616e+01
4.964347143268772555e+01
4.448841179916403377e+01
4.458407314743186589e+01
4.458407314743186589e+01
4.964347143268772555e+01
3.998845791352369616e+01
4.458407314743186589e+01
4.458407314743186589e+01
2.736572260810198998e+01
2.736572260810198998e+01
2.736572260810198998e+01
2.589780375214114017e+01
3.436338976300955750e+01
2.736572260810198998e+01
3.255358389909505235e+01
3.255358389909505235e+01
3.436338976300955750e+01
2.589780375214114017e+01
3.255358389909505235e+01
3.255358389909505235e+01
5.036915123543159467e+01
5.036915123543159467e+01
5.036915123543159467e+01
4.942226299801428269e+01
1.621145735121248377e+00
5.036915123543159467e+01
1.476908182664280034e+00
1.476908182664280034e+00
1.621145735121248377e+00
4.942226299801428269e+01
1.476908182664280034e+00
1.476908182664280034e+00
3.455263474147466241e+01
3.455263474147466241e+01
3.455263474147466241e+01
4.141413846757026107e+01
1.839270171148897859e+01
3.455263474147466241e+01
2.218534851071900604e+01
2.218534851071900604e+01
1.839270171148897859e+01
4.141413846757026107e+01
2.218534851071900604e+01
2.218534851071900604e+01
3.330059849973357800e+00
3.330059849973357800e+00
3.330059849973357800e+00
2.303835309248269070e+00
4.633821623115924382e+01
3.330059849973357800e+00
4.203401346245972547e+01
4.203401346245972547e+01
4.633821623115924382e+01
2.303835309248269070e+00
4.203401346245972547e+01
4.203401346245972547e+01
4.593245962340896682e+01
4.593245962340896682e+01
4.593245962340896682e+01
3.962815127308073926e+01
3.410906408250214383e+01
4.593245962340896682e+01
2.898278319158953309e+01
2.898278319158953309e+01
3.410906408250214383e+01
3.962815127308073926e+01
2.898278319158953309e+01
2.898278319158953309e+01
2.836851671223640281e+01
2.836851671223640281e+01
2.836851671223640281e+01
2.704551048079973441e+01
1.469318905755988280e-01
2.836851671223640281e+01
1.064863230641500541e-01
1.064863230641500541e-01
1.469318905755988280e-01
2.704551048079973441e+01
1.064863230641500541e-01
1.064863230641500541e-01
1.923153263799211743e+01
1.923153263799211743e+01
1.923153263799211743e+01
1.379324183495009315e+01
4.084863042683172552e+01
1.923153263799211743e+01
3.596058313648671145e+01
3.596058313648671145e+01
4.084863042683172552e+01
1.379324183495009315e+01
3.596058313648671145e+01
3.596058313648671145e+01
3.622835850941382319e+01
3.622835850941382319e+01
3.622835850941382319e+01
4.548257469482198445e+01
2.968831878237004229e+00
3.622835850941382319e+01
6.211557929316781745e+00
6.211557929316781745e+00
2.968831878237004229e+00
4.548257469482198445e+01
6.211557929316781745e+00
6.211557929316781745e+00
7.320848321498996288e-03
7.320848321498996288e-03
7.320848321498996288e-03
8.229203806748337444e-03
3.000119488028000703e+01
7.320848321498996288e-03
3.028365860749310556e+01
3.028365860749310556e+01
3.000119488028000703e+01
8.229203806748337444e-03
3.028365860749310556e+01
3.028365860749310556e+01
3.116171816911262837e+01
3.116171816911262837e+01
3.116171816911262837e+01
3.277025742650506146e+01
4.463892292318050892e+01
3.116171816911262837e+01
4.673996811699172582e+01
4.673996811699172582e+01
4.463892292318050892e+01
3.277025742650506146e+01
4.673996811699172582e+01
4.673996811699172582e+01
3.317166677894764604e+01
3.317166677894764604e+01
3.317166677894764604e+01
3.392997073431982358e+01
4.559921166518532232e+01
3.317166677894764604e+01
4.678734636196796259e+01
4.678734636196796259e+01
4.559921166518532232e+01
3.392997073431982358e+01
4.678734636196796259e+01
4.678734636196796259e+01
4.398024807640897649e+01
4.398024807640897649e+01
4.398024807640897649e+01
4.806603401956320454e+01
1.409335007654959782e+01
4.398024807640897649e+01
1.874221643111113877e+01
1.874221643111113877e+01
1.409335007654959782e+01
4.806603401956320454e+01
1.874221643111113877e+01
1.874221643111113877e+01
1.759620450345947518e+01
1.759620450345947518e+01
1.759620450345947518e+01
9.890304367365835958e+00
8.324381674284177593e-03
1.759620450345947518e+01
3.703593840231262421e-03
3.703593840231262421e-03
8.324381674284177593e-03
9.890304367365835958e+00
3.703593840231262421e-03
3.703593840231262421e-03
4.209354507019705949e+01
4.209354507019705949e+01
4.209354507019705949e+01
4.463836379190212256e+01
3.292710055933064694e+01
4.209354507019705949e+01
3.492380020669413199e+01
3.492380020669413199e+01
3.292710055933064694e+01
4.463836379190212256e+01
3.492380020669413199e+01
3.492380020669413199e+01
3.170556967659307546e+01
3.170556967659307546e+01
3.170556967659307546e+01
3.199306662662489131e+01
1.669239498123046728e+00
3.170556967659307546e+01
1.709350218030832202e+00
1.709350218030832202e+00
1.669239498123046728e+00
3.199306662662489131e+01
1.709350218030832202e+00
1.709350218030832202e+00
1.412942509429259808e+00
1.412942509429259808e+00
1.412942509429259808e+00
1.434351740926114838e+00
3.986707049151399929e+01
1.412942509429259808e+00
4.000478614046333092e+01
4.000478614046333092e+01
3.986707049151399929e+01
1.434351740926114838e+00
4.000478614046333092e+01
4.000478614046333092e+01
4.387065490254898492e+01
4.387065490254898492e+01
4.387065490254898492e+01
4.917070461381904778e+01
4.454695694464093236e+01
4.387065490254898492e+01
4.990391134331239442e+01
4.990391134331239442e+01
4.454695694464093236e+01
4.917070461381904778e+01
4.990391134331239442e+01
4.990391134331239442e+01
2.626265534802722357e+01
2.626265534802722357e+01
2.626265534802722357e+01
2.357865381094551438e+01
2.820517857518760252e+01
2.626265534802722357e+01
2.531697437636781345e+01
2.531697437636781345e+01
2.820517857518760252e+01
2.357865381094551438e+01
2.531697437636781345e+01
2.531697437636781345e+01
8.715627077973359116e-02
8.715627077973359116e-02
8.715627077973359116e-02
6.362746049932856141e-02
7.873001792978555180e+00
8.715627077973359116e-02
5.866636646690833068e+00
5.866636646690833068e+00
7.873001792978555180e+00
6.362746049932856141e-02
5.866636646690833068e+00
5.866636646690833068e+00
3.718373984704768986e+01
3.718373984704768986e+01
3.718373984704768986e+01
3.615750256450522215e+01
4.430191935419338023e+01
3.718373984704768986e+01
4.303099345318920399e+01
4.303099345318920399e+01
4.430191935419338023e+01
3.615750256450522215e+01
4.303099345318920399e+01
4.303099345318920399e+01
1.780541348791180312e+01
1.780541348791180312e+01
1.780541348791180312e+01
2.232578145199267894e+01
4.236228996103311317e+01
1.780541348791180312e+01
5.137529423233494441e+01
5.137529423233494441e+01
4.236228996103311317e+01
2.232578145199267894e+01
5.137529423233494441e+01
5.137529423233494441e+01
4.607318992529977919e+01
4.607318992529977919e+01
4.607318992529977919e+01
4.342217572848528562e+01
3.110282523403585131e+01
4.607318992529977919e+01
2.927664437493787730e+01
2.927664437493787730e+01
3.110282523403585131e+01
4.342217572848528562e+01
2.927664437493787730e+01
2.927664437493787730e+01
5.113325845033093486e+01
5.113325845033093486e+01
5.113325845033093486e+01
5.115723403131448777e+01
4.883109440809651147e+01
5.113325845033093486e+01
4.884432625294161312e+01
4.884432625294161312e+01
4.883109440809651147e+01
5.115723403131448777e+01
4.884432625294161312e+01
4.884432625294161312e+01
2.851585306795832864e+01
2.851585306795832864e+01
2.851585306795832864e+01
2.863056762149106405e+01
2.300824474640799977e+01
2.851585306795832864e+01
2.310039674262590381e+01
2.310039674262590381e+01
2.300824474640799977e+01
2.863056762149106405e+01
2.310039674262590381e+01
2.310039674262590381e+01
4.252001852199078513e+01
4.252001852199078513e+01
4.252001852199078513e+01
3.749248728603865999e+01
5.958043250240739885e-01
4.252001852199078513e+01
3.547728407123116323e-01
3.547728407123116323e-01
5.958043250240739885e-01
3.749248728603865999e+01
3.547728407123116323e-01
3.547728407123116323e-01
4.058009787626125409e+00
4.058009787626125409e+00
4.058009787626125409e+00
6.615747230437854398e+00
3.353647319432457152e+01
4.058009787626125409e+00
3.838480954533503819e+01
3.838480954533503819e+01
3.353647319432457152e+01
6.615747230437854398e+00
3.838480954533503819e+01
3.838480954533503819e+01
2.343080384596062871e+01
2.343080384596062871e+01
2.343080384596062871e+01
2.463777495428320208e+01
1.547587392916508797e+01
2.343080384596062871e+01
1.826892666142478916e+01
1.826892666142478916e+01
1.547587392916508797e+01
2.463777495428320208e+01
1.826892666142478916e+01
1.826892666142478916e+01
4.912123468043561303e+01
4.912123468043561303e+01
4.912123468043561303e+01
4.019123457115486531e+01
4.618028674410781065e+01
4.912123468043561303e+01
3.766663118338361471e+01
3.766663118338361471e+01
4.618028674410781065e+01
4.019123457115486531e+01
3.766663118338361471e+01
3.766663118338361471e+01
5.503546559250079850e-01
5.503546559250079850e-01
5.503546559250079850e-01
7.153184604633850974e-01
2.895888664476576579e+01
5.503546559250079850e-01
3.150794734269864605e+01
3.150794734269864605e+01
2.895888664476576579e+01
7.153184604633850974e-01
3.150794734269864605e+01
3.150794734269864605e+01
3.862188409233814212e+01
3.862188409233814212e+01
3.862188409233814212e+01
3.951562858517366550e+01
1.445705584428252195e-04
3.862188409233814212e+01
1.756149971378597114e-04
1.756149971378597114e-04
1.445705584428252195e-04
3.951562858517366550e+01
1.756149971378597114e-04
1.756149971378597114e-04
4.460355211554333010e+01
4.460355211554333010e+01
4.460355211554333010e+01
4.228142215402473880e+01
4.071729349176281687e+01
4.460355211554333010e+01
3.860808866121261218e+01
3.860808866121261218e+01
4.071729349176281687e+01
4.228142215402473880e+01
3.860808866121261218e+01
3.860808866121261218e+01
9.027201581442362510e+00
9.027201581442362510e+00
9.027201581442362510e+00
1.465478739109253326e+01
1.594700154955309701e+00
9.027201581442362510e+00
2.853057685879239358e+00
2.853057685879239358e+00
1.594700154955309701e+00
1.465478739109253326e+01
2.853057685879239358e+00
2.853057685879239358e+00
4.899063374487233347e+01
4.899063374487233347e+01
4.899063374487233347e+01
5.082028528208088147e+01
2.612303586932218380e+01
4.899063374487233347e+01
2.706754648559659415e+01
2.706754648559659415e+01
2.612303586932218380e+01
5.082028528208088147e+01
2.706754648559659415e+01
2.706754648559659415e+01
2.566892168198186752e+01
2.566892168198186752e+01
2.566892168198186752e+01
2.852132735604980596e+01
3.929848926357937700e+01
2.566892168198186752e+01
4.319426695296817087e+01
4.319426695296817087e+01
3.929848926357937700e+01
2.852132735604980596e+01
4.319426695296817087e+01
4.319426695296817087e+01
4.422675575937752512e+00
4.422675575937752512e+00
4.422675575937752512e+00
3.755359307163213867e+00
4.217660338517269025e+01
4.422675575937752512e+00
4.042425454904424953e+01
4.042425454904424953e+01
4.217660338517269025e+01
3.755359307163213867e+00
4.042425454904424953e+01
4.042425454904424953e+01
3.428879534653592742e+01
3.428879534653592742e+01
3.428879534653592742e+01
4.249778347360258834e+01
4.382297711227521653e+00
3.428879534653592742e+01
9.266505196685770329e+00
9.266505196685770329e+00
4.382297711227521653e+00
4.249778347360258834e+01
9.266505196685770329e+00
9.266505196685770329e+00
2.925674569799514657e+01
2.925674569799514657e+01
2.925674569799514657e+01
2.872235819440083660e+01
3.112033152536330149e+01
2.925674569799514657e+01
3.054771426411499746e+01
3.054771426411499746e+01
3.112033152536330149e+01
2.872235819440083660e+01
3.054771426411499746e+01
3.054771426411499746e+01
4.557006415385890108e+01
4.557006415385890108e+01
4.557006415385890108e+01
4.272389695856654157e+01
4.612025465878142683e+01
4.557006415385890108e+01
4.328458429195479340e+01
4.328458429195479340e+01
4.612025465878142683e+01
4.272389695856654157e+01
4.328458429195479340e+01
4.328458429195479340e+01
4.056516879928450692e+01
4.056516879928450692e+01
4.056516879928450692e+01
4.501130268253084665e+01
2.009292436145694793e+01
4.056516879928450692e+01
2.237983367504954302e+01
2.237983367504954302e+01
2.009292436145694793e+01
4.501130268253084665e+01
2.237983367504954302e+01
2.237983367504954302e+01
2.100060888760389233e+01
2.100060888760389233e+01
2.100060888760389233e+01
1.382845787006129079e+01
4.737241826582209114e+01
2.100060888760389233e+01
3.815234725045340980e+01
3.815234725045340980e+01
4.737241826582209114e+01
1.382845787006129079e+01
3.815234725045340980e+01
3.815234725045340980e+01
3.414648603563843210e+01
3.414648603563843210e+01
3.414648603563843210e+01
3.228411547593117348e+01
3.564799448590532194e+01
3.414648603563843210e+01
3.370763181280045018e+01
3.370763181280045018e+01
3.564799448590532194e+01
3.228411547593117348e+01
3.370763181280045018e+01
3.370763181280045018e+01
4.942408071122059848e-02
4.942408071122059848e-02
4.942408071122059848e-02
4.358541973807197878e-02
3.576650346525216961e-01
4.942408071122059848e-02
3.198501918171876013e-01
3.198501918171876013e-01
3.576650346525216961e-01
4.358541973807197878e-02
3.198501918171876013e-01
3.198501918171876013e-01
4.240767479559709585e+01
4.240767479559709585e+01
4.240767479559709585e+01
4.490527419070794934e+01
7.358071126545573826e+00
4.240767479559709585e+01
8.859164267694351835e+00
8.859164267694351835e+00
7.358071126545573826e+00
4.490527419070794934e+01
8.859164267694351835e+00
8.859164267694351835e+00
3.030976053770790202e+01
3.030976053770790202e+01
3.030976053770790202e+01
3.091846908237597447e+01
4.361261633521085201e+01
3.030976053770790202e+01
4.452758232587256515e+01
4.452758232587256515e+01
4.361261633521085201e+01
3.091846908237597447e+01
4.452758232587256515e+01
4.452758232587256515e+01
3.983977798461634023e+01
3.983977798461634023e+01
3.983977798461634023e+01
4.145619779084948675e+01
4.703167292921238385e+01
3.983977798461634023e+01
4.881631952855165224e+01
4.881631952855165224e+01
4.703167292921238385e+01
4.145619779084948675e+01
4.881631952855165224e+01
4.881631952855165224e+01
9.116561859278370150e+00
9.116561859278370150e+00
9.116561859278370150e+00
3.883337303630074899e+00
3.298072524157471719e+01
9.116561859278370150e+00
2.542081881893774664e+01
2.542081881893774664e+01
3.298072524157471719e+01
3.883337303630074899e+00
2.542081881893774664e+01
2.542081881893774664e+01
3.081674466737039375e-01
3.081674466737039375e-01
3.081674466737039375e-01
2.797036084869763961e-01
4.843008979693761518e+01
3.081674466737039375e-01
4.763867757829316929e+01
4.763867757829316929e+01
4.843008979693761518e+01
2.797036084869763961e-01
4.763867757829316929e+01
4.763867757829316929e+01
3.308141778169999014e+01
3.308141778169999014e+01
3.308141778169999014e+01
3.145854469052767044e+01
2.213344844850569970e+01
3.308141778169999014e+01
2.103442569672237994e+01
2.103442569672237994e+01
2.213344844850569970e+01
3.145854469052767044e+01
2.103442569672237994e+01
2.103442569672237994e+01
2.339415504913428734e+01
2.339415504913428734e+01
2.339415504913428734e+01
2.145346169768113853e+01
1.214570304453826521e+00
2.339415504913428734e+01
7.420416498581148268e-01
7.420416498581148268e-01
1.214570304453826521e+00
2.145346169768113853e+01
7.420416498581148268e-01
7.420416498581148268e-01
4.542568242814824231e+01
4.542568242814824231e+01
4.542568242814824231e+01
4.818730275182823419e+01
3.738681240556809371e+01
4.542568242814824231e+01
3.958170479143274179e+01
3.958170479143274179e+01
3.738681240556809371e+01
4.818730275182823419e+01
3.958170479143274179e+01
3.958170479143274179e+01
3.479695423585379643e+01
3.479695423585379643e+01
3.479695423585379643e+01
3.417102385505804563e+01
4.731362052625771497e+01
3.479695423585379643e+01
4.632232095271037764e+01
4.632232095271037764e+01
4.731362052625771497e+01
3.417102385505804563e+01
4.632232095271037764e+01
4.632232095271037764e+01
1.123210098771398343e-04
1.123210098771398343e-04
1.123210098771398343e-04
8.224963362759013920e-05
1.982467949440154342e+01
1.123210098771398343e-04
1.739879230555881051e+01
1.739879230555881051e+01
1.982467949440154342e+01
8.224963362759013920e-05
1.739879230555881051e+01
1.739879230555881051e+01
4.518513245411522661e+01
4.518513245411522661e+01
4.518513245411522661e+01
4.299198737804721304e+01
3.949416212823333994e-02
4.518513245411522661e+01
3.069666421568508288e-02
3.069666421568508288e-02
3.949416212823333994e-02
4.299198737804721304e+01
3.069666421568508288e-02
3.069666421568508288e-02
1.201143777923234346e+01
1.201143777923234346e+01
1.201143777923234346e+01
1.917362851764696074e+01
3.081787039401120509e+01
1.201143777923234346e+01
3.649028302274572866e+01
3.649028302274572866e+01
3.081787039401120509e+01
1.917362851764696074e+01
3.649028302274572866e+01
3.649028302274572866e+01
2.445410011192218391e+01
2.445410011192218391e+01
2.445410011192218391e+01
2.459572519570038196e+01
3.322096195015646902e+00
2.445410011192218391e+01
3.383718202345788129e+00
3.383718202345788129e+00
3.322096195015646902e+00
2.459572519570038196e+01
3.383718202345788129e+00
3.383718202345788129e+00
4.954924906077391000e+01
4.954924906077391000e+01
4.954924906077391000e+01
4.962378694435181359e+01
4.221689973719362143e+01
4.954924906077391000e+01
4.227199472269249014e+01
4.227199472269249014e+01
4.221689973719362143e+01
4.962378694435181359e+01
4.227199472269249014e+01
4.227199472269249014e+01
1.182211232468619144e+00
1.182211232468619144e+00
1.182211232468619144e+00
2.197349419953797067e+00
4.059534808658003158e+01
1.182211232468619144e+00
4.846892258201796722e+01
4.846892258201796722e+01
4.059534808658003158e+01
2.197349419953797067e+00
4.846892258201796722e+01
4.846892258201796722e+01
3.933411636732264327e+01
3.933411636732264327e+01
3.933411636732264327e+01
3.286410336819843536e+01
2.815059897578796111e+01
3.933411636732264327e+01
2.345236327305143575e+01
2.345236327305143575e+01
2.815059897578796111e+01
3.286410336819843536e+01
2.345236327305143575e+01
2.345236327305143575e+01
