9.300000000000000488e-01
9.300000000000000488e-01
9.300000000000000488e-01
9.300000000000000488e-01
9.300000000000000488e-01
9.300000000000000488e-01
9.300000000000000488e-01
9.300000000000000488e-01
9.300000000000000488e-01
9.300000000000000488e-01
9.300000000000000488e-01
9.300000000000000488e-01
9.300000000000000488e-01
9.300000000000000488e-01
9.300000000000000488e-01
9.300000000000000488e-01
6.723064664623706888e-01
9.300000000000000488e-01
8.498553566494896350e-01
8.498553566494896350e-01
6.723064664623706888e-01
9.300000000000000488e-01
8.498553566494896350e-01
8.498553566494896350e-01
9.300000000000000488e-01
9.300000000000000488e-01
9.300000000000000488e-01
9.300000000000000488e-01
9.300000000000000488e-01
9.300000000000000488e-01
9.300000000000000488e-01
9.300000000000000488e-01
9.300000000000000488e-01
9.300000000000000488e-01
9.300000000000000488e-01
9.300000000000000488e-01
4.852444618101572210e-02
4.852444618101572210e-02
4.852444618101572210e-02
6.865503230655141398e-02
9.300000000000000488e-01
4.852444618101572210e-02
9.300000000000000488e-01
9.300000000000000488e-01
9.300000000000000488e-01
6.865503230655141398e-02
9.300000000000000488e-01
9.300000000000000488e-01
5.431600637816008659e-01
5.431600637816008659e-01
5.431600637816008659e-01
6.688594193571363311e-01
9.300000000000000488e-01
5.431600637816008659e-01
9.300000000000000488e-01
9.300000000000000488e-01
9.300000000000000488e-01
6.688594193571363311e-01
9.300000000000000488e-01
9.300000000000000488e-01
9.300000000000000488e-01
9.300000000000000488e-01
9.300000000000000488e-01
9.300000000000000488e-01
9.300000000000000488e-01
9.300000000000000488e-01
9.300000000000000488e-01
9.300000000000000488e-01
9.300000000000000488e-01
9.300000000000000488e-01
9.300000000000000488e-01
9.300000000000000488e-01
9.300000000000000488e-01
9.300000000000000488e-01
9.300000000000000488e-01
9.300000000000000488e-01
9.300000000000000488e-01
9.300000000000000488e-01
9.300000000000000488e-01
9.300000000000000488e-01
9.300000000000000488e-01
9.300000000000000488e-01
9.300000000000000488e-01
9.300000000000000488e-01
9.300000000000000488e-01
9.300000000000000488e-01
9.300000000000000488e-01
9.300000000000000488e-01
1.699488220102484959e-01
9.300000000000000488e-01
1.575616160388209341e-01
1.575616160388209341e-01
1.699488220102484959e-01
9.300000000000000488e-01
1.575616160388209341e-01
1.575616160388209341e-01
9.300000000000000488e-01
9.300000000000000488e-01
9.300000000000000488e-01
9.300000000000000488e-01
9.245500155923710439e-01
9.300000000000000488e-01
9.300000000000000488e-01
9.300000000000000488e-01
9.245500155923710439e-01
9.300000000000000488e-01
9.300000000000000488e-01
9.300000000000000488e-01
2.800941597408929118e-01
2.800941597408929118e-01
2.800941597408929118e-01
2.137697442963103212e-01
9.300000000000000488e-01
2.800941597408929118e-01
9.300000000000000488e-01
9.300000000000000488e-01
9.300000000000000488e-01
2.137697442963103212e-01
9.300000000000000488e-01
9.300000000000000488e-01
9.300000000000000488e-01
9.300000000000000488e-01
9.300000000000000488e-01
9.300000000000000488e-01
9.300000000000000488e-01
9.300000000000000488e-01
9.300000000000000488e-01
9.300000000000000488e-01
9.300000000000000488e-01
9.300000000000000488e-01
9.300000000000000488e-01
9.300000000000000488e-01
9.300000000000000488e-01
9.300000000000000488e-01
9.300000000000000488e-01
9.300000000000000488e-01
3.210991791913494348e-02
9.300000000000000488e-01
2.434488862395948680e-02
2.434488862395948680e-02
3.210991791913494348e-02
9.300000000000000488e-01
2.434488862395948680e-02
2.434488862395948680e-02
9.300000000000000488e-01
9.300000000000000488e-01
9.300000000000000488e-01
7.593775903379270664e-01
9.300000000000000488e-01
9.300000000000000488e-01
9.300000000000000488e-01
9.300000000000000488e-01
9.300000000000000488e-01
7.593775903379270664e-01
9.300000000000000488e-01
9.300000000000000488e-01
9.300000000000000488e-01
9.300000000000000488e-01
9.300000000000000488e-01
9.300000000000000488e-01
2.621585264419119543e-01
9.300000000000000488e-01
4.336943660441791581e-01
4.336943660441791581e-01
2.621585264419119543e-01
9.300000000000000488e-01
4.336943660441791581e-01
4.336943660441791581e-01
3.740971802084391579e-03
3.740971802084391579e-03
3.740971802084391579e-03
4.170673344875191514e-03
9.300000000000000488e-01
3.740971802084391579e-03
9.300000000000000488e-01
9.300000000000000488e-01
9.300000000000000488e-01
4.170673344875191514e-03
9.300000000000000488e-01
9.300000000000000488e-01
9.300000000000000488e-01
9.300000000000000488e-01
9.300000000000000488e-01
9.300000000000000488e-01
9.300000000000000488e-01
9.300000000000000488e-01
9.300000000000000488e-01
9.300000000000000488e-01
9.300000000000000488e-01
9.300000000000000488e-01
9.300000000000000488e-01
9.300000000000000488e-01
9.300000000000000488e-01
9.300000000000000488e-01
9.300000000000000488e-01
9.300000000000000488e-01
9.300000000000000488e-01
9.300000000000000488e-01
9.300000000000000488e-01
9.300000000000000488e-01
9.300000000000000488e-01
9.300000000000000488e-01
9.300000000000000488e-01
9.300000000000000488e-01
9.300000000000000488e-01
9.300000000000000488e-01
9.300000000000000488e-01
9.300000000000000488e-01
7.699791618384148606e-01
9.300000000000000488e-01
9.252538561067447098e-01
9.252538561067447098e-01
7.699791618384148606e-01
9.300000000000000488e-01
9.252538561067447098e-01
9.252538561067447098e-01
9.050396489185056348e-01
9.050396489185056348e-01
9.050396489185056348e-01
6.001388824360730512e-01
4.217695380844333104e-03
9.050396489185056348e-01
2.202748954398243194e-03
2.202748954398243194e-03
4.217695380844333104e-03
6.001388824360730512e-01
2.202748954398243194e-03
2.202748954398243194e-03
9.300000000000000488e-01
9.300000000000000488e-01
9.300000000000000488e-01
9.300000000000000488e-01
9.300000000000000488e-01
9.300000000000000488e-01
9.300000000000000488e-01
9.300000000000000488e-01
9.300000000000000488e-01
9.300000000000000488e-01
9.300000000000000488e-01
9.300000000000000488e-01
9.300000000000000488e-01
9.300000000000000488e-01
9.300000000000000488e-01
9.300000000000000488e-01
1.736349198212441547e-01
9.300000000000000488e-01
1.761880542282322215e-01
1.761880542282322215e-01
1.736349198212441547e-01
9.300000000000000488e-01
1.761880542282322215e-01
1.761880542282322215e-01
1.521862196733582695e-01
1.521862196733582695e-01
1.521862196733582695e-01
1.539786689821506516e-01
9.300000000000000488e-01
1.521862196733582695e-01
9.300000000000000488e-01
9.300000000000000488e-01
9.300000000000000488e-01
1.539786689821506516e-01
9.300000000000000488e-01
9.300000000000000488e-01
9.300000000000000488e-01
9.300000000000000488e-01
9.300000000000000488e-01
9.300000000000000488e-01
9.300000000000000488e-01
9.300000000000000488e-01
9.300000000000000488e-01
9.300000000000000488e-01
9.300000000000000488e-01
9.300000000000000488e-01
9.300000000000000488e-01
9.300000000000000488e-01
9.300000000000000488e-01
9.300000000000000488e-01
9.300000000000000488e-01
9.300000000000000488e-01
9.300000000000000488e-01
9.300000000000000488e-01
9.300000000000000488e-01
9.300000000000000488e-01
9.300000000000000488e-01
9.300000000000000488e-01
9.300000000000000488e-01
9.300000000000000488e-01
2.089841322634823639e-02
2.089841322634823639e-02
2.089841322634823639e-02
1.682739169515384478e-02
5.075417608644446910e-01
2.089841322634823639e-02
4.179589774108595779e-01
4.179589774108595779e-01
5.075417608644446910e-01
1.682739169515384478e-02
4.179589774108595779e-01
4.179589774108595779e-01
9.300000000000000488e-01
9.300000000000000488e-01
9.300000000000000488e-01
9.300000000000000488e-01
9.300000000000000488e-01
9.300000000000000488e-01
9.300000000000000488e-01
9.300000000000000488e-01
9.300000000000000488e-01
9.300000000000000488e-01
9.300000000000000488e-01
9.300000000000000488e-01
9.098466879710639388e-01
9.098466879710639388e-01
9.098466879710639388e-01
9.300000000000000488e-01
9.300000000000000488e-01
9.098466879710639388e-01
9.300000000000000488e-01
9.300000000000000488e-01
9.300000000000000488e-01
9.300000000000000488e-01
9.300000000000000488e-01
9.300000000000000488e-01
9.300000000000000488e-01
9.300000000000000488e-01
9.300000000000000488e-01
9.300000000000000488e-01
9.300000000000000488e-01
9.300000000000000488e-01
9.300000000000000488e-01
9.300000000000000488e-01
9.300000000000000488e-01
9.300000000000000488e-01
9.300000000000000488e-01
9.300000000000000488e-01
9.300000000000000488e-01
9.300000000000000488e-01
9.300000000000000488e-01
9.300000000000000488e-01
9.300000000000000488e-01
9.300000000000000488e-01
9.300000000000000488e-01
9.300000000000000488e-01
9.300000000000000488e-01
9.300000000000000488e-01
9.300000000000000488e-01
9.300000000000000488e-01
9.300000000000000488e-01
9.300000000000000488e-01
9.300000000000000488e-01
9.300000000000000488e-01
9.300000000000000488e-01
9.300000000000000488e-01
9.300000000000000488e-01
9.300000000000000488e-01
9.300000000000000488e-01
9.300000000000000488e-01
9.300000000000000488e-01
9.300000000000000488e-01
9.300000000000000488e-01
9.300000000000000488e-01
9.300000000000000488e-01
9.300000000000000488e-01
8.429825706352080117e-02
9.300000000000000488e-01
5.675346776983733466e-02
5.675346776983733466e-02
8.429825706352080117e-02
9.300000000000000488e-01
5.675346776983733466e-02
5.675346776983733466e-02
3.195693648948059185e-01
3.195693648948059185e-01
3.195693648948059185e-01
4.562607169398742446e-01
9.300000000000000488e-01
3.195693648948059185e-01
9.300000000000000488e-01
9.300000000000000488e-01
9.300000000000000488e-01
4.562607169398742446e-01
9.300000000000000488e-01
9.300000000000000488e-01
9.300000000000000488e-01
9.300000000000000488e-01
9.300000000000000488e-01
9.300000000000000488e-01
8.142878353192916085e-01
9.300000000000000488e-01
9.144909439127651973e-01
9.144909439127651973e-01
8.142878353192916085e-01
9.300000000000000488e-01
9.144909439127651973e-01
9.144909439127651973e-01
9.300000000000000488e-01
9.300000000000000488e-01
9.300000000000000488e-01
9.300000000000000488e-01
9.300000000000000488e-01
9.300000000000000488e-01
9.300000000000000488e-01
9.300000000000000488e-01
9.300000000000000488e-01
9.300000000000000488e-01
9.300000000000000488e-01
9.300000000000000488e-01
7.797887813773979326e-02
7.797887813773979326e-02
7.797887813773979326e-02
9.327850024131700835e-02
9.300000000000000488e-01
7.797887813773979326e-02
9.300000000000000488e-01
9.300000000000000488e-01
9.300000000000000488e-01
9.327850024131700835e-02
9.300000000000000488e-01
9.300000000000000488e-01
9.300000000000000488e-01
9.300000000000000488e-01
9.300000000000000488e-01
9.300000000000000488e-01
2.240308178582086013e-04
9.300000000000000488e-01
2.667188487514009112e-04
2.667188487514009112e-04
2.240308178582086013e-04
9.300000000000000488e-01
2.667188487514009112e-04
2.667188487514009112e-04
9.300000000000000488e-01
9.300000000000000488e-01
9.300000000000000488e-01
9.300000000000000488e-01
9.300000000000000488e-01
9.300000000000000488e-01
9.300000000000000488e-01
9.300000000000000488e-01
9.300000000000000488e-01
9.300000000000000488e-01
9.300000000000000488e-01
9.300000000000000488e-01
5.598972355946728596e-01
5.598972355946728596e-01
5.598972355946728596e-01
8.024455535615079294e-01
1.647623637827460297e-01
5.598972355946728596e-01
2.606640393896862418e-01
2.606640393896862418e-01
1.647623637827460297e-01
8.024455535615079294e-01
2.606640393896862418e-01
2.606640393896862418e-01
9.300000000000000488e-01
9.300000000000000488e-01
9.300000000000000488e-01
9.300000000000000488e-01
9.300000000000000488e-01
9.300000000000000488e-01
9.300000000000000488e-01
9.300000000000000488e-01
9.300000000000000488e-01
9.300000000000000488e-01
9.300000000000000488e-01
9.300000000000000488e-01
9.300000000000000488e-01
9.300000000000000488e-01
9.300000000000000488e-01
9.300000000000000488e-01
9.300000000000000488e-01
9.300000000000000488e-01
9.300000000000000488e-01
9.300000000000000488e-01
9.300000000000000488e-01
9.300000000000000488e-01
9.300000000000000488e-01
9.300000000000000488e-01
3.406311710095990541e-01
3.406311710095990541e-01
3.406311710095990541e-01
3.015611755619103662e-01
9.300000000000000488e-01
3.406311710095990541e-01
9.300000000000000488e-01
9.300000000000000488e-01
9.300000000000000488e-01
3.015611755619103662e-01
9.300000000000000488e-01
9.300000000000000488e-01
9.300000000000000488e-01
9.300000000000000488e-01
9.300000000000000488e-01
9.300000000000000488e-01
3.414434808971963942e-01
9.300000000000000488e-01
5.840270382572936292e-01
5.840270382572936292e-01
3.414434808971963942e-01
9.300000000000000488e-01
5.840270382572936292e-01
5.840270382572936292e-01
9.300000000000000488e-01
9.300000000000000488e-01
9.300000000000000488e-01
9.300000000000000488e-01
9.300000000000000488e-01
9.300000000000000488e-01
9.300000000000000488e-01
9.300000000000000488e-01
9.300000000000000488e-01
9.300000000000000488e-01
9.300000000000000488e-01
9.300000000000000488e-01
9.300000000000000488e-01
9.300000000000000488e-01
9.300000000000000488e-01
9.300000000000000488e-01
9.300000000000000488e-01
9.300000000000000488e-01
9.300000000000000488e-01
9.300000000000000488e-01
9.300000000000000488e-01
9.300000000000000488e-01
9.300000000000000488e-01
9.300000000000000488e-01
9.300000000000000488e-01
9.300000000000000488e-01
9.300000000000000488e-01
9.300000000000000488e-01
9.300000000000000488e-01
9.300000000000000488e-01
9.300000000000000488e-01
9.300000000000000488e-01
9.300000000000000488e-01
9.300000000000000488e-01
9.300000000000000488e-01
9.300000000000000488e-01
9.300000000000000488e-01
9.300000000000000488e-01
9.300000000000000488e-01
7.681503023533563512e-01
9.300000000000000488e-01
9.300000000000000488e-01
9.300000000000000488e-01
9.300000000000000488e-01
9.300000000000000488e-01
7.681503023533563512e-01
9.300000000000000488e-01
9.300000000000000488e-01
9.300000000000000488e-01
9.300000000000000488e-01
9.300000000000000488e-01
9.300000000000000488e-01
9.300000000000000488e-01
9.300000000000000488e-01
9.300000000000000488e-01
9.300000000000000488e-01
9.300000000000000488e-01
9.300000000000000488e-01
9.300000000000000488e-01
9.300000000000000488e-01
1.506524489001568289e-02
1.506524489001568289e-02
1.506524489001568289e-02
1.336474066350992231e-02
6.092398092529058284e-02
1.506524489001568289e-02
5.481009465726049967e-02
5.481009465726049967e-02
6.092398092529058284e-02
1.336474066350992231e-02
5.481009465726049967e-02
5.481009465726049967e-02
9.300000000000000488e-01
9.300000000000000488e-01
9.300000000000000488e-01
9.300000000000000488e-01
4.901596039454815812e-01
9.300000000000000488e-01
5.529295723045205557e-01
5.529295723045205557e-01
4.901596039454815812e-01
9.300000000000000488e-01
5.529295723045205557e-01
5.529295723045205557e-01
9.300000000000000488e-01
9.300000000000000488e-01
9.300000000000000488e-01
9.300000000000000488e-01
9.300000000000000488e-01
9.300000000000000488e-01
9.300000000000000488e-01
9.300000000000000488e-01
9.300000000000000488e-01
9.300000000000000488e-01
9.300000000000000488e-01
9.300000000000000488e-01
9.300000000000000488e-01
9.300000000000000488e-01
9.300000000000000488e-01
9.300000000000000488e-01
9.300000000000000488e-01
9.300000000000000488e-01
9.300000000000000488e-01
9.300000000000000488e-01
9.300000000000000488e-01
9.300000000000000488e-01
9.300000000000000488e-01
9.300000000000000488e-01
5.753404745008979804e-01
5.753404745008979804e-01
5.753404745008979804e-01
3.168129363331850246e-01
9.300000000000000488e-01
5.753404745008979804e-01
9.300000000000000488e-01
9.300000000000000488e-01
9.300000000000000488e-01
3.168129363331850246e-01
9.300000000000000488e-01
9.300000000000000488e-01
5.303540153543288144e-02
5.303540153543288144e-02
5.303540153543288144e-02
4.884367649629579172e-02
9.300000000000000488e-01
5.303540153543288144e-02
9.300000000000000488e-01
9.300000000000000488e-01
9.300000000000000488e-01
4.884367649629579172e-02
9.300000000000000488e-01
9.300000000000000488e-01
9.300000000000000488e-01
9.300000000000000488e-01
9.300000000000000488e-01
9.300000000000000488e-01
9.300000000000000488e-01
9.300000000000000488e-01
9.300000000000000488e-01
9.300000000000000488e-01
9.300000000000000488e-01
9.300000000000000488e-01
9.300000000000000488e-01
9.300000000000000488e-01
9.300000000000000488e-01
9.300000000000000488e-01
9.300000000000000488e-01
9.300000000000000488e-01
1.442029907152330426e-01
9.300000000000000488e-01
9.578778206192432865e-02
9.578778206192432865e-02
1.442029907152330426e-01
9.300000000000000488e-01
9.578778206192432865e-02
9.578778206192432865e-02
9.300000000000000488e-01
9.300000000000000488e-01
9.300000000000000488e-01
9.300000000000000488e-01
9.300000000000000488e-01
9.300000000000000488e-01
9.300000000000000488e-01
9.300000000000000488e-01
9.300000000000000488e-01
9.300000000000000488e-01
9.300000000000000488e-01
9.300000000000000488e-01
9.300000000000000488e-01
9.300000000000000488e-01
9.300000000000000488e-01
9.300000000000000488e-01
9.300000000000000488e-01
9.300000000000000488e-01
9.300000000000000488e-01
9.300000000000000488e-01
9.300000000000000488e-01
9.300000000000000488e-01
9.300000000000000488e-01
9.300000000000000488e-01
1.824246707897733775e-04
1.824246707897733775e-04
1.824246707897733775e-04
1.452723607926830298e-04
9.300000000000000488e-01
1.824246707897733775e-04
8.901657189694591743e-01
8.901657189694591743e-01
9.300000000000000488e-01
1.452723607926830298e-04
8.901657189694591743e-01
8.901657189694591743e-01
9.300000000000000488e-01
9.300000000000000488e-01
9.300000000000000488e-01
9.300000000000000488e-01
1.225360386695620481e-02
9.300000000000000488e-01
9.986680164986780697e-03
9.986680164986780697e-03
1.225360386695620481e-02
9.300000000000000488e-01
9.986680164986780697e-03
9.986680164986780697e-03
6.877185375555519009e-01
6.877185375555519009e-01
6.877185375555519009e-01
9.300000000000000488e-01
9.300000000000000488e-01
6.877185375555519009e-01
9.300000000000000488e-01
9.300000000000000488e-01
9.300000000000000488e-01
9.300000000000000488e-01
9.300000000000000488e-01
9.300000000000000488e-01
9.300000000000000488e-01
9.300000000000000488e-01
9.300000000000000488e-01
9.300000000000000488e-01
2.766460956611063171e-01
9.300000000000000488e-01
2.801770495815736339e-01
2.801770495815736339e-01
2.766460956611063171e-01
9.300000000000000488e-01
2.801770495815736339e-01
2.801770495815736339e-01
9.300000000000000488e-01
9.300000000000000488e-01
9.300000000000000488e-01
9.300000000000000488e-01
9.300000000000000488e-01
9.300000000000000488e-01
9.300000000000000488e-01
9.300000000000000488e-01
9.300000000000000488e-01
9.300000000000000488e-01
9.300000000000000488e-01
9.300000000000000488e-01
1.356549833564859309e-01
1.356549833564859309e-01
1.356549833564859309e-01
2.081927426317812246e-01
9.300000000000000488e-01
1.356549833564859309e-01
9.300000000000000488e-01
9.300000000000000488e-01
9.300000000000000488e-01
2.081927426317812246e-01
9.300000000000000488e-01
9.300000000000000488e-01
9.300000000000000488e-01
9.300000000000000488e-01
9.300000000000000488e-01
9.300000000000000488e-01
9.300000000000000488e-01
9.300000000000000488e-01
9.300000000000000488e-01
9.300000000000000488e-01
9.300000000000000488e-01
9.300000000000000488e-01
9.300000000000000488e-01
9.300000000000000488e-01
