2.466086663500039933e+01
6.659588685807206332e+01
3.189287336279000939e+01
4.486458770965246146e+01
2.311647525654604962e+01
2.466086663500039933e+01
5.429303176679261611e+01
1.133699231045618916e+02
8.024050518745801241e+01
1.557312325039739278e+02
1.457239113295830748e+02
1.457239113295830748e+02
9.628891730087032386e+01
2.240684143865836120e+02
4.689954112540194586e+01
6.644051726978089789e+01
5.159544406583935228e+01
9.628891730087032386e+01
2.190341163224058008e+01
1.046462842988154449e+02
5.846781327015768426e+01
7.529020880884711175e+01
5.095947809490888858e+01
5.095947809490888858e+01
9.458617500313062010e+01
8.091360905154175498e+01
2.007362982087414309e+02
6.895735300882364527e+01
8.262384787250093154e+01
9.458617500313062010e+01
1.276910610122553891e+02
5.147023573872139224e+01
1.499862023470681152e+02
1.251775579087003081e+02
1.092215008815018251e+02
1.092215008815018251e+02
9.380466596664294165e-01
7.817680933316714098e-01
7.510889962393368924e-01
7.950585285560983761e-01
1.418208529453114295e+02
9.380466596664294165e-01
6.679498477872034812e+01
6.952330303869707961e+01
9.455520805417353358e+01
5.300837149234779444e-01
5.561888248882504371e+01
5.561888248882504371e+01
9.488834703722799802e+00
7.952796457065787195e+00
2.258155834092799452e+01
8.319601449427436179e+00
2.701232835223261830e+01
9.488834703722799802e+00
4.582950188024135940e+01
1.614028113913130724e+01
5.399857225397395410e+01
1.663116907706487169e+01
3.849677652465148725e+01
3.849677652465148725e+01
1.577627837708297136e+02
1.356465746576479603e+02
1.227711072654889932e+02
2.696073406334188007e+02
1.760434219280365653e+02
1.577627837708297136e+02
2.339205683008983385e+02
2.584526973709774325e+02
1.178033766104192210e+02
1.804137566614412265e+02
2.011475446537889695e+02
2.011475446537889695e+02
1.084544230369842950e+02
9.224705914734572332e+01
1.441374965943222151e+02
1.289798462338351897e+02
1.361872172613057899e+02
1.084544230369842950e+02
2.154703087117353277e+02
1.378995943586497503e+02
1.539596367248317392e+02
1.458117044339372796e+02
1.832855634859688507e+02
1.832855634859688507e+02
5.533632307527627603e+01
4.572724839278924236e+01
2.392286090188605741e+01
6.070827083589284712e+01
1.781015600828139478e+00
5.533632307527627603e+01
7.842987972765970150e-01
1.499144523906224435e+00
6.315793283404027569e-01
2.152821620507540601e+01
6.433375718290986756e-01
6.433375718290986756e-01
5.461926593116495354e+01
4.519701267704122216e+01
1.022037383169675167e+02
2.780643797812479079e+01
2.907436360465327141e+01
5.461926593116495354e+01
2.787301224321317861e+01
1.232613315764290007e+01
4.517531668355223928e+01
4.320523257479987222e+01
2.314482873787620676e+01
2.314482873787620676e+01
1.271452822144033057e+01
1.084623829629302527e+01
9.043959747422560369e+00
1.394776276671331949e+01
1.769243150410621865e+02
1.271452822144033057e+01
1.810140775549059526e+02
2.170865279120359048e+02
1.073543550049879087e+02
8.463240766174932261e+00
1.544138050464695482e+02
1.544138050464695482e+02
3.067888981365169343e+02
2.644349456159508804e+02
3.501979126638299817e+02
5.262561938483661379e+02
2.278188947888536688e+02
3.067888981365169343e+02
4.393467415969042236e+02
3.317513540757379928e+02
2.241402610486318281e+02
5.177586379608900415e+02
3.786723797985185342e+02
3.786723797985185342e+02
6.145116613487108026e+01
5.180191198739891689e+01
2.609159452329513940e+01
8.296352062681509665e+01
3.182801592998769080e-01
6.145116613487108026e+01
1.386935656718182031e-01
2.753603991406312623e-01
1.137660058522971945e-01
2.965446666207281723e+01
1.167585695790193667e-01
1.167585695790193667e-01
2.649452917176876454e+01
1.198468002649103248e+01
3.844885455481996672e+01
3.297780846707609470e+01
5.627555800375819217e+01
2.649452917176876454e+01
1.247697676067281094e+02
3.889129491788273185e+01
3.727802301983270894e+01
2.184514106634354746e+01
5.695281942016131183e+01
5.695281942016131183e+01
5.450066310873079374e+02
2.794527247278526829e+02
3.024985071517480151e+02
2.408579227451100735e+02
4.466205830998701032e+01
5.450066310873079374e+02
1.825735601395646057e+01
1.686642335020560424e+01
1.270752925004308764e+01
6.853040845418651372e+01
9.359201955675171547e+00
9.359201955675171547e+00
9.546707816156494580e-03
1.354457240808346064e-02
2.326824372774667291e-02
9.512909782209739637e-03
3.912287607660177002e+01
9.546707816156494580e-03
8.532452412018210453e+01
4.966787389084084481e+01
1.352715824170666963e+02
3.289191615439329003e-02
1.210430052721619063e+02
1.210430052721619063e+02
4.350436895335779042e+01
6.563771002827802192e+01
3.918090729557029306e+01
3.704001002416394783e+01
6.231967576343199511e+01
4.350436895335779042e+01
4.757965289910962525e+01
7.970768611044792351e+01
8.478363712109725725e+01
5.039157746538278815e+01
7.187312243058271122e+01
7.187312243058271122e+01
1.713141227157284163e+01
4.501718940575995020e+01
1.755308735790186603e+01
1.385772423976890799e+01
2.354958222330803963e+01
1.713141227157284163e+01
1.957930138087818506e+01
5.021368040412952638e+01
6.336875000822002590e+01
3.728926716006142783e+01
5.141960987420008422e+01
5.141960987420008422e+01
2.474865291069544355e+02
6.659745821450292169e+01
2.508461448427259768e+02
1.771590822705292396e+02
7.930638062511089004e+01
2.474865291069544355e+02
7.001674984298941240e+01
1.858883490080077294e+01
2.163697190001094484e+01
4.833389261627030464e+01
1.884666157402380193e+01
1.884666157402380193e+01
5.132240906079166365e+01
1.526117909237644454e+01
5.221282584324126930e+01
6.959430899327045950e+01
2.427951558427136544e-02
5.132240906079166365e+01
2.651292162294502375e-02
7.749407135417094028e-03
7.345725140141707264e-03
2.105563693840058903e+01
7.884643825979210582e-03
7.884643825979210582e-03
1.128204898587035245e+02
2.726317946698016499e+02
1.140815516271341750e+02
8.848138664415968435e+01
8.825228686572783943e+01
1.128204898587035245e+02
6.999912095365957043e+01
1.672837167685017619e+02
2.156410951696661868e+02
2.162008917356105542e+02
1.691494962199605823e+02
1.691494962199605823e+02
1.625435937415360854e+02
2.328081347961517906e+02
1.253823647578971645e+02
1.575277116766261543e+02
8.557619043210115350e+00
1.625435937415360854e+02
6.492302463821746805e+00
1.205481193510192384e+01
9.457278667458533405e+00
1.740885472525160083e+02
9.301337057670862052e+00
9.301337057670862052e+00
1.262767560156892444e+01
2.218511451317430438e+00
1.068684149454846910e+01
1.259519085483358047e+01
3.562978889743173454e+02
1.262767560156892444e+01
2.972945805650780358e+02
6.171621725040890993e+01
5.290354448547543598e+01
1.870149277644954422e+00
5.215939700719628291e+01
5.215939700719628291e+01
1.719062296528685181e+02
8.647848645327360373e+01
1.199884764916993305e+02
1.058997389753150884e+02
1.745563048436951306e+02
1.719062296528685181e+02
7.501894764110593883e+01
5.406790082686833188e+01
6.121977640718156977e+01
3.714078587681474630e+01
3.769460901922094109e+01
3.769460901922094109e+01
3.222059827183642255e+01
1.318419219195363894e+02
2.626624008916816777e+01
5.065509482061285240e+01
3.460380209135223595e+01
3.222059827183642255e+01
4.433842257220667449e+01
2.225542303335204508e+02
1.155728690515286416e+02
1.691824102172433300e+02
1.816552708540886272e+02
1.816552708540886272e+02
9.857738494236117921e-02
4.161687194059389694e-01
1.004395596868049717e-01
1.088413644710509859e-01
8.904694079439810395e+00
9.857738494236117921e-02
1.022506518940061504e+01
4.236729331534630916e+01
3.829416322629322877e+01
4.680664983708350824e-01
4.315709052162429060e+01
4.315709052162429060e+01
1.170132554495330197e+02
5.819067273588640177e+01
1.183791005476430058e+02
1.416386670540362331e+02
1.394134056343025918e+02
1.170132554495330197e+02
1.705315548354282953e+02
8.382683981093867942e+01
7.014173738326711316e+01
7.126131194212624109e+01
8.480798811192086362e+01
8.480798811192086362e+01
1.084902948103815419e+02
1.811538122305942977e+01
1.113742958400445247e+02
4.977273693043891711e+01
2.581179779866122885e+02
1.084902948103815419e+02
1.175799463159730323e+02
1.912474988627378281e+01
4.427943812278275004e+01
8.538377846843443919e+00
1.964821142282031374e+01
1.964821142282031374e+01
8.815324262011809253e+01
1.271049931894554135e+02
8.942068976424189941e+01
1.106075206426371977e+02
5.950998625171174439e+01
8.815324262011809253e+01
7.564741598998588756e+01
1.075272883664562045e+02
8.703705273789792329e+01
1.617703718945899993e+02
1.090708507554687827e+02
1.090708507554687827e+02
3.462012045850514141e+01
1.384590896067173560e+02
3.538367827457788195e+01
3.423017227328475087e+01
3.306142463365733164e+01
3.462012045850514141e+01
3.340339092511346308e+01
1.307100709366166029e+02
1.351249009778258028e+02
1.399016736312325406e+02
1.335764749515895176e+02
1.335764749515895176e+02
1.523399330037567552e+02
7.765030438523140788e+01
1.543016744770550588e+02
1.500816694690849147e+02
1.229166967177387306e+02
1.523399330037567552e+02
1.226518240582557269e+02
6.172293012247015298e+01
6.346017393615985469e+01
7.748506999832915199e+01
6.251835039581811770e+01
6.251835039581811770e+01
8.311024193813253191e+01
4.011996581201746181e+01
8.445842274025643803e+01
1.342328946257555629e+02
1.164567733547123840e+00
8.311024193813253191e+01
1.290783746752462546e+00
6.131561318600510235e-01
5.713723069671657884e-01
6.585873578996502431e+01
6.231886031905924384e-01
6.231886031905924384e-01
7.261608579725496782e+00
3.227081459498780447e+01
7.340351914638418407e+00
6.198965882708396435e+00
6.001186646326500096e+01
7.261608579725496782e+00
3.635664323974560119e+01
1.598368180340493723e+02
2.695418147554860298e+02
2.784250202675097441e+01
1.615432241191761022e+02
1.615432241191761022e+02
1.380741835201492762e+01
5.213377837943579607e+01
1.951876833637444264e+01
1.138721506977138631e+01
9.119698457970796923e+00
1.380741835201492762e+01
1.193627998682075031e+01
3.188128291620449772e+01
4.815426018289480936e+01
6.012730790995502161e+01
4.458443916279505714e+01
4.458443916279505714e+01
9.688342213511468515e+01
3.727527149214383684e+01
1.189498818104977573e+02
2.222608690087892001e+02
9.108289406927342213e+01
9.688342213511468515e+01
2.557425464091707852e+02
8.014192788086253927e+01
4.313488219132963053e+01
1.052579246454893536e+02
9.864617171017418684e+01
9.864617171017418684e+01
3.599796220861624985e+00
1.487958704731438209e+00
2.679271774450674659e+00
3.304959159807495439e+00
1.894162056810012302e+02
3.599796220861624985e+00
1.083491795832690485e+02
6.017273292273210217e+01
5.820670413204576477e+01
1.015598318484871809e+00
4.473450652933706095e+01
4.473450652933706095e+01
6.696986052080609397e+01
2.247356331543706744e+02
5.584561303280560907e+01
5.684112436102744681e+01
2.506835272764891521e-04
6.696986052080609397e+01
2.106517320805244970e-04
8.477111775346048714e-04
7.020186789811311929e-04
1.591789116311556995e+02
7.074214712353456280e-04
7.074214712353456280e-04
5.068433084309048553e+01
1.007474554083261893e+02
3.563941497470776909e+01
6.550901020474962877e+01
4.626826063147913004e+01
5.068433084309048553e+01
4.206167876354380297e+01
1.189022633687105639e+02
6.474176641841889079e+01
9.166476066083610874e+01
8.370109202595776310e+01
8.370109202595776310e+01
8.441846021701967118e+01
2.063226616546894476e+01
6.909257909335140369e+01
6.386612810105111748e+01
1.491294177654334341e+01
8.441846021701967118e+01
1.017643343731428196e+01
3.038863016101398529e+00
2.979433140678872771e+00
1.275971310572767869e+01
2.484116389708771688e+00
2.484116389708771688e+00
8.340230326876998390e+01
5.818247682478615701e+01
1.242969417970318347e+02
7.004327254771703792e+01
4.447220199722776357e+01
8.340230326876998390e+01
5.559818579546485040e+01
2.602509852436316962e+01
4.626306725556671751e+01
7.286386738567655641e+01
3.880824569628213538e+01
3.880824569628213538e+01
6.626481735528048489e+01
3.784997103773068261e+02
8.336741759034588028e+01
4.724059046778997839e+01
1.014498094486561399e+02
6.626481735528048489e+01
9.000881324641414949e+01
4.086525735099419876e+02
7.273992529464291010e+02
3.387169517790929376e+02
5.129715827737732070e+02
5.129715827737732070e+02
4.885314276741422823e+00
1.681202811073525538e+01
3.076438394004241683e+00
5.093440212996461547e+00
4.658853201511536213e+01
4.885314276741422823e+00
3.452688926823274329e+01
1.886815071886571786e+02
1.014730439197943923e+02
1.109386495089712099e+01
1.194189913738378550e+02
1.194189913738378550e+02
3.665310543931902316e+02
1.492596628427554037e+02
2.774813961649396106e+02
1.543441971660182901e+02
4.684469619091942860e+01
3.665310543931902316e+02
2.547786869561254619e+01
1.370476775747034992e+01
1.442547541720994353e+01
4.752914637194280090e+01
1.036357771748774148e+01
1.036357771748774148e+01
9.063878104141424785e+01
1.237058797563197210e+01
1.081438566458697892e+02
1.042122070574755668e+02
9.641225802010228563e+01
9.063878104141424785e+01
1.322406625734554382e+02
1.512702432721378720e+01
1.577754966183513119e+01
1.705398572737444240e+01
1.813779633058424778e+01
1.813779633058424778e+01
1.518299649864609648e+02
1.792847769079699276e+02
1.692155435147801086e+02
1.908647410993607139e+02
1.536630851860777511e+02
1.518299649864609648e+02
2.155117040113939026e+02
2.283358075280144988e+02
2.022138100521373190e+02
2.511695405280939610e+02
2.544657655902324223e+02
2.544657655902324223e+02
6.175714600880153426e+01
2.033837670778374047e+02
1.019244147811372301e+02
4.295351825611700036e+01
3.058983113503496654e+01
6.175714600880153426e+01
3.524723250414771769e+01
7.033363832557071760e+01
1.659573411409291168e+02
2.330333780191816686e+02
1.158653033791954812e+02
1.158653033791954812e+02
8.690746315739231420e+01
3.651773058421840545e+01
1.176632170380744924e+02
1.586039635915463748e+02
1.960427298631173869e+02
8.690746315739231420e+01
5.924411182375692988e+02
1.838688902736011244e+02
1.115650609762323739e+02
9.025920462094120467e+01
2.490227435051378961e+02
2.490227435051378961e+02
8.689271451475219976e+01
3.397837954435409813e+01
7.576521169412028200e+01
1.045924973372060407e+02
9.071360972998336081e+01
8.689271451475219976e+01
9.521960124598329855e+01
4.270307808628686530e+01
3.086881283465226389e+01
3.559164092159284820e+01
3.716099729270498386e+01
3.716099729270498386e+01
3.997029530231469702e-02
1.441210042263787738e-01
3.669921854249866278e-02
4.061327038076672363e-02
2.892512485543983769e-01
3.997029530231469702e-02
2.736483318498273976e-01
1.074640658775872337e+00
9.587196008696849958e-01
1.346121704367979344e-01
9.878470551363870422e-01
9.878470551363870422e-01
5.857723326328041225e+01
1.268117942035087822e+02
9.774770895446503971e+01
4.744136295552105054e+01
1.016361898700982103e+01
5.857723326328041225e+01
1.561817523940498909e+01
2.026204854802677247e+01
3.640867583685964348e+01
1.699470638671136840e+02
3.352810962064336309e+01
3.352810962064336309e+01
9.808718336087049749e+01
1.891347508963861799e+02
6.821371470151689209e+01
8.724259363670755363e+01
1.411373306627457964e+02
9.808718336087049749e+01
8.737740418322704272e+01
2.422695149572319622e+02
1.892385471484010679e+02
1.169758673466730130e+02
1.684641160447476977e+02
1.684641160447476977e+02
1.326465659852255499e+02
9.408170818896013543e+01
2.533776566432896686e+02
1.151394966276175751e+02
1.565919847497462172e+02
1.326465659852255499e+02
2.589835596164126628e+02
9.616323713922382410e+01
2.121097265693791485e+02
1.559607740207756308e+02
1.836500061324705655e+02
1.836500061324705655e+02
1.112804685720056064e+01
7.448590114264391104e+00
6.976683854553615838e+00
1.644520588681258744e+01
4.025761702029978295e+01
1.112804685720056064e+01
6.749223865934909838e+01
7.205744622346313122e+01
1.681242509384156492e+01
6.867862844078000961e+00
4.495790176903273050e+01
4.495790176903273050e+01
3.705724926682209541e-01
2.518020756966466434e-01
5.307992261262697298e-01
3.741524192411404548e-01
5.823736183010780820e+01
3.705724926682209541e-01
9.127824636149631488e+01
4.330083912802666646e+01
5.679094633099142442e+01
3.648597617234281554e-01
6.214233932861321819e+01
6.214233932861321819e+01
3.375182595231421487e+02
2.420556741502188061e+02
1.574803099695877506e+02
3.951756236375551907e+02
2.258199163917739440e+02
3.375182595231421487e+02
1.232852631827957453e+02
1.894960550830880095e+02
7.561612055031483237e+01
1.323251202683189547e+02
8.847780269161334843e+01
8.847780269161334843e+01
5.130600526659912219e+01
3.593771029369711556e+01
6.796617960417370341e+01
8.670442476411496102e+01
2.663688870407350695e+00
5.130600526659912219e+01
3.972801093813032480e+00
2.100653230701351237e+00
2.472045534188859417e+00
8.046633689608289330e+01
2.783204604917541847e+00
2.783204604917541847e+00
8.029058262857461159e+01
5.285082474669511043e+01
4.432757756803858484e+01
5.796841840409511093e+01
6.608175794422842841e+01
8.029058262857461159e+01
2.628831306852749705e+01
3.134299465695973197e+01
2.380304779551225991e+01
2.088057395609043709e+01
1.715158697431541768e+01
1.715158697431541768e+01
1.296190102837378966e+01
1.569981294884567546e+01
2.639099273903916298e+01
1.560971178482872723e+01
1.762437201826953270e+01
1.296190102837378966e+01
4.308382272755972053e+01
2.563025819575668507e+01
4.324989821381674204e+01
3.830595751956586525e+01
5.192764683167570183e+01
5.192764683167570183e+01
3.985187187870999309e-04
4.671666735703913363e-04
2.418219128467344282e-04
4.195443015178200907e-04
7.033862926549191741e+01
3.985187187870999309e-04
5.385299795384036514e+01
1.040365846904615381e+02
5.003494607855207477e+01
2.984402272721928414e-04
6.313097458212698854e+01
6.313097458212698854e+01
1.525338250283568300e+02
1.769490260514795921e+02
2.597606216021557088e+02
1.884328017531521766e+02
1.333225175742701052e-01
1.525338250283568300e+02
2.291222795219186592e-01
1.560781767384018526e-01
2.634421524473762322e-01
3.723387750901604818e+02
2.658532217391365582e-01
2.658532217391365582e-01
4.565305807630782198e+01
5.416392709541031536e+01
3.106389121245060281e+01
2.947238868041501902e+01
1.171325242443905523e+02
4.565305807630782198e+01
3.816578869613031344e+01
6.654700733845885452e+01
9.460883904889516316e+01
2.380507459426153005e+01
4.530461766914324784e+01
4.530461766914324784e+01
4.038738510841139373e+01
2.671440692249601412e+01
6.520320553875225755e+01
3.966036424166565411e+01
5.486637323851979886e+00
4.038738510841139373e+01
8.808753672747750230e+00
3.609034680878634216e+00
5.888349372741637389e+00
4.256415489499870830e+01
5.855696652150349735e+00
5.855696652150349735e+00
2.053979339588738640e+02
1.447867670007675827e+02
1.455504637320611039e+02
2.029373196885742061e+02
1.750029344245537004e+02
2.053979339588738640e+02
1.225017466222570448e+02
1.218589854721079035e+02
8.741419651460797979e+01
1.013674587899704420e+02
8.634981219445403156e+01
8.634981219445403156e+01
4.092685833626807046e+00
7.984151043769998068e+00
7.486362714879852831e+00
3.299163028930758301e+00
1.405366498490830338e+02
4.092685833626807046e+00
1.331160664912727327e+02
1.419673106549324473e+02
5.013663386369473187e+02
1.176980730761448513e+01
2.596172798088848594e+02
2.596172798088848594e+02
3.228965944339410754e+01
7.081290485768725773e+01
2.063923681310381752e+01
5.881043181421414801e+01
2.310902946356497978e+01
3.228965944339410754e+01
2.682559494092818042e+01
9.203820468287624124e+01
3.277091491014236624e+01
8.339907393562279481e+01
5.951494725600729652e+01
5.951494725600729652e+01
