-1.257722831052856918e+03
-3.508601145393518436e+03
-1.654798091908851347e+03
-1.312109720587718130e+03
-1.250035871158233476e+03
-2.272993068167813817e+02
-3.083060384645570480e+02
-6.436934493216999726e+02
-8.219152390436747737e+02
-8.341325263148609110e+02
-4.610530827832532850e+03
-8.332284628613010682e+02
-1.480657547591138609e+03
-3.496702461758413847e+03
-6.971493410795477530e+02
-1.464013273885420176e+03
-1.448857771750639586e+03
-6.156418224194734648e+03
-2.740254848085642152e+03
-1.435792460109793865e+04
-6.814758991019443783e+03
-6.877934787778944155e+03
-1.629144736580332392e+03
-6.773812325781382242e+03
-3.130539678808658209e+03
-2.665876440550735879e+03
-6.792304286694969051e+03
-3.100863137905102576e+03
-3.118911920769410699e+03
-6.813527536230608348e+03
-1.467995182651912364e+04
-5.704400392196970643e+03
-1.259135524562415412e+04
-1.255057501812394730e+04
-5.750032410841105047e+03
-1.251477642359534548e+04
-1.196213420365172396e+03
-8.734290144853974880e+02
-8.102527147308910571e+02
-1.057878878460846181e+03
-4.308821866195538860e+03
-4.888872239753313806e+02
-1.381803127073241967e+03
-1.446645370535158463e+03
-1.167959804534913246e+03
-2.097073385330365909e+02
-2.807154222704556105e+03
-1.147271725800992726e+03
-1.840502858771390720e+03
-1.488559025634030149e+03
-5.026872873002833330e+03
-1.788086669181843945e+03
-2.128639037102557268e+03
-1.766139106901839341e+03
-5.080928238476486513e+03
-1.625822088686311645e+03
-4.308613548006459496e+03
-3.918722263934059356e+03
-4.411425847863386480e+03
-4.233186419666884831e+03
-4.316527484925983117e+03
-3.700735346118132384e+03
-3.334980223512504381e+03
-4.344642903502288391e+03
-4.323531022397248307e+03
-3.823210058077298982e+03
-2.982117897562782218e+03
-3.306223785638032950e+03
-2.536753472220938875e+03
-2.555180721206483668e+03
-2.888951491267117035e+03
-2.558785606550875855e+03
-1.703895580184037328e+02
-1.444029340531050423e+02
-2.284862916470973744e+02
-1.710027107247400693e+02
-1.711749616621724499e+02
-3.578180718386478020e+03
-4.825447570093402646e+03
-3.059184407549130356e+03
-4.086965446327651534e+03
-4.083319535164613626e+03
-1.951162345256020387e+02
-4.097440925037643865e+03
-2.028231006744535989e+03
-1.670251812094215211e+03
-8.321617740497748628e+02
-2.036018631181293358e+03
-8.817908607956843525e+02
-3.844557281441135274e+03
-4.160016682103328094e+02
-1.251537339346231875e+03
-2.919561593413639571e+02
-1.297123989686195046e+03
-1.563045662502356663e+02
-2.962788046832825444e+02
-5.347545822853011259e+02
-4.417762278761468338e+02
-1.022304017878259287e+03
-5.130996719096666538e+02
-5.149487719511788555e+02
-7.724232855232127122e+02
-1.388264945051106224e+03
-5.598653538842660282e+02
-1.195018162853111562e+03
-1.192172938337398364e+03
-7.879926395465942051e+02
-1.138211590456191516e+03
-7.771175630983299925e+03
-6.446928578447440486e+03
-5.163559555956521763e+03
-7.885783896653659212e+03
-9.170370358716261762e+03
-8.795946043860220016e+03
-7.359160273142827464e+03
-8.877591666629681640e+03
-6.219839611741704175e+03
-4.912796754558420616e+03
-5.533576726607273486e+03
-6.263279152093947232e+03
-1.618801157659017008e+04
-1.392917282616536068e+04
-1.851998799684654296e+04
-1.624276461442201980e+04
-1.614278158948662167e+04
-9.344299365348797437e+03
-1.070579757769703428e+04
-8.055725858021397471e+03
-9.174022487442822239e+03
-9.231771407838485175e+03
-1.596489096540963692e+04
-9.215506167025076138e+03
-4.141493166366881269e+03
-3.469376735113530685e+03
-1.655498538711702395e+03
-4.183903725234778904e+03
-4.867149305733382789e+02
-4.913635960096300437e+02
-1.131271914326025474e+01
-4.280807529191334737e+01
-7.904839967808473311e+00
-1.674969479470370857e+02
-6.830084861719488742e+01
-8.103490513904478831e+00
-1.263950401619877766e+03
-5.328571485008291120e+02
-1.889364699974919176e+03
-1.285694746313033420e+03
-1.324380982778796579e+03
-3.497909250994545800e+03
-5.459297603029151105e+03
-1.674615685419497140e+03
-2.429773011623867205e+03
-2.326347758364094261e+03
-8.974707315540482568e+02
-2.483698071044923836e+03
-1.535607494339135155e+04
-7.842204370733551514e+03
-8.439596707529031846e+03
-1.526803922104243247e+04
-1.460833622745010507e+04
-7.893309550341348768e+03
-3.846922196383253777e+03
-3.541843544173498685e+03
-1.874477043619630194e+03
-2.164474009897711767e+03
-3.444090670625230359e+03
-1.770326980227922149e+03
-1.114209311228011501e+01
-2.238827639497165833e+01
-6.650686858619462782e+01
-1.110279658362886579e+01
-2.753012023924255118e+03
-3.416908554432569023e+00
-2.148786828219077961e+03
-1.213060185679545384e+03
-3.080463810312784972e+03
-4.074162755811777004e+01
-1.002360977076089148e+04
-3.073906996366673411e+03
-2.428482574773792351e+02
-3.691505377117925946e+02
-2.175928905274079170e+02
-2.405667031518958936e+02
-2.468991113496989271e+02
-1.920708945502908819e+03
-1.739377723343837033e+03
-2.938677738896616120e+03
-2.653686253576339368e+03
-2.602806007197027611e+03
-3.338061214029204393e+02
-2.640102960186734435e+03
-1.507484690862151865e+03
-4.196036025900864843e+03
-1.549012109345478848e+03
-1.463458190951240113e+03
-1.561686053230158677e+03
-3.420343416241856289e+02
-3.560501810932917692e+02
-9.572537883006149286e+02
-9.903651609989143481e+02
-9.647561234233077130e+02
-4.326780552806868400e+03
-9.817065119813901219e+02
-4.247579732907273865e+03
-1.136961832528547120e+03
-4.306360944078513967e+03
-4.230783740954808309e+03
-4.159296042132483308e+03
-7.027813739901124791e+03
-6.947979450762240049e+03
-1.720383107604925726e+03
-1.773492219328810961e+03
-1.881213677615428196e+03
-1.055752459387253793e+03
-1.746790432804365309e+03
-2.200850272493270950e+03
-5.931535993514102074e+02
-2.241253432849247929e+03
-2.228025715915565797e+03
-2.220016776640198941e+01
-1.176976450072488115e+04
-1.318022940317914333e+02
-1.140874259018119830e+01
-1.100601511572283897e+01
-3.357834495028082529e+03
-2.208548009351410712e+00
-1.181093065870536840e+01
-4.748861292357548336e+03
-1.159819704913423084e+04
-4.803384193414241054e+03
-4.720710311398638623e+03
-4.720373596346780687e+03
-3.220492140794199713e+03
-3.214062670910424913e+03
-7.820691473103393037e+03
-7.934787757523282380e+03
-7.935023220955713441e+03
-1.166370941987256629e+04
-7.909871905430819425e+03
-3.736485691925294759e+03
-5.371333395480838590e+03
-2.861068845324938138e+03
-3.734684393802959221e+03
-2.935877936484255315e+03
-3.946991928090099918e+03
-2.225261767358295401e+03
-4.749421187196153369e+03
-3.488390138499727982e+03
-4.348523828931045500e+03
-3.290804271975128813e+03
-3.476201695748375641e+03
-1.266019771268513750e+03
-1.262131034604308866e+02
-1.039003456852393583e+03
-1.265480207239815172e+03
-1.506220292083391541e+03
-1.989459640564806932e+03
-1.998049286573597101e+03
-4.054728004010159452e+02
-3.405474086481651170e+02
-1.525972698867406905e+02
-2.165725649867797813e+02
-3.403283164077967058e+02
-2.593801704729374705e+03
-1.290086705411129060e+03
-1.788314941773143119e+03
-2.570832626236108354e+03
-2.594366293147570104e+03
-2.859832648804181645e+03
-1.947899952041175538e+03
-1.398843496378708323e+03
-9.754605892709308819e+02
-9.512640075301759452e+02
-8.635745156073950284e+02
-9.521462607978969572e+02
-3.666162033345297459e+03
-1.577619255015490307e+04
-2.939076236083517870e+03
-3.764813704890372264e+03
-3.684432970993647814e+03
-3.808537257941231019e+03
-3.165341510620900863e+03
-1.651412076000285742e+04
-1.331813302653848768e+04
-1.340809184674231255e+04
-1.291977252624523135e+04
-1.342151126512853989e+04
-5.192859137107466694e+01
-8.138291953761477089e+02
-5.386965171601125490e+01
-5.710975596174727542e+01
-1.068723282569984121e+03
-4.203743110991758414e+01
-9.071736971323490479e+02
-4.359383331301661201e+03
-4.415489764485622800e+03
-7.417519653256636047e+02
-5.492374298530578926e+03
-4.446207765477134672e+03
-1.283596342053812441e+04
-6.268222491981733583e+03
-1.299015095947514055e+04
-1.288281631374548488e+04
-1.287925076311050179e+04
-1.162311648316444735e+04
-1.183760768915288099e+04
-5.748365145718232270e+03
-5.783334200219101149e+03
-5.786462916395436878e+03
-6.425052102561057836e+03
-5.817960565311196660e+03
-6.818030998414796159e+03
-1.053743776547979678e+03
-7.006505339788698620e+03
-6.641609627091286711e+03
-6.908296135575804328e+03
-5.956806030193979495e+03
-6.128628936179230550e+03
-9.266106747910270087e+02
-1.018564963590505272e+03
-8.323610448859484450e+02
-1.092625943146397731e+03
-9.546100345384317052e+02
-1.494895012473674797e+03
-2.170375462551866804e+03
-1.517160440453021465e+03
-1.503311289511506175e+03
-1.475312285691837360e+03
-9.162259753870908980e+02
-9.252906031033629688e+02
-1.325574630674215314e+03
-1.337637102573349239e+03
-1.355116609172946028e+03
-2.194840541653910350e+03
-1.345224848110461153e+03
-3.433306364271560938e+02
-1.437903179706944456e+03
-3.514749360859771627e+02
-3.430674230661277875e+02
-3.422439450682388156e+02
-2.265982200419230594e+03
-2.310694585617369739e+03
-9.480193129861074340e+03
-9.696918048277068010e+03
-9.702936126433163736e+03
-1.468920691716144574e+03
-9.694876565326554555e+03
-9.329047847051037024e+03
-4.685932532946369065e+03
-9.452180895285042425e+03
-9.326781972674216377e+03
-9.293130963187149973e+03
-4.133122463883370983e+03
-4.170516678713298461e+03
-2.059469747378982447e+03
-2.088449655855966739e+03
-2.102875906830872282e+03
-4.711239203876095416e+03
-2.087257875134978804e+03
-6.167464681744332665e+03
-2.911887375275434806e+03
-6.271532356888124923e+03
-6.236828422450246762e+03
-2.018661637022972172e+03
-1.666882346417387453e+02
-5.941645996527117290e+01
-1.646472495504354683e+01
-1.580655716240017483e+01
-8.186707333531326469e+01
-6.272944177163753920e+02
-1.695390318152366049e+01
-9.919869099069104550e+02
-5.415311089700271623e+03
-1.005418932827998901e+03
-9.502599029639460468e+02
-1.280320409895989997e+03
-1.414108999228999892e+03
-1.797982646943597729e+03
-8.189972278395388457e+03
-8.330271806714261402e+03
-7.714466687152508712e+03
-5.807940956474409177e+03
-8.279405193272028555e+03
-6.789742359306561639e+02
-2.783173411856134862e+03
-9.987502956586901064e+02
-6.575494000355969320e+02
-6.293145372911204731e+02
-9.401181728270624660e+01
-1.289794420906169137e+02
-3.744689283948834486e+02
-5.393733789086985553e+02
-5.447421496692818437e+02
-3.880187598950140455e+03
-5.372567444700194983e+02
-6.550237658658453199e+01
-2.456003084321622865e+01
-8.093258891048078851e+01
-6.644523463976216249e+01
-6.539761099821944867e+01
-4.781673490820670850e+03
-5.973853451913838398e+03
-1.855254317760164440e+03
-2.223877027649829870e+03
-2.298183331570939572e+03
-3.143308536108905216e+01
-2.294615231359500740e+03
-1.706974276843752477e+03
-4.475689115406100882e+02
-1.109150758692824866e+03
-1.646760546144057798e+03
-2.855174870319601268e+03
-5.431281789957393812e+03
-6.669232960634576557e+03
-3.665024750609222338e+03
-2.713140711022660071e+03
-8.173448388251099459e+02
-8.422555347137098352e+02
-2.679903974089076200e+03
-4.432369680364955457e+03
-1.520294424930482819e+04
-3.667164058014686361e+03
-4.404127639484476276e+03
-4.609939481265947769e-01
-1.873475844277971191e+03
-1.364426098774596530e-01
-2.202444116187461720e+00
-1.519943514582626110e+00
-5.330561427571959030e+03
-3.623630918953764990e+00
-1.531637811104168856e+00
-3.740052554694797436e+03
-7.591956864905886505e+03
-2.566588913374095682e+03
-3.780265219253455598e+03
-3.723347700097723191e+03
-2.945705109449885185e+03
-2.041909061452102833e+03
-6.001694765733814165e+03
-4.129220592160920205e+03
-4.174809427776815028e+03
-5.287245143307204671e+03
-4.164290422604789455e+03
-7.519129585055365169e+03
-1.696907433694693964e+03
-6.104324944667387172e+03
-7.450134489882843809e+03
-6.629925491158843215e+03
-3.836290604620084196e+03
-2.590504247940997629e+03
-5.325060476549907662e+02
-4.311868610917995284e+02
-6.631181291545577778e+02
-7.746523598444505296e+02
-3.952307958390053386e+02
-6.599478421550292069e+02
-4.554456116561094063e+02
-9.997182333811196031e+02
-6.563049242647234678e+02
-6.435526620804110962e+02
-2.212766294284509968e+03
-3.272276039603931622e+03
-1.453110961500500025e+03
-2.267078346108203732e+03
-2.310320133545505996e+03
-6.695522077425224552e+02
-2.244969167136692704e+03
-2.036759961401311330e+03
-1.186251204032280111e+04
-2.580811903627316042e+03
-2.007370411644688829e+03
-2.062769378104435873e+03
-3.042567349747637763e+03
-3.863586889405934926e+03
-1.772912642668638728e+04
-2.235688597857981586e+04
-2.226935885906798649e+04
-1.494478280441222341e+04
-2.232492246091209017e+04
-1.686073479430690440e+02
-7.571019269693465503e+02
-8.843328325510522347e+01
-1.709725567890049831e+02
-2.419413690372258543e+02
-6.182269424579197903e+02
-5.481511733681039686e+02
-3.147359145189765968e+03
-1.957358236686481860e+03
-1.636595335502811395e+03
-5.357608750617803253e+02
-1.964456541893194071e+03
-9.098391217973521634e+03
-3.681650387274237346e+03
-6.856735356625837994e+03
-9.014436740251412630e+03
-8.696093307193730652e+03
-1.208964312525248715e+04
-8.371222486671640581e+03
-4.206300323515150922e+03
-3.201531690807401446e+03
-3.568931269804916610e+03
-2.277506542944367993e+03
-3.026275817337036642e+03
-1.019372626145557297e+04
-1.225638450409238430e+03
-1.224234276660086653e+04
-1.022948929065585617e+04
-1.021013768453649755e+04
-6.310401971377260452e+03
-7.609925100191500860e+03
-7.827061289301959732e+02
-9.414263344337219905e+02
-9.511639038852939620e+02
-1.548324195444536372e+03
-9.584864067037606219e+02
-2.501656006969136797e+03
-2.959546846593855207e+03
-2.795045918853900275e+03
-2.509971433195862573e+03
-2.502139536129925091e+03
-6.101600016997895182e+01
-6.838573159858039219e+01
-7.239795570289925308e+01
-8.064121731166508766e+01
-8.083362458469507317e+01
-3.314601754261405858e+03
-8.084394522588794985e+01
-1.260284718120940397e+03
-4.246112526712535328e+03
-2.122465914710958259e+03
-1.239179220249055561e+03
-1.212231077197560580e+03
-2.498459178029232135e+03
-4.025390737736068786e+03
-8.228714312966021680e+03
-1.392095711864871737e+04
-1.398067818727020676e+04
-6.977309195029396506e+03
-1.383220945681266312e+04
-1.406385864001588743e+04
-5.697341083265673660e+03
-1.922886351361407651e+04
-1.424377261340649238e+04
-1.428624008785015758e+04
-5.695281598022961589e+03
-7.918927423343181545e+03
-2.432069553809139961e+03
-3.272502438911641093e+03
-3.255607784933437415e+03
-8.180040445420821015e+03
-3.312578362195208229e+03
-4.832900474397240941e+03
-1.835322378215928666e+03
-4.188939929267428852e+03
-4.855881710626747008e+03
-4.838600152077534403e+03
-9.231382928623943371e+02
-8.053907600051884401e+02
-3.555456102066343078e+02
-3.030119555793305040e+02
-3.060546077041360604e+02
-1.606739269390719301e+03
-3.069052537038451760e+02
-1.154703198737832359e+01
-1.423178047889912534e+02
-9.751425834399618964e+00
-1.172981026387207315e+01
-7.609027168287873621e+01
-3.741238363910576936e+01
-2.154503992637313559e+02
-2.543009248473457319e+03
-2.153843758674526271e+03
-3.970498441699047021e+02
-6.792419842990376537e+02
-2.200744029128882175e+03
-1.718094839626583735e+03
-3.723733449128410939e+03
-2.901321872966379033e+03
-1.701744677600516980e+03
-1.437629581535486750e+03
-4.933143598927813969e+02
-7.364195836662670445e+02
-9.704659386594047419e+02
-1.694504216874681333e+03
-1.784669119523165818e+03
-5.869134094953630665e+03
-1.685196918353022511e+03
-3.078466719913604265e+03
-6.009480820942251739e+03
-2.110715172853503191e+03
-3.068985227160873819e+03
-3.101983048732423867e+03
-7.737767701404464788e+03
-5.346769054967317970e+03
-1.514825318640181104e+04
-1.046930910876703092e+04
-1.038565595916120219e+04
-4.158522615312686867e+03
-1.045250278983999488e+04
-3.154252430662625670e+02
-2.219397717911751045e+02
-6.127630703060710857e+02
-3.145405334687971504e+02
-3.163200195888538815e+02
-7.885631076656564801e+03
-1.532231720876524378e+04
-5.551604843824369709e+03
-1.083994797543452296e+04
-1.079467630614125483e+04
-4.328165895773998386e+02
-1.082041473943499659e+04
-2.291384357999534586e+03
-1.417691324754832067e+03
-1.290892842834670091e+03
-2.435912926544899619e+03
-2.642324273758915751e+03
-2.025716606347414427e+03
-1.494970769668162802e+03
-1.618030187386786793e+03
-9.107282160503290243e+02
-7.668766111189179355e+02
-1.121016483809462216e+03
-9.910435581503940057e+02
-3.914761952196174093e+02
-1.897552999401417537e+02
-7.635490063750950185e+02
-3.947655556444206013e+02
-2.907874590775145862e+03
-3.546313768460063329e+02
-3.844486226825562426e+03
-1.776102699991220334e+03
-2.587065032278633225e+03
-3.439619129879808384e+02
-2.866258505138208420e+03
-2.596492998772258943e+03
-3.410135042361468095e+03
-2.437052896604772286e+03
-1.563516071766061714e+03
-3.413797226072980720e+03
-3.397777922829220643e+03
-2.111035978604718366e+03
-9.637138138594824568e+02
-1.504386256681956866e+03
-6.821679211511622043e+02
-6.916542479065484486e+02
-1.107114133592521966e+03
-6.853563684144182844e+02
-4.054026015080806701e+03
-2.786081487806448422e+03
-5.446767840699524641e+03
-4.132415139437786820e+03
-2.192843431455135487e+03
-3.442097559974270098e+03
-2.942431387642044228e+03
-1.155069117558714652e+03
-1.670596774565611668e+03
-3.259323985291588087e+03
-2.084786149588232092e+03
-1.770101447763593342e+03
-4.631435308590860586e+03
-3.034173331527807477e+03
-2.495307926591945488e+03
-4.578200132986274184e+03
-4.601558063883258001e+03
-4.314755971251314804e+03
-2.242533694284633839e+03
-2.741732333721569375e+03
-1.478767008880412732e+03
-1.459353561763428161e+03
-1.530873496593277196e+03
-1.426198385715104223e+03
-4.988589897222425407e+02
-6.157536945911332396e+02
-1.102622330371857061e+03
-5.129267355826164021e+02
-5.211506756745151279e+02
-5.875450323395300529e+02
-1.343693958998906055e+03
-7.659882210319786964e+02
-1.612127241572304229e+03
-1.600836982306878781e+03
-1.381402022992340562e+03
-1.626984604857645763e+03
-1.303640973156839911e+00
-1.791338653880986342e+00
-4.768809831261044407e-01
-1.372408657108979968e+00
-7.898610297646205254e+03
-1.399321044581195217e+00
-5.057519861902335833e+03
-1.005003958487726231e+04
-5.908665427035906760e+03
-7.405079662936331353e-01
-5.559413878545522493e+03
-5.967444254952534720e+03
-7.147700612617673869e+03
-8.314574161243259368e+03
-1.231781564412291482e+04
-7.169726921496585419e+03
-3.678016066947275817e+02
-7.890318858084446219e+03
-1.152513499327869113e+03
-5.469505999529834526e+02
-1.518939384331506517e+03
-1.582784225101626362e+04
-1.387362613499291228e+03
-1.531504183732984302e+03
-6.717183365951108271e+02
-8.026034175424460955e+02
-4.448961685725430470e+02
-6.531219032408146177e+02
-6.937168328579086847e+02
-1.085083466807486957e+03
-7.288094834223535372e+02
-1.307278454456761892e+03
-8.965952201517402500e+02
-8.328244700163426160e+02
-5.399084768969302104e+02
-8.721598472950412315e+02
-8.039445814099952941e+02
-5.231448871014675888e+02
-1.329394502736239247e+03
-8.030864320019114757e+02
-5.864032377310121547e+02
-2.799944921462397815e+03
-3.744316166868646178e+03
-1.176935194569555961e+03
-2.261225193724667861e+03
-3.042943585121543947e+03
-6.481852795978746826e+02
-2.257472870323632378e+03
-1.201108530154396976e+04
-8.424954647000036857e+03
-8.443459804704476483e+03
-1.200933428444423225e+04
-1.198605173125490001e+04
-4.778603829646524900e+03
-3.348587054085076034e+03
-3.341193236235456880e+03
-2.341828963848913190e+03
-2.350826207114290355e+03
-5.884202069762673091e+03
-2.341026629905579284e+03
-2.900935029330230009e+03
-6.938460853270574262e+03
-6.450662672768877201e+03
-2.658446216880043721e+03
-4.591931549936636657e+03
-1.160374011732092185e+02
-3.378849851789976810e+02
-3.581736345765228293e+02
-6.678072107399582364e+02
-5.535093600860584502e+02
-1.661840080224440317e+04
-6.647360320897762449e+02
-1.171842370976501570e+03
-2.619295642385213796e+03
-7.259560172006055154e+02
-1.211088563879191952e+03
-1.139316786831153195e+03
-1.325526616350469112e+03
-8.421461987241244742e+02
-2.986294137868091639e+03
-1.837187284669559403e+03
-1.919792701511975110e+03
-1.677613871522892850e+03
-1.897628805493108530e+03
