5.661310542084141417e-02
5.661310542084141417e-02
5.661310542084141417e-02
4.891308141121897962e-02
5.977098743137752163e-02
5.661310542084141417e-02
5.155137985581256799e-02
5.155137985581256799e-02
5.977098743137752163e-02
4.891308141121897962e-02
5.155137985581256799e-02
5.155137985581256799e-02
6.377484056805958479e-02
6.377484056805958479e-02
6.377484056805958479e-02
7.002982820038301803e-02
6.557025228745082257e-02
6.377484056805958479e-02
7.194725433929616276e-02
7.194725433929616276e-02
6.557025228745082257e-02
7.002982820038301803e-02
7.194725433929616276e-02
7.194725433929616276e-02
6.228842139709987041e-02
6.228842139709987041e-02
6.228842139709987041e-02
6.489281878379536683e-02
6.477475690644601825e-02
6.228842139709987041e-02
6.740607180796710785e-02
6.740607180796710785e-02
6.477475690644601825e-02
6.489281878379536683e-02
6.740607180796710785e-02
6.740607180796710785e-02
6.086831597959258683e-02
6.086831597959258683e-02
6.086831597959258683e-02
7.115929581076350929e-02
4.158852724950418134e-02
6.086831597959258683e-02
4.774059524717193942e-02
4.774059524717193942e-02
4.158852724950418134e-02
7.115929581076350929e-02
4.774059524717193942e-02
4.774059524717193942e-02
6.881036522644022602e-02
6.881036522644022602e-02
6.881036522644022602e-02
7.335679487515144037e-02
6.572245689325717510e-02
6.881036522644022602e-02
7.015517950095921662e-02
7.015517950095921662e-02
6.572245689325717510e-02
7.335679487515144037e-02
7.015517950095921662e-02
7.015517950095921662e-02
6.117019228398479225e-02
6.117019228398479225e-02
6.117019228398479225e-02
5.498289466373446760e-02
5.595945808022709939e-02
6.117019228398479225e-02
5.025636806487964597e-02
5.025636806487964597e-02
5.595945808022709939e-02
5.498289466373446760e-02
5.025636806487964597e-02
5.025636806487964597e-02
5.803490057221290938e-02
5.803490057221290938e-02
5.803490057221290938e-02
5.492186292019261146e-02
5.442560215876885571e-02
5.803490057221290938e-02
5.155918605100617835e-02
5.155918605100617835e-02
5.442560215876885571e-02
5.492186292019261146e-02
5.155918605100617835e-02
5.155918605100617835e-02
5.123819912846200308e-02
5.123819912846200308e-02
5.123819912846200308e-02
5.027497368449107551e-02
7.399969417567095475e-02
5.123819912846200308e-02
7.271585175401341916e-02
7.271585175401341916e-02
7.399969417567095475e-02
5.027497368449107551e-02
7.271585175401341916e-02
7.271585175401341916e-02
5.208796767019699403e-02
5.208796767019699403e-02
5.208796767019699403e-02
6.243165888008330583e-02
5.935643307016280623e-02
5.208796767019699403e-02
7.117639445000957521e-02
7.117639445000957521e-02
5.935643307016280623e-02
6.243165888008330583e-02
7.117639445000957521e-02
7.117639445000957521e-02
7.281346007843791934e-02
7.281346007843791934e-02
7.281346007843791934e-02
6.600379031027270305e-02
5.629067066773323774e-02
7.281346007843791934e-02
5.106201751174296866e-02
5.106201751174296866e-02
5.629067066773323774e-02
6.600379031027270305e-02
5.106201751174296866e-02
5.106201751174296866e-02
4.997539063960515504e-02
4.997539063960515504e-02
4.997539063960515504e-02
4.311618311831641459e-02
6.010987020445630186e-02
4.997539063960515504e-02
5.107590555977944285e-02
5.107590555977944285e-02
6.010987020445630186e-02
4.311618311831641459e-02
5.107590555977944285e-02
5.107590555977944285e-02
6.959864564365206285e-02
6.959864564365206285e-02
6.959864564365206285e-02
6.635281355379919754e-02
7.606696974978577330e-02
6.959864564365206285e-02
7.271186493709336229e-02
7.271186493709336229e-02
7.606696974978577330e-02
6.635281355379919754e-02
7.271186493709336229e-02
7.271186493709336229e-02
6.875118496475327023e-02
6.875118496475327023e-02
6.875118496475327023e-02
6.038899667230224200e-02
5.874793198542107436e-02
6.875118496475327023e-02
5.171801037595419315e-02
5.171801037595419315e-02
5.874793198542107436e-02
6.038899667230224200e-02
5.171801037595419315e-02
5.171801037595419315e-02
4.578759135050375351e-02
4.578759135050375351e-02
4.578759135050375351e-02
5.748362965863140772e-02
5.729425357753473863e-02
4.578759135050375351e-02
7.246131444768466601e-02
7.246131444768466601e-02
5.729425357753473863e-02
5.748362965863140772e-02
7.246131444768466601e-02
7.246131444768466601e-02
7.590545781727951746e-02
7.590545781727951746e-02
7.590545781727951746e-02
7.653281218226337668e-02
6.825118536702817762e-02
7.590545781727951746e-02
6.889377591325189509e-02
6.889377591325189509e-02
6.825118536702817762e-02
7.653281218226337668e-02
6.889377591325189509e-02
6.889377591325189509e-02
5.819436433151567445e-02
5.819436433151567445e-02
5.819436433151567445e-02
6.119830394351771091e-02
4.693546032978556520e-02
5.819436433151567445e-02
4.914459793632947049e-02
4.914459793632947049e-02
4.693546032978556520e-02
6.119830394351771091e-02
4.914459793632947049e-02
4.914459793632947049e-02
6.588113621166036271e-02
6.588113621166036271e-02
6.588113621166036271e-02
6.738717829590741559e-02
5.763104251847626230e-02
6.588113621166036271e-02
5.913267903207933274e-02
5.913267903207933274e-02
5.763104251847626230e-02
6.738717829590741559e-02
5.913267903207933274e-02
5.913267903207933274e-02
4.332996015871452139e-02
4.332996015871452139e-02
4.332996015871452139e-02
4.735533404533592838e-02
6.085335235520120123e-02
4.332996015871452139e-02
6.734560908552522651e-02
6.734560908552522651e-02
6.085335235520120123e-02
4.735533404533592838e-02
6.734560908552522651e-02
6.734560908552522651e-02
7.298052541987837261e-02
7.298052541987837261e-02
7.298052541987837261e-02
6.186050803495762168e-02
7.655486662992154467e-02
7.298052541987837261e-02
6.521603320595782682e-02
6.521603320595782682e-02
7.655486662992154467e-02
6.186050803495762168e-02
6.521603320595782682e-02
6.521603320595782682e-02
5.544038451391906236e-02
5.544038451391906236e-02
5.544038451391906236e-02
5.879210336331194831e-02
6.149120776753071865e-02
5.544038451391906236e-02
6.522003510974232199e-02
6.522003510974232199e-02
6.149120776753071865e-02
5.879210336331194831e-02
6.522003510974232199e-02
6.522003510974232199e-02
5.021607976791905154e-02
5.021607976791905154e-02
5.021607976791905154e-02
5.067142467807498468e-02
5.887694472716736155e-02
5.021607976791905154e-02
5.941803371771500059e-02
5.941803371771500059e-02
5.887694472716736155e-02
5.067142467807498468e-02
5.941803371771500059e-02
5.941803371771500059e-02
7.202366010222617521e-02
7.202366010222617521e-02
7.202366010222617521e-02
7.226385555089372137e-02
6.009945969112569925e-02
7.202366010222617521e-02
6.030706551695704659e-02
6.030706551695704659e-02
6.009945969112569925e-02
7.226385555089372137e-02
6.030706551695704659e-02
6.030706551695704659e-02
4.945218380426999460e-02
4.945218380426999460e-02
4.945218380426999460e-02
5.542654258864879863e-02
4.846793734467286924e-02
4.945218380426999460e-02
5.429640572862413223e-02
5.429640572862413223e-02
4.846793734467286924e-02
5.542654258864879863e-02
5.429640572862413223e-02
5.429640572862413223e-02
6.991576474173757938e-02
6.991576474173757938e-02
6.991576474173757938e-02
6.277048496913595343e-02
6.919791573465226830e-02
6.991576474173757938e-02
6.211206409781074717e-02
6.211206409781074717e-02
6.919791573465226830e-02
6.277048496913595343e-02
6.211206409781074717e-02
6.211206409781074717e-02
6.932734550553595887e-02
6.932734550553595887e-02
6.932734550553595887e-02
6.285604201951083825e-02
6.685318284016376900e-02
6.932734550553595887e-02
6.049354746460960247e-02
6.049354746460960247e-02
6.685318284016376900e-02
6.285604201951083825e-02
6.049354746460960247e-02
6.049354746460960247e-02
6.552832321977757057e-02
6.552832321977757057e-02
6.552832321977757057e-02
6.371980130597205971e-02
6.091377093161411821e-02
6.552832321977757057e-02
5.916628706785920233e-02
5.916628706785920233e-02
6.091377093161411821e-02
6.371980130597205971e-02
5.916628706785920233e-02
5.916628706785920233e-02
5.838973746202338888e-02
5.838973746202338888e-02
5.838973746202338888e-02
7.162694001692013201e-02
4.309319087819372257e-02
5.838973746202338888e-02
5.226170168831408697e-02
5.226170168831408697e-02
4.309319087819372257e-02
7.162694001692013201e-02
5.226170168831408697e-02
5.226170168831408697e-02
5.596872239879255306e-02
5.596872239879255306e-02
5.596872239879255306e-02
5.274832724279546886e-02
6.596023046136470502e-02
5.596872239879255306e-02
6.208742117719649040e-02
6.208742117719649040e-02
6.596023046136470502e-02
5.274832724279546886e-02
6.208742117719649040e-02
6.208742117719649040e-02
5.376390975334005562e-02
5.376390975334005562e-02
5.376390975334005562e-02
5.378911880536117046e-02
5.710143415678967105e-02
5.376390975334005562e-02
5.711690702968661576e-02
5.711690702968661576e-02
5.710143415678967105e-02
5.378911880536117046e-02
5.711690702968661576e-02
5.711690702968661576e-02
6.487210864122751330e-02
6.487210864122751330e-02
6.487210864122751330e-02
6.513307838888927892e-02
6.694981307918397573e-02
6.487210864122751330e-02
6.721795865002877512e-02
6.721795865002877512e-02
6.694981307918397573e-02
6.513307838888927892e-02
6.721795865002877512e-02
6.721795865002877512e-02
6.115169909118797070e-02
6.115169909118797070e-02
6.115169909118797070e-02
5.392117361167794026e-02
7.476694842601477875e-02
6.115169909118797070e-02
6.612756966157043448e-02
6.612756966157043448e-02
7.476694842601477875e-02
5.392117361167794026e-02
6.612756966157043448e-02
6.612756966157043448e-02
6.424471385283857250e-02
6.424471385283857250e-02
6.424471385283857250e-02
7.335931603923126487e-02
5.594875945094226338e-02
6.424471385283857250e-02
6.403721892216206191e-02
6.403721892216206191e-02
5.594875945094226338e-02
7.335931603923126487e-02
6.403721892216206191e-02
6.403721892216206191e-02
6.514918849316739258e-02
6.514918849316739258e-02
6.514918849316739258e-02
6.850516333546756431e-02
6.701632072773400228e-02
6.514918849316739258e-02
7.044285801792653234e-02
7.044285801792653234e-02
6.701632072773400228e-02
6.850516333546756431e-02
7.044285801792653234e-02
7.044285801792653234e-02
5.638675633902587997e-02
5.638675633902587997e-02
5.638675633902587997e-02
4.613591994321273454e-02
5.956885150049682359e-02
5.638675633902587997e-02
4.858692133983435330e-02
4.858692133983435330e-02
5.956885150049682359e-02
4.613591994321273454e-02
4.858692133983435330e-02
4.858692133983435330e-02
6.317417720374036982e-02
6.317417720374036982e-02
6.317417720374036982e-02
6.864229740649967215e-02
5.574460471509162796e-02
6.317417720374036982e-02
6.065143634657383515e-02
6.065143634657383515e-02
5.574460471509162796e-02
6.864229740649967215e-02
6.065143634657383515e-02
6.065143634657383515e-02
6.275915202065839027e-02
6.275915202065839027e-02
6.275915202065839027e-02
6.421145420144759586e-02
7.509125776693834076e-02
6.275915202065839027e-02
7.661700611942076633e-02
7.661700611942076633e-02
7.509125776693834076e-02
6.421145420144759586e-02
7.661700611942076633e-02
7.661700611942076633e-02
6.000961404670582949e-02
6.000961404670582949e-02
6.000961404670582949e-02
5.688542065520098973e-02
6.289675207204228902e-02
6.000961404670582949e-02
5.963862458075636086e-02
5.963862458075636086e-02
6.289675207204228902e-02
5.688542065520098973e-02
5.963862458075636086e-02
5.963862458075636086e-02
6.469401485352074821e-02
6.469401485352074821e-02
6.469401485352074821e-02
7.327962425977395389e-02
6.625053436316050148e-02
6.469401485352074821e-02
7.492000450339644790e-02
7.492000450339644790e-02
6.625053436316050148e-02
7.327962425977395389e-02
7.492000450339644790e-02
7.492000450339644790e-02
4.903852292741864294e-02
4.903852292741864294e-02
4.903852292741864294e-02
5.086996298030383584e-02
6.670553975448839656e-02
4.903852292741864294e-02
6.911736090642495167e-02
6.911736090642495167e-02
6.670553975448839656e-02
5.086996298030383584e-02
6.911736090642495167e-02
6.911736090642495167e-02
5.265166699187023847e-02
5.265166699187023847e-02
5.265166699187023847e-02
5.850247426524966127e-02
4.351427456758414497e-02
5.265166699187023847e-02
4.782797576086234015e-02
4.782797576086234015e-02
4.351427456758414497e-02
5.850247426524966127e-02
4.782797576086234015e-02
4.782797576086234015e-02
7.194467999304207662e-02
7.194467999304207662e-02
7.194467999304207662e-02
6.900396688748661189e-02
5.929470749505314636e-02
7.194467999304207662e-02
5.683113756936156863e-02
5.683113756936156863e-02
5.929470749505314636e-02
6.900396688748661189e-02
5.683113756936156863e-02
5.683113756936156863e-02
5.047399004492666985e-02
5.047399004492666985e-02
5.047399004492666985e-02
6.255783203520362545e-02
5.973932739515511875e-02
5.047399004492666985e-02
7.385166579180538204e-02
7.385166579180538204e-02
5.973932739515511875e-02
6.255783203520362545e-02
7.385166579180538204e-02
7.385166579180538204e-02
6.906920912121911060e-02
6.906920912121911060e-02
6.906920912121911060e-02
6.780762922376486201e-02
6.831305303024304276e-02
6.906920912121911060e-02
6.705608591529418905e-02
6.705608591529418905e-02
6.831305303024304276e-02
6.780762922376486201e-02
6.705608591529418905e-02
6.705608591529418905e-02
4.873355734093573477e-02
4.873355734093573477e-02
4.873355734093573477e-02
4.568980801143374820e-02
4.769146487259173089e-02
4.873355734093573477e-02
4.475918978672525222e-02
4.475918978672525222e-02
4.769146487259173089e-02
4.568980801143374820e-02
4.475918978672525222e-02
4.475918978672525222e-02
5.025349250707409482e-02
5.025349250707409482e-02
5.025349250707409482e-02
5.576151237734044974e-02
6.131879737420997678e-02
5.025349250707409482e-02
6.829789739423364203e-02
6.829789739423364203e-02
6.131879737420997678e-02
5.576151237734044974e-02
6.829789739423364203e-02
6.829789739423364203e-02
7.101735588526850163e-02
7.101735588526850163e-02
7.101735588526850163e-02
5.661651140379621999e-02
5.645086382744707310e-02
7.101735588526850163e-02
4.546385931255444990e-02
4.546385931255444990e-02
5.645086382744707310e-02
5.661651140379621999e-02
4.546385931255444990e-02
4.546385931255444990e-02
6.192004494541089588e-02
6.192004494541089588e-02
6.192004494541089588e-02
5.854288723021505020e-02
6.110075515467375262e-02
6.192004494541089588e-02
5.777496849232658521e-02
5.777496849232658521e-02
6.110075515467375262e-02
5.854288723021505020e-02
5.777496849232658521e-02
5.777496849232658521e-02
7.635011309107901656e-02
7.635011309107901656e-02
7.635011309107901656e-02
7.589758845085578520e-02
7.590370710113118757e-02
7.635011309107901656e-02
7.545027698555788198e-02
7.545027698555788198e-02
7.590370710113118757e-02
7.589758845085578520e-02
7.545027698555788198e-02
7.545027698555788198e-02
4.385240601565989355e-02
4.385240601565989355e-02
4.385240601565989355e-02
4.643509283512773506e-02
6.023456132100821897e-02
4.385240601565989355e-02
6.428982197841512369e-02
6.428982197841512369e-02
6.023456132100821897e-02
4.643509283512773506e-02
6.428982197841512369e-02
6.428982197841512369e-02
6.653374747177395743e-02
6.653374747177395743e-02
6.653374747177395743e-02
6.786993950616734828e-02
5.867640915825255571e-02
6.653374747177395743e-02
5.990740430014702272e-02
5.990740430014702272e-02
5.867640915825255571e-02
6.786993950616734828e-02
5.990740430014702272e-02
5.990740430014702272e-02
5.600944108022110762e-02
5.600944108022110762e-02
5.600944108022110762e-02
5.828191282775637555e-02
4.707764719405031079e-02
5.600944108022110762e-02
4.886403831596958930e-02
4.886403831596958930e-02
4.707764719405031079e-02
5.828191282775637555e-02
4.886403831596958930e-02
4.886403831596958930e-02
7.375363535825839312e-02
7.375363535825839312e-02
7.375363535825839312e-02
5.705313111352536271e-02
6.764951734566548858e-02
7.375363535825839312e-02
5.214276250859784662e-02
5.214276250859784662e-02
6.764951734566548858e-02
5.705313111352536271e-02
5.214276250859784662e-02
5.214276250859784662e-02
7.512693548015493550e-02
7.512693548015493550e-02
7.512693548015493550e-02
7.403967405653094636e-02
5.559338421810303132e-02
7.512693548015493550e-02
5.468491422082492198e-02
5.468491422082492198e-02
5.559338421810303132e-02
7.403967405653094636e-02
5.468491422082492198e-02
5.468491422082492198e-02
5.670163601625086841e-02
5.670163601625086841e-02
5.670163601625086841e-02
5.392002732210584431e-02
6.154190075830844736e-02
5.670163601625086841e-02
5.848607557685379238e-02
5.848607557685379238e-02
6.154190075830844736e-02
5.392002732210584431e-02
5.848607557685379238e-02
5.848607557685379238e-02
7.139336352404902775e-02
7.139336352404902775e-02
7.139336352404902775e-02
6.547083177891865891e-02
7.539148942566409328e-02
7.139336352404902775e-02
6.934131878430171980e-02
6.934131878430171980e-02
7.539148942566409328e-02
6.547083177891865891e-02
6.934131878430171980e-02
6.934131878430171980e-02
5.413105572595052623e-02
5.413105572595052623e-02
5.413105572595052623e-02
5.742191269593644593e-02
6.075220560755500987e-02
5.413105572595052623e-02
6.431882562495576383e-02
6.431882562495576383e-02
6.075220560755500987e-02
5.742191269593644593e-02
6.431882562495576383e-02
6.431882562495576383e-02
6.698263241129837064e-02
6.698263241129837064e-02
6.698263241129837064e-02
6.577774349120128761e-02
5.861370098972142756e-02
6.698263241129837064e-02
5.738564580922861369e-02
5.738564580922861369e-02
5.861370098972142756e-02
6.577774349120128761e-02
5.738564580922861369e-02
5.738564580922861369e-02
7.164645600156735461e-02
7.164645600156735461e-02
7.164645600156735461e-02
6.588222567775105232e-02
6.704073803290262756e-02
7.164645600156735461e-02
6.147008293152226438e-02
6.147008293152226438e-02
6.704073803290262756e-02
6.588222567775105232e-02
6.147008293152226438e-02
6.147008293152226438e-02
5.828518259542631724e-02
5.828518259542631724e-02
5.828518259542631724e-02
5.545620203756932570e-02
7.500951345047537910e-02
5.828518259542631724e-02
7.153479261094082553e-02
7.153479261094082553e-02
7.500951345047537910e-02
5.545620203756932570e-02
7.153479261094082553e-02
7.153479261094082553e-02
6.158679581396179353e-02
6.158679581396179353e-02
6.158679581396179353e-02
7.269837525574841808e-02
5.588404961867530357e-02
6.158679581396179353e-02
6.617020452649145790e-02
6.617020452649145790e-02
5.588404961867530357e-02
7.269837525574841808e-02
6.617020452649145790e-02
6.617020452649145790e-02
6.244388880894605892e-02
6.244388880894605892e-02
6.244388880894605892e-02
6.280553045364072051e-02
6.654043691557212648e-02
6.244388880894605892e-02
6.692056820139614948e-02
6.692056820139614948e-02
6.654043691557212648e-02
6.280553045364072051e-02
6.692056820139614948e-02
6.692056820139614948e-02
5.486469502140208648e-02
5.486469502140208648e-02
5.486469502140208648e-02
5.494722903205937620e-02
6.214436393951795062e-02
5.486469502140208648e-02
6.222546517744394906e-02
6.222546517744394906e-02
6.214436393951795062e-02
5.494722903205937620e-02
6.222546517744394906e-02
6.222546517744394906e-02
5.965236850314935974e-02
5.965236850314935974e-02
5.965236850314935974e-02
7.224401932304855278e-02
4.341349437369764613e-02
5.965236850314935974e-02
5.183365575104478123e-02
5.183365575104478123e-02
4.341349437369764613e-02
7.224401932304855278e-02
5.183365575104478123e-02
5.183365575104478123e-02
6.076013293046713531e-02
6.076013293046713531e-02
6.076013293046713531e-02
5.076578486332138790e-02
6.645782232982642979e-02
6.076013293046713531e-02
5.536624613051852745e-02
5.536624613051852745e-02
6.645782232982642979e-02
5.076578486332138790e-02
5.536624613051852745e-02
5.536624613051852745e-02
