1.283088862808421660e-01
1.283088862808421660e-01
1.283088862808421660e-01
8.983095477109207527e-01
9.199631400315958496e-01
1.226243801831454761e-01
8.983095477109207527e-01
9.300000000000000488e-01
9.300000000000000488e-01
9.300000000000000488e-01
9.300000000000000488e-01
9.300000000000000488e-01
9.300000000000000488e-01
9.300000000000000488e-01
9.300000000000000488e-01
9.300000000000000488e-01
9.300000000000000488e-01
9.300000000000000488e-01
9.300000000000000488e-01
9.300000000000000488e-01
1.595991679904539551e-01
1.848678907151651840e-01
1.595991679904539551e-01
9.300000000000000488e-01
9.300000000000000488e-01
9.300000000000000488e-01
9.300000000000000488e-01
9.300000000000000488e-01
9.300000000000000488e-01
9.300000000000000488e-01
9.300000000000000488e-01
9.300000000000000488e-01
5.108960189505272753e-01
4.271151703988285697e-01
9.300000000000000488e-01
8.565901019350007362e-01
8.565901019350007362e-01
9.300000000000000488e-01
8.565901019350007362e-01
8.565901019350007362e-01
9.300000000000000488e-01
9.300000000000000488e-01
9.300000000000000488e-01
9.170319999421671087e-01
9.170319999421671087e-01
9.170319999421671087e-01
2.062693607535944773e-01
2.062693607535944773e-01
9.300000000000000488e-01
9.300000000000000488e-01
9.300000000000000488e-01
9.300000000000000488e-01
9.300000000000000488e-01
5.137630252129131714e-01
5.137630252129131714e-01
5.137630252129131714e-01
9.300000000000000488e-01
9.300000000000000488e-01
9.300000000000000488e-01
9.300000000000000488e-01
9.300000000000000488e-01
9.300000000000000488e-01
9.300000000000000488e-01
9.300000000000000488e-01
9.300000000000000488e-01
2.054320476824526009e-01
2.054320476824526009e-01
8.514225574462347401e-01
2.941708387740349928e-01
8.514225574462347401e-01
9.300000000000000488e-01
9.300000000000000488e-01
9.300000000000000488e-01
9.300000000000000488e-01
9.300000000000000488e-01
9.300000000000000488e-01
9.300000000000000488e-01
9.300000000000000488e-01
9.300000000000000488e-01
9.300000000000000488e-01
9.300000000000000488e-01
9.300000000000000488e-01
7.722686718474630618e-01
4.907053268166729487e-01
9.300000000000000488e-01
9.300000000000000488e-01
9.300000000000000488e-01
9.300000000000000488e-01
9.300000000000000488e-01
9.300000000000000488e-01
9.300000000000000488e-01
9.300000000000000488e-01
9.300000000000000488e-01
4.694768795440368847e-01
5.147148619456454188e-01
8.993185575123212594e-01
4.694768795440368847e-01
9.300000000000000488e-01
9.300000000000000488e-01
9.300000000000000488e-01
9.300000000000000488e-01
9.300000000000000488e-01
9.300000000000000488e-01
9.300000000000000488e-01
9.300000000000000488e-01
5.441520526732068763e-02
3.178937195366023372e-01
3.815021645967038300e-01
5.441520526732068763e-02
9.300000000000000488e-01
9.300000000000000488e-01
9.300000000000000488e-01
9.300000000000000488e-01
9.300000000000000488e-01
9.300000000000000488e-01
9.300000000000000488e-01
9.300000000000000488e-01
9.300000000000000488e-01
9.240397765571416455e-01
9.240397765571416455e-01
9.300000000000000488e-01
9.300000000000000488e-01
9.300000000000000488e-01
9.300000000000000488e-01
9.300000000000000488e-01
9.300000000000000488e-01
9.300000000000000488e-01
9.300000000000000488e-01
9.300000000000000488e-01
9.300000000000000488e-01
9.300000000000000488e-01
9.300000000000000488e-01
9.300000000000000488e-01
9.300000000000000488e-01
9.300000000000000488e-01
9.300000000000000488e-01
9.300000000000000488e-01
9.300000000000000488e-01
3.699785509498454417e-01
3.116558920598210825e-01
9.300000000000000488e-01
3.699785509498454417e-01
9.300000000000000488e-01
9.300000000000000488e-01
9.300000000000000488e-01
9.300000000000000488e-01
6.297920535202788939e-01
6.297920535202788939e-01
4.904543194713312793e-01
6.297920535202788939e-01
9.300000000000000488e-01
4.904543194713312793e-01
9.300000000000000488e-01
9.300000000000000488e-01
9.300000000000000488e-01
9.300000000000000488e-01
7.452020977291453664e-03
8.479261119703198832e-03
8.479261119703198832e-03
9.300000000000000488e-01
9.300000000000000488e-01
9.300000000000000488e-01
9.300000000000000488e-01
9.300000000000000488e-01
9.300000000000000488e-01
9.300000000000000488e-01
9.300000000000000488e-01
9.300000000000000488e-01
9.300000000000000488e-01
9.300000000000000488e-01
9.300000000000000488e-01
9.300000000000000488e-01
9.300000000000000488e-01
2.522420078385299511e-02
9.300000000000000488e-01
2.522420078385299511e-02
9.300000000000000488e-01
9.300000000000000488e-01
9.300000000000000488e-01
9.300000000000000488e-01
9.300000000000000488e-01
9.300000000000000488e-01
9.300000000000000488e-01
9.300000000000000488e-01
9.300000000000000488e-01
9.300000000000000488e-01
9.300000000000000488e-01
9.300000000000000488e-01
3.685887919424971071e-01
3.685887919424971071e-01
9.266093193897555480e-01
9.266093193897555480e-01
9.266093193897555480e-01
9.300000000000000488e-01
9.300000000000000488e-01
9.300000000000000488e-01
9.300000000000000488e-01
9.300000000000000488e-01
9.300000000000000488e-01
9.300000000000000488e-01
9.300000000000000488e-01
8.147586602349289331e-01
5.206638988999797713e-01
6.979122176380219145e-01
9.300000000000000488e-01
9.300000000000000488e-01
9.300000000000000488e-01
9.300000000000000488e-01
9.300000000000000488e-01
9.747078066562793464e-02
9.300000000000000488e-01
7.890500082576494545e-02
7.890500082576494545e-02
9.300000000000000488e-01
9.300000000000000488e-01
9.300000000000000488e-01
9.300000000000000488e-01
9.300000000000000488e-01
9.300000000000000488e-01
9.300000000000000488e-01
9.300000000000000488e-01
9.300000000000000488e-01
9.300000000000000488e-01
9.300000000000000488e-01
5.723684525904287890e-01
9.240330354662181778e-01
9.240330354662181778e-01
3.038124695588521607e-01
9.300000000000000488e-01
4.067659156472382409e-01
9.300000000000000488e-01
9.273106530057805275e-01
9.273106530057805275e-01
9.300000000000000488e-01
9.300000000000000488e-01
9.300000000000000488e-01
9.300000000000000488e-01
9.300000000000000488e-01
9.300000000000000488e-01
9.300000000000000488e-01
7.591123603800683517e-01
9.300000000000000488e-01
9.300000000000000488e-01
9.300000000000000488e-01
9.300000000000000488e-01
9.300000000000000488e-01
9.300000000000000488e-01
9.300000000000000488e-01
9.300000000000000488e-01
9.300000000000000488e-01
9.300000000000000488e-01
9.300000000000000488e-01
9.300000000000000488e-01
9.300000000000000488e-01
9.300000000000000488e-01
8.716458012871629579e-01
9.300000000000000488e-01
9.300000000000000488e-01
9.300000000000000488e-01
9.300000000000000488e-01
6.547956482515134846e-01
9.300000000000000488e-01
6.415880131471917158e-01
9.300000000000000488e-01
9.300000000000000488e-01
9.300000000000000488e-01
9.300000000000000488e-01
9.300000000000000488e-01
9.300000000000000488e-01
9.300000000000000488e-01
9.300000000000000488e-01
9.300000000000000488e-01
9.300000000000000488e-01
9.300000000000000488e-01
9.300000000000000488e-01
9.300000000000000488e-01
3.289817558279501397e-01
3.181687113194892613e-01
9.300000000000000488e-01
1.633363531913793743e-01
1.633363531913793743e-01
9.300000000000000488e-01
1.633363531913793743e-01
1.633363531913793743e-01
9.300000000000000488e-01
1.621601130065433438e-01
9.300000000000000488e-01
9.300000000000000488e-01
9.300000000000000488e-01
6.945288748216151831e-01
9.300000000000000488e-01
9.300000000000000488e-01
9.300000000000000488e-01
2.457746851749772199e-01
9.300000000000000488e-01
9.300000000000000488e-01
9.300000000000000488e-01
9.300000000000000488e-01
9.300000000000000488e-01
9.300000000000000488e-01
9.300000000000000488e-01
9.300000000000000488e-01
9.300000000000000488e-01
9.300000000000000488e-01
4.653930099297292622e-01
4.653930099297292622e-01
4.653930099297292622e-01
4.653930099297292622e-01
9.760051499428924748e-02
1.032276505977134384e-01
9.760051499428924748e-02
9.760051499428924748e-02
9.300000000000000488e-01
9.300000000000000488e-01
9.300000000000000488e-01
9.300000000000000488e-01
9.300000000000000488e-01
9.300000000000000488e-01
9.300000000000000488e-01
9.300000000000000488e-01
9.300000000000000488e-01
