5.229769863074907460e-02
5.229769863074907460e-02
5.229769863074907460e-02
5.352590807579211268e-02
2.493722061624150852e-04
5.229769863074907460e-02
3.041262733256197277e-04
3.041262733256197277e-04
2.493722061624150852e-04
5.352590807579211268e-02
3.041262733256197277e-04
3.041262733256197277e-04
3.715761039368521007e-02
3.715761039368521007e-02
3.715761039368521007e-02
3.552326413531618765e-02
5.393396535617542981e-02
3.715761039368521007e-02
5.327334688024829706e-02
5.327334688024829706e-02
5.393396535617542981e-02
3.552326413531618765e-02
5.327334688024829706e-02
5.327334688024829706e-02
6.124991137455335771e-02
6.124991137455335771e-02
6.124991137455335771e-02
5.622477468786032939e-02
6.315640441570299912e-02
6.124991137455335771e-02
5.799544964370085404e-02
5.799544964370085404e-02
6.315640441570299912e-02
5.622477468786032939e-02
5.799544964370085404e-02
5.799544964370085404e-02
5.913164348779284540e-02
5.913164348779284540e-02
5.913164348779284540e-02
6.526530841267964844e-02
5.833755941364401204e-02
5.913164348779284540e-02
6.440601382283381304e-02
6.440601382283381304e-02
5.833755941364401204e-02
6.526530841267964844e-02
6.440601382283381304e-02
6.440601382283381304e-02
6.409918928179303421e-02
6.409918928179303421e-02
6.409918928179303421e-02
5.015546911928029511e-02
6.041785899271766985e-02
6.409918928179303421e-02
5.584048777130387609e-02
5.584048777130387609e-02
6.041785899271766985e-02
5.015546911928029511e-02
5.584048777130387609e-02
5.584048777130387609e-02
6.328994377611180111e-02
6.328994377611180111e-02
6.328994377611180111e-02
6.303927285220915777e-02
6.698437081940133986e-02
6.328994377611180111e-02
6.673023050338119933e-02
6.673023050338119933e-02
6.698437081940133986e-02
6.303927285220915777e-02
6.673023050338119933e-02
6.673023050338119933e-02
3.975307674335104222e-03
3.975307674335104222e-03
3.975307674335104222e-03
5.858129404092905085e-03
4.659685250256209027e-02
3.975307674335104222e-03
6.244117420474817187e-02
6.244117420474817187e-02
4.659685250256209027e-02
5.858129404092905085e-03
6.244117420474817187e-02
6.244117420474817187e-02
5.851108460144333751e-02
5.851108460144333751e-02
5.851108460144333751e-02
5.660988695389216480e-02
5.862918111018385753e-02
5.851108460144333751e-02
5.672671511997563060e-02
5.672671511997563060e-02
5.862918111018385753e-02
5.660988695389216480e-02
5.672671511997563060e-02
5.672671511997563060e-02
6.041359753851843761e-02
6.041359753851843761e-02
6.041359753851843761e-02
5.564811313044591007e-02
5.765968391328851056e-02
6.041359753851843761e-02
5.312733787049341710e-02
5.312733787049341710e-02
5.765968391328851056e-02
5.564811313044591007e-02
5.312733787049341710e-02
5.312733787049341710e-02
6.675502631240978757e-02
6.675502631240978757e-02
6.675502631240978757e-02
6.644111119136467125e-02
6.669579924778057389e-02
6.675502631240978757e-02
6.638183435657390996e-02
6.638183435657390996e-02
6.669579924778057389e-02
6.644111119136467125e-02
6.638183435657390996e-02
6.638183435657390996e-02
5.833100805539746109e-02
5.833100805539746109e-02
5.833100805539746109e-02
5.999381777222301260e-02
3.956882091834922760e-02
5.833100805539746109e-02
4.513507350694834219e-02
4.513507350694834219e-02
3.956882091834922760e-02
5.999381777222301260e-02
4.513507350694834219e-02
4.513507350694834219e-02
2.514086482580930523e-02
2.514086482580930523e-02
2.514086482580930523e-02
2.203892996808209589e-02
5.951270745792131694e-02
2.514086482580930523e-02
5.789914045524777869e-02
5.789914045524777869e-02
5.951270745792131694e-02
2.203892996808209589e-02
5.789914045524777869e-02
5.789914045524777869e-02
6.326287434373338570e-02
6.326287434373338570e-02
6.326287434373338570e-02
6.421129566969142888e-02
1.870798199027896500e-02
6.326287434373338570e-02
1.915973192014648607e-02
1.915973192014648607e-02
1.870798199027896500e-02
6.421129566969142888e-02
1.915973192014648607e-02
1.915973192014648607e-02
4.845333480373970048e-02
4.845333480373970048e-02
4.845333480373970048e-02
5.365348301523591851e-02
4.638558670708897019e-02
4.845333480373970048e-02
5.127343213219196644e-02
5.127343213219196644e-02
4.638558670708897019e-02
5.365348301523591851e-02
5.127343213219196644e-02
5.127343213219196644e-02
6.461864193224876873e-02
6.461864193224876873e-02
6.461864193224876873e-02
6.130967501156605465e-02
6.350560025756955829e-02
6.461864193224876873e-02
6.024036908674774288e-02
6.024036908674774288e-02
6.350560025756955829e-02
6.130967501156605465e-02
6.024036908674774288e-02
6.024036908674774288e-02
5.871751644356589667e-02
5.871751644356589667e-02
5.871751644356589667e-02
6.154439275270576215e-02
6.191411023367405370e-02
5.871751644356589667e-02
6.486331837311046233e-02
6.486331837311046233e-02
6.191411023367405370e-02
6.154439275270576215e-02
6.486331837311046233e-02
6.486331837311046233e-02
1.274830484059405640e-02
1.274830484059405640e-02
1.274830484059405640e-02
8.648669880860729298e-03
6.650684720779073689e-02
1.274830484059405640e-02
6.179139935664385019e-02
6.179139935664385019e-02
6.650684720779073689e-02
8.648669880860729298e-03
6.179139935664385019e-02
6.179139935664385019e-02
5.340679102136904749e-02
5.340679102136904749e-02
5.340679102136904749e-02
5.668952985525857469e-02
5.606817588617308418e-02
5.340679102136904749e-02
5.952155847937409122e-02
5.952155847937409122e-02
5.606817588617308418e-02
5.668952985525857469e-02
5.952155847937409122e-02
5.952155847937409122e-02
6.617550952175418888e-02
6.617550952175418888e-02
6.617550952175418888e-02
6.699236524622188826e-02
5.825221049434054638e-02
6.617550952175418888e-02
5.907967686048038597e-02
5.907967686048038597e-02
5.825221049434054638e-02
6.699236524622188826e-02
5.907967686048038597e-02
5.907967686048038597e-02
6.145723623794472484e-02
6.145723623794472484e-02
6.145723623794472484e-02
6.039422349208891511e-02
4.818810795028866806e-02
6.145723623794472484e-02
4.501071512382560230e-02
4.501071512382560230e-02
4.818810795028866806e-02
6.039422349208891511e-02
4.501071512382560230e-02
4.501071512382560230e-02
4.872389813917337581e-02
4.872389813917337581e-02
4.872389813917337581e-02
6.045645713401184840e-02
4.209640007234435183e-02
4.872389813917337581e-02
5.178045696173697032e-02
5.178045696173697032e-02
4.209640007234435183e-02
6.045645713401184840e-02
5.178045696173697032e-02
5.178045696173697032e-02
6.559647653077613216e-02
6.559647653077613216e-02
6.559647653077613216e-02
6.364217120376648718e-02
3.250253490715636351e-02
6.559647653077613216e-02
2.764930066248908955e-02
2.764930066248908955e-02
3.250253490715636351e-02
6.364217120376648718e-02
2.764930066248908955e-02
2.764930066248908955e-02
4.885299953441823995e-02
4.885299953441823995e-02
4.885299953441823995e-02
4.352351528362479599e-02
6.207964896598572313e-02
4.885299953441823995e-02
5.483948462744655389e-02
5.483948462744655389e-02
6.207964896598572313e-02
4.352351528362479599e-02
5.483948462744655389e-02
5.483948462744655389e-02
4.624463735768315903e-02
4.624463735768315903e-02
4.624463735768315903e-02
4.853185265941475923e-02
6.289221487980917180e-02
4.624463735768315903e-02
6.353377355438170893e-02
6.353377355438170893e-02
6.289221487980917180e-02
4.853185265941475923e-02
6.353377355438170893e-02
6.353377355438170893e-02
6.225586159407339726e-02
6.225586159407339726e-02
6.225586159407339726e-02
6.461212552529140007e-02
5.330349950339188098e-02
6.225586159407339726e-02
5.542766703690230751e-02
5.542766703690230751e-02
5.330349950339188098e-02
6.461212552529140007e-02
5.542766703690230751e-02
5.542766703690230751e-02
6.044061961185656640e-02
6.044061961185656640e-02
6.044061961185656640e-02
6.024604871880368667e-02
1.057311158595546779e-02
6.044061961185656640e-02
1.039984350486240251e-02
1.039984350486240251e-02
1.057311158595546779e-02
6.024604871880368667e-02
1.039984350486240251e-02
1.039984350486240251e-02
4.308342943370593175e-02
4.308342943370593175e-02
4.308342943370593175e-02
4.410067282723986737e-02
5.614318897399759450e-02
4.308342943370593175e-02
5.659439553478142620e-02
5.659439553478142620e-02
5.614318897399759450e-02
4.410067282723986737e-02
5.659439553478142620e-02
5.659439553478142620e-02
5.549372677856521247e-02
5.549372677856521247e-02
5.549372677856521247e-02
5.496929441210260392e-02
6.285611443349067851e-02
5.549372677856521247e-02
6.231454304469857125e-02
6.231454304469857125e-02
6.285611443349067851e-02
5.496929441210260392e-02
6.231454304469857125e-02
6.231454304469857125e-02
5.907111737495640558e-02
5.907111737495640558e-02
5.907111737495640558e-02
5.380945012508755315e-02
6.657308880961466946e-02
5.907111737495640558e-02
5.996418042683873684e-02
5.996418042683873684e-02
6.657308880961466946e-02
5.380945012508755315e-02
5.996418042683873684e-02
5.996418042683873684e-02
2.622054518740962389e-02
2.622054518740962389e-02
2.622054518740962389e-02
2.816076609321697607e-02
6.009211150068093782e-02
2.622054518740962389e-02
6.104243559476731779e-02
6.104243559476731779e-02
6.009211150068093782e-02
2.816076609321697607e-02
6.104243559476731779e-02
6.104243559476731779e-02
6.398594693330489358e-02
6.398594693330489358e-02
6.398594693330489358e-02
6.400045117790639781e-02
5.737359349375226875e-02
6.398594693330489358e-02
5.734626325910361505e-02
5.734626325910361505e-02
5.737359349375226875e-02
6.400045117790639781e-02
5.734626325910361505e-02
5.734626325910361505e-02
5.998438456914687716e-02
5.998438456914687716e-02
5.998438456914687716e-02
6.278720864198417129e-02
5.000734907458246475e-02
5.998438456914687716e-02
5.797719271396603591e-02
5.797719271396603591e-02
5.000734907458246475e-02
6.278720864198417129e-02
5.797719271396603591e-02
5.797719271396603591e-02
4.864614146906790643e-02
4.864614146906790643e-02
4.864614146906790643e-02
4.927172769474667119e-02
5.891689126065165899e-02
4.864614146906790643e-02
5.910582100135427369e-02
5.910582100135427369e-02
5.891689126065165899e-02
4.927172769474667119e-02
5.910582100135427369e-02
5.910582100135427369e-02
4.938921075640378966e-02
4.938921075640378966e-02
4.938921075640378966e-02
4.979129787723827333e-02
6.572479286612407934e-02
4.938921075640378966e-02
6.614934273605198312e-02
6.614934273605198312e-02
6.572479286612407934e-02
4.979129787723827333e-02
6.614934273605198312e-02
6.614934273605198312e-02
6.123990560230547359e-02
6.123990560230547359e-02
6.123990560230547359e-02
6.510399389253274105e-02
3.508097210926031800e-02
6.123990560230547359e-02
4.462163670575972768e-02
4.462163670575972768e-02
3.508097210926031800e-02
6.510399389253274105e-02
4.462163670575972768e-02
4.462163670575972768e-02
6.084386838272611703e-02
6.084386838272611703e-02
6.084386838272611703e-02
5.334775192025863894e-02
5.954022949801821007e-02
6.084386838272611703e-02
5.220148797926504186e-02
5.220148797926504186e-02
5.954022949801821007e-02
5.334775192025863894e-02
5.220148797926504186e-02
5.220148797926504186e-02
6.227383223969709669e-02
6.227383223969709669e-02
6.227383223969709669e-02
6.220624802091929278e-02
3.274790063606685536e-02
6.227383223969709669e-02
3.257337449567545423e-02
3.257337449567545423e-02
3.274790063606685536e-02
6.220624802091929278e-02
3.257337449567545423e-02
3.257337449567545423e-02
6.328275028144891845e-02
6.328275028144891845e-02
6.328275028144891845e-02
6.020102875166825213e-02
4.774933813784157377e-02
6.328275028144891845e-02
4.595084686797022006e-02
4.595084686797022006e-02
4.774933813784157377e-02
6.020102875166825213e-02
4.595084686797022006e-02
4.595084686797022006e-02
5.734426455948174461e-02
5.734426455948174461e-02
5.734426455948174461e-02
5.439790256413196828e-02
6.416905668642883254e-02
5.734426455948174461e-02
6.097592894570077332e-02
6.097592894570077332e-02
6.416905668642883254e-02
5.439790256413196828e-02
6.097592894570077332e-02
6.097592894570077332e-02
9.214234973879523866e-03
9.214234973879523866e-03
9.214234973879523866e-03
1.814035351866549392e-02
5.611234716417152352e-02
9.214234973879523866e-03
6.587219073918504364e-02
6.587219073918504364e-02
5.611234716417152352e-02
1.814035351866549392e-02
6.587219073918504364e-02
6.587219073918504364e-02
6.622189619574959940e-02
6.622189619574959940e-02
6.622189619574959940e-02
6.503086892404411068e-02
1.591683003650903525e-02
6.622189619574959940e-02
1.424458887590429775e-02
1.424458887590429775e-02
1.591683003650903525e-02
6.503086892404411068e-02
1.424458887590429775e-02
1.424458887590429775e-02
5.679585688547352657e-02
5.679585688547352657e-02
5.679585688547352657e-02
5.898486131207170829e-02
4.876997986492550424e-02
5.679585688547352657e-02
5.057994759879510388e-02
5.057994759879510388e-02
4.876997986492550424e-02
5.898486131207170829e-02
5.057994759879510388e-02
5.057994759879510388e-02
3.216203092631281929e-02
3.216203092631281929e-02
3.216203092631281929e-02
2.891065378472816583e-02
6.213617773203222727e-02
3.216203092631281929e-02
6.059556444666617386e-02
6.059556444666617386e-02
6.213617773203222727e-02
2.891065378472816583e-02
6.059556444666617386e-02
6.059556444666617386e-02
5.646823170225070271e-02
5.646823170225070271e-02
5.646823170225070271e-02
5.921389413106140087e-02
6.209434741238906846e-02
5.646823170225070271e-02
6.499137332840615455e-02
6.499137332840615455e-02
6.209434741238906846e-02
5.921389413106140087e-02
6.499137332840615455e-02
6.499137332840615455e-02
5.021176799885160996e-02
5.021176799885160996e-02
5.021176799885160996e-02
5.301565294798409739e-02
5.651487781685224365e-02
5.021176799885160996e-02
5.972571414721794536e-02
5.972571414721794536e-02
5.651487781685224365e-02
5.301565294798409739e-02
5.972571414721794536e-02
5.972571414721794536e-02
6.754489164379921806e-02
6.754489164379921806e-02
6.754489164379921806e-02
6.734304901595422610e-02
6.706660435929596986e-02
6.754489164379921806e-02
6.686307816664931181e-02
6.686307816664931181e-02
6.706660435929596986e-02
6.734304901595422610e-02
6.686307816664931181e-02
6.686307816664931181e-02
5.986678394291348321e-02
5.986678394291348321e-02
5.986678394291348321e-02
6.162475325972363582e-02
5.734795342110982769e-02
5.986678394291348321e-02
6.430848697727872820e-02
6.430848697727872820e-02
5.734795342110982769e-02
6.162475325972363582e-02
6.430848697727872820e-02
6.430848697727872820e-02
6.459229147655544401e-02
6.459229147655544401e-02
6.459229147655544401e-02
5.161326626569743420e-02
5.728623893061871725e-02
6.459229147655544401e-02
4.592406940463129167e-02
4.592406940463129167e-02
5.728623893061871725e-02
5.161326626569743420e-02
4.592406940463129167e-02
4.592406940463129167e-02
5.160175866892810492e-02
5.160175866892810492e-02
5.160175866892810492e-02
5.838956336804803499e-02
4.907783848572175311e-02
5.160175866892810492e-02
5.548857852361285120e-02
5.548857852361285120e-02
4.907783848572175311e-02
5.838956336804803499e-02
5.548857852361285120e-02
5.548857852361285120e-02
1.579909082028947004e-03
1.579909082028947004e-03
1.579909082028947004e-03
7.744668324157197086e-04
5.559383944471105697e-03
1.579909082028947004e-03
2.813492805976480771e-03
2.813492805976480771e-03
5.559383944471105697e-03
7.744668324157197086e-04
2.813492805976480771e-03
2.813492805976480771e-03
6.073014001321138527e-02
6.073014001321138527e-02
6.073014001321138527e-02
6.093614215171031662e-02
6.267900332426662446e-02
6.073014001321138527e-02
6.289043332968166644e-02
6.289043332968166644e-02
6.267900332426662446e-02
6.093614215171031662e-02
6.289043332968166644e-02
6.289043332968166644e-02
6.596653654870709982e-02
6.596653654870709982e-02
6.596653654870709982e-02
6.711742798881401018e-02
6.234605922128882982e-02
6.596653654870709982e-02
6.347507153869781649e-02
6.347507153869781649e-02
6.234605922128882982e-02
6.711742798881401018e-02
6.347507153869781649e-02
6.347507153869781649e-02
6.609692364351697769e-02
6.609692364351697769e-02
6.609692364351697769e-02
6.275843647764756117e-02
6.726639840583203966e-02
6.609692364351697769e-02
6.390528662099821677e-02
6.390528662099821677e-02
6.726639840583203966e-02
6.275843647764756117e-02
6.390528662099821677e-02
6.390528662099821677e-02
5.563389275369095416e-02
5.563389275369095416e-02
5.563389275369095416e-02
6.126878553919640896e-02
5.673404311653252458e-02
5.563389275369095416e-02
6.246192342766516276e-02
6.246192342766516276e-02
5.673404311653252458e-02
6.126878553919640896e-02
6.246192342766516276e-02
6.246192342766516276e-02
3.971645150001849173e-02
3.971645150001849173e-02
3.971645150001849173e-02
3.731644089153560856e-02
5.828855676360788357e-02
3.971645150001849173e-02
5.752176700761357786e-02
5.752176700761357786e-02
5.828855676360788357e-02
3.731644089153560856e-02
5.752176700761357786e-02
5.752176700761357786e-02
5.231719684002569815e-02
5.231719684002569815e-02
5.231719684002569815e-02
5.047844475266760611e-02
5.255663665125993173e-02
5.231719684002569815e-02
4.625235266223844816e-02
4.625235266223844816e-02
5.255663665125993173e-02
5.047844475266760611e-02
4.625235266223844816e-02
4.625235266223844816e-02
6.170869077720547713e-02
6.170869077720547713e-02
6.170869077720547713e-02
5.868851949534972107e-02
6.586814648834386776e-02
6.170869077720547713e-02
6.269663530870213386e-02
6.269663530870213386e-02
6.586814648834386776e-02
5.868851949534972107e-02
6.269663530870213386e-02
6.269663530870213386e-02
6.362420643336443027e-02
6.362420643336443027e-02
6.362420643336443027e-02
6.539731468851525675e-02
5.974236177462324132e-02
6.362420643336443027e-02
6.149228144592824158e-02
6.149228144592824158e-02
5.974236177462324132e-02
6.539731468851525675e-02
6.149228144592824158e-02
6.149228144592824158e-02
5.691296682430735387e-02
5.691296682430735387e-02
5.691296682430735387e-02
5.602474883287802271e-02
6.041374910132477072e-02
5.691296682430735387e-02
5.952187784718552394e-02
5.952187784718552394e-02
6.041374910132477072e-02
5.602474883287802271e-02
5.952187784718552394e-02
5.952187784718552394e-02
4.388369425197401891e-02
4.388369425197401891e-02
4.388369425197401891e-02
4.279607039580204941e-02
2.984011328657841869e-02
4.388369425197401891e-02
2.907747140305140532e-02
2.907747140305140532e-02
2.984011328657841869e-02
4.279607039580204941e-02
2.907747140305140532e-02
2.907747140305140532e-02
1.633100604884516957e-02
1.633100604884516957e-02
1.633100604884516957e-02
2.027752656480585197e-02
4.962928858019239470e-02
1.633100604884516957e-02
5.205765935377746484e-02
5.205765935377746484e-02
4.962928858019239470e-02
2.027752656480585197e-02
5.205765935377746484e-02
5.205765935377746484e-02
5.946440568185820674e-02
5.946440568185820674e-02
5.946440568185820674e-02
5.395781204800750158e-02
2.222318489546039333e-02
5.946440568185820674e-02
1.528163310739569757e-02
1.528163310739569757e-02
2.222318489546039333e-02
5.395781204800750158e-02
1.528163310739569757e-02
1.528163310739569757e-02
5.575930316889170929e-02
5.575930316889170929e-02
5.575930316889170929e-02
6.479959640873916848e-02
5.545582967591997092e-02
5.575930316889170929e-02
6.430101195872799102e-02
6.430101195872799102e-02
5.545582967591997092e-02
6.479959640873916848e-02
6.430101195872799102e-02
6.430101195872799102e-02
6.429650437975728550e-02
6.429650437975728550e-02
6.429650437975728550e-02
6.409558584887688204e-02
6.447090630607711648e-02
6.429650437975728550e-02
6.427009673453012994e-02
6.427009673453012994e-02
6.447090630607711648e-02
6.409558584887688204e-02
6.427009673453012994e-02
6.427009673453012994e-02
