6.840266760476047814e-02
7.477888719101694059e-02
7.477888719101694059e-02
6.247038975031229263e-02
5.462567726484963276e-02
6.156350104151963459e-02
5.541085700270061837e-02
5.541085700270061837e-02
7.099734326216783353e-02
7.099734326216783353e-02
7.099734326216783353e-02
6.410646903287886555e-02
6.122768908267378629e-02
5.282714686604580989e-02
6.967927176835041203e-02
6.967927176835041203e-02
5.707920449182355555e-02
5.811260525887684131e-02
5.707920449182355555e-02
5.707920449182355555e-02
5.396041230804590055e-02
5.396041230804590055e-02
5.396041230804590055e-02
7.106803933293774633e-02
7.168732936368653330e-02
7.168732936368653330e-02
6.091774749857636201e-02
6.601906400493448568e-02
6.399117367434427328e-02
6.931426000812060395e-02
6.893113465448995336e-02
6.893113465448995336e-02
6.893113465448995336e-02
6.500543454658347375e-02
6.027622716433469335e-02
6.630944098710811474e-02
5.769166868246550922e-02
6.371300035989602151e-02
5.537908567263091775e-02
6.371300035989602151e-02
5.638827131867527737e-02
5.638827131867527737e-02
6.865515606317892927e-02
6.865515606317892927e-02
6.889441481938701761e-02
6.777425357666332084e-02
6.777425357666332084e-02
6.295947720472984399e-02
6.777425357666332084e-02
6.777425357666332084e-02
6.880232224772279970e-02
6.880232224772279970e-02
6.880232224772279970e-02
6.341264315758081416e-02
6.401741794157891907e-02
6.397637678634754410e-02
6.397637678634754410e-02
6.115472488794917311e-02
6.115472488794917311e-02
6.761321748307601298e-02
6.761321748307601298e-02
6.131457457399804717e-02
7.229665369759147309e-02
6.431002184811179800e-02
7.064145001196839302e-02
7.064145001196839302e-02
7.582236992572438661e-02
5.995555813973493103e-02
6.468960094886559709e-02
6.468960094886559709e-02
6.766307001423355061e-02
6.766307001423355061e-02
7.176305449478546927e-02
7.110354748476709064e-02
7.176305449478546927e-02
6.430035686740442902e-02
6.430035686740442902e-02
6.430035686740442902e-02
6.430035686740442902e-02
5.665408293872775669e-02
5.946003853160568980e-02
5.247059277430150132e-02
5.247059277430150132e-02
5.247059277430150132e-02
5.904773483077851298e-02
5.904773483077851298e-02
5.904773483077851298e-02
6.196462033364089766e-02
6.886639904518070121e-02
6.775472437449596430e-02
6.363461716415552694e-02
6.984649196627348844e-02
6.363461716415552694e-02
5.728520388124958701e-02
6.984649196627348844e-02
6.231755759103772135e-02
6.231755759103772135e-02
6.231755759103772135e-02
7.256600333102207478e-02
6.231755759103772135e-02
7.308625267737166309e-02
7.308625267737166309e-02
6.278389911838390403e-02
7.308625267737166309e-02
7.308625267737166309e-02
7.308625267737166309e-02
6.465795014800894414e-02
6.615604653079212860e-02
5.926454849660297425e-02
6.615604653079212860e-02
6.032037904412489854e-02
6.516552584905488388e-02
6.719961635786161902e-02
6.719961635786161902e-02
7.385945666729333559e-02
7.385945666729333559e-02
7.385945666729333559e-02
7.385945666729333559e-02
6.372273401507343171e-02
6.372273401507343171e-02
5.262361043176704695e-02
5.262361043176704695e-02
6.478989383026494131e-02
6.334799553070795397e-02
5.149081604213654600e-02
6.478989383026494131e-02
6.334799553070795397e-02
6.770923742873311002e-02
6.374828711074867482e-02
7.021312003480423281e-02
6.770923742873311002e-02
6.614430085935103787e-02
6.614430085935103787e-02
7.158658740336092119e-02
7.074801761702362302e-02
6.799848306492999039e-02
7.074801761702362302e-02
6.799848306492999039e-02
6.376630432625766953e-02
6.376630432625766953e-02
6.110355876458465479e-02
6.110355876458465479e-02
6.110355876458465479e-02
7.145563258246047378e-02
7.145563258246047378e-02
6.829346031793399885e-02
7.222001064720072472e-02
6.829346031793399885e-02
6.829346031793399885e-02
5.109578448504181053e-02
5.109578448504181053e-02
4.742524513216880150e-02
5.263252502360848267e-02
6.287696901002642891e-02
7.090228421365389611e-02
6.287696901002642891e-02
6.287696901002642891e-02
7.090228421365389611e-02
6.315869547556129948e-02
7.020493619231228666e-02
7.020493619231228666e-02
6.935713605414793592e-02
7.020493619231228666e-02
5.954539334891077035e-02
6.036355250714611764e-02
5.954539334891077035e-02
5.954539334891077035e-02
5.845836545270568368e-02
5.845836545270568368e-02
6.523337585159237617e-02
6.216129400567880353e-02
6.523337585159237617e-02
6.523337585159237617e-02
6.855628501153275545e-02
6.427666542760999968e-02
6.427666542760999968e-02
6.427666542760999968e-02
6.168968833539268531e-02
7.189052734171610948e-02
7.189052734171610948e-02
6.059586670985254303e-02
7.067129847918375563e-02
6.059586670985254303e-02
5.545515108235885005e-02
5.545515108235885005e-02
5.630141517703527582e-02
6.830888287071880394e-02
6.830888287071880394e-02
6.830888287071880394e-02
6.826607326060508962e-02
6.826607326060508962e-02
6.422251374424797765e-02
6.901950678145304940e-02
6.422251374424797765e-02
6.040678741021725945e-02
6.040678741021725945e-02
6.040678741021725945e-02
6.040678741021725945e-02
5.872155507824628612e-02
6.757098176761869301e-02
6.736067854252368592e-02
6.899559390387964564e-02
6.182747867004076414e-02
6.930542302293467294e-02
6.182747867004076414e-02
6.182747867004076414e-02
6.438422818575950668e-02
6.930542302293467294e-02
6.438422818575950668e-02
6.663410887452658748e-02
6.663410887452658748e-02
6.105129266111743863e-02
5.412008736681575560e-02
6.663410887452658748e-02
4.973637109738850842e-02
4.973637109738850842e-02
4.973637109738850842e-02
6.594820284079921935e-02
7.451436033893242550e-02
6.001741555104524867e-02
5.792587693409711330e-02
5.792587693409711330e-02
5.504534348876944511e-02
6.325424309562990843e-02
6.424164920136572754e-02
7.026294595983781366e-02
7.032253618342865220e-02
7.032253618342865220e-02
7.082163571142476022e-02
6.247064525903475024e-02
5.773555859630347814e-02
6.247064525903475024e-02
5.871816441465887992e-02
5.871816441465887992e-02
5.871816441465887992e-02
6.699171987656676874e-02
5.735693768356135008e-02
6.804940201100177777e-02
6.703966326363154649e-02
5.862581017910473841e-02
6.544695304182708562e-02
6.006420892731020172e-02
6.006420892731020172e-02
6.006420892731020172e-02
7.209736863574006671e-02
6.108113135036066788e-02
6.640071014049631071e-02
6.108113135036066788e-02
7.209736863574006671e-02
6.640071014049631071e-02
6.640071014049631071e-02
5.902756966403217148e-02
5.902756966403217148e-02
5.902756966403217148e-02
5.416244516286426031e-02
6.539652022723189961e-02
7.124914174539324907e-02
5.758455226610730698e-02
5.689821302830402189e-02
6.241973620848644683e-02
6.524021501770267684e-02
6.554306779267202177e-02
6.450743312207274371e-02
6.554306779267202177e-02
6.716594409263872134e-02
7.006588498404189846e-02
6.716594409263872134e-02
6.421898975224399342e-02
6.501319973888865233e-02
6.548249542088828423e-02
6.351585108359734944e-02
6.548249542088828423e-02
6.548249542088828423e-02
7.654919318878301848e-02
7.138419404533216661e-02
7.654919318878301848e-02
7.063714100496018555e-02
7.063714100496018555e-02
7.063714100496018555e-02
5.813365389673132849e-02
5.813365389673132849e-02
5.407130257613190077e-02
5.407130257613190077e-02
6.886655558663748455e-02
6.558087056669832660e-02
6.886655558663748455e-02
5.992242836974501219e-02
6.294571502454515688e-02
5.992242836974501219e-02
5.882968741571773658e-02
6.579491062025817627e-02
6.247383293436723634e-02
6.983124775777503623e-02
6.983124775777503623e-02
6.396568486961616562e-02
6.290961470030455305e-02
6.529860297975097205e-02
6.396568486961616562e-02
7.161562862642953387e-02
6.791257675144037054e-02
6.962653728440942880e-02
6.791257675144037054e-02
5.849523133427386029e-02
6.360086348471136186e-02
4.980134478299516609e-02
7.445652039147314383e-02
7.445652039147314383e-02
6.360086348471136186e-02
7.445652039147314383e-02
7.047886434817106360e-02
5.530158774549789186e-02
7.047886434817106360e-02
5.080969396967111723e-02
5.080969396967111723e-02
6.461035780024294850e-02
5.080969396967111723e-02
