-8.743807450566047237e+02
-2.446222569694697086e+03
-1.088828552913730391e+03
-8.746699130575074150e+02
-8.807017153540106165e+02
-2.914602483522015746e+02
-3.651512287672771322e+02
-8.176652169116565574e+02
-1.013849235528927807e+03
-1.011757118499901594e+03
-3.041780377066415895e+03
-1.013926792355472003e+03
-8.611024121328673573e+03
-7.394880375120489589e+03
-7.056416029177922610e+03
-8.614718270671321079e+03
-8.980946151955928144e+03
-7.350874249914720167e+03
-6.335442528138636590e+03
-6.625937476026778313e+03
-5.472106554399397282e+03
-5.167914937804369401e+03
-6.410966310790150601e+03
-5.472776118967201910e+03
-1.197945427016868052e+04
-5.746875497758182064e+03
-1.523285444902401832e+04
-1.200683985492927059e+04
-1.176518108883369678e+04
-1.071845908383513597e+04
-1.346243568961647543e+04
-4.983930714409166285e+03
-6.370491351636451327e+03
-6.581611800365805721e+03
-7.148695747504819337e+03
-6.396201458293785436e+03
-3.643641964484908385e+03
-5.678879365509230411e+03
-2.933283490520487703e+03
-3.634472562863269104e+03
-3.705642040838182311e+03
-2.769167893008530427e+03
-2.267586949765419831e+03
-4.355517874564708109e+03
-3.531035155800700977e+03
-3.476485045915235332e+03
-4.635145902629850752e+03
-3.522710885998686081e+03
-2.464470273973769508e+03
-3.794920703847498316e+03
-3.099156830860731588e+03
-2.461737475624740910e+03
-2.371006924511622401e+03
-6.233660104757182125e+03
-7.577618549250660180e+03
-9.334671624416496343e+03
-1.180677200348083898e+04
-1.204610343817492139e+04
-4.659347421340025903e+03
-1.178540818338947611e+04
-1.561810217790368733e+04
-7.641896043638848823e+03
-1.278966318820710330e+04
-1.560895931223988555e+04
-1.559393345424833569e+04
-3.506104570549806795e+03
-2.863293628896570226e+03
-1.707770953815391294e+03
-1.397288863797784188e+03
-1.400571281865670244e+03
-6.213593675390747194e+03
-1.394888376108126295e+03
-7.030290607834428556e+03
-3.254716397013097321e+03
-8.668192330981541090e+03
-7.019785029245361329e+03
-7.203269497972266436e+03
-5.752055951864532290e+03
-7.229670570096374831e+03
-2.792861794416800421e+03
-3.441781358860657292e+03
-3.295950484222231808e+03
-4.200125615551179180e+03
-3.436466412723691974e+03
-1.464310096219898867e+02
-2.290478047953723433e+02
-1.219373555173953747e+02
-1.472214522092760944e+02
-1.450096109238464805e+02
-8.639429567697403400e+03
-7.146219313751793379e+03
-1.346446362146553474e+04
-1.118396274086860467e+04
-1.131553703230252177e+04
-1.901630986289497685e+02
-1.121962281910803540e+04
-5.096372509475897459e+03
-9.137727219629414321e+03
-6.760308188464325212e+03
-5.092754131569454330e+03
-4.672101449846869400e+03
-2.604812615954348530e+03
-3.226198697388486835e+03
-4.436346800881076888e+03
-5.951082475800324573e+03
-6.182077737912175508e+03
-1.163214899390821483e+04
-5.945320596886421299e+03
-3.274457016167981692e+03
-1.821663726097604922e+03
-2.826416195671587047e+03
-3.273118330135386259e+03
-3.276451188175120024e+03
-1.385347199147992615e+04
-1.196092859213637166e+04
-7.710008365934656467e+03
-6.650469830487233594e+03
-6.636768177506975007e+03
-1.570686643256795605e+03
-6.645212721471059012e+03
-8.706063649991658167e+03
-4.970820369238354033e+03
-1.121274337670926070e+04
-8.688668690725255146e+03
-8.708283100907192420e+03
-1.170815456378188719e+04
-1.505954504005955278e+04
-6.665582814695645538e+03
-8.622153535106117488e+03
-8.595889874946482450e+03
-6.394654928325752735e+03
-8.599708351886358287e+03
-1.250735716952343500e+04
-2.207191832013874955e+04
-1.092428278402666001e+04
-1.253885042328388045e+04
-1.257667379495254318e+04
-1.435270494863345220e+03
-1.264385551337101333e+03
-2.543965314376333026e+03
-2.224133344864000719e+03
-2.219715804293069141e+03
-1.940754339855724174e+04
-2.227095144096732838e+03
-7.843679963100402347e+03
-1.063318123520588961e+04
-9.245321859138626678e+03
-7.854952244332397640e+03
-8.244308033284823978e+03
-9.323619578779724179e+03
-1.148030328948812712e+04
-1.313368089024142500e+04
-1.535637510264779667e+04
-1.487939137058926099e+04
-1.292576102530503158e+04
-1.536458386026824883e+04
-7.000156274859843506e+03
-2.916303102231357116e+03
-5.565446844441673420e+03
-7.003754150324818511e+03
-6.983059696478859223e+03
-1.033356402479310418e+04
-8.193930647635752393e+03
-4.283678873964204286e+03
-3.389130423912981769e+03
-3.418579497847738821e+03
-2.298051012092104429e+03
-3.392361017850249937e+03
-9.244318732127438807e+02
-6.878718613705369762e+02
-1.101413752581889412e+03
-9.249800980563281882e+02
-9.066216902749816882e+02
-2.773295619638231528e+03
-3.253306181184078469e+03
-2.014313751784553233e+03
-2.408436284472355055e+03
-2.463162034678529380e+03
-8.038301367927678029e+02
-2.411490410378302840e+03
-4.712610497800204939e+03
-1.129217408391609206e+04
-3.648323665928689934e+03
-4.685051013226224313e+03
-4.703706295063208927e+03
-5.986289010719178805e+03
-4.584684893546568674e+03
-1.429259732860114309e+04
-1.112155394511934537e+04
-1.109748517185063429e+04
-8.724017509798422907e+03
-1.108186008001421578e+04
-2.538377259376451093e+03
-2.538377259376451093e+03
-2.577434614115986278e+03
-2.550543179354720905e+03
-2.685068396483261949e+03
-8.461257531254836977e+02
-9.114219748123244926e+02
-8.983144684743498374e+02
-9.081271538362393585e+02
-8.632099844796751995e+02
-2.734265924436973364e+03
-9.114219748123244926e+02
-1.326245163032279197e+04
-1.326245163032279197e+04
-1.341757100983597593e+04
-1.322333824329218805e+04
-1.259032076672995572e+04
-9.216279946495496915e+03
-8.792188649670448285e+03
-8.684922923873053151e+03
-8.856572307352627831e+03
-9.296883924235677114e+03
-1.265217391050137667e+04
-8.792188649670448285e+03
-1.155435808473052202e+04
-1.155435808473052202e+04
-9.313525919113786586e+03
-1.155017665304611000e+04
-1.147762958439727117e+04
-1.531624211231720437e+04
-1.223700164742122251e+04
-1.520626620358372566e+04
-1.224516946438370178e+04
-1.234034275860204070e+04
-9.231422295423026299e+03
-1.223700164742122251e+04
-2.024138060438615184e+03
-2.024138060438615184e+03
-1.699339542177901649e+03
-2.022503764684647876e+03
-2.022581596196302371e+03
-4.600313773724125895e+03
-3.854656911421056520e+03
-4.592793092754416648e+03
-3.858617223363287394e+03
-3.858441325859981589e+03
-1.696049041025264842e+03
-3.854656911421056520e+03
-5.015166137822507721e+02
-3.716200698426094391e+02
-4.536859645156002330e+02
-5.010744907814016074e+02
-4.974731735880228030e+02
-5.516682751604758778e+03
-4.942891055078370300e+03
-4.040520391467110585e+03
-3.652448273832333598e+03
-3.691335658331548530e+03
-3.317376881508614019e+02
-3.649114569659475364e+03
-1.238778961245997380e+04
-9.370793418925282822e+03
-1.141296201191548789e+04
-1.241844499857517985e+04
-1.250425244623287472e+04
-3.539368460702849575e+02
-3.301603781090959160e+02
-2.717921199580223970e+02
-2.498519446284459775e+02
-2.474258962514498705e+02
-8.771181895640449511e+03
-2.506051970182985826e+02
-1.012240793330540146e+04
-1.335269811669223236e+04
-1.151144742458876317e+04
-1.011486435003823681e+04
-1.013547268370799247e+04
-3.374135977768467001e+03
-3.838661768920251689e+03
-4.452415905093382207e+03
-5.064228740064576414e+03
-5.057287662296646886e+03
-1.518405396025517803e+04
-5.061351320085059342e+03
-2.385656468513818709e+03
-3.289792731649110010e+03
-2.672808919394619352e+03
-2.379767506988168861e+03
-2.491743386214893235e+03
-6.152482471430375881e+03
-7.161601860935726108e+03
-8.759683144050506598e+03
-9.772014668343368612e+03
-9.466568120499712677e+03
-3.785269894860712611e+03
-9.762011834114471640e+03
-7.304705626294721696e+03
-8.531615476063852839e+03
-6.612087126407256619e+03
-7.289544317059261630e+03
-7.383483360072382311e+03
-3.362483542262649280e+03
-3.074905674466344863e+03
-3.958984809107196725e+03
-3.592930757562495273e+03
-3.549602971927452018e+03
-7.794907819701100379e+03
-3.588132170973522079e+03
-8.005306198966770353e+03
-9.215210366285393320e+03
-7.392986268731856399e+03
-8.026356738958248570e+03
-8.010650907444135555e+03
-1.575237671409590075e+04
-1.459665808057300455e+04
-1.818254594607443869e+04
-1.675845792821016585e+04
-1.678938129024173031e+04
-8.536298313523442630e+03
-1.679723216532031802e+04
-3.652766175443633529e+03
-2.350831792348963972e+03
-4.154021722584799136e+03
-3.660055937529613857e+03
-3.780348759823993078e+03
-1.095829852633090013e+04
-1.285764106279214320e+04
-7.434352994922045582e+03
-8.415844818964274964e+03
-8.061156901823647786e+03
-2.808580916490166146e+03
-8.425742749470497074e+03
-8.251835839000652413e+03
-5.202135463289225299e+03
-9.147672420515191334e+03
-8.262181940546015539e+03
-8.061896094117226312e+03
-2.282422678872520919e+03
-2.480053453390621144e+03
-1.390618671094804313e+03
-1.545333980323034893e+03
-1.599505092906976643e+03
-5.596452566775059495e+03
-1.547954965278207737e+03
-4.489938080136545977e+03
-5.219440048203031438e+03
-5.131259541919703224e+03
-4.498172797610830457e+03
-4.480939787261169840e+03
-6.101710724288127494e+03
-6.973152178732068023e+03
-7.092987312750788078e+03
-8.090819552712159748e+03
-8.114527740786596951e+03
-5.962662755929292871e+03
-8.103105796519294927e+03
-1.782148543339430944e+03
-2.050046942253016368e+03
-1.986408493832172098e+03
-1.775184839038652399e+03
-1.755157607580750437e+03
-5.346445630018292832e+03
-5.843531353969849988e+03
-6.034286682266032585e+03
-6.770755846887088410e+03
-6.831790275929834934e+03
-2.245426217252933839e+03
-6.736278651758801971e+03
-4.020643109012670266e+03
-4.643045605574736328e+03
-3.626566533521890506e+03
-4.024767983523217026e+03
-3.967959514538501480e+03
-8.740528497853632643e+02
-7.777384935681765228e+02
-9.985944997341815679e+02
-8.991458564423878670e+02
-9.115046353927479004e+02
-4.139523596707142133e+03
-8.998964340667699844e+02
-6.393221252679016288e+03
-7.479223674263386783e+03
-5.873991009164099523e+03
-6.400897105302465206e+03
-6.440719485622936190e+03
-4.300894297256792015e+03
-3.991038188971388536e+03
-5.071311252431533831e+03
-4.656300838378237131e+03
-4.629466712237987849e+03
-6.932930457248573475e+03
-4.663971398512677297e+03
