1.109014267051541269e+00
1.109014267051541269e+00
1.109014267051541269e+00
1.781963850747888145e+01
1.850165231604681182e+01
1.045676114853221206e+00
1.781963850747888145e+01
2.703635619490113129e+01
2.703635619490113129e+01
3.015068386327125438e+01
2.962950822866465117e+01
3.015068386327125438e+01
3.015068386327125438e+01
2.708056081299129758e+01
2.708056081299129758e+01
4.084798089940568389e+01
4.084798089940568389e+01
4.084798089940568389e+01
4.499245995560580269e+01
4.499245995560580269e+01
1.511324509994922627e+00
1.879005146711767216e+00
1.511324509994922627e+00
3.713232165372578919e+01
3.713232165372578919e+01
3.407592466849219903e+01
2.646444168241169237e+01
2.015637439270203402e+01
2.015637439270203402e+01
2.646444168241169237e+01
2.409360167105930373e+01
3.446929111491366626e+01
7.950119767441840679e+00
6.099703956484226808e+00
3.446929111491366626e+01
1.650957973624166542e+01
1.650957973624166542e+01
4.407642058566344190e+01
1.650957973624166542e+01
1.650957973624166542e+01
4.429015828729352933e+01
4.407642058566344190e+01
4.429015828729352933e+01
1.809016353387991316e+01
1.809016353387991316e+01
1.809016353387991316e+01
2.157683014479259143e+00
2.157683014479259143e+00
4.164819454709734714e+01
4.164819454709734714e+01
3.806885206257432230e+01
4.164819454709734714e+01
3.468003865996688262e+01
8.004011581132417064e+00
8.004011581132417064e+00
8.004011581132417064e+00
2.306212580547085267e+01
2.306212580547085267e+01
3.166859229862458491e+01
3.166859229862458491e+01
5.024957399271736591e+01
5.024957399271736591e+01
4.671570568299038229e+01
4.671570568299038229e+01
4.671570568299038229e+01
2.176429701431411790e+00
2.176429701431411790e+00
1.627500081741499471e+01
3.514620339857479348e+00
1.627500081741499471e+01
4.228398774649865999e+01
4.228398774649865999e+01
4.228398774649865999e+01
2.366924359387463639e+01
2.366924359387463639e+01
3.219389865319070765e+01
2.283488955581021784e+01
3.006915949834133173e+01
3.006915949834133173e+01
3.620594888775485742e+01
3.282236855499325401e+01
2.430590326995707073e+01
1.425807787134757909e+01
7.264920066496820539e+00
3.620470095828601131e+01
3.620470095828601131e+01
3.744939053823440389e+01
3.744939053823440389e+01
4.513877559494647329e+01
3.818037626721005040e+01
4.513877559494647329e+01
4.513877559494647329e+01
1.914976656928786269e+01
7.047005970412095088e+00
8.020923131271464612e+00
1.783301515428388484e+01
7.047005970412095088e+00
2.368272006124853490e+01
2.368272006124853490e+01
2.662001571558593582e+01
2.368272006124853490e+01
2.557298565951977665e+01
2.662001571558593582e+01
4.889125710094830168e+01
4.889125710094830168e+01
3.328305979619548549e-01
4.009192934462945779e+00
5.246034997757455187e+00
3.328305979619548549e-01
2.767049377842897684e+01
2.767049377842897684e+01
3.928759369658490641e+01
2.767049377842897684e+01
3.968176366714665448e+01
3.968176366714665448e+01
4.165416511787124421e+01
4.165416511787124421e+01
4.566890984261382869e+01
1.822768453180993831e+01
1.822768453180993831e+01
2.400876326360133817e+01
2.400876326360133817e+01
2.361921812993749370e+01
4.589165510715593399e+01
2.400876326360133817e+01
4.515919418683680675e+01
4.589165510715593399e+01
4.515919418683680675e+01
4.515919418683680675e+01
2.878971081619990358e+01
2.878971081619990358e+01
2.878971081619990358e+01
2.878971081619990358e+01
2.685476527022060012e+01
3.014901792739832231e+01
2.685476527022060012e+01
2.685476527022060012e+01
2.685476527022060012e+01
4.848662943269099301e+00
3.915133073972928202e+00
2.499775189022774313e+01
4.848662943269099301e+00
2.393437590244579738e+01
2.499775189022774313e+01
2.393437590244579738e+01
2.393437590244579738e+01
1.062861139813186107e+01
1.062861139813186107e+01
7.472300309695206977e+00
1.062861139813186107e+01
3.545490494177576579e+01
7.472300309695206977e+00
3.545490494177576579e+01
3.227039070687985145e+01
3.227039070687985145e+01
3.227039070687985145e+01
2.035543764922021284e-02
2.393874271694890546e-02
2.393874271694890546e-02
2.113166537960431768e+01
2.133928975531550165e+01
2.133928975531550165e+01
2.113166537960431768e+01
2.250903861434079190e+01
3.712595901139442134e+01
3.712595901139442134e+01
3.014840343973301984e+01
3.014840343973301984e+01
2.658252807155446718e+01
2.658252807155446718e+01
2.005639288246316809e+01
2.005639288246316809e+01
1.933869092097373255e+01
1.108008887719825336e-01
2.814857203689814824e+01
1.108008887719825336e-01
2.603277759955502191e+01
2.603277759955502191e+01
2.603277759955502191e+01
3.991261551820984010e+01
3.991261551820984010e+01
3.991261551820984010e+01
3.991261551820984010e+01
3.779257767897559006e+01
3.487665081987125859e+01
3.779257767897559006e+01
3.779257767897559006e+01
2.559793511162234836e+01
4.905740144079757670e+00
4.905740144079757670e+00
1.880138739330403297e+01
1.880138739330403297e+01
1.880138739330403297e+01
3.509623419298999636e+01
3.509623419298999636e+01
3.548529924051663897e+01
3.814947008979055454e+01
2.421898601942343632e+01
2.600882547723936611e+01
2.600882547723936611e+01
2.421898601942343632e+01
1.507710429090438531e+01
7.846013310922824502e+00
1.237777451237319148e+01
4.003465512450746644e+01
4.307817861405705884e+01
4.307817861405705884e+01
4.307817861405705884e+01
4.089744339568959930e+01
7.283021103374061056e-01
4.307817861405705884e+01
5.613890288434562059e-01
5.613890288434562059e-01
2.109467922770193127e+01
2.109467922770193127e+01
2.109467922770193127e+01
3.996257934127498856e+01
3.996257934127498856e+01
3.996257934127498856e+01
3.352091520834685667e+01
3.319777534667648666e+01
3.352091520834685667e+01
3.099738478715331169e+01
3.069898366202526674e+01
9.343202242063744833e+00
1.833688446575802899e+01
1.833688446575802899e+01
3.769421707731812177e+00
4.102393737649732941e+01
5.696698350846557624e+00
3.227699522281987043e+01
1.872758812849155063e+01
1.872758812849155063e+01
2.880740041468520829e+01
2.389484999620796302e+01
2.422665084357915433e+01
4.508237124580326594e+01
3.256397041932040537e+01
3.256397041932040537e+01
3.315230629570199028e+01
1.396956423245046075e+01
2.817994216508041561e+01
2.817994216508041561e+01
2.817994216508041561e+01
3.783685344277868268e+01
3.783685344277868268e+01
3.783685344277868268e+01
3.389038800229713644e+01
3.574217750405162519e+01
3.586961519171649115e+01
3.389038800229713644e+01
3.389038800229713644e+01
4.053487758984112332e+01
1.964131595576312961e+01
3.710254986825051304e+01
1.680183878758680294e+01
3.710254986825051304e+01
3.710254986825051304e+01
3.861558334806387904e+01
3.831802931962678116e+01
1.129955709062465985e+01
3.831802931962678116e+01
1.098777991645896357e+01
4.938621373398125769e+01
4.938621373398125769e+01
4.938621373398125769e+01
2.667086092645591933e+01
2.667086092645591933e+01
2.928743361515030230e+01
4.518309673728888498e+01
2.413655921311556085e+01
2.413655921311556085e+01
1.950352192208142199e+01
2.930529946132088881e+01
2.930529946132088881e+01
2.930529946132088881e+01
4.161097364915198327e+00
3.991836227735852560e+00
2.955313208353362597e+01
1.573719114241638239e+00
1.573719114241638239e+00
3.988180349390204782e+01
1.573719114241638239e+00
1.573719114241638239e+00
3.977802488120300950e+01
1.558367072449859947e+00
3.977802488120300950e+01
3.977802488120300950e+01
2.197167916600427517e+01
1.227374135862817717e+01
2.197167916600427517e+01
4.150788719506805791e+01
4.876822131989572284e+01
2.734631288703361918e+00
3.450098975510977084e+01
3.411928453857050414e+01
2.524990689098116903e+01
1.949870739761373883e+01
2.204392579812837383e+01
1.949870739761373883e+01
2.204392579812837383e+01
3.042408651805098074e+01
3.582802263462161818e+01
3.867179862432880100e+01
6.936825957615037730e+00
6.936825957615037730e+00
6.936825957615037730e+00
6.936825957615037730e+00
7.593426009131296617e-01
8.171725372324664116e-01
7.593426009131296617e-01
7.593426009131296617e-01
3.672992529293024688e+01
3.672992529293024688e+01
1.959607486406544652e+01
1.959607486406544652e+01
2.159539994047380063e+01
2.159539994047380063e+01
2.069698071414476104e+01
2.159539994047380063e+01
2.069698071414476104e+01
