-1.428074832737750910e+02
-1.321359371454541360e+02
-1.321359371454541360e+02
-3.174037351704427579e+02
-3.174037351704427579e+02
-1.970574395967937562e+02
-1.376896394134455761e+02
-1.376896394134455761e+02
-1.376896394134455761e+02
-1.933756134486772282e+02
-1.634903417692785297e+02
-1.950052009792090359e+02
-1.950052009792090359e+02
-1.331928135067722394e+02
-1.061406234754773124e+02
-1.061406234754773124e+02
-1.061406234754773124e+02
-8.331445510722652159e+01
-6.615691119785995511e+01
-2.336810972538093267e+02
-2.009990912880345206e+02
-2.336810972538093267e+02
-1.215332319430159913e+02
-1.412942656170920372e+02
-1.412942656170920372e+02
-3.509218707398774768e+02
-2.948201479107239038e+02
-2.948201479107239038e+02
-2.491054058220968273e+02
-2.965080088385874433e+02
-2.965080088385874433e+02
-2.139358361409318547e+02
-2.139358361409318547e+02
-1.535166990811083849e+02
-2.137306811132542919e+02
-1.533694833400849404e+02
-1.533694833400849404e+02
-1.533694833400849404e+02
-1.501054787903273393e+02
-4.172986123884258518e+02
-4.172986123884258518e+02
-4.172986123884258518e+02
-4.822192484852748748e+02
-1.445055763672658600e+02
-1.445055763672658600e+02
-1.445055763672658600e+02
-1.792068969391222026e+02
-2.572077514756605865e+02
-2.099328707956332494e+02
-1.792068969391222026e+02
-3.013073859345834080e+02
-3.013073859345834080e+02
-9.825281272964546986e+01
-2.112486949319727501e+02
-1.720221077532670790e+02
-1.720221077532670790e+02
-9.127768629941367351e+01
-3.207697342101507161e+02
-3.832603953844962348e+02
-1.875630096437170096e+02
-3.195822695397538951e+02
-1.194776275927307978e+02
-1.194776275927307978e+02
-1.194776275927307978e+02
-1.194776275927307978e+02
-2.318384396767774831e+02
-2.191075192066874990e+02
-1.753256616274488522e+02
-1.622866354776117532e+02
-1.622866354776117532e+02
-9.730673812501622422e+01
-1.331419568933245330e+02
-1.143794145975579113e+02
-1.143794145975579113e+02
-1.195840084000039525e+02
-1.178429667155110820e+02
-1.178429667155110820e+02
-1.178429667155110820e+02
-2.934748732424479272e+02
-2.934748732424479272e+02
-3.883043659924493909e+02
-3.160390257583488278e+02
-4.181595929154216833e+02
-4.181595929154216833e+02
-4.181595929154216833e+02
-1.792785535408947908e+02
-1.792785535408947908e+02
-1.792785535408947908e+02
-7.314902607894505593e+01
-3.167980393123927456e+02
-1.635107667597566206e+02
-1.635107667597566206e+02
-1.635107667597566206e+02
-1.039493010893320246e+02
-6.605944512642430766e+01
-6.605944512642430766e+01
-7.697440893352099067e+01
-1.234655205670895413e+02
-1.438656569266223926e+02
-2.230570085246222618e+02
-2.192600474904924965e+02
-1.831355375573399158e+02
-1.831355375573399158e+02
-1.831355375573399158e+02
-2.670223350955473620e+02
-2.612108963944939433e+02
-1.161006304910409170e+02
-1.186836456200627623e+02
-1.186836456200627623e+02
-1.903745376794115316e+02
-1.903745376794115316e+02
-1.903745376794115316e+02
-3.558201693604898992e+02
-3.558201693604898992e+02
-1.457697818125898266e+02
-1.738122771450647406e+02
-1.133793671384780311e+02
-1.133793671384780311e+02
-4.054488619972110541e+02
-2.595092655048927099e+02
-4.054488619972110541e+02
-1.840089327251804718e+02
-1.840089327251804718e+02
-1.694836559483700285e+02
-1.694836559483700285e+02
-1.156677520189055741e+02
-9.794633090002768938e+01
-9.794633090002768938e+01
-1.042183434728406297e+02
-8.932240042934439828e+01
-2.871204744369462674e+02
-1.020775742625068574e+02
-1.118942324056690296e+02
-4.457634034181530751e+02
-5.180710197261172425e+02
-5.180710197261172425e+02
-9.175805482753587228e+01
-2.603710304748665294e+02
-2.414721526727592220e+02
-2.414721526727592220e+02
-2.603710304748665294e+02
-9.893952170208156360e+01
-9.893952170208156360e+01
-2.700986434192436718e+02
-1.932527301804284434e+02
-1.932527301804284434e+02
-4.483588564570516866e+01
-8.711203434380841770e+01
-6.391996645632332275e+01
-2.824835171440810768e+02
-3.003970435611237235e+02
-3.003970435611237235e+02
-2.824835171440810768e+02
-2.656450923808203584e+02
-2.498039232284571938e+02
-2.498039232284571938e+02
-2.220313510177546732e+02
-2.732157771723902897e+02
-2.220313510177546732e+02
-1.750221837574611357e+02
-1.750221837574611357e+02
-1.564066287718871706e+02
-1.564066287718871706e+02
-1.564066287718871706e+02
-1.564066287718871706e+02
-7.896634729115801576e+01
-3.799312293491959167e+02
-8.379560942747674801e+01
-8.379560942747674801e+01
-2.155622002872948997e+02
-2.155622002872948997e+02
-2.735023532406710274e+02
-2.735023532406710274e+02
-2.735023532406710274e+02
-2.206841039127005217e+02
-2.516217174775824503e+02
-2.516217174775824503e+02
-2.552037643965315965e+02
-1.076514531157677226e+02
-1.091839621528228719e+02
-1.699153253607619831e+02
-1.953960497002012744e+02
-1.667368271961059349e+02
-1.699153253607619831e+02
-1.917408997951853564e+02
-1.781037954355247450e+02
-1.781037954355247450e+02
-2.508156752351083867e+02
-2.366808428667810915e+02
-2.366808428667810915e+02
-4.101379832978482796e+02
-2.965150451839946300e+02
-2.042769659527879469e+02
-2.042769659527879469e+02
-1.401232489220167281e+02
-1.401232489220167281e+02
-7.853899482362825779e+01
-9.591466721799332618e+01
-9.591466721799332618e+01
-7.934515198117949808e+01
-7.474100779292901109e+01
-7.934515198117949808e+01
-7.474100779292901109e+01
-8.961255973371017092e+01
-1.069256796001030239e+02
-2.281798122714687622e+02
-2.261753641755240949e+02
-2.261753641755240949e+02
-2.281798122714687622e+02
-2.428423509184593456e+02
-2.428423509184593456e+02
-2.525407346200001939e+02
-2.525407346200001939e+02
-3.534865829226217215e+02
-1.209239316707352856e+02
-1.692597729399001594e+02
-2.149574871416104997e+02
-2.149574871416104997e+02
-2.857080537856869569e+02
-2.857080537856869569e+02
-1.339045346342587948e+02
-1.339045346342587948e+02
-1.134922292719536330e+02
-2.003060901746121942e+02
-3.745194280916214211e+02
-6.069961397330852293e+01
-6.069961397330852293e+01
-1.658083347886474712e+02
-2.115301851131537489e+02
-2.547405369757747451e+02
-3.249855504006861224e+02
-3.249855504006861224e+02
-3.249855504006861224e+02
-1.131433920070823405e+02
-1.131433920070823405e+02
-1.131433920070823405e+02
-1.706944685042039964e+02
-5.703298414866884514e+01
-5.703298414866884514e+01
-5.703298414866884514e+01
-2.545646346360641701e+02
-2.545646346360641701e+02
-2.545646346360641701e+02
-1.980654688525491167e+02
-1.676240514558814141e+02
-1.660117798589382403e+02
-1.744841631523109129e+02
-6.562145914352330465e+02
-2.707094425711183590e+02
-2.707094425711183590e+02
-2.707094425711183590e+02
-2.707094425711183590e+02
-1.998212154324339735e+02
-1.430258440985367372e+02
-1.031999239258792755e+02
-2.098857408966547666e+02
-1.281228600243669860e+02
-1.281228600243669860e+02
-1.374367423329303506e+02
-2.098857408966547666e+02
-2.251433700862099556e+02
-2.251433700862099556e+02
-3.406260895325689830e+02
-3.428432799674575904e+02
-3.406260895325689830e+02
-1.789321789542680960e+02
-1.789321789542680960e+02
-2.607601121734732601e+02
-2.736657716820827773e+02
-2.736657716820827773e+02
-2.736657716820827773e+02
-2.736657716820827773e+02
-1.434635318971235165e+02
-7.669059980843273649e+01
-1.251552033206714469e+02
-8.790928399226542922e+01
-1.478339400691115202e+02
-1.132345948038260985e+02
-2.606493777638777942e+02
-2.606493777638777942e+02
-2.606493777638777942e+02
-6.128990959386418780e+01
-6.128990959386418780e+01
-2.232169913972041968e+02
-1.574932893919608148e+02
-1.574932893919608148e+02
-2.365078703898816741e+02
-3.352052361977276860e+02
-3.352052361977276860e+02
-1.522407690178796429e+02
-1.580052421898110708e+02
-1.568317660810631367e+02
-1.522407690178796429e+02
-1.511101045997631900e+02
