2.536197820901824745e-02
2.942427115603838544e-02
1.758919195013052342e-02
2.094200615088811779e-01
2.166078364613232554e-01
8.299256918384813053e-01
8.059659410056746465e-01
8.299256918384813053e-01
8.299256918384813053e-01
5.518280293160328087e-01
5.518280293160328087e-01
6.426991932200787350e-02
1.263146697190740686e-01
1.397330341226974415e+00
7.950233967368004473e-01
4.983530701511039163e-01
7.074669343574040425e-01
8.259185800482518047e-01
8.199028570305294528e-01
4.726685257890155256e-01
4.586000530198559577e-01
1.299432598476226719e-01
1.299432598476226719e-01
1.313163008276224952e-01
7.777610163462589377e-02
7.256226003072780983e-01
7.302725091160785498e-01
1.269839550537736672e+00
1.179268701179316370e+00
1.179268701179316370e+00
1.179268701179316370e+00
4.008075847392280622e-01
2.072147095897095004e-01
3.323992945442270641e-01
3.323992945442270641e-01
2.503029051507073000e-01
3.323992945442270641e-01
3.323992945442270641e-01
1.745775246198768560e+00
1.232555565868235448e+00
1.111133766070951712e+00
2.518375232531868887e-02
1.305035364923943543e-02
1.793263500317735307e-02
1.305035364923943543e-02
1.305035364923943543e-02
6.321627989145657267e-01
6.321627989145657267e-01
6.321627989145657267e-01
5.642389761603239240e-01
1.654874907398128647e-01
3.470497077555722565e-01
6.252417752241423710e-01
1.285890487595170661e+00
1.079963066296246055e+00
1.285890487595170661e+00
4.149115087754755016e-01
2.932750114451527779e-01
2.932750114451527779e-01
1.090933392081485792e-01
1.266095261036769282e-01
1.236562734259223778e-01
1.605532462145316419e+00
1.873121205836202563e+00
1.873121205836202563e+00
8.880123502460752771e-01
1.127181200948158546e+00
1.249945948801504780e+00
4.123507434864229215e-01
6.426548034257718589e-01
4.583986435778960589e-01
5.039842420389613054e-01
8.843600358173664411e-01
1.768720071634732882e+00
6.507116697806645256e-01
1.301423339561329051e+00
6.507116697806645256e-01
6.507116697806645256e-01
2.411202917945096114e-01
2.411202917945096114e-01
6.920904483287496634e-01
6.920904483287496634e-01
2.715500975222963076e-01
5.437853522583032673e-01
6.920904483287496634e-01
2.758562910566381143e-01
6.340116225371035530e-02
2.758562910566381143e-01
3.379232654372887890e-01
6.622969824086064605e-01
6.126095199785406287e-01
1.471598564795129738e+00
6.622969824086064605e-01
8.970827858643993791e-01
8.176029427763509272e-01
8.492350316395692600e-01
1.018007881348434118e+00
1.018007881348434118e+00
9.811235313316211126e-01
5.357108627282776148e-01
4.093924550460537604e-01
5.458566067280716805e-01
4.093924550460537604e-01
4.093924550460537604e-01
4.278158820366526234e-03
4.278158820366526234e-03
1.205440058066209907e+00
1.112713899753424496e+00
1.205440058066209907e+00
1.997696975788942675e+00
1.623512751954885980e+00
1.826451845949246700e+00
1.660220149931060374e-01
2.323353121269800259e-01
7.678095969110230179e-01
1.418081343976649977e+00
1.063561007982487538e+00
1.418081343976649977e+00
1.237471095995118509e+00
1.237471095995118509e+00
1.237471095995118509e+00
6.442362088585631419e-01
3.867204388403641113e-01
1.732010104220448765e+00
7.474327594630911786e-01
1.444538875211943130e-01
6.001697235294327637e-01
1.444538875211943130e-01
6.826939704035038525e-02
1.722127275312158312e-01
1.373565008433075940e+00
3.299229091544746053e-03
3.145039607585265601e-03
1.251695644600650414e+00
1.652212726239642215e+00
2.066249587028932577e+00
9.002869562866865349e-01
9.002869562866865349e-01
1.137009740993949247e+00
9.002869562866865349e-01
9.527222695001031916e-01
7.540179998261531402e-01
9.527222695001031916e-01
1.059144179455641321e+00
7.503391433976703828e-01
6.431478371980031694e-01
1.489904382822959672e+00
3.192652248906342471e-01
3.201694372314909387e-01
5.256125184001548753e-03
3.383882217446025353e-01
5.256125184001548753e-03
8.073153616878928629e-01
8.073153616878928629e-01
8.217999670940348000e-01
8.073153616878928629e-01
8.618013936450164003e-01
8.618013936450164003e-01
1.346657380401313220e-01
1.094188266093446965e-01
1.536626730298412125e-01
8.311620937273438425e-01
8.915489097800806118e-01
1.608719668889728727e+00
8.311620937273438425e-01
1.319208324524883569e+00
1.319208324524883569e+00
6.657429003588763994e-01
8.707411067767589774e-01
9.377441810661031329e-01
7.403243534732393272e-01
8.278388228937821891e-01
8.822608509576905789e-01
8.020553190524459808e-01
8.401902883327106997e-01
5.147326100936921306e-02
1.186016454319208518e-01
7.466279017174221044e-01
7.466279017174221044e-01
1.360726045716282306e-01
1.565235147654958414e+00
1.565235147654958414e+00
1.565235147654958414e+00
3.920385653766232381e-01
1.748300175334968953e+00
1.545528657905241854e+00
6.322617236885080816e-01
2.174997142794288241e+00
2.193686100156647445e+00
2.174997142794288241e+00
7.897743546599191866e-01
1.797906844708017666e-03
2.965310526557533334e-03
1.797906844708017666e-03
1.527114150675505932e+00
9.767555214182969126e-01
6.423842334847349456e-01
1.051174200247747992e+00
6.423842334847349456e-01
5.163355792239213704e-01
5.163355792239213704e-01
4.105065034078924646e-01
8.275760090362679344e-01
1.756048496303463657e-01
3.477439869911585490e-01
1.926772080588123881e+00
1.669952916829781753e+00
1.468016823305237306e+00
1.192372224620381171e+00
1.377492541898109435e+00
1.192372224620381171e+00
9.040763806582865492e-01
1.125043174895717257e+00
1.429738145622725831e+00
1.429738145622725831e+00
1.203990017366505905e+00
3.964760925665022362e-01
2.831972089760730338e-01
2.633656112420554307e-01
2.264183849037719465e-01
1.359711406712443393e+00
1.256357929535530660e-01
1.152810848914870290e+00
1.152810848914870290e+00
1.140087341659440590e+00
8.203180696116767479e-01
8.203180696116767479e-01
7.492893052374342000e-01
2.345473749049142020e-01
2.345473749049142020e-01
3.132860681852930318e-01
1.189218304928885694e-01
2.345473749049142020e-01
1.031144186742478208e+00
1.099229837324816828e+00
9.574910305465869076e-01
1.020713420373044356e+00
9.720644352369325336e-01
7.944560292366470433e-01
9.272395666835273609e-01
6.951490255820661490e-01
7.287748526008589467e-01
6.376779960257515922e-01
2.234328061144667532e-01
6.659707077675131037e-01
6.659707077675131037e-01
1.001115821682069029e+00
1.001115821682069029e+00
7.770070795966506072e-01
1.099824612815667235e+00
8.998565013946367985e-01
8.998565013946367985e-01
5.929135849215395881e-02
1.229906295052406312e-01
1.229906295052406312e-01
6.691571393324385886e-01
9.081418319511667114e-01
6.691571393324385886e-01
1.359435187365722442e+00
1.359435187365722442e+00
1.386042032072471786e+00
1.359435187365722442e+00
1.232655628446928997e+00
1.232655628446928997e+00
7.349851689490214390e-01
9.079225797906394224e-02
6.416529579184162557e-01
5.511604039482400630e-01
5.133223663347330490e-01
9.731680218999609611e-02
6.889505049352999677e-01
5.511604039482400630e-01
1.004185554031467920e+00
1.004185554031467920e+00
1.004185554031467920e+00
1.221049728354160147e+00
5.265917032000879683e-01
5.420976004316619967e-01
1.174544800935267697e+00
3.350035159900497522e-02
7.170387115555423851e-02
1.723634216595733015e+00
1.814624477920501189e+00
1.783732123259431646e+00
1.579461908705148909e+00
1.521723208066571464e+00
1.054834323202545443e+00
1.190913815008621146e+00
1.236100624204029552e+00
5.678143883292463556e-01
1.892714627764154334e-01
2.416883905111215092e-01
2.416883905111215092e-01
2.416883905111215092e-01
