3.330601687169641029e-02
3.330601687169641029e-02
3.330601687169641029e-02
3.129643207516619868e-02
6.346613254506528780e-03
3.330601687169641029e-02
5.834226197708313778e-03
5.834226197708313778e-03
6.346613254506528780e-03
3.129643207516619868e-02
5.834226197708313778e-03
5.834226197708313778e-03
3.609475348774581621e-02
3.609475348774581621e-02
3.609475348774581621e-02
3.695186971052138308e-02
3.657754750224224971e-02
3.609475348774581621e-02
3.744614436123784584e-02
3.744614436123784584e-02
3.657754750224224971e-02
3.695186971052138308e-02
3.744614436123784584e-02
3.744614436123784584e-02
4.163872937440804556e-02
4.163872937440804556e-02
4.163872937440804556e-02
3.696622119502199905e-02
3.513003342736475271e-02
4.163872937440804556e-02
3.118089889656191702e-02
3.118089889656191702e-02
3.513003342736475271e-02
3.696622119502199905e-02
3.118089889656191702e-02
3.118089889656191702e-02
3.506080919696608067e-02
3.506080919696608067e-02
3.506080919696608067e-02
3.730188540376070533e-02
3.830674589769152150e-02
3.506080919696608067e-02
4.069490914686814398e-02
4.069490914686814398e-02
3.830674589769152150e-02
3.730188540376070533e-02
4.069490914686814398e-02
4.069490914686814398e-02
2.902741421334096780e-02
2.902741421334096780e-02
2.902741421334096780e-02
3.280406622174898007e-02
2.968292747546098787e-02
2.902741421334096780e-02
3.358432849208098370e-02
3.358432849208098370e-02
2.968292747546098787e-02
3.280406622174898007e-02
3.358432849208098370e-02
3.358432849208098370e-02
4.007839384876989847e-02
4.007839384876989847e-02
4.007839384876989847e-02
4.108260618217209753e-02
4.094648741170718587e-02
4.007839384876989847e-02
4.195305967961929922e-02
4.195305967961929922e-02
4.094648741170718587e-02
4.108260618217209753e-02
4.195305967961929922e-02
4.195305967961929922e-02
3.914081267249133744e-02
3.914081267249133744e-02
3.914081267249133744e-02
3.982924889759621723e-02
3.382236392472098147e-02
3.914081267249133744e-02
3.634800064820876975e-02
3.634800064820876975e-02
3.382236392472098147e-02
3.982924889759621723e-02
3.634800064820876975e-02
3.634800064820876975e-02
9.382861596856462844e-03
9.382861596856462844e-03
9.382861596856462844e-03
7.453324544487611135e-03
3.915257435927119861e-02
9.382861596856462844e-03
3.779847077033215985e-02
3.779847077033215985e-02
3.915257435927119861e-02
7.453324544487611135e-03
3.779847077033215985e-02
3.779847077033215985e-02
3.915738397695288364e-02
3.915738397695288364e-02
3.915738397695288364e-02
3.707346907853557166e-02
3.622568377442272197e-02
3.915738397695288364e-02
3.429714125020039833e-02
3.429714125020039833e-02
3.622568377442272197e-02
3.707346907853557166e-02
3.429714125020039833e-02
3.429714125020039833e-02
3.362516391644120028e-02
3.362516391644120028e-02
3.362516391644120028e-02
3.363496229787053815e-02
4.169637523233084980e-02
3.362516391644120028e-02
4.170445618496106815e-02
4.170445618496106815e-02
4.169637523233084980e-02
3.363496229787053815e-02
4.170445618496106815e-02
4.170445618496106815e-02
1.194223671028716433e-02
1.194223671028716433e-02
1.194223671028716433e-02
1.936929975051394567e-02
2.051645522177571179e-02
1.194223671028716433e-02
3.235861990828795692e-02
3.235861990828795692e-02
2.051645522177571179e-02
1.936929975051394567e-02
3.235861990828795692e-02
3.235861990828795692e-02
3.918363836352888041e-02
3.918363836352888041e-02
3.918363836352888041e-02
3.886752716590721746e-02
3.736170225173466447e-02
3.918363836352888041e-02
3.705561836205398946e-02
3.705561836205398946e-02
3.736170225173466447e-02
3.886752716590721746e-02
3.705561836205398946e-02
3.705561836205398946e-02
3.845092618880245616e-02
3.845092618880245616e-02
3.845092618880245616e-02
3.786496167181659100e-02
1.391407193177124184e-02
3.845092618880245616e-02
1.268334567704514082e-02
1.268334567704514082e-02
1.391407193177124184e-02
3.786496167181659100e-02
1.268334567704514082e-02
1.268334567704514082e-02
3.460746654677334527e-02
3.460746654677334527e-02
3.460746654677334527e-02
3.513447283113164954e-02
3.858468828739227557e-02
3.460746654677334527e-02
3.874730939762544707e-02
3.874730939762544707e-02
3.858468828739227557e-02
3.513447283113164954e-02
3.874730939762544707e-02
3.874730939762544707e-02
3.633902538432135648e-02
3.633902538432135648e-02
3.633902538432135648e-02
3.138801485532661389e-02
3.085700565146645355e-02
3.633902538432135648e-02
2.683939173634401418e-02
2.683939173634401418e-02
3.085700565146645355e-02
3.138801485532661389e-02
2.683939173634401418e-02
2.683939173634401418e-02
3.742492588555429434e-02
3.742492588555429434e-02
3.742492588555429434e-02
4.139665583870338200e-02
3.691167404779097799e-02
3.742492588555429434e-02
4.084456098318073325e-02
4.084456098318073325e-02
3.691167404779097799e-02
4.139665583870338200e-02
4.084456098318073325e-02
4.084456098318073325e-02
3.992564580221096004e-02
3.992564580221096004e-02
3.992564580221096004e-02
3.348916513429837927e-02
4.150576959836457802e-02
3.992564580221096004e-02
3.485575791287508912e-02
3.485575791287508912e-02
4.150576959836457802e-02
3.348916513429837927e-02
3.485575791287508912e-02
3.485575791287508912e-02
3.446046685762300596e-03
3.446046685762300596e-03
3.446046685762300596e-03
4.116084320414471753e-03
3.600691529486844955e-02
3.446046685762300596e-03
3.708041430937571159e-02
3.708041430937571159e-02
3.600691529486844955e-02
4.116084320414471753e-03
3.708041430937571159e-02
3.708041430937571159e-02
3.354682276783475803e-02
3.354682276783475803e-02
3.354682276783475803e-02
3.353263687039290813e-02
3.784778512766438091e-02
3.354682276783475803e-02
3.783257486056515462e-02
3.783257486056515462e-02
3.784778512766438091e-02
3.353263687039290813e-02
3.783257486056515462e-02
3.783257486056515462e-02
3.660115172401380568e-02
3.660115172401380568e-02
3.660115172401380568e-02
3.923694571177073487e-02
1.697124563273605391e-02
3.660115172401380568e-02
2.143883601883128653e-02
2.143883601883128653e-02
1.697124563273605391e-02
3.923694571177073487e-02
2.143883601883128653e-02
2.143883601883128653e-02
4.032468178232730821e-02
4.032468178232730821e-02
4.032468178232730821e-02
4.179658926334214181e-02
3.840051996455194627e-02
4.032468178232730821e-02
3.983176096264245958e-02
3.983176096264245958e-02
3.840051996455194627e-02
4.179658926334214181e-02
3.983176096264245958e-02
3.983176096264245958e-02
3.703251432434385981e-02
3.703251432434385981e-02
3.703251432434385981e-02
3.598673872328493617e-02
1.874651054796298844e-02
3.703251432434385981e-02
1.617592860006068084e-02
1.617592860006068084e-02
1.874651054796298844e-02
3.598673872328493617e-02
1.617592860006068084e-02
1.617592860006068084e-02
1.925624812402926267e-02
1.925624812402926267e-02
1.925624812402926267e-02
1.877931501676396997e-02
3.774964013280197872e-02
1.925624812402926267e-02
3.745959806444441181e-02
3.745959806444441181e-02
3.774964013280197872e-02
1.877931501676396997e-02
3.745959806444441181e-02
3.745959806444441181e-02
3.842666338768742362e-02
3.842666338768742362e-02
3.842666338768742362e-02
3.879163960347634804e-02
3.302984719157865678e-02
3.842666338768742362e-02
3.340253869697278055e-02
3.340253869697278055e-02
3.302984719157865678e-02
3.879163960347634804e-02
3.340253869697278055e-02
3.340253869697278055e-02
3.373168489638674050e-02
3.373168489638674050e-02
3.373168489638674050e-02
3.575101521159373269e-02
3.724867175609395537e-02
3.373168489638674050e-02
3.945084656423746700e-02
3.945084656423746700e-02
3.724867175609395537e-02
3.575101521159373269e-02
3.945084656423746700e-02
3.945084656423746700e-02
4.143383417695993554e-02
4.143383417695993554e-02
4.143383417695993554e-02
4.009539229372297703e-02
1.968396004038918366e-03
4.143383417695993554e-02
1.608386389911911412e-03
1.608386389911911412e-03
1.968396004038918366e-03
4.009539229372297703e-02
1.608386389911911412e-03
1.608386389911911412e-03
3.596905472276811649e-02
3.596905472276811649e-02
3.596905472276811649e-02
3.526907079021271429e-02
3.835559127697022591e-02
3.596905472276811649e-02
3.760927541873932550e-02
3.760927541873932550e-02
3.835559127697022591e-02
3.526907079021271429e-02
3.760927541873932550e-02
3.760927541873932550e-02
3.776449195866379838e-02
3.776449195866379838e-02
3.776449195866379838e-02
3.922951325914420667e-02
3.412411586712685296e-02
3.776449195866379838e-02
3.438516634818283846e-02
3.438516634818283846e-02
3.412411586712685296e-02
3.922951325914420667e-02
3.438516634818283846e-02
3.438516634818283846e-02
1.011648004876729463e-02
1.011648004876729463e-02
1.011648004876729463e-02
6.581958411051145978e-03
4.131291275576139815e-02
1.011648004876729463e-02
3.125529749446077921e-02
3.125529749446077921e-02
4.131291275576139815e-02
6.581958411051145978e-03
3.125529749446077921e-02
3.125529749446077921e-02
3.420641713393320071e-02
3.420641713393320071e-02
3.420641713393320071e-02
3.950557936937580672e-02
3.164797653872587074e-02
3.420641713393320071e-02
3.655162180242274572e-02
3.655162180242274572e-02
3.164797653872587074e-02
3.950557936937580672e-02
3.655162180242274572e-02
3.655162180242274572e-02
4.101065315745945628e-02
4.101065315745945628e-02
4.101065315745945628e-02
4.021671657924015542e-02
3.886518867127162352e-02
4.101065315745945628e-02
3.806372986497346539e-02
3.806372986497346539e-02
3.886518867127162352e-02
4.021671657924015542e-02
3.806372986497346539e-02
3.806372986497346539e-02
3.153119007077498370e-02
3.153119007077498370e-02
3.153119007077498370e-02
3.041262429965177830e-02
4.051716793076697715e-02
3.153119007077498370e-02
3.588987743919651308e-02
3.588987743919651308e-02
4.051716793076697715e-02
3.041262429965177830e-02
3.588987743919651308e-02
3.588987743919651308e-02
3.421563690729830659e-02
3.421563690729830659e-02
3.421563690729830659e-02
3.750341780833298805e-02
3.247788438237351333e-02
3.421563690729830659e-02
3.557638996611340448e-02
3.557638996611340448e-02
3.247788438237351333e-02
3.750341780833298805e-02
3.557638996611340448e-02
3.557638996611340448e-02
2.152175368508902134e-02
2.152175368508902134e-02
2.152175368508902134e-02
2.232555553130922618e-02
4.069183202660950349e-02
2.152175368508902134e-02
4.098430187011965764e-02
4.098430187011965764e-02
4.069183202660950349e-02
2.232555553130922618e-02
4.098430187011965764e-02
4.098430187011965764e-02
3.582515748861464511e-02
3.582515748861464511e-02
3.582515748861464511e-02
3.738779912124910731e-02
1.999914769109586640e-02
3.582515748861464511e-02
2.500669045516458813e-02
2.500669045516458813e-02
1.999914769109586640e-02
3.738779912124910731e-02
2.500669045516458813e-02
2.500669045516458813e-02
4.214197811631719554e-02
4.214197811631719554e-02
4.214197811631719554e-02
3.506099924747659718e-02
3.853661854691623617e-02
4.214197811631719554e-02
3.545063894346727612e-02
3.545063894346727612e-02
3.853661854691623617e-02
3.506099924747659718e-02
3.545063894346727612e-02
3.545063894346727612e-02
4.077368918014120935e-02
4.077368918014120935e-02
4.077368918014120935e-02
4.123699389161867429e-02
2.077539938450979548e-02
4.077368918014120935e-02
2.229470996289144302e-02
2.229470996289144302e-02
2.077539938450979548e-02
4.123699389161867429e-02
2.229470996289144302e-02
2.229470996289144302e-02
3.129231606230295504e-02
3.129231606230295504e-02
3.129231606230295504e-02
3.012890984301728678e-02
3.612548297509560885e-02
3.129231606230295504e-02
3.472864508805290767e-02
3.472864508805290767e-02
3.612548297509560885e-02
3.012890984301728678e-02
3.472864508805290767e-02
3.472864508805290767e-02
1.933865690499942920e-03
1.933865690499942920e-03
1.933865690499942920e-03
1.372566388133781819e-03
3.382245251074335324e-02
1.933865690499942920e-03
3.181225721291880415e-02
3.181225721291880415e-02
3.382245251074335324e-02
1.372566388133781819e-03
3.181225721291880415e-02
3.181225721291880415e-02
3.820906255641255689e-02
3.820906255641255689e-02
3.820906255641255689e-02
3.932193397329568352e-02
3.941308114577822541e-02
3.820906255641255689e-02
4.055126662991564296e-02
4.055126662991564296e-02
3.941308114577822541e-02
3.932193397329568352e-02
4.055126662991564296e-02
4.055126662991564296e-02
3.149800114003563356e-02
3.149800114003563356e-02
3.149800114003563356e-02
3.156393947127190264e-02
4.287706477773608506e-03
3.149800114003563356e-02
4.350545377517897085e-03
4.350545377517897085e-03
4.287706477773608506e-03
3.156393947127190264e-02
4.350545377517897085e-03
4.350545377517897085e-03
3.844887262494633973e-02
3.844887262494633973e-02
3.844887262494633973e-02
3.285391458086819177e-02
3.738711073371775440e-02
3.844887262494633973e-02
3.195159296029422002e-02
3.195159296029422002e-02
3.738711073371775440e-02
3.285391458086819177e-02
3.195159296029422002e-02
3.195159296029422002e-02
3.915814512515675139e-02
3.915814512515675139e-02
3.915814512515675139e-02
3.769334415975293673e-02
3.447046316696998625e-02
3.915814512515675139e-02
3.314683934483377697e-02
3.314683934483377697e-02
3.447046316696998625e-02
3.769334415975293673e-02
3.314683934483377697e-02
3.314683934483377697e-02
1.048877607055146571e-02
1.048877607055146571e-02
1.048877607055146571e-02
1.381340985009471035e-02
3.753244498189112210e-02
1.048877607055146571e-02
4.010677365376968256e-02
4.010677365376968256e-02
3.753244498189112210e-02
1.381340985009471035e-02
4.010677365376968256e-02
4.010677365376968256e-02
3.575319370951917514e-02
3.575319370951917514e-02
3.575319370951917514e-02
3.569563574559864172e-02
3.532246488049337052e-02
3.575319370951917514e-02
3.530750631261471428e-02
3.530750631261471428e-02
3.532246488049337052e-02
3.569563574559864172e-02
3.530750631261471428e-02
3.530750631261471428e-02
3.789261179112509564e-02
3.789261179112509564e-02
3.789261179112509564e-02
3.755629988234261002e-02
4.205262865627665270e-02
3.789261179112509564e-02
4.173218094555342095e-02
4.173218094555342095e-02
4.205262865627665270e-02
3.755629988234261002e-02
4.173218094555342095e-02
4.173218094555342095e-02
2.985229472254075089e-02
2.985229472254075089e-02
2.985229472254075089e-02
4.163831648233676241e-02
1.928924414065568207e-02
2.985229472254075089e-02
4.207278196886565097e-02
4.207278196886565097e-02
1.928924414065568207e-02
4.163831648233676241e-02
4.207278196886565097e-02
4.207278196886565097e-02
3.484306143060785649e-02
3.484306143060785649e-02
3.484306143060785649e-02
3.221922695457984237e-02
3.810601093740723089e-02
3.484306143060785649e-02
3.521715339026309372e-02
3.521715339026309372e-02
3.810601093740723089e-02
3.221922695457984237e-02
3.521715339026309372e-02
3.521715339026309372e-02
3.837062250059501342e-03
3.837062250059501342e-03
3.837062250059501342e-03
5.180275983162538171e-03
3.728167194344995244e-02
3.837062250059501342e-03
3.929209724124491793e-02
3.929209724124491793e-02
3.728167194344995244e-02
5.180275983162538171e-03
3.929209724124491793e-02
3.929209724124491793e-02
4.025929943711731296e-02
4.025929943711731296e-02
4.025929943711731296e-02
3.719376911939212965e-02
9.956963013265722820e-03
4.025929943711731296e-02
6.914057208418165033e-03
6.914057208418165033e-03
9.956963013265722820e-03
3.719376911939212965e-02
6.914057208418165033e-03
6.914057208418165033e-03
3.837824851076858390e-02
3.837824851076858390e-02
3.837824851076858390e-02
4.010623295445647774e-02
3.812156815041239238e-02
3.837824851076858390e-02
3.984057077438338257e-02
3.984057077438338257e-02
3.812156815041239238e-02
4.010623295445647774e-02
3.984057077438338257e-02
3.984057077438338257e-02
3.532526935800215512e-02
3.532526935800215512e-02
3.532526935800215512e-02
3.524828062068048606e-02
3.538646257098348319e-02
3.532526935800215512e-02
3.530944421917504156e-02
3.530944421917504156e-02
3.538646257098348319e-02
3.524828062068048606e-02
3.530944421917504156e-02
3.530944421917504156e-02
3.774201377617583675e-02
3.774201377617583675e-02
3.774201377617583675e-02
3.603586719998833759e-02
4.185197090708601270e-02
3.774201377617583675e-02
4.007340616042013443e-02
4.007340616042013443e-02
4.185197090708601270e-02
3.603586719998833759e-02
4.007340616042013443e-02
4.007340616042013443e-02
4.086909863891545480e-02
4.086909863891545480e-02
4.086909863891545480e-02
4.123723387537876067e-02
3.481458143023147961e-02
4.086909863891545480e-02
3.514469149289296823e-02
3.514469149289296823e-02
3.481458143023147961e-02
4.123723387537876067e-02
3.514469149289296823e-02
3.514469149289296823e-02
3.849528950652059134e-02
3.849528950652059134e-02
3.849528950652059134e-02
3.898529264896587188e-02
3.852285702580336701e-02
3.849528950652059134e-02
3.901300951695654134e-02
3.901300951695654134e-02
3.852285702580336701e-02
3.898529264896587188e-02
3.901300951695654134e-02
3.901300951695654134e-02
1.844598641726650015e-02
1.844598641726650015e-02
1.844598641726650015e-02
1.887601576322942357e-02
2.069732594210268659e-02
1.844598641726650015e-02
2.117923692898991336e-02
2.117923692898991336e-02
2.069732594210268659e-02
1.887601576322942357e-02
2.117923692898991336e-02
2.117923692898991336e-02
4.086648461920180941e-02
4.086648461920180941e-02
4.086648461920180941e-02
3.916442915404760861e-02
4.105538422799821785e-02
4.086648461920180941e-02
3.934812890742664382e-02
3.934812890742664382e-02
4.105538422799821785e-02
3.916442915404760861e-02
3.934812890742664382e-02
3.934812890742664382e-02
3.269528473054840456e-02
3.269528473054840456e-02
3.269528473054840456e-02
3.576763786303154696e-02
3.343381267256904238e-02
3.269528473054840456e-02
3.658396657079904246e-02
3.658396657079904246e-02
3.343381267256904238e-02
3.576763786303154696e-02
3.658396657079904246e-02
3.658396657079904246e-02
4.224546443661000156e-02
4.224546443661000156e-02
4.224546443661000156e-02
4.212205105721700260e-02
3.825090624558053626e-02
4.224546443661000156e-02
3.811778982364225771e-02
3.811778982364225771e-02
3.825090624558053626e-02
4.212205105721700260e-02
3.811778982364225771e-02
3.811778982364225771e-02
3.708873990901743328e-02
3.708873990901743328e-02
3.708873990901743328e-02
3.435145350132565861e-02
2.597992622646840000e-02
3.708873990901743328e-02
1.996127459113960709e-02
1.996127459113960709e-02
2.597992622646840000e-02
3.435145350132565861e-02
1.996127459113960709e-02
1.996127459113960709e-02
3.644592596829132614e-02
3.644592596829132614e-02
3.644592596829132614e-02
3.968674190335089863e-02
3.702911562187724548e-02
3.644592596829132614e-02
4.030490650260677016e-02
4.030490650260677016e-02
3.702911562187724548e-02
3.968674190335089863e-02
4.030490650260677016e-02
4.030490650260677016e-02
2.120196747252815414e-02
2.120196747252815414e-02
2.120196747252815414e-02
1.659421200743177102e-02
1.586058576791018679e-02
2.120196747252815414e-02
1.228876839371525857e-02
1.228876839371525857e-02
1.586058576791018679e-02
1.659421200743177102e-02
1.228876839371525857e-02
1.228876839371525857e-02
3.121057986909263685e-02
3.121057986909263685e-02
3.121057986909263685e-02
3.154667392890866950e-02
3.935670298550409535e-02
3.121057986909263685e-02
3.977926102566926858e-02
3.977926102566926858e-02
3.935670298550409535e-02
3.154667392890866950e-02
3.977926102566926858e-02
3.977926102566926858e-02
4.043694913588262441e-02
4.043694913588262441e-02
4.043694913588262441e-02
4.005664219391310427e-02
3.245474112349473750e-02
4.043694913588262441e-02
3.208233457367386243e-02
3.208233457367386243e-02
3.245474112349473750e-02
4.005664219391310427e-02
3.208233457367386243e-02
3.208233457367386243e-02
