2.420985772019100146e+00
2.426120879276534748e+00
2.430738571110896640e+00
2.402260670550443233e+00
2.387813695405847092e+00
2.420985772019100146e+00
2.378403981597383421e+00
2.370483031640564953e+00
2.407841528793444041e+00
2.419796016534905281e+00
2.386168448095128181e+00
2.386168448095128181e+00
1.086441460027585439e-02
8.293345725586055359e-03
8.093652462458215610e-03
1.086694443556331970e-02
2.450231963941019497e+00
1.086441460027585439e-02
2.432851586468321781e+00
2.434431146068476881e+00
2.413599857278593053e+00
6.177595349519188032e-03
2.412667038275714493e+00
2.412667038275714493e+00
2.444545316023136294e+00
2.460200734975929837e+00
2.416044074730318680e+00
2.421896892674741064e+00
2.451421463920731014e+00
2.444545316023136294e+00
2.396619648920016665e+00
2.450784486794584272e+00
2.447036148417937262e+00
2.414938795699589136e+00
2.425401697852097360e+00
2.425401697852097360e+00
2.319351516248321143e+00
2.295535705419644579e+00
2.340690489259220186e+00
2.371437280949129978e+00
2.053673433212339194e+00
2.319351516248321143e+00
2.148986967663833791e+00
2.059724075428119416e+00
2.054023351473805992e+00
2.371553665298616664e+00
2.106609034063865238e+00
2.106609034063865238e+00
2.187003670544803491e+00
2.319684921443684988e+00
2.166114341374149710e+00
2.146796579405649830e+00
2.351115639089355724e+00
2.187003670544803491e+00
2.315936721141615973e+00
2.403662954807066487e+00
2.410773868530942110e+00
2.280688927743483863e+00
2.396634613369327926e+00
2.396634613369327926e+00
2.456676316208781685e+00
2.457380293283926598e+00
2.466627275531434460e+00
2.451642021271520200e+00
1.561249991104015855e+00
2.456676316208781685e+00
1.696263366301129283e+00
1.555332424717498219e+00
1.719749690645706819e+00
2.463338526987280286e+00
1.705321176375453218e+00
1.705321176375453218e+00
2.372318704266621392e+00
2.357445250840279005e+00
2.415710929683921648e+00
2.392223071973858861e+00
2.408505611817262970e+00
2.372318704266621392e+00
2.460291775902311961e+00
2.431975201731657599e+00
2.432678634628878456e+00
2.420555560186203881e+00
2.455467433445909009e+00
2.455467433445909009e+00
2.423037047764085017e+00
2.366562504814643475e+00
2.414942059561342891e+00
2.415565222867577244e+00
2.427095932046870796e+00
2.423037047764085017e+00
2.411603872428920159e+00
2.361434556504375504e+00
2.360321776709768837e+00
2.338930753706472743e+00
2.347147073856247879e+00
2.347147073856247879e+00
2.408812802477930060e+00
2.396517145923000136e+00
2.391034676482545862e+00
2.409942783935181243e+00
2.384550053062931330e+00
2.408812802477930060e+00
2.363999325245688343e+00
2.370768528944172004e+00
2.344100881661854263e+00
2.377934819386179566e+00
2.345996856134890951e+00
2.345996856134890951e+00
2.445222521061491072e+00
2.430353448255521354e+00
2.454715046890376673e+00
2.450636096382652784e+00
2.086357425806902643e+00
2.445222521061491072e+00
2.156793886604238875e+00
2.004527181059982066e+00
2.068053955450978254e+00
2.448050185053392447e+00
2.077163386276372314e+00
2.077163386276372314e+00
2.418624462729455971e+00
2.394454155670544981e+00
2.430232427579754884e+00
2.448272603790849100e+00
2.405876649731395034e+00
2.418624462729455971e+00
2.448674833937345863e+00
2.422050862165640250e+00
2.395257336067595499e+00
2.442321871549520740e+00
2.433189874218822712e+00
2.433189874218822712e+00
2.007193037792668999e+00
2.228457326257428317e+00
1.911652805621591122e+00
1.973227528572558676e+00
2.416200566974887831e+00
2.007193037792668999e+00
2.364118441636616552e+00
2.444379350111717031e+00
2.447289540137712383e+00
2.144462428598587156e+00
2.430785920803063327e+00
2.430785920803063327e+00
1.793434127002947243e+00
1.448227644633829136e+00
1.854829919115691395e+00
1.817797444939418527e+00
2.231848104155589763e+00
1.793434127002947243e+00
2.271814327607216022e+00
2.066584508051597879e+00
2.092108724010385057e+00
1.553785054522526465e+00
2.110395058170555505e+00
2.110395058170555505e+00
2.423152543166032125e+00
2.463667406567952689e+00
2.413814346905145847e+00
2.435057324351682428e+00
2.408776901491051170e+00
2.423152543166032125e+00
2.413504459793324841e+00
2.463534061977398437e+00
2.451395275891873560e+00
2.465573268151726616e+00
2.459019049146319968e+00
2.459019049146319968e+00
2.435714119248119758e+00
2.425668853578972772e+00
2.422984434933502129e+00
2.390455212418166830e+00
2.466021445306645798e+00
2.435714119248119758e+00
2.429946906975003706e+00
2.432395416062959281e+00
2.452744582830255204e+00
2.349453981945907710e+00
2.419029950928769157e+00
2.419029950928769157e+00
2.426801333611636302e+00
2.407903372071706460e+00
2.434409675283756069e+00
2.438480507217303916e+00
2.344812513719271685e+00
2.426801333611636302e+00
2.369015728441530744e+00
2.318059631519972630e+00
2.325683536225006787e+00
2.430555135152021595e+00
2.336232440461252224e+00
2.336232440461252224e+00
2.279537286204028401e+00
2.392232868443971316e+00
2.309168947005675321e+00
2.256751293996136276e+00
1.884321339192989164e+00
2.279537286204028401e+00
1.921591266661912156e+00
2.147602987820345088e+00
2.212270949533867270e+00
2.397153515753354114e+00
2.192557846147181966e+00
2.192557846147181966e+00
2.434412134765626234e+00
2.289718923739179068e+00
2.425340040409024844e+00
2.448178597086842601e+00
2.448904920790966777e+00
2.434412134765626234e+00
2.454015611959122101e+00
2.367641470906414192e+00
2.311823198032606719e+00
2.309299981741817387e+00
2.349665804654559764e+00
2.349665804654559764e+00
2.365437562781092407e+00
2.307222344669880520e+00
2.418848781567636941e+00
2.364451243907273348e+00
2.420851622022419658e+00
2.365437562781092407e+00
2.452123941133037555e+00
2.384073402255489693e+00
2.431253231044674390e+00
2.381903165834665437e+00
2.430412164401750896e+00
2.430412164401750896e+00
2.410474778792336181e+00
2.460536477580419490e+00
2.352734362051110750e+00
2.405891147798944196e+00
2.332774320519466205e+00
2.410474778792336181e+00
2.217786108448804416e+00
2.421059177903338799e+00
2.376515777309915478e+00
2.431072436236509038e+00
2.370278229727993846e+00
2.370278229727993846e+00
2.320919564833463067e+00
2.427818146877525507e+00
2.388259433313355995e+00
2.404131363517214126e+00
2.273192071068941722e+00
2.320919564833463067e+00
2.424091856691590774e+00
2.451224151867201773e+00
2.442827050352506024e+00
2.476831886904791169e+00
2.470078421577406314e+00
2.470078421577406314e+00
2.446965910752894047e+00
2.406013092103223006e+00
2.416680883900633514e+00
2.439011191184258021e+00
2.432149677374479069e+00
2.446965910752894047e+00
2.378303877767247165e+00
2.363001020066093361e+00
2.314587900447987678e+00
2.332519398999778115e+00
2.288609338120689340e+00
2.288609338120689340e+00
2.445436358821134970e+00
2.405270685269989439e+00
2.454999581306210654e+00
2.443745927708381949e+00
2.356608131128717698e+00
2.445436358821134970e+00
2.379594223725153501e+00
2.254863994138637029e+00
2.297334260319086052e+00
2.419256964273280630e+00
2.295055692170290929e+00
2.295055692170290929e+00
1.270297983580385592e+00
1.444581719658791341e+00
1.165721125370475564e+00
1.227583282433065248e+00
2.450314151081462555e+00
1.270297983580385592e+00
2.426715642932980810e+00
2.452723795285638886e+00
2.455580374070029936e+00
1.298911262584088844e+00
2.444308405309207011e+00
2.444308405309207011e+00
2.297049963205609391e+00
2.361247302809263982e+00
2.408501976508939268e+00
2.364622167897570293e+00
2.322961743042913696e+00
2.297049963205609391e+00
2.448009419553554444e+00
2.420484970316133744e+00
2.446587300136985998e+00
2.459661486907936290e+00
2.465121116307920968e+00
2.465121116307920968e+00
2.486225147405956459e+00
2.458780699760089838e+00
2.477577026540588978e+00
2.476258935162667374e+00
2.474092139520256861e+00
2.486225147405956459e+00
2.430867000524215893e+00
2.374892611121456998e+00
2.376905933626862755e+00
2.386826587173007219e+00
2.301805036979228003e+00
2.301805036979228003e+00
1.868903270530000382e+00
1.430256685433955122e+00
1.945342070207834562e+00
1.886666879466114777e+00
2.269816463872594614e+00
1.868903270530000382e+00
2.312595260274516562e+00
2.061701041493205988e+00
2.101865106276596951e+00
1.555507893820971654e+00
2.119955235709900077e+00
2.119955235709900077e+00
2.341679600977637055e+00
2.460291324680891289e+00
2.335255855455408369e+00
2.342663803709561066e+00
2.384566053477067626e+00
2.341679600977637055e+00
2.380566807126888840e+00
2.471630507799714493e+00
2.470233270887079779e+00
2.458891930450156416e+00
2.470432102902796689e+00
2.470432102902796689e+00
2.391831501207133392e+00
2.429959299244889959e+00
2.398667687948412119e+00
2.320588744149869154e+00
5.784001524000620398e-01
2.391831501207133392e+00
5.666411247197765677e-01
7.511847355013739902e-01
8.393412367803803065e-01
2.389966849896583145e+00
7.873511732454471224e-01
7.873511732454471224e-01
2.290443019419023063e+00
2.247466082915081653e+00
2.243355452298655184e+00
2.295076722025964688e+00
2.442721387820358192e+00
2.290443019419023063e+00
2.433844892176907138e+00
2.434992960974626364e+00
2.413084842887268433e+00
2.198483165805626971e+00
2.419221769363010477e+00
2.419221769363010477e+00
2.450681360184396862e+00
2.395437874880507856e+00
2.465619594593051911e+00
2.457003203822845094e+00
2.433857161681248549e+00
2.450681360184396862e+00
2.459661447638901155e+00
2.377919395212976461e+00
2.402075322301679527e+00
2.436050887989737124e+00
2.414278559065436536e+00
2.414278559065436536e+00
2.390981776197676822e+00
2.434436557030970949e+00
2.300935669785309834e+00
2.395441121246554061e+00
2.411571549245903778e+00
2.390981776197676822e+00
2.343871377434839864e+00
2.449213335751521115e+00
2.401385944478864776e+00
2.383487304330785594e+00
2.405428545336665280e+00
2.405428545336665280e+00
1.487828601193739830e+00
1.811749332700722137e+00
1.626944604013996321e+00
1.482540895600600095e+00
2.425169249142470118e+00
1.487828601193739830e+00
2.437963634682498437e+00
2.455764981982195838e+00
2.466474970485160512e+00
1.919606712535783188e+00
2.464970667034036556e+00
2.464970667034036556e+00
2.457485613087995180e+00
2.394058762482218494e+00
2.431614537016504318e+00
2.460580899945803424e+00
2.232973921110815496e+00
2.457485613087995180e+00
2.102466747402111036e+00
1.926782001558886348e+00
1.667138029450170977e+00
2.343158497998399703e+00
1.682456774499491603e+00
1.682456774499491603e+00
2.356232488522621793e+00
2.310724611534225481e+00
2.388596482472725491e+00
2.390244826174913406e+00
2.346433840064597653e+00
2.356232488522621793e+00
2.409308106407718864e+00
2.344974181102881250e+00
2.342739533507938621e+00
2.387553963106688659e+00
2.379798165516673336e+00
2.379798165516673336e+00
2.435204099275805945e+00
2.462432102027176217e+00
2.403126841208250486e+00
2.418961307473006528e+00
2.426041075751911524e+00
2.435204099275805945e+00
2.362574212703282495e+00
2.446149270117696339e+00
2.435584262308072123e+00
2.429391434325964827e+00
2.419411279031217443e+00
2.419411279031217443e+00
2.302243022666865091e+00
2.452144345005163206e+00
2.388230885871706732e+00
2.251144155284984905e+00
2.101095900008709272e+00
2.302243022666865091e+00
2.213934157042486639e+00
2.372182271455947955e+00
2.441663386068703367e+00
2.465700488689863246e+00
2.427554969217599723e+00
2.427554969217599723e+00
2.404083927424930600e+00
2.314382272737946167e+00
2.376212377167276291e+00
2.383921679535855542e+00
2.437191358037249955e+00
2.404083927424930600e+00
2.401489454137585522e+00
2.351495832184959944e+00
2.341399172603673584e+00
2.216341370672947786e+00
2.309307417658197803e+00
2.309307417658197803e+00
2.458845580123589336e+00
2.403702741003169052e+00
2.472000751748008707e+00
2.448525931880323636e+00
2.470850063040942679e+00
2.458845580123589336e+00
2.475170381069196068e+00
2.414336055298432981e+00
2.453134097578193451e+00
2.417694350219627974e+00
2.441394965872386802e+00
2.441394965872386802e+00
2.217522951639311124e+00
2.292498958401465448e+00
2.167689726055318289e+00
2.259965088984992931e+00
2.260130725288534315e+00
2.217522951639311124e+00
2.261255230818342898e+00
2.353302371861493381e+00
2.292058945505280221e+00
2.291913325737041429e+00
2.325595218942367648e+00
2.325595218942367648e+00
2.329480320525682657e+00
2.399140125966290338e+00
2.367208267372596264e+00
2.322606700101752963e+00
2.331392781861648444e+00
2.329480320525682657e+00
2.363337235798045555e+00
2.396159111709224909e+00
2.422827097686692799e+00
2.418639361135144661e+00
2.419586629115370258e+00
2.419586629115370258e+00
2.464949467489231605e+00
2.422546405268924286e+00
2.452559892749342829e+00
2.468313666602628409e+00
2.440767849697778491e+00
2.464949467489231605e+00
2.427827352195062183e+00
2.382913570464803232e+00
2.327144373813187617e+00
2.405484430134608331e+00
2.343265005687849900e+00
2.343265005687849900e+00
2.334032068547261307e+00
2.072308988653746020e+00
2.386991354009961430e+00
2.304296379540835105e+00
2.469779133428248841e+00
2.334032068547261307e+00
2.466543043028916138e+00
2.360416561043412020e+00
2.442532003006196994e+00
2.149062046104993851e+00
2.405757117159935454e+00
2.405757117159935454e+00
2.347631455940124567e+00
2.454240233354704426e+00
2.282240713303060886e+00
2.386223457396377423e+00
2.078955735094201618e+00
2.347631455940124567e+00
1.968253876841215666e+00
2.374624713086054495e+00
2.303546971554719658e+00
2.450795537075027397e+00
2.320429818651300380e+00
2.320429818651300380e+00
2.346172262262649078e+00
2.411691312383155594e+00
2.382932706615473073e+00
2.363026193940139574e+00
2.363877569064792628e+00
2.346172262262649078e+00
2.408133472977246559e+00
2.430880859297650076e+00
2.441085742889853805e+00
2.440705151947449636e+00
2.447768711966219257e+00
2.447768711966219257e+00
1.704347852001512509e+00
1.651638938597135509e+00
1.508420562723317593e+00
1.757144594682711114e+00
2.137012159594388686e-02
1.704347852001512509e+00
1.635434424150717866e-02
2.089261064163127138e-02
1.383212078820249442e-02
1.510480932499989493e+00
1.487015169286933121e-02
1.487015169286933121e-02
2.440525611702564657e+00
2.364675002526076764e+00
2.457371016226945315e+00
2.448426443990193935e+00
2.415301408227696456e+00
2.440525611702564657e+00
2.447194091638494218e+00
2.333864636874744214e+00
2.361750355473803520e+00
2.415082506490198178e+00
2.379592315412502934e+00
2.379592315412502934e+00
2.424160149382884821e+00
2.447058149095739932e+00
2.397975392370172987e+00
2.394218755490334694e+00
2.442960622300480278e+00
2.424160149382884821e+00
2.392744217744274149e+00
2.444285154648693226e+00
2.446298484547976493e+00
2.400292507085103555e+00
2.424854184679103408e+00
2.424854184679103408e+00
2.347616136425462408e+00
2.346581732099464190e+00
2.323171775346476231e+00
2.398646791295568903e+00
2.333700305937056019e+00
2.347616136425462408e+00
2.371067518572453459e+00
2.388441134746814409e+00
2.305919457689861396e+00
2.381162962742596534e+00
2.370182473770728215e+00
2.370182473770728215e+00
2.414788137143840441e+00
2.372743720662322531e+00
2.420589393657739397e+00
2.406253144282564982e+00
2.440865900198599725e+00
2.414788137143840441e+00
2.429342569049451228e+00
2.386522292203533180e+00
2.417253620294663286e+00
2.369559429447928522e+00
2.394167146668584767e+00
2.394167146668584767e+00
2.427347566718382588e+00
2.449312707547568913e+00
2.430002501956797456e+00
2.430249143945773405e+00
2.136630577187496716e+00
2.427347566718382588e+00
2.152162625074436342e+00
2.239912008065920279e+00
2.245836257346609965e+00
2.453148045096009255e+00
2.248701122136693265e+00
2.248701122136693265e+00
2.358532759150861136e+00
2.363315184439090277e+00
2.354975447678915756e+00
2.354369550554560320e+00
2.456199858683903781e+00
2.358532759150861136e+00
2.452210583307750991e+00
2.455065525816002125e+00
2.456631777044476994e+00
2.355746610133278462e+00
2.453888734973527441e+00
2.453888734973527441e+00
2.311806399764916531e+00
2.372538502860451093e+00
2.314480324218857632e+00
2.287297349456069107e+00
8.332177552686442779e-01
2.311806399764916531e+00
8.288478222907270654e-01
1.063181054151257188e+00
1.086888705615614237e+00
2.357521135234245779e+00
1.072571639220179840e+00
1.072571639220179840e+00
2.449882214779147027e+00
2.447836549255246741e+00
2.449926829573363385e+00
2.465838198251793401e+00
2.448822380557805989e+00
2.449882214779147027e+00
2.465135269462065626e+00
2.463670443756468487e+00
2.446781753991159380e+00
2.464466205371298457e+00
2.463702967319167048e+00
2.463702967319167048e+00
7.287852631356203092e-01
8.314402858197316171e-01
7.367822454397633392e-01
7.176986151669487723e-01
2.455047590175187366e+00
7.287852631356203092e-01
2.450288642115155291e+00
2.458179802541190728e+00
2.463328028563522398e+00
8.280465229745789246e-01
2.458810357113293321e+00
2.458810357113293321e+00
2.410559777026163975e+00
2.344636603099585770e+00
2.410150982209267490e+00
2.388815932092402505e+00
2.386670413188736184e+00
2.410559777026163975e+00
2.358736899856463065e+00
2.259474683598343692e+00
2.303704269318990416e+00
2.307293654610454325e+00
2.258434009407981335e+00
2.258434009407981335e+00
2.426980758890286971e+00
2.395539718116594496e+00
2.431369121249747689e+00
2.401371814393077564e+00
1.755476326155259281e+00
2.426980758890286971e+00
1.747699222057379487e+00
1.501561235901717417e+00
1.585786869184139691e+00
2.367802324140631409e+00
1.539738890189475962e+00
1.539738890189475962e+00
2.441362034997553998e+00
2.432208290543687923e+00
2.444318644782342620e+00
2.450889503374266809e+00
2.462955163914468670e+00
2.441362034997553998e+00
2.470598981041555398e+00
2.464120538428266283e+00
2.459288169484054709e+00
2.446054313043025896e+00
2.465945201869246706e+00
2.465945201869246706e+00
2.413496130748570945e+00
2.406409530476017800e+00
2.425340377395501346e+00
2.413887577175438004e+00
2.412992017103620768e+00
2.413496130748570945e+00
2.425244557237984377e+00
2.406290352719012038e+00
2.418722867268792154e+00
2.419561406923467217e+00
2.419091444656383594e+00
2.419091444656383594e+00
1.715730557502926468e+00
2.062756490794549702e+00
1.768026911230304643e+00
1.691406262669777005e+00
2.270675789932857125e+00
1.715730557502926468e+00
2.269803986420122932e+00
2.376602997358070457e+00
2.398179681073650649e+00
2.081610777498733800e+00
2.387605422567447899e+00
2.387605422567447899e+00
1.961197220933001972e+00
1.853406217604728567e+00
1.905160395450303357e+00
1.985341586771004918e+00
2.323205359815783133e+00
1.961197220933001972e+00
2.333078822283933818e+00
2.314937171916584546e+00
2.252430880805890823e+00
1.818982161859713953e+00
2.291634731298670680e+00
2.291634731298670680e+00
2.459905517693632859e+00
2.474733577418195551e+00
2.449640075976649456e+00
2.435261006697580388e+00
2.436484277318142766e+00
2.459905517693632859e+00
2.387279914681197823e+00
2.442719850458761943e+00
2.449548359171605405e+00
2.448571540797731760e+00
2.428182067782905129e+00
2.428182067782905129e+00
2.395918820369685953e+00
2.373130008714110062e+00
2.382936214542132003e+00
2.414668882954428053e+00
2.375119621167463446e+00
2.395918820369685953e+00
2.377539162632402725e+00
2.367306339297168716e+00
2.329534557073654533e+00
2.382808153604592416e+00
2.350973677473544132e+00
2.350973677473544132e+00
2.451570449175922040e+00
2.448729509249017777e+00
2.449570200537614983e+00
2.459308631599756989e+00
2.447871599004155296e+00
2.451570449175922040e+00
2.454266070502589603e+00
2.453502175873460089e+00
2.442545077066338610e+00
2.455129333020818372e+00
2.451579370188297080e+00
2.451579370188297080e+00
