3.903320229729990043e+00
3.001915048256964980e+00
3.903320229729990043e+00
3.903320229729990043e+00
3.903320229729990043e+00
3.903320229729990043e+00
3.903320229729990043e+00
3.001915048256964980e+00
3.001915048256964980e+00
3.001915048256964980e+00
3.001915048256964980e+00
3.001915048256964980e+00
1.772708003966251722e+00
4.472639054332944397e+00
1.772708003966251722e+00
1.772708003966251722e+00
1.772708003966251722e+00
1.772708003966251722e+00
1.772708003966251722e+00
4.472639054332944397e+00
4.472639054332944397e+00
4.472639054332944397e+00
4.472639054332944397e+00
4.472639054332944397e+00
2.316682614168018350e+00
3.906350340399548760e+00
2.316682614168018350e+00
2.316682614168018350e+00
2.316682614168018350e+00
2.316682614168018350e+00
2.316682614168018350e+00
3.906350340399548760e+00
3.906350340399548760e+00
3.906350340399548760e+00
3.906350340399548760e+00
3.906350340399548760e+00
4.473247015273847715e+00
1.400275600185812541e+00
4.473247015273847715e+00
4.473247015273847715e+00
4.473247015273847715e+00
4.473247015273847715e+00
4.473247015273847715e+00
1.400275600185812541e+00
1.400275600185812541e+00
1.400275600185812541e+00
1.400275600185812541e+00
1.400275600185812541e+00
5.826486293028312780e+00
2.360954036171205583e+00
5.826486293028312780e+00
5.826486293028312780e+00
5.826486293028312780e+00
5.826486293028312780e+00
5.826486293028312780e+00
2.360954036171205583e+00
2.360954036171205583e+00
2.360954036171205583e+00
2.360954036171205583e+00
2.360954036171205583e+00
3.165905608773897484e+00
5.180241704892575960e+00
3.165905608773897484e+00
3.165905608773897484e+00
3.165905608773897484e+00
3.165905608773897484e+00
3.165905608773897484e+00
5.180241704892575960e+00
5.180241704892575960e+00
5.180241704892575960e+00
5.180241704892575960e+00
5.180241704892575960e+00
1.615706433210067017e+00
3.325612717154337261e+00
1.615706433210067017e+00
1.615706433210067017e+00
1.615706433210067017e+00
1.615706433210067017e+00
1.615706433210067017e+00
3.325612717154337261e+00
3.325612717154337261e+00
3.325612717154337261e+00
3.325612717154337261e+00
3.325612717154337261e+00
3.578297432046225524e+00
1.836640554246537826e+00
3.578297432046225524e+00
3.578297432046225524e+00
3.578297432046225524e+00
3.578297432046225524e+00
3.578297432046225524e+00
1.836640554246537826e+00
1.836640554246537826e+00
1.836640554246537826e+00
1.836640554246537826e+00
1.836640554246537826e+00
3.290360004658186455e+00
1.480377023189085817e+00
3.290360004658186455e+00
3.290360004658186455e+00
3.290360004658186455e+00
3.290360004658186455e+00
3.290360004658186455e+00
1.480377023189085817e+00
1.480377023189085817e+00
1.480377023189085817e+00
1.480377023189085817e+00
1.480377023189085817e+00
1.315730604939334913e+00
4.104558241712077837e+00
1.315730604939334913e+00
1.315730604939334913e+00
1.315730604939334913e+00
1.315730604939334913e+00
1.315730604939334913e+00
4.104558241712077837e+00
4.104558241712077837e+00
4.104558241712077837e+00
4.104558241712077837e+00
4.104558241712077837e+00
2.955672788405090845e+00
4.755712638655357871e+00
2.955672788405090845e+00
2.955672788405090845e+00
2.955672788405090845e+00
2.955672788405090845e+00
2.955672788405090845e+00
4.755712638655357871e+00
4.755712638655357871e+00
4.755712638655357871e+00
4.755712638655357871e+00
4.755712638655357871e+00
5.109835282567565251e+00
3.060726570880747399e+00
5.109835282567565251e+00
5.109835282567565251e+00
5.109835282567565251e+00
5.109835282567565251e+00
5.109835282567565251e+00
3.060726570880747399e+00
3.060726570880747399e+00
3.060726570880747399e+00
3.060726570880747399e+00
3.060726570880747399e+00
4.892250431780557740e+00
2.166127708004977226e+00
4.892250431780557740e+00
4.892250431780557740e+00
4.892250431780557740e+00
4.892250431780557740e+00
4.892250431780557740e+00
2.166127708004977226e+00
2.166127708004977226e+00
2.166127708004977226e+00
2.166127708004977226e+00
2.166127708004977226e+00
2.529445539721419056e+00
3.768961103564856696e+00
2.529445539721419056e+00
2.529445539721419056e+00
2.529445539721419056e+00
2.529445539721419056e+00
2.529445539721419056e+00
3.768961103564856696e+00
3.768961103564856696e+00
3.768961103564856696e+00
3.768961103564856696e+00
3.768961103564856696e+00
2.019902234664320062e+00
7.393367420125066758e+00
2.019902234664320062e+00
2.019902234664320062e+00
2.019902234664320062e+00
2.019902234664320062e+00
2.019902234664320062e+00
7.393367420125066758e+00
7.393367420125066758e+00
7.393367420125066758e+00
7.393367420125066758e+00
7.393367420125066758e+00
4.208144414058583749e+00
2.671929132263252793e+00
4.208144414058583749e+00
4.208144414058583749e+00
4.208144414058583749e+00
4.208144414058583749e+00
4.208144414058583749e+00
2.671929132263252793e+00
2.671929132263252793e+00
2.671929132263252793e+00
2.671929132263252793e+00
2.671929132263252793e+00
4.099974622956318981e+00
3.532030068086529084e+00
4.099974622956318981e+00
4.099974622956318981e+00
4.099974622956318981e+00
4.099974622956318981e+00
4.099974622956318981e+00
3.532030068086529084e+00
3.532030068086529084e+00
3.532030068086529084e+00
3.532030068086529084e+00
3.532030068086529084e+00
2.251703922613533582e+00
2.118953632663476583e+00
2.251703922613533582e+00
2.251703922613533582e+00
2.251703922613533582e+00
2.251703922613533582e+00
2.251703922613533582e+00
2.118953632663476583e+00
2.118953632663476583e+00
2.118953632663476583e+00
2.118953632663476583e+00
2.118953632663476583e+00
2.744052054149970221e+00
2.627562183886448910e+00
2.744052054149970221e+00
2.744052054149970221e+00
2.744052054149970221e+00
2.744052054149970221e+00
2.744052054149970221e+00
2.627562183886448910e+00
2.627562183886448910e+00
2.627562183886448910e+00
2.627562183886448910e+00
2.627562183886448910e+00
4.741843899330838497e+00
5.711378721420348192e+00
4.741843899330838497e+00
4.741843899330838497e+00
4.741843899330838497e+00
4.741843899330838497e+00
4.741843899330838497e+00
5.711378721420348192e+00
5.711378721420348192e+00
5.711378721420348192e+00
5.711378721420348192e+00
5.711378721420348192e+00
5.658863947176267395e+00
4.223607841814986052e+00
5.658863947176267395e+00
5.658863947176267395e+00
5.658863947176267395e+00
5.658863947176267395e+00
5.658863947176267395e+00
4.223607841814986052e+00
4.223607841814986052e+00
4.223607841814986052e+00
4.223607841814986052e+00
4.223607841814986052e+00
2.858491800018791995e+00
1.693769204364284020e+00
2.858491800018791995e+00
2.858491800018791995e+00
2.858491800018791995e+00
2.858491800018791995e+00
2.858491800018791995e+00
1.693769204364284020e+00
1.693769204364284020e+00
1.693769204364284020e+00
1.693769204364284020e+00
1.693769204364284020e+00
1.162507805675616401e+00
3.233047219050572352e+00
1.162507805675616401e+00
1.162507805675616401e+00
1.162507805675616401e+00
1.162507805675616401e+00
1.162507805675616401e+00
3.233047219050572352e+00
3.233047219050572352e+00
3.233047219050572352e+00
3.233047219050572352e+00
3.233047219050572352e+00
3.504633246121622303e+00
4.940215473621570652e+00
3.504633246121622303e+00
3.504633246121622303e+00
3.504633246121622303e+00
3.504633246121622303e+00
3.504633246121622303e+00
4.940215473621570652e+00
4.940215473621570652e+00
4.940215473621570652e+00
4.940215473621570652e+00
4.940215473621570652e+00
3.731277311963793419e+00
5.512315193693165583e+00
3.731277311963793419e+00
3.731277311963793419e+00
3.731277311963793419e+00
3.731277311963793419e+00
3.731277311963793419e+00
5.512315193693165583e+00
5.512315193693165583e+00
5.512315193693165583e+00
5.512315193693165583e+00
5.512315193693165583e+00
1.582640676059740015e+00
2.442457542323233977e+00
1.582640676059740015e+00
1.582640676059740015e+00
1.582640676059740015e+00
1.582640676059740015e+00
1.582640676059740015e+00
2.442457542323233977e+00
2.442457542323233977e+00
2.442457542323233977e+00
2.442457542323233977e+00
2.442457542323233977e+00
3.130860532698778176e+00
1.923655495686284800e+00
3.130860532698778176e+00
3.130860532698778176e+00
3.130860532698778176e+00
3.130860532698778176e+00
3.130860532698778176e+00
1.923655495686284800e+00
1.923655495686284800e+00
1.923655495686284800e+00
1.923655495686284800e+00
1.923655495686284800e+00
6.643565119698020105e+00
3.464500167028926381e+00
6.643565119698020105e+00
6.643565119698020105e+00
6.643565119698020105e+00
6.643565119698020105e+00
6.643565119698020105e+00
3.464500167028926381e+00
3.464500167028926381e+00
3.464500167028926381e+00
3.464500167028926381e+00
3.464500167028926381e+00
4.437014372586109090e+00
4.449783425430405615e+00
4.437014372586109090e+00
4.437014372586109090e+00
4.437014372586109090e+00
4.437014372586109090e+00
4.437014372586109090e+00
4.449783425430405615e+00
4.449783425430405615e+00
4.449783425430405615e+00
4.449783425430405615e+00
4.449783425430405615e+00
2.470733662341711767e+00
2.801498379760735791e+00
2.470733662341711767e+00
2.470733662341711767e+00
2.470733662341711767e+00
2.470733662341711767e+00
2.470733662341711767e+00
2.801498379760735791e+00
2.801498379760735791e+00
2.801498379760735791e+00
2.801498379760735791e+00
2.801498379760735791e+00
1.948967587795073841e+00
1.038400402730923267e+00
1.948967587795073841e+00
1.948967587795073841e+00
1.948967587795073841e+00
1.948967587795073841e+00
1.948967587795073841e+00
1.038400402730923267e+00
1.038400402730923267e+00
1.038400402730923267e+00
1.038400402730923267e+00
1.038400402730923267e+00
3.867584547993746735e+00
3.888050578429155024e+00
3.867584547993746735e+00
3.867584547993746735e+00
3.867584547993746735e+00
3.867584547993746735e+00
3.867584547993746735e+00
3.888050578429155024e+00
3.888050578429155024e+00
3.888050578429155024e+00
3.888050578429155024e+00
3.888050578429155024e+00
3.815731837235508461e+00
3.398955438702684351e+00
3.815731837235508461e+00
3.815731837235508461e+00
3.815731837235508461e+00
3.815731837235508461e+00
3.815731837235508461e+00
3.398955438702684351e+00
3.398955438702684351e+00
3.398955438702684351e+00
3.398955438702684351e+00
3.398955438702684351e+00
1.887008815332513301e+00
1.979086130091346041e+00
1.887008815332513301e+00
1.887008815332513301e+00
1.887008815332513301e+00
1.887008815332513301e+00
1.887008815332513301e+00
1.979086130091346041e+00
1.979086130091346041e+00
1.979086130091346041e+00
1.979086130091346041e+00
1.979086130091346041e+00
2.402205410030013422e+00
2.494643931883309129e+00
2.402205410030013422e+00
2.402205410030013422e+00
2.402205410030013422e+00
2.402205410030013422e+00
2.402205410030013422e+00
2.494643931883309129e+00
2.494643931883309129e+00
2.494643931883309129e+00
2.494643931883309129e+00
2.494643931883309129e+00
4.342570427584357518e+00
5.345223333627205697e+00
4.342570427584357518e+00
4.342570427584357518e+00
4.342570427584357518e+00
4.342570427584357518e+00
4.342570427584357518e+00
5.345223333627205697e+00
5.345223333627205697e+00
5.345223333627205697e+00
5.345223333627205697e+00
5.345223333627205697e+00
6.260479556487234198e+00
3.822079803032265133e+00
6.260479556487234198e+00
6.260479556487234198e+00
6.260479556487234198e+00
6.260479556487234198e+00
6.260479556487234198e+00
3.822079803032265133e+00
3.822079803032265133e+00
3.822079803032265133e+00
3.822079803032265133e+00
3.822079803032265133e+00
3.078959476801418571e+00
1.160611843805011700e+00
3.078959476801418571e+00
3.078959476801418571e+00
3.078959476801418571e+00
3.078959476801418571e+00
3.078959476801418571e+00
1.160611843805011700e+00
1.160611843805011700e+00
1.160611843805011700e+00
1.160611843805011700e+00
1.160611843805011700e+00
1.491239934031990844e+00
2.852906956617410117e+00
1.491239934031990844e+00
1.491239934031990844e+00
1.491239934031990844e+00
1.491239934031990844e+00
1.491239934031990844e+00
2.852906956617410117e+00
2.852906956617410117e+00
2.852906956617410117e+00
2.852906956617410117e+00
2.852906956617410117e+00
3.664015137131014566e+00
4.365103924275318903e+00
3.664015137131014566e+00
3.664015137131014566e+00
3.664015137131014566e+00
3.664015137131014566e+00
3.664015137131014566e+00
4.365103924275318903e+00
4.365103924275318903e+00
4.365103924275318903e+00
4.365103924275318903e+00
4.365103924275318903e+00
3.452390927743094196e+00
5.880735972595549477e+00
3.452390927743094196e+00
3.452390927743094196e+00
3.452390927743094196e+00
3.452390927743094196e+00
3.452390927743094196e+00
5.880735972595549477e+00
5.880735972595549477e+00
5.880735972595549477e+00
5.880735972595549477e+00
5.880735972595549477e+00
1.022094890446766824e+00
2.559952495333691402e+00
1.022094890446766824e+00
1.022094890446766824e+00
1.022094890446766824e+00
1.022094890446766824e+00
1.022094890446766824e+00
2.559952495333691402e+00
2.559952495333691402e+00
2.559952495333691402e+00
2.559952495333691402e+00
2.559952495333691402e+00
2.791912437606648201e+00
2.048387428618151151e+00
2.791912437606648201e+00
2.791912437606648201e+00
2.791912437606648201e+00
2.791912437606648201e+00
2.791912437606648201e+00
2.048387428618151151e+00
2.048387428618151151e+00
2.048387428618151151e+00
2.048387428618151151e+00
2.048387428618151151e+00
5.453832759611880299e+00
3.581980334329484261e+00
5.453832759611880299e+00
5.453832759611880299e+00
5.453832759611880299e+00
5.453832759611880299e+00
5.453832759611880299e+00
3.581980334329484261e+00
3.581980334329484261e+00
3.581980334329484261e+00
3.581980334329484261e+00
3.581980334329484261e+00
4.653284897187753621e+00
5.033967302153433465e+00
4.653284897187753621e+00
4.653284897187753621e+00
4.653284897187753621e+00
4.653284897187753621e+00
4.653284897187753621e+00
5.033967302153433465e+00
5.033967302153433465e+00
5.033967302153433465e+00
5.033967302153433465e+00
5.033967302153433465e+00
2.692969990828661953e+00
3.166203186378191869e+00
2.692969990828661953e+00
2.692969990828661953e+00
2.692969990828661953e+00
2.692969990828661953e+00
2.692969990828661953e+00
3.166203186378191869e+00
3.166203186378191869e+00
3.166203186378191869e+00
3.166203186378191869e+00
3.166203186378191869e+00
2.175917312850165430e+00
1.614036350208663650e+00
2.175917312850165430e+00
2.175917312850165430e+00
2.175917312850165430e+00
2.175917312850165430e+00
2.175917312850165430e+00
1.614036350208663650e+00
1.614036350208663650e+00
1.614036350208663650e+00
1.614036350208663650e+00
1.614036350208663650e+00
4.028915297729608547e+00
4.282103339011075427e+00
4.028915297729608547e+00
4.028915297729608547e+00
4.028915297729608547e+00
4.028915297729608547e+00
4.028915297729608547e+00
4.282103339011075427e+00
4.282103339011075427e+00
4.282103339011075427e+00
4.282103339011075427e+00
4.282103339011075427e+00
4.265682529846363202e+00
3.118147150504894771e+00
4.265682529846363202e+00
4.265682529846363202e+00
4.265682529846363202e+00
4.265682529846363202e+00
4.265682529846363202e+00
3.118147150504894771e+00
3.118147150504894771e+00
3.118147150504894771e+00
3.118147150504894771e+00
3.118147150504894771e+00
2.082214226546596159e+00
4.639306600738438924e+00
2.082214226546596159e+00
2.082214226546596159e+00
2.082214226546596159e+00
2.082214226546596159e+00
2.082214226546596159e+00
4.639306600738438924e+00
4.639306600738438924e+00
4.639306600738438924e+00
4.639306600738438924e+00
4.639306600738438924e+00
2.595585276615445913e+00
4.025676173609176622e+00
2.595585276615445913e+00
2.595585276615445913e+00
2.595585276615445913e+00
2.595585276615445913e+00
2.595585276615445913e+00
4.025676173609176622e+00
4.025676173609176622e+00
4.025676173609176622e+00
4.025676173609176622e+00
4.025676173609176622e+00
5.031843440181744675e+00
1.553673510401890168e+00
5.031843440181744675e+00
5.031843440181744675e+00
5.031843440181744675e+00
5.031843440181744675e+00
5.031843440181744675e+00
1.553673510401890168e+00
1.553673510401890168e+00
1.553673510401890168e+00
1.553673510401890168e+00
1.553673510401890168e+00
5.237625164102476916e+00
2.729206599830102054e+00
5.237625164102476916e+00
5.237625164102476916e+00
5.237625164102476916e+00
5.237625164102476916e+00
5.237625164102476916e+00
2.729206599830102054e+00
2.729206599830102054e+00
2.729206599830102054e+00
2.729206599830102054e+00
2.729206599830102054e+00
3.005538757268650940e+00
6.402256627949022061e+00
3.005538757268650940e+00
3.005538757268650940e+00
3.005538757268650940e+00
3.005538757268650940e+00
3.005538757268650940e+00
6.402256627949022061e+00
6.402256627949022061e+00
6.402256627949022061e+00
6.402256627949022061e+00
6.402256627949022061e+00
1.423180347160166725e+00
3.693288888187009178e+00
1.423180347160166725e+00
1.423180347160166725e+00
1.423180347160166725e+00
1.423180347160166725e+00
1.423180347160166725e+00
3.693288888187009178e+00
3.693288888187009178e+00
3.693288888187009178e+00
3.693288888187009178e+00
3.693288888187009178e+00
3.354995004972119776e+00
2.225649952668448783e+00
3.354995004972119776e+00
3.354995004972119776e+00
3.354995004972119776e+00
3.354995004972119776e+00
3.354995004972119776e+00
2.225649952668448783e+00
2.225649952668448783e+00
2.225649952668448783e+00
2.225649952668448783e+00
2.225649952668448783e+00
3.628861077655375578e+00
1.292536806519609671e+00
3.628861077655375578e+00
3.628861077655375578e+00
3.628861077655375578e+00
3.628861077655375578e+00
3.628861077655375578e+00
1.292536806519609671e+00
1.292536806519609671e+00
1.292536806519609671e+00
1.292536806519609671e+00
1.292536806519609671e+00
1.686846449486309574e+00
3.966956995799888031e+00
1.686846449486309574e+00
1.686846449486309574e+00
1.686846449486309574e+00
1.686846449486309574e+00
1.686846449486309574e+00
3.966956995799888031e+00
3.966956995799888031e+00
3.966956995799888031e+00
3.966956995799888031e+00
3.966956995799888031e+00
3.230564858110618776e+00
4.554874139039158720e+00
3.230564858110618776e+00
3.230564858110618776e+00
3.230564858110618776e+00
3.230564858110618776e+00
3.230564858110618776e+00
4.554874139039158720e+00
4.554874139039158720e+00
4.554874139039158720e+00
4.554874139039158720e+00
4.554874139039158720e+00
6.124763008012176435e+00
2.929084511169752769e+00
6.124763008012176435e+00
6.124763008012176435e+00
6.124763008012176435e+00
6.124763008012176435e+00
6.124763008012176435e+00
2.929084511169752769e+00
2.929084511169752769e+00
2.929084511169752769e+00
2.929084511169752769e+00
2.929084511169752769e+00
4.554824039837300553e+00
1.754406786138191121e+00
4.554824039837300553e+00
4.554824039837300553e+00
4.554824039837300553e+00
4.554824039837300553e+00
4.554824039837300553e+00
1.754406786138191121e+00
1.754406786138191121e+00
1.754406786138191121e+00
1.754406786138191121e+00
1.754406786138191121e+00
2.366682183316344723e+00
3.384827557295162936e+00
2.366682183316344723e+00
2.366682183316344723e+00
2.366682183316344723e+00
2.366682183316344723e+00
2.366682183316344723e+00
3.384827557295162936e+00
3.384827557295162936e+00
3.384827557295162936e+00
3.384827557295162936e+00
3.384827557295162936e+00
1.856962881243556573e+00
5.313879138788989209e+00
1.856962881243556573e+00
1.856962881243556573e+00
1.856962881243556573e+00
1.856962881243556573e+00
1.856962881243556573e+00
5.313879138788989209e+00
5.313879138788989209e+00
5.313879138788989209e+00
5.313879138788989209e+00
5.313879138788989209e+00
3.970103864173309294e+00
2.286470972593441342e+00
3.970103864173309294e+00
3.970103864173309294e+00
3.970103864173309294e+00
3.970103864173309294e+00
3.970103864173309294e+00
2.286470972593441342e+00
2.286470972593441342e+00
2.286470972593441342e+00
2.286470972593441342e+00
2.286470972593441342e+00
