5.614808314512962500e-02
5.614808314512962500e-02
5.614808314512962500e-02
4.189589728423569887e-02
4.376385386795034194e-02
5.614808314512962500e-02
3.256769122625539914e-02
3.256769122625539914e-02
4.376385386795034194e-02
4.189589728423569887e-02
3.256769122625539914e-02
3.256769122625539914e-02
5.681222404813846168e-03
5.681222404813846168e-03
5.681222404813846168e-03
6.952126713221727650e-03
2.597138710240607350e-03
5.681222404813846168e-03
3.191322942824415237e-03
3.191322942824415237e-03
2.597138710240607350e-03
6.952126713221727650e-03
3.191322942824415237e-03
3.191322942824415237e-03
2.336715709713093128e-02
2.336715709713093128e-02
2.336715709713093128e-02
2.776287564897714222e-02
1.576210614739194729e-02
2.336715709713093128e-02
1.881062267032585986e-02
1.881062267032585986e-02
1.576210614739194729e-02
2.776287564897714222e-02
1.881062267032585986e-02
1.881062267032585986e-02
1.773898874551342738e-04
1.773898874551342738e-04
1.773898874551342738e-04
2.226055327187473028e-04
5.381483379566256997e-02
1.773898874551342738e-04
5.849807575848833124e-02
5.849807575848833124e-02
5.381483379566256997e-02
2.226055327187473028e-04
5.849807575848833124e-02
5.849807575848833124e-02
1.992200590392252408e-03
1.992200590392252408e-03
1.992200590392252408e-03
2.433541116266769652e-03
7.496504170620989747e-03
1.992200590392252408e-03
9.083370052054104415e-03
9.083370052054104415e-03
7.496504170620989747e-03
2.433541116266769652e-03
9.083370052054104415e-03
9.083370052054104415e-03
4.197770286000770956e-02
4.197770286000770956e-02
4.197770286000770956e-02
3.177616736518055346e-02
6.271351422539341025e-02
4.197770286000770956e-02
4.840675022206119421e-02
4.840675022206119421e-02
6.271351422539341025e-02
3.177616736518055346e-02
4.840675022206119421e-02
4.840675022206119421e-02
1.111665650115917746e-02
1.111665650115917746e-02
1.111665650115917746e-02
1.043411934242574439e-02
2.156661386132476335e-02
1.111665650115917746e-02
2.024215843701351880e-02
2.024215843701351880e-02
2.156661386132476335e-02
1.043411934242574439e-02
2.024215843701351880e-02
2.024215843701351880e-02
6.080846320735313476e-02
6.080846320735313476e-02
6.080846320735313476e-02
5.985108751139402855e-02
5.420091863043802151e-04
6.080846320735313476e-02
5.116887940849564791e-04
5.116887940849564791e-04
5.420091863043802151e-04
5.985108751139402855e-02
5.116887940849564791e-04
5.116887940849564791e-04
2.321199376622254743e-02
2.321199376622254743e-02
2.321199376622254743e-02
3.207663366681059308e-02
4.048779782104637744e-03
2.321199376622254743e-02
5.688420535610870347e-03
5.688420535610870347e-03
4.048779782104637744e-03
3.207663366681059308e-02
5.688420535610870347e-03
5.688420535610870347e-03
9.360960216448456148e-04
9.360960216448456148e-04
9.360960216448456148e-04
7.687279678707092251e-04
4.787878322308325441e-02
9.360960216448456148e-04
4.004361186028278230e-02
4.004361186028278230e-02
4.787878322308325441e-02
7.687279678707092251e-04
4.004361186028278230e-02
4.004361186028278230e-02
5.334817434503028033e-02
5.334817434503028033e-02
5.334817434503028033e-02
4.345736592805596321e-02
1.880114396850418937e-02
5.334817434503028033e-02
1.534715143424183852e-02
1.534715143424183852e-02
1.880114396850418937e-02
4.345736592805596321e-02
1.534715143424183852e-02
1.534715143424183852e-02
1.121692446533962412e-02
1.121692446533962412e-02
1.121692446533962412e-02
9.451744363196219398e-03
9.097368045442480553e-05
1.121692446533962412e-02
7.524863702690358011e-05
7.524863702690358011e-05
9.097368045442480553e-05
9.451744363196219398e-03
7.524863702690358011e-05
7.524863702690358011e-05
3.847977688249813299e-03
3.847977688249813299e-03
3.847977688249813299e-03
3.153179776062118526e-03
3.145305036757881090e-02
3.847977688249813299e-03
2.597300112830030691e-02
2.597300112830030691e-02
3.145305036757881090e-02
3.153179776062118526e-03
2.597300112830030691e-02
2.597300112830030691e-02
3.152602213233721140e-02
3.152602213233721140e-02
3.152602213233721140e-02
4.435647083195610324e-02
1.048095850293331160e-03
3.152602213233721140e-02
1.503262078155550826e-03
1.503262078155550826e-03
1.048095850293331160e-03
4.435647083195610324e-02
1.503262078155550826e-03
1.503262078155550826e-03
1.038282777344401106e-05
1.038282777344401106e-05
1.038282777344401106e-05
1.116687296247479811e-05
1.261976605128488881e-02
1.038282777344401106e-05
1.344264823904963053e-02
1.344264823904963053e-02
1.261976605128488881e-02
1.116687296247479811e-05
1.344264823904963053e-02
1.344264823904963053e-02
1.541226151949568433e-02
1.541226151949568433e-02
1.541226151949568433e-02
1.662271201229171061e-02
5.350760370074896660e-02
1.541226151949568433e-02
5.728856197216226215e-02
5.728856197216226215e-02
5.350760370074896660e-02
1.662271201229171061e-02
5.728856197216226215e-02
5.728856197216226215e-02
1.649030432496530543e-02
1.649030432496530543e-02
1.649030432496530543e-02
1.856699490299848140e-02
4.466789751918681661e-02
1.649030432496530543e-02
4.985999801027794082e-02
4.985999801027794082e-02
4.466789751918681661e-02
1.856699490299848140e-02
4.985999801027794082e-02
4.985999801027794082e-02
5.533406096567422550e-02
5.533406096567422550e-02
5.533406096567422550e-02
5.818938153237868116e-02
3.182011384110339670e-03
5.533406096567422550e-02
3.691537596261000153e-03
3.691537596261000153e-03
3.182011384110339670e-03
5.818938153237868116e-02
3.691537596261000153e-03
3.691537596261000153e-03
3.518705029079494031e-03
3.518705029079494031e-03
3.518705029079494031e-03
2.397379570059279992e-03
1.125578241149318548e-05
3.518705029079494031e-03
7.499134681868702417e-06
7.499134681868702417e-06
1.125578241149318548e-05
2.397379570059279992e-03
7.499134681868702417e-06
7.499134681868702417e-06
3.630755815926315494e-02
3.630755815926315494e-02
3.630755815926315494e-02
4.120655088714183373e-02
1.675866333765896332e-02
3.630755815926315494e-02
1.910215175167896337e-02
1.910215175167896337e-02
1.675866333765896332e-02
4.120655088714183373e-02
1.910215175167896337e-02
1.910215175167896337e-02
1.968066102994672079e-02
1.968066102994672079e-02
1.968066102994672079e-02
1.986740958815716093e-02
6.693190854486327952e-04
1.968066102994672079e-02
6.756993029810037668e-04
6.756993029810037668e-04
6.693190854486327952e-04
1.986740958815716093e-02
6.756993029810037668e-04
6.756993029810037668e-04
4.989678058135520698e-04
4.989678058135520698e-04
4.989678058135520698e-04
5.031894391553900277e-04
2.880915965448314908e-02
4.989678058135520698e-04
2.902723831954495681e-02
2.902723831954495681e-02
2.880915965448314908e-02
5.031894391553900277e-04
2.902723831954495681e-02
2.902723831954495681e-02
4.720898306448415016e-02
4.720898306448415016e-02
4.720898306448415016e-02
6.014319351900764693e-02
5.077292966037794814e-02
4.720898306448415016e-02
6.204924797054080926e-02
6.204924797054080926e-02
5.077292966037794814e-02
6.014319351900764693e-02
6.204924797054080926e-02
6.204924797054080926e-02
8.889091298487174220e-03
8.889091298487174220e-03
8.889091298487174220e-03
6.949944344570891351e-03
1.075120338004643440e-02
8.889091298487174220e-03
8.419246895002079414e-03
8.419246895002079414e-03
1.075120338004643440e-02
6.949944344570891351e-03
8.419246895002079414e-03
8.419246895002079414e-03
6.831611337765658887e-05
6.831611337765658887e-05
6.831611337765658887e-05
5.951198893101562965e-05
1.892273605475317975e-03
6.831611337765658887e-05
1.654053251237182698e-03
1.654053251237182698e-03
1.892273605475317975e-03
5.951198893101562965e-05
1.654053251237182698e-03
1.654053251237182698e-03
2.349664463125279712e-02
2.349664463125279712e-02
2.349664463125279712e-02
2.113770152510653644e-02
4.044376022177761931e-02
2.349664463125279712e-02
3.652496053308303126e-02
3.652496053308303126e-02
4.044376022177761931e-02
2.113770152510653644e-02
3.652496053308303126e-02
3.652496053308303126e-02
3.975071302416247586e-03
3.975071302416247586e-03
3.975071302416247586e-03
5.944371484633074500e-03
5.223053390746051905e-02
3.975071302416247586e-03
6.217059139508630122e-02
6.217059139508630122e-02
5.223053390746051905e-02
5.944371484633074500e-03
6.217059139508630122e-02
6.217059139508630122e-02
4.720268105183130641e-02
4.720268105183130641e-02
4.720268105183130641e-02
4.209277748257239660e-02
1.377218636988510221e-02
4.720268105183130641e-02
1.221927438736151138e-02
1.221927438736151138e-02
1.377218636988510221e-02
4.209277748257239660e-02
1.221927438736151138e-02
1.221927438736151138e-02
6.312752976994540077e-02
6.312752976994540077e-02
6.312752976994540077e-02
6.323289454415305377e-02
5.960736212064158407e-02
6.312752976994540077e-02
5.994477339456372178e-02
5.994477339456372178e-02
5.960736212064158407e-02
6.323289454415305377e-02
5.994477339456372178e-02
5.994477339456372178e-02
1.099983108594106314e-02
1.099983108594106314e-02
1.099983108594106314e-02
1.108837742849660447e-02
6.178319153019039972e-03
1.099983108594106314e-02
6.228926869794426668e-03
6.228926869794426668e-03
6.178319153019039972e-03
1.108837742849660447e-02
6.228926869794426668e-03
6.228926869794426668e-03
3.481654683350269425e-02
3.481654683350269425e-02
3.481654683350269425e-02
2.738822087299691913e-02
2.567649846920226739e-04
3.481654683350269425e-02
1.965265068579759549e-04
1.965265068579759549e-04
2.567649846920226739e-04
2.738822087299691913e-02
1.965265068579759549e-04
1.965265068579759549e-04
1.193660622297305083e-03
1.193660622297305083e-03
1.193660622297305083e-03
1.576708623765149140e-03
1.954428470187325600e-02
1.193660622297305083e-03
2.530841505974291972e-02
2.530841505974291972e-02
1.954428470187325600e-02
1.576708623765149140e-03
2.530841505974291972e-02
2.530841505974291972e-02
6.600271188021564900e-03
6.600271188021564900e-03
6.600271188021564900e-03
7.332347657897735765e-03
3.151788358868184287e-03
6.600271188021564900e-03
3.508636022378108787e-03
3.508636022378108787e-03
3.151788358868184287e-03
7.332347657897735765e-03
3.508636022378108787e-03
3.508636022378108787e-03
6.013944769274694874e-02
6.013944769274694874e-02
6.013944769274694874e-02
4.085435602100611491e-02
4.719338833875794115e-02
6.013944769274694874e-02
3.196581030633888210e-02
3.196581030633888210e-02
4.719338833875794115e-02
4.085435602100611491e-02
3.196581030633888210e-02
3.196581030633888210e-02
2.809534782911544764e-04
2.809534782911544764e-04
2.809534782911544764e-04
3.161878162631670303e-04
1.352110579097783039e-02
2.809534782911544764e-04
1.513447913681874833e-02
1.513447913681874833e-02
1.352110579097783039e-02
3.161878162631670303e-04
1.513447913681874833e-02
1.513447913681874833e-02
2.570996726700217408e-02
2.570996726700217408e-02
2.570996726700217408e-02
2.812971540877943696e-02
6.318192263016215508e-07
2.570996726700217408e-02
7.037077246469077504e-07
7.037077246469077504e-07
6.318192263016215508e-07
2.812971540877943696e-02
7.037077246469077504e-07
7.037077246469077504e-07
4.101328429642054491e-02
4.101328429642054491e-02
4.101328429642054491e-02
3.578887689542311484e-02
3.040976861826164002e-02
4.101328429642054491e-02
2.647531425270190433e-02
2.647531425270190433e-02
3.040976861826164002e-02
3.578887689542311484e-02
2.647531425270190433e-02
2.647531425270190433e-02
2.153229545387486902e-03
2.153229545387486902e-03
2.153229545387486902e-03
3.086963133244311278e-03
5.851800107503241652e-04
2.153229545387486902e-03
8.469577244959477884e-04
8.469577244959477884e-04
5.851800107503241652e-04
3.086963133244311278e-03
8.469577244959477884e-04
8.469577244959477884e-04
5.918556033305655273e-02
5.918556033305655273e-02
5.918556033305655273e-02
6.098005783075415714e-02
8.608062506676511169e-03
5.918556033305655273e-02
9.513655479785573452e-03
9.513655479785573452e-03
8.608062506676511169e-03
6.098005783075415714e-02
9.513655479785573452e-03
9.513655479785573452e-03
1.085469217761132060e-02
1.085469217761132060e-02
1.085469217761132060e-02
1.221867615121643817e-02
4.193150942366138945e-02
1.085469217761132060e-02
4.732029851473835286e-02
4.732029851473835286e-02
4.193150942366138945e-02
1.221867615121643817e-02
4.732029851473835286e-02
4.732029851473835286e-02
1.166055325700176941e-03
1.166055325700176941e-03
1.166055325700176941e-03
1.062801228322265328e-03
3.430843830429758379e-02
1.166055325700176941e-03
3.153532555516241898e-02
3.153532555516241898e-02
3.430843830429758379e-02
1.062801228322265328e-03
3.153532555516241898e-02
3.153532555516241898e-02
2.379429254940777436e-02
2.379429254940777436e-02
2.379429254940777436e-02
3.581555792341690331e-02
1.346510592574812334e-03
2.379429254940777436e-02
2.098052985108559820e-03
2.098052985108559820e-03
1.346510592574812334e-03
3.581555792341690331e-02
2.098052985108559820e-03
2.098052985108559820e-03
1.200616531129608533e-02
1.200616531129608533e-02
1.200616531129608533e-02
1.108225328755939494e-02
1.419467105254738383e-02
1.200616531129608533e-02
1.311165804592519073e-02
1.311165804592519073e-02
1.419467105254738383e-02
1.108225328755939494e-02
1.311165804592519073e-02
1.311165804592519073e-02
5.392564746592084374e-02
5.392564746592084374e-02
5.392564746592084374e-02
4.902193289127963066e-02
5.698558523581240265e-02
5.392564746592084374e-02
5.246551590229212719e-02
5.246551590229212719e-02
5.698558523581240265e-02
4.902193289127963066e-02
5.246551590229212719e-02
5.246551590229212719e-02
3.711077664767536283e-02
3.711077664767536283e-02
3.711077664767536283e-02
4.398978720448859514e-02
4.771996402011365740e-03
3.711077664767536283e-02
5.701341289842159349e-03
5.701341289842159349e-03
4.771996402011365740e-03
4.398978720448859514e-02
5.701341289842159349e-03
5.701341289842159349e-03
4.870770695510907508e-03
4.870770695510907508e-03
4.870770695510907508e-03
3.376471790572979290e-03
5.158954673643087463e-02
4.870770695510907508e-03
3.638296656549565994e-02
3.638296656549565994e-02
5.158954673643087463e-02
3.376471790572979290e-03
3.638296656549565994e-02
3.638296656549565994e-02
1.835166001436010219e-02
1.835166001436010219e-02
1.835166001436010219e-02
1.676249208576484351e-02
2.083694123223686287e-02
1.835166001436010219e-02
1.903782573907016745e-02
1.903782573907016745e-02
2.083694123223686287e-02
1.676249208576484351e-02
1.903782573907016745e-02
1.903782573907016745e-02
4.105783945929613314e-05
4.105783945929613314e-05
4.105783945929613314e-05
3.762195130947285809e-05
1.761265667085492833e-04
4.105783945929613314e-05
1.615579662380009854e-04
1.615579662380009854e-04
1.761265667085492833e-04
3.762195130947285809e-05
1.615579662380009854e-04
1.615579662380009854e-04
5.102689216544767370e-02
5.102689216544767370e-02
5.102689216544767370e-02
5.521992021784602467e-02
1.966973795722636552e-03
5.102689216544767370e-02
2.134208733069692474e-03
2.134208733069692474e-03
1.966973795722636552e-03
5.521992021784602467e-02
2.134208733069692474e-03
2.134208733069692474e-03
1.281852731384074649e-02
1.281852731384074649e-02
1.281852731384074649e-02
1.370119660598874932e-02
3.827384216713698717e-02
1.281852731384074649e-02
4.074116547895305362e-02
4.074116547895305362e-02
3.827384216713698717e-02
1.370119660598874932e-02
4.074116547895305362e-02
4.074116547895305362e-02
3.078117407724562452e-02
3.078117407724562452e-02
3.078117407724562452e-02
3.304730968607434705e-02
5.764012130199423073e-02
3.078117407724562452e-02
5.903747515631868614e-02
5.903747515631868614e-02
5.764012130199423073e-02
3.304730968607434705e-02
5.903747515631868614e-02
5.903747515631868614e-02
2.051701158796143728e-03
2.051701158796143728e-03
2.051701158796143728e-03
1.284379942329977927e-03
1.680212328130230304e-02
2.051701158796143728e-03
1.075213556739772376e-02
1.075213556739772376e-02
1.680212328130230304e-02
1.284379942329977927e-03
1.075213556739772376e-02
1.075213556739772376e-02
1.576884579532053987e-04
1.576884579532053987e-04
1.576884579532053987e-04
1.488471661884382480e-04
5.649081774840270659e-02
1.576884579532053987e-04
5.387133577929212325e-02
5.387133577929212325e-02
5.649081774840270659e-02
1.488471661884382480e-04
5.387133577929212325e-02
5.387133577929212325e-02
1.855366171441464804e-02
1.855366171441464804e-02
1.855366171441464804e-02
1.743666788087055650e-02
6.057473700672457405e-03
1.855366171441464804e-02
5.689366695006817243e-03
5.689366695006817243e-03
6.057473700672457405e-03
1.743666788087055650e-02
5.689366695006817243e-03
5.689366695006817243e-03
7.074291475006866219e-03
7.074291475006866219e-03
7.074291475006866219e-03
5.250136023865338390e-03
4.423779571139678708e-04
7.074291475006866219e-03
3.218265653111488495e-04
3.218265653111488495e-04
4.423779571139678708e-04
5.250136023865338390e-03
3.218265653111488495e-04
3.218265653111488495e-04
4.667038652284088290e-02
4.667038652284088290e-02
4.667038652284088290e-02
5.535032086903903664e-02
2.384788837988144339e-02
4.667038652284088290e-02
2.849941546677331808e-02
2.849941546677331808e-02
2.384788837988144339e-02
5.535032086903903664e-02
2.849941546677331808e-02
2.849941546677331808e-02
1.992366757213747883e-02
1.992366757213747883e-02
1.992366757213747883e-02
1.796556485767843506e-02
5.198809496432002519e-02
1.992366757213747883e-02
4.723992239183538028e-02
4.723992239183538028e-02
5.198809496432002519e-02
1.796556485767843506e-02
4.723992239183538028e-02
4.723992239183538028e-02
5.594074005885986914e-07
5.594074005885986914e-07
5.594074005885986914e-07
4.878258494277044941e-07
4.216308842034339165e-03
5.594074005885986914e-07
3.701750960199817406e-03
3.701750960199817406e-03
4.216308842034339165e-03
4.878258494277044941e-07
3.701750960199817406e-03
3.701750960199817406e-03
4.307511940978873272e-02
4.307511940978873272e-02
4.307511940978873272e-02
3.856664064279338722e-02
3.551530316864042798e-05
4.307511940978873272e-02
3.122944649236560402e-05
3.122944649236560402e-05
3.551530316864042798e-05
3.856664064279338722e-02
3.122944649236560402e-05
3.122944649236560402e-05
2.787393884026229379e-03
2.787393884026229379e-03
2.787393884026229379e-03
4.144416564833982262e-03
1.577109980619395904e-02
2.787393884026229379e-03
2.292705265416106544e-02
2.292705265416106544e-02
1.577109980619395904e-02
4.144416564833982262e-03
2.292705265416106544e-02
2.292705265416106544e-02
7.665574430067756233e-03
7.665574430067756233e-03
7.665574430067756233e-03
7.731550425766180352e-03
9.996915007753628350e-04
7.665574430067756233e-03
1.008579326573078158e-03
1.008579326573078158e-03
9.996915007753628350e-04
7.731550425766180352e-03
1.008579326573078158e-03
1.008579326573078158e-03
6.160167987772713349e-02
6.160167987772713349e-02
6.160167987772713349e-02
6.183462755083063422e-02
3.423870644938727809e-02
6.160167987772713349e-02
3.446527818269384119e-02
3.446527818269384119e-02
3.423870644938727809e-02
6.183462755083063422e-02
3.446527818269384119e-02
3.446527818269384119e-02
5.142217385804703647e-04
5.142217385804703647e-04
5.142217385804703647e-04
6.898773787537629265e-04
4.589562033991272799e-02
5.142217385804703647e-04
5.958306734480058736e-02
5.958306734480058736e-02
4.589562033991272799e-02
6.898773787537629265e-04
5.958306734480058736e-02
5.958306734480058736e-02
2.751002201517081802e-02
2.751002201517081802e-02
2.751002201517081802e-02
2.119790244455491482e-02
1.050203724719215963e-02
2.751002201517081802e-02
8.057377622528031844e-03
8.057377622528031844e-03
1.050203724719215963e-02
2.119790244455491482e-02
8.057377622528031844e-03
8.057377622528031844e-03
