8.352571169464374501e-01
8.352571169464374501e-01
8.352571169464374501e-01
6.874066638116648198e-01
6.458237434926404896e-01
8.352571169464374501e-01
5.299690057948971411e-01
5.299690057948971411e-01
6.458237434926404896e-01
6.874066638116648198e-01
5.299690057948971411e-01
5.299690057948971411e-01
8.768188951162841915e-02
8.768188951162841915e-02
8.768188951162841915e-02
1.008852497358822681e-01
3.982180759400610892e-02
8.768188951162841915e-02
4.602062543130516770e-02
4.602062543130516770e-02
3.982180759400610892e-02
1.008852497358822681e-01
4.602062543130516770e-02
4.602062543130516770e-02
3.524174084424135933e-01
3.524174084424135933e-01
3.524174084424135933e-01
3.980440350034636920e-01
2.360113007459133661e-01
3.524174084424135933e-01
2.677994534559601791e-01
2.677994534559601791e-01
2.360113007459133661e-01
3.980440350034636920e-01
2.677994534559601791e-01
2.677994534559601791e-01
2.828552244862724951e-03
2.828552244862724951e-03
2.828552244862724951e-03
3.298003813460732240e-03
9.229240127686390016e-01
2.828552244862724951e-03
9.300000000000000488e-01
9.300000000000000488e-01
9.229240127686390016e-01
3.298003813460732240e-03
9.300000000000000488e-01
9.300000000000000488e-01
2.982854351713662769e-02
2.982854351713662769e-02
2.982854351713662769e-02
3.447249933289835838e-02
1.134559733467730563e-01
2.982854351713662769e-02
1.300109503707849445e-01
1.300109503707849445e-01
1.134559733467730563e-01
3.447249933289835838e-02
1.300109503707849445e-01
1.300109503707849445e-01
6.088948834028063972e-01
6.088948834028063972e-01
6.088948834028063972e-01
5.035055509202799318e-01
9.218697199647176710e-01
6.088948834028063972e-01
7.775683255122979309e-01
7.775683255122979309e-01
9.218697199647176710e-01
5.035055509202799318e-01
7.775683255122979309e-01
7.775683255122979309e-01
1.773647992509828075e-01
1.773647992509828075e-01
1.773647992509828075e-01
1.703280699560542066e-01
3.483776572090147572e-01
1.773647992509828075e-01
3.345922132315127251e-01
3.345922132315127251e-01
3.483776572090147572e-01
1.703280699560542066e-01
3.345922132315127251e-01
3.345922132315127251e-01
9.300000000000000488e-01
9.300000000000000488e-01
9.300000000000000488e-01
9.300000000000000488e-01
7.770876852713186865e-03
9.300000000000000488e-01
7.450111090497903155e-03
7.450111090497903155e-03
7.770876852713186865e-03
9.300000000000000488e-01
7.450111090497903155e-03
7.450111090497903155e-03
3.808181199576262110e-01
3.808181199576262110e-01
3.808181199576262110e-01
4.725209830649694798e-01
6.467601449711131434e-02
3.808181199576262110e-01
8.170215054436737179e-02
8.170215054436737179e-02
6.467601449711131434e-02
4.725209830649694798e-01
8.170215054436737179e-02
8.170215054436737179e-02
1.356364806571361964e-02
1.356364806571361964e-02
1.356364806571361964e-02
1.181490825841251258e-02
7.284747041840846649e-01
1.356364806571361964e-02
6.471982759364659499e-01
6.471982759364659499e-01
7.284747041840846649e-01
1.181490825841251258e-02
6.471982759364659499e-01
6.471982759364659499e-01
8.521449230846794842e-01
8.521449230846794842e-01
8.521449230846794842e-01
7.466272403391571721e-01
2.916794058362389142e-01
8.521449230846794842e-01
2.559350698374587840e-01
2.559350698374587840e-01
2.916794058362389142e-01
7.466272403391571721e-01
2.559350698374587840e-01
2.559350698374587840e-01
1.600105722615558779e-01
1.600105722615558779e-01
1.600105722615558779e-01
1.415702849087704107e-01
1.269602828796029302e-03
1.600105722615558779e-01
1.101771224088806626e-03
1.101771224088806626e-03
1.269602828796029302e-03
1.415702849087704107e-01
1.101771224088806626e-03
1.101771224088806626e-03
5.727484403008944319e-02
5.727484403008944319e-02
5.727484403008944319e-02
5.009441585959131110e-02
4.826543248016940679e-01
5.727484403008944319e-02
4.258298941062139686e-01
4.258298941062139686e-01
4.826543248016940679e-01
5.009441585959131110e-02
4.258298941062139686e-01
4.258298941062139686e-01
5.374901947240421363e-01
5.374901947240421363e-01
5.374901947240421363e-01
6.715478540218923209e-01
1.705312210454137598e-02
5.374901947240421363e-01
2.177649612001493137e-02
2.177649612001493137e-02
1.705312210454137598e-02
6.715478540218923209e-01
2.177649612001493137e-02
2.177649612001493137e-02
1.468316559113143208e-04
1.468316559113143208e-04
1.468316559113143208e-04
1.552904057931988604e-04
1.832056392667632816e-01
1.468316559113143208e-04
1.918401496114617855e-01
1.918401496114617855e-01
1.832056392667632816e-01
1.552904057931988604e-04
1.918401496114617855e-01
1.918401496114617855e-01
2.440718309321570911e-01
2.440718309321570911e-01
2.440718309321570911e-01
2.565550201667835539e-01
8.772992000572304994e-01
2.440718309321570911e-01
9.151956424268856694e-01
9.151956424268856694e-01
8.772992000572304994e-01
2.565550201667835539e-01
9.151956424268856694e-01
9.151956424268856694e-01
2.435570749095106458e-01
2.435570749095106458e-01
2.435570749095106458e-01
2.652359706162850661e-01
6.747570455359728214e-01
2.435570749095106458e-01
7.282696460415564177e-01
7.282696460415564177e-01
6.747570455359728214e-01
2.652359706162850661e-01
7.282696460415564177e-01
7.282696460415564177e-01
9.300000000000000488e-01
9.300000000000000488e-01
9.300000000000000488e-01
9.300000000000000488e-01
5.039067069661196108e-02
9.300000000000000488e-01
5.564956047646644338e-02
5.564956047646644338e-02
5.039067069661196108e-02
9.300000000000000488e-01
5.564956047646644338e-02
5.564956047646644338e-02
4.949506532205290993e-02
4.949506532205290993e-02
4.949506532205290993e-02
3.776223012083880504e-02
1.562553857884281950e-04
4.949506532205290993e-02
1.164257166043288931e-04
1.164257166043288931e-04
1.562553857884281950e-04
3.776223012083880504e-02
1.164257166043288931e-04
1.164257166043288931e-04
5.688829351784342458e-01
5.688829351784342458e-01
5.688829351784342458e-01
6.194565673311541731e-01
2.579571671199552552e-01
5.688829351784342458e-01
2.821810650729468795e-01
2.821810650729468795e-01
2.579571671199552552e-01
6.194565673311541731e-01
2.821810650729468795e-01
2.821810650729468795e-01
3.287189610922856553e-01
3.287189610922856553e-01
3.287189610922856553e-01
3.306746411603915803e-01
1.079092495660155006e-02
3.287189610922856553e-01
1.085635377586688897e-02
1.085635377586688897e-02
1.079092495660155006e-02
3.306746411603915803e-01
1.085635377586688897e-02
1.085635377586688897e-02
7.316183490538162582e-03
7.316183490538162582e-03
7.316183490538162582e-03
7.360587723029103635e-03
4.387780358709176820e-01
7.316183490538162582e-03
4.410279096896277395e-01
4.410279096896277395e-01
4.387780358709176820e-01
7.360587723029103635e-03
4.410279096896277395e-01
4.410279096896277395e-01
7.649942713168984554e-01
7.649942713168984554e-01
7.649942713168984554e-01
8.989130300518347605e-01
8.250910269743906289e-01
7.649942713168984554e-01
9.300000000000000488e-01
9.300000000000000488e-01
8.250910269743906289e-01
8.989130300518347605e-01
9.300000000000000488e-01
9.300000000000000488e-01
1.279663682915782030e-01
1.279663682915782030e-01
1.279663682915782030e-01
1.078135298062807140e-01
1.551120377890257696e-01
1.279663682915782030e-01
1.309052691139504787e-01
1.309052691139504787e-01
1.551120377890257696e-01
1.078135298062807140e-01
1.309052691139504787e-01
1.309052691139504787e-01
1.029026200067888848e-03
1.029026200067888848e-03
1.029026200067888848e-03
9.376377063241224082e-04
2.879090493935265727e-02
1.029026200067888848e-03
2.633393650116766863e-02
2.633393650116766863e-02
2.879090493935265727e-02
9.376377063241224082e-04
2.633393650116766863e-02
2.633393650116766863e-02
3.402836741226148987e-01
3.402836741226148987e-01
3.402836741226148987e-01
3.158003093227713109e-01
5.930157660390202867e-01
3.402836741226148987e-01
5.525740859127432625e-01
5.525740859127432625e-01
5.930157660390202867e-01
3.158003093227713109e-01
5.525740859127432625e-01
5.525740859127432625e-01
6.391921921111462512e-02
6.391921921111462512e-02
6.391921921111462512e-02
8.440817908411561710e-02
8.869678312444430057e-01
6.391921921111462512e-02
9.300000000000000488e-01
9.300000000000000488e-01
8.869678312444430057e-01
8.440817908411561710e-02
9.300000000000000488e-01
9.300000000000000488e-01
7.215037621779232246e-01
7.215037621779232246e-01
7.215037621779232246e-01
6.685933552367604449e-01
2.047755566698598040e-01
7.215037621779232246e-01
1.887261775916876105e-01
1.887261775916876105e-01
2.047755566698598040e-01
6.685933552367604449e-01
1.887261775916876105e-01
1.887261775916876105e-01
9.300000000000000488e-01
9.300000000000000488e-01
9.300000000000000488e-01
9.300000000000000488e-01
8.708387249621942772e-01
9.300000000000000488e-01
8.743124077089512447e-01
8.743124077089512447e-01
8.708387249621942772e-01
9.300000000000000488e-01
8.743124077089512447e-01
8.743124077089512447e-01
1.663750512457095321e-01
1.663750512457095321e-01
1.663750512457095321e-01
1.672906321069475288e-01
9.282117895710223499e-02
1.663750512457095321e-01
9.334598809002769837e-02
9.334598809002769837e-02
9.282117895710223499e-02
1.672906321069475288e-01
9.334598809002769837e-02
9.334598809002769837e-02
5.173581345324944625e-01
5.173581345324944625e-01
5.173581345324944625e-01
4.405857610855807849e-01
3.659132683488280999e-03
5.173581345324944625e-01
3.026122909161887281e-03
3.026122909161887281e-03
3.659132683488280999e-03
4.405857610855807849e-01
3.026122909161887281e-03
3.026122909161887281e-03
1.854902337764955181e-02
1.854902337764955181e-02
1.854902337764955181e-02
2.255304607810131035e-02
3.129491222576406551e-01
1.854902337764955181e-02
3.724954116623559464e-01
3.724954116623559464e-01
3.129491222576406551e-01
2.255304607810131035e-02
3.724954116623559464e-01
3.724954116623559464e-01
1.005758535904700129e-01
1.005758535904700129e-01
1.005758535904700129e-01
1.081690119919371668e-01
4.771456466224210241e-02
1.005758535904700129e-01
5.143030853234829142e-02
5.143030853234829142e-02
4.771456466224210241e-02
1.081690119919371668e-01
5.143030853234829142e-02
5.143030853234829142e-02
8.875091654694888810e-01
8.875091654694888810e-01
8.875091654694888810e-01
6.867927798284458873e-01
6.908627973983264559e-01
8.875091654694888810e-01
5.329081475920472988e-01
5.329081475920472988e-01
6.908627973983264559e-01
6.867927798284458873e-01
5.329081475920472988e-01
5.329081475920472988e-01
4.411496182829858018e-03
4.411496182829858018e-03
4.411496182829858018e-03
4.776640232818946813e-03
2.186004667816241198e-01
4.411496182829858018e-03
2.352427823268472273e-01
2.352427823268472273e-01
2.186004667816241198e-01
4.776640232818946813e-03
2.352427823268472273e-01
2.352427823268472273e-01
3.837810345612371332e-01
3.837810345612371332e-01
3.837810345612371332e-01
4.088562771101451054e-01
9.057870956102670787e-06
3.837810345612371332e-01
9.829935537448174614e-06
9.829935537448174614e-06
9.057870956102670787e-06
4.088562771101451054e-01
9.829935537448174614e-06
9.829935537448174614e-06
6.080367527943981720e-01
6.080367527943981720e-01
6.080367527943981720e-01
5.541464660965552680e-01
4.474076032792853042e-01
6.080367527943981720e-01
4.067728140414970106e-01
4.067728140414970106e-01
4.474076032792853042e-01
5.541464660965552680e-01
4.067728140414970106e-01
4.067728140414970106e-01
3.326730570844867174e-02
3.326730570844867174e-02
3.326730570844867174e-02
4.308657435998946433e-02
8.984698024625719162e-03
3.326730570844867174e-02
1.175346783406993299e-02
1.175346783406993299e-02
8.984698024625719162e-03
4.308657435998946433e-02
1.175346783406993299e-02
1.175346783406993299e-02
9.300000000000000488e-01
9.300000000000000488e-01
9.300000000000000488e-01
9.300000000000000488e-01
1.287888315275121376e-01
9.300000000000000488e-01
1.382186415142904745e-01
1.382186415142904745e-01
1.287888315275121376e-01
9.300000000000000488e-01
1.382186415142904745e-01
1.382186415142904745e-01
1.798931178032072420e-01
1.798931178032072420e-01
1.798931178032072420e-01
1.939718037514656934e-01
7.193743918006149096e-01
1.798931178032072420e-01
7.772740368828766622e-01
7.772740368828766622e-01
7.193743918006149096e-01
1.939718037514656934e-01
7.772740368828766622e-01
7.772740368828766622e-01
1.702750497951927011e-02
1.702750497951927011e-02
1.702750497951927011e-02
1.594721161655691943e-02
5.207858782786051188e-01
1.702750497951927011e-02
4.921582554349184235e-01
4.921582554349184235e-01
5.207858782786051188e-01
1.594721161655691943e-02
4.921582554349184235e-01
4.921582554349184235e-01
3.948471150513681582e-01
3.948471150513681582e-01
3.948471150513681582e-01
5.193501540192396737e-01
2.155716547241848247e-02
3.948471150513681582e-01
2.942434478497623143e-02
2.942434478497623143e-02
2.155716547241848247e-02
5.193501540192396737e-01
2.942434478497623143e-02
2.942434478497623143e-02
1.724103100089166840e-01
1.724103100089166840e-01
1.724103100089166840e-01
1.627475107781085339e-01
2.042936101962003759e-01
1.724103100089166840e-01
1.929862896278603246e-01
1.929862896278603246e-01
2.042936101962003759e-01
1.627475107781085339e-01
1.929862896278603246e-01
1.929862896278603246e-01
8.699318789679045816e-01
8.699318789679045816e-01
8.699318789679045816e-01
8.178780740385187542e-01
9.219630607855772153e-01
8.699318789679045816e-01
8.778840258417054399e-01
8.778840258417054399e-01
9.219630607855772153e-01
8.178780740385187542e-01
8.778840258417054399e-01
8.778840258417054399e-01
6.063670831503621406e-01
6.063670831503621406e-01
6.063670831503621406e-01
6.779367048766418158e-01
7.511220913641532271e-02
6.063670831503621406e-01
8.471958852640727733e-02
8.471958852640727733e-02
7.511220913641532271e-02
6.779367048766418158e-01
8.471958852640727733e-02
8.471958852640727733e-02
7.045736035040184309e-02
7.045736035040184309e-02
7.045736035040184309e-02
5.497756539187407393e-02
7.773935536466960450e-01
7.045736035040184309e-02
6.184369802957029316e-01
6.184369802957029316e-01
7.773935536466960450e-01
5.497756539187407393e-02
6.184369802957029316e-01
6.184369802957029316e-01
2.805944053336852373e-01
2.805944053336852373e-01
2.805944053336852373e-01
2.642025182693594765e-01
3.193726303893290042e-01
2.805944053336852373e-01
3.008081307319802611e-01
3.008081307319802611e-01
3.193726303893290042e-01
2.642025182693594765e-01
3.008081307319802611e-01
3.008081307319802611e-01
5.676000318641349473e-04
5.676000318641349473e-04
5.676000318641349473e-04
5.304378125438943955e-04
2.439195750220154568e-03
5.676000318641349473e-04
2.281977507096899765e-03
2.281977507096899765e-03
2.439195750220154568e-03
5.304378125438943955e-04
2.281977507096899765e-03
2.281977507096899765e-03
8.623301197335732082e-01
8.623301197335732082e-01
8.623301197335732082e-01
9.066940937840008985e-01
3.134991385915338741e-02
8.623301197335732082e-01
3.307101419151384225e-02
3.307101419151384225e-02
3.134991385915338741e-02
9.066940937840008985e-01
3.307101419151384225e-02
3.307101419151384225e-02
1.899408411088000792e-01
1.899408411088000792e-01
1.899408411088000792e-01
1.991296404250059160e-01
5.797888358368782358e-01
1.899408411088000792e-01
6.052295644693191923e-01
6.052295644693191923e-01
5.797888358368782358e-01
1.991296404250059160e-01
6.052295644693191923e-01
6.052295644693191923e-01
4.843558705843165058e-01
4.843558705843165058e-01
4.843558705843165058e-01
5.077752416330366669e-01
9.300000000000000488e-01
4.843558705843165058e-01
9.300000000000000488e-01
9.300000000000000488e-01
9.300000000000000488e-01
5.077752416330366669e-01
9.300000000000000488e-01
9.300000000000000488e-01
2.892807539220473845e-02
2.892807539220473845e-02
2.892807539220473845e-02
2.092040069965087068e-02
2.414685365134901784e-01
2.892807539220473845e-02
1.788313935234742136e-01
1.788313935234742136e-01
2.414685365134901784e-01
2.092040069965087068e-02
1.788313935234742136e-01
1.788313935234742136e-01
2.240563824528809915e-03
2.240563824528809915e-03
2.240563824528809915e-03
2.146446731380193158e-03
8.500043791942205607e-01
2.240563824528809915e-03
8.230326417483490031e-01
8.230326417483490031e-01
8.500043791942205607e-01
2.146446731380193158e-03
8.230326417483490031e-01
8.230326417483490031e-01
2.958058781069207721e-01
2.958058781069207721e-01
2.958058781069207721e-01
2.842405465279391197e-01
9.497886961515349113e-02
2.958058781069207721e-01
9.119358983214130576e-02
9.119358983214130576e-02
9.497886961515349113e-02
2.842405465279391197e-01
9.119358983214130576e-02
9.119358983214130576e-02
9.918148647712227151e-02
9.918148647712227151e-02
9.918148647712227151e-02
8.004179333857956713e-02
6.117743129269238682e-03
9.918148647712227151e-02
4.835415196954176952e-03
4.835415196954176952e-03
6.117743129269238682e-03
8.004179333857956713e-02
4.835415196954176952e-03
4.835415196954176952e-03
7.266365596558140849e-01
7.266365596558140849e-01
7.266365596558140849e-01
8.160905731586313161e-01
3.645568929276828407e-01
7.266365596558140849e-01
4.127028346052308838e-01
4.127028346052308838e-01
3.645568929276828407e-01
8.160905731586313161e-01
4.127028346052308838e-01
4.127028346052308838e-01
2.849447635825185787e-01
2.849447635825185787e-01
2.849447635825185787e-01
2.645077872926993590e-01
7.603620169347492519e-01
2.849447635825185787e-01
7.114494285901039605e-01
7.114494285901039605e-01
7.603620169347492519e-01
2.645077872926993590e-01
7.114494285901039605e-01
7.114494285901039605e-01
8.291019927471337284e-06
8.291019927471337284e-06
8.291019927471337284e-06
7.542871971266987638e-06
6.362865812781212660e-02
8.291019927471337284e-06
5.831727524962550951e-02
5.831727524962550951e-02
6.362865812781212660e-02
7.542871971266987638e-06
5.831727524962550951e-02
5.831727524962550951e-02
6.484027282266007219e-01
6.484027282266007219e-01
6.484027282266007219e-01
6.018704620544005346e-01
5.078907026710423279e-04
6.484027282266007219e-01
4.625314887187291350e-04
4.625314887187291350e-04
5.078907026710423279e-04
6.018704620544005346e-01
4.625314887187291350e-04
4.625314887187291350e-04
4.395344757477683689e-02
4.395344757477683689e-02
4.395344757477683689e-02
5.815510973434894620e-02
2.539649939961044489e-01
4.395344757477683689e-02
3.280983578363589337e-01
3.280983578363589337e-01
2.539649939961044489e-01
5.815510973434894620e-02
3.280983578363589337e-01
3.280983578363589337e-01
1.190503885000199630e-01
1.190503885000199630e-01
1.190503885000199630e-01
1.197302727307746201e-01
1.529170177741705390e-02
1.190503885000199630e-01
1.538381131702415416e-02
1.538381131702415416e-02
1.529170177741705390e-02
1.197302727307746201e-01
1.538381131702415416e-02
1.538381131702415416e-02
9.219962585933543231e-01
9.219962585933543231e-01
9.219962585933543231e-01
9.236748961625740328e-01
5.030046092396363022e-01
9.219962585933543231e-01
5.053498519894031871e-01
5.053498519894031871e-01
5.030046092396363022e-01
9.236748961625740328e-01
5.053498519894031871e-01
5.053498519894031871e-01
8.253168981610813429e-03
8.253168981610813429e-03
8.253168981610813429e-03
1.007759006979596327e-02
7.840673165890762464e-01
8.253168981610813429e-03
9.240328686176008111e-01
9.240328686176008111e-01
7.840673165890762464e-01
1.007759006979596327e-02
9.240328686176008111e-01
9.240328686176008111e-01
4.174484069443641920e-01
4.174484069443641920e-01
4.174484069443641920e-01
3.520519487097396039e-01
1.567187851892136441e-01
4.174484069443641920e-01
1.315055500478224948e-01
1.315055500478224948e-01
1.567187851892136441e-01
3.520519487097396039e-01
1.315055500478224948e-01
1.315055500478224948e-01
