3.509255196570602170e-02
3.509255196570602170e-02
3.509255196570602170e-02
2.618493580264731266e-02
2.735240866746896371e-02
3.509255196570602170e-02
2.035480701640962620e-02
2.035480701640962620e-02
2.735240866746896371e-02
2.618493580264731266e-02
2.035480701640962620e-02
2.035480701640962620e-02
3.550764003008654180e-03
3.550764003008654180e-03
3.550764003008654180e-03
4.345079195763579781e-03
1.623211693900379485e-03
3.550764003008654180e-03
1.994576839265259360e-03
1.994576839265259360e-03
1.623211693900379485e-03
4.345079195763579781e-03
1.994576839265259360e-03
1.994576839265259360e-03
1.460447318570683162e-02
1.460447318570683162e-02
1.460447318570683162e-02
1.735179728061071389e-02
9.851316342119966624e-03
1.460447318570683162e-02
1.175663916895366284e-02
1.175663916895366284e-02
9.851316342119966624e-03
1.735179728061071389e-02
1.175663916895366284e-02
1.175663916895366284e-02
1.108686796594589313e-04
1.108686796594589313e-04
1.108686796594589313e-04
1.391284579492170677e-04
3.363427112228910970e-02
1.108686796594589313e-04
3.656129734905520789e-02
3.656129734905520789e-02
3.363427112228910970e-02
1.391284579492170677e-04
3.656129734905520789e-02
3.656129734905520789e-02
1.245125368995157701e-03
1.245125368995157701e-03
1.245125368995157701e-03
1.520963197666731249e-03
4.685315106638118267e-03
1.245125368995157701e-03
5.677106282533814392e-03
5.677106282533814392e-03
4.685315106638118267e-03
1.520963197666731249e-03
5.677106282533814392e-03
5.677106282533814392e-03
2.623606428750481848e-02
2.623606428750481848e-02
2.623606428750481848e-02
1.986010460323784504e-02
3.919594639087087967e-02
2.623606428750481848e-02
3.025421888878824725e-02
3.025421888878824725e-02
3.919594639087087967e-02
1.986010460323784504e-02
3.025421888878824725e-02
3.025421888878824725e-02
6.947910313224485261e-03
6.947910313224485261e-03
6.947910313224485261e-03
6.521324589016090460e-03
1.347913366332798013e-02
6.947910313224485261e-03
1.265134902313345099e-02
1.265134902313345099e-02
1.347913366332798013e-02
6.521324589016090460e-03
1.265134902313345099e-02
1.265134902313345099e-02
3.800528950459570315e-02
3.800528950459570315e-02
3.800528950459570315e-02
3.740692969462126177e-02
3.387557414402375938e-04
3.800528950459570315e-02
3.198054963030977859e-04
3.198054963030977859e-04
3.387557414402375938e-04
3.740692969462126177e-02
3.198054963030977859e-04
3.198054963030977859e-04
1.450749610388909344e-02
1.450749610388909344e-02
1.450749610388909344e-02
2.004789604175662154e-02
2.530487363815398915e-03
1.450749610388909344e-02
3.555262834756794509e-03
3.555262834756794509e-03
2.530487363815398915e-03
2.004789604175662154e-02
3.555262834756794509e-03
3.555262834756794509e-03
5.850600135280285092e-04
5.850600135280285092e-04
5.850600135280285092e-04
4.804549799191932657e-04
2.992423951442703053e-02
5.850600135280285092e-04
2.502725741267674067e-02
2.502725741267674067e-02
2.992423951442703053e-02
4.804549799191932657e-04
2.502725741267674067e-02
2.502725741267674067e-02
3.334260896564392174e-02
3.334260896564392174e-02
3.334260896564392174e-02
2.716085370503497701e-02
1.175071498031511792e-02
3.334260896564392174e-02
9.591969646401148422e-03
9.591969646401148422e-03
1.175071498031511792e-02
2.716085370503497701e-02
9.591969646401148422e-03
9.591969646401148422e-03
7.010577790837264206e-03
7.010577790837264206e-03
7.010577790837264206e-03
5.907340226997636473e-03
5.685855028401550176e-05
7.010577790837264206e-03
4.703039814181473249e-05
4.703039814181473249e-05
5.685855028401550176e-05
5.907340226997636473e-03
4.703039814181473249e-05
4.703039814181473249e-05
2.404986055156133149e-03
2.404986055156133149e-03
2.404986055156133149e-03
1.970737360038824024e-03
1.965815647973675681e-02
2.404986055156133149e-03
1.623312570518769052e-02
1.623312570518769052e-02
1.965815647973675681e-02
1.970737360038824024e-03
1.623312570518769052e-02
1.623312570518769052e-02
1.970376383271075713e-02
1.970376383271075713e-02
1.970376383271075713e-02
2.772279426997256366e-02
6.550599064333319753e-04
1.970376383271075713e-02
9.395387988472194557e-04
9.395387988472194557e-04
6.550599064333319753e-04
2.772279426997256366e-02
9.395387988472194557e-04
9.395387988472194557e-04
6.489267358402507758e-06
6.489267358402507758e-06
6.489267358402507758e-06
6.979295601546749456e-06
7.887353782053055720e-03
6.489267358402507758e-06
8.401655149406018000e-03
8.401655149406018000e-03
7.887353782053055720e-03
6.979295601546749456e-06
8.401655149406018000e-03
8.401655149406018000e-03
9.632663449684802925e-03
9.632663449684802925e-03
9.632663449684802925e-03
1.038919500768231870e-02
3.344225231296810152e-02
9.632663449684802925e-03
3.580535123260141644e-02
3.580535123260141644e-02
3.344225231296810152e-02
1.038919500768231870e-02
3.580535123260141644e-02
3.580535123260141644e-02
1.030644020310331720e-02
1.030644020310331720e-02
1.030644020310331720e-02
1.160437181437404958e-02
2.791743594949175691e-02
1.030644020310331720e-02
3.116249875642371214e-02
3.116249875642371214e-02
2.791743594949175691e-02
1.160437181437404958e-02
3.116249875642371214e-02
3.116249875642371214e-02
3.458378810354639094e-02
3.458378810354639094e-02
3.458378810354639094e-02
3.636836345773667573e-02
1.988757115068962456e-03
3.458378810354639094e-02
2.307210997663124933e-03
2.307210997663124933e-03
1.988757115068962456e-03
3.636836345773667573e-02
2.307210997663124933e-03
2.307210997663124933e-03
2.199190643174683390e-03
2.199190643174683390e-03
2.199190643174683390e-03
1.498362231287050103e-03
7.034864007183240080e-06
2.199190643174683390e-03
4.686959176167939857e-06
4.686959176167939857e-06
7.034864007183240080e-06
1.498362231287050103e-03
4.686959176167939857e-06
4.686959176167939857e-06
2.269222384953946750e-02
2.269222384953946750e-02
2.269222384953946750e-02
2.575409430446365042e-02
1.047416458603685208e-02
2.269222384953946750e-02
1.193884484479935254e-02
1.193884484479935254e-02
1.047416458603685208e-02
2.575409430446365042e-02
1.193884484479935254e-02
1.193884484479935254e-02
1.230041314371669962e-02
1.230041314371669962e-02
1.230041314371669962e-02
1.241713099259822602e-02
4.183244284053954970e-04
1.230041314371669962e-02
4.223120643631273949e-04
4.223120643631273949e-04
4.183244284053954970e-04
1.241713099259822602e-02
4.223120643631273949e-04
4.223120643631273949e-04
3.118548786334700436e-04
3.118548786334700436e-04
3.118548786334700436e-04
3.144933994721187402e-04
1.800572478405196644e-02
3.118548786334700436e-04
1.814202394971559454e-02
1.814202394971559454e-02
1.800572478405196644e-02
3.144933994721187402e-04
1.814202394971559454e-02
1.814202394971559454e-02
2.950561441530259385e-02
2.950561441530259385e-02
2.950561441530259385e-02
3.758949594937977673e-02
3.173308103773622019e-02
2.950561441530259385e-02
3.878077998158799972e-02
3.878077998158799972e-02
3.173308103773622019e-02
3.758949594937977673e-02
3.878077998158799972e-02
3.878077998158799972e-02
5.555682061554483887e-03
5.555682061554483887e-03
5.555682061554483887e-03
4.343715215356806769e-03
6.719502112529023019e-03
5.555682061554483887e-03
5.262029309376299417e-03
5.262029309376299417e-03
6.719502112529023019e-03
4.343715215356806769e-03
5.262029309376299417e-03
5.262029309376299417e-03
4.269757086103537143e-05
4.269757086103537143e-05
4.269757086103537143e-05
3.719499308188476853e-05
1.182671003422073762e-03
4.269757086103537143e-05
1.033783282023239105e-03
1.033783282023239105e-03
1.182671003422073762e-03
3.719499308188476853e-05
1.033783282023239105e-03
1.033783282023239105e-03
1.468540289453299820e-02
1.468540289453299820e-02
1.468540289453299820e-02
1.321106345319158527e-02
2.527735013861101207e-02
1.468540289453299820e-02
2.282810033317689280e-02
2.282810033317689280e-02
2.527735013861101207e-02
1.321106345319158527e-02
2.282810033317689280e-02
2.282810033317689280e-02
2.484419564010154850e-03
2.484419564010154850e-03
2.484419564010154850e-03
3.715232177895671454e-03
3.264408369216282441e-02
2.484419564010154850e-03
3.885661962192894087e-02
3.885661962192894087e-02
3.264408369216282441e-02
3.715232177895671454e-03
3.885661962192894087e-02
3.885661962192894087e-02
2.950167565739456391e-02
2.950167565739456391e-02
2.950167565739456391e-02
2.630798592660774440e-02
8.607616481178189533e-03
2.950167565739456391e-02
7.637046492100944828e-03
7.637046492100944828e-03
8.607616481178189533e-03
2.630798592660774440e-02
7.637046492100944828e-03
7.637046492100944828e-03
3.945470610621587548e-02
3.945470610621587548e-02
3.945470610621587548e-02
3.952055909009565687e-02
3.725460132540098918e-02
3.945470610621587548e-02
3.746548337160232611e-02
3.746548337160232611e-02
3.725460132540098918e-02
3.952055909009565687e-02
3.746548337160232611e-02
3.746548337160232611e-02
6.874894428713165112e-03
6.874894428713165112e-03
6.874894428713165112e-03
6.930235892810378447e-03
3.861449470636900416e-03
6.874894428713165112e-03
3.893079293621516668e-03
3.893079293621516668e-03
3.861449470636900416e-03
6.930235892810378447e-03
3.893079293621516668e-03
3.893079293621516668e-03
2.176034177093917957e-02
2.176034177093917957e-02
2.176034177093917957e-02
1.711763804562307575e-02
1.604781154325141915e-04
2.176034177093917957e-02
1.228290667862349617e-04
1.228290667862349617e-04
1.604781154325141915e-04
1.711763804562307575e-02
1.228290667862349617e-04
1.228290667862349617e-04
7.460378889358157579e-04
7.460378889358157579e-04
7.460378889358157579e-04
9.854428898532182398e-04
1.221517793867078587e-02
7.460378889358157579e-04
1.581775941233932309e-02
1.581775941233932309e-02
1.221517793867078587e-02
9.854428898532182398e-04
1.581775941233932309e-02
1.581775941233932309e-02
4.125169492513478496e-03
4.125169492513478496e-03
4.125169492513478496e-03
4.582717286186084420e-03
1.969867724292615179e-03
4.125169492513478496e-03
2.192897513986317992e-03
2.192897513986317992e-03
1.969867724292615179e-03
4.582717286186084420e-03
2.192897513986317992e-03
2.192897513986317992e-03
3.758715480796684383e-02
3.758715480796684383e-02
3.758715480796684383e-02
2.553397251312881922e-02
2.949586771172371322e-02
3.758715480796684383e-02
1.997863144146180131e-02
1.997863144146180131e-02
2.949586771172371322e-02
2.553397251312881922e-02
1.997863144146180131e-02
1.997863144146180131e-02
1.755959239319715545e-04
1.755959239319715545e-04
1.755959239319715545e-04
1.976173851644793871e-04
8.450691119361143991e-03
1.755959239319715545e-04
9.459049460511717924e-03
9.459049460511717924e-03
8.450691119361143991e-03
1.976173851644793871e-04
9.459049460511717924e-03
9.459049460511717924e-03
1.606872954187636010e-02
1.606872954187636010e-02
1.606872954187636010e-02
1.758107213048714854e-02
3.948870164385134957e-07
1.606872954187636010e-02
4.398173279043173837e-07
4.398173279043173837e-07
3.948870164385134957e-07
1.758107213048714854e-02
4.398173279043173837e-07
4.398173279043173837e-07
2.563330268526284317e-02
2.563330268526284317e-02
2.563330268526284317e-02
2.236804805963944764e-02
1.900610538641352501e-02
2.563330268526284317e-02
1.654707140793868977e-02
1.654707140793868977e-02
1.900610538641352501e-02
2.236804805963944764e-02
1.654707140793868977e-02
1.654707140793868977e-02
1.345768465867179476e-03
1.345768465867179476e-03
1.345768465867179476e-03
1.929351958277694548e-03
3.657375067189526439e-04
1.345768465867179476e-03
5.293485778099673135e-04
5.293485778099673135e-04
3.657375067189526439e-04
1.929351958277694548e-03
5.293485778099673135e-04
5.293485778099673135e-04
3.699097520816034546e-02
3.699097520816034546e-02
3.699097520816034546e-02
3.811253614422134561e-02
5.380039066672819698e-03
3.699097520816034546e-02
5.946034674865984491e-03
5.946034674865984491e-03
5.380039066672819698e-03
3.811253614422134561e-02
5.946034674865984491e-03
5.946034674865984491e-03
6.784182611007075377e-03
6.784182611007075377e-03
6.784182611007075377e-03
7.636672594510272340e-03
2.620719338978836840e-02
6.784182611007075377e-03
2.957518657171147314e-02
2.957518657171147314e-02
2.620719338978836840e-02
7.636672594510272340e-03
2.957518657171147314e-02
2.957518657171147314e-02
7.287845785626105881e-04
7.287845785626105881e-04
7.287845785626105881e-04
6.642507677014158028e-04
2.144277394018599334e-02
7.287845785626105881e-04
1.970957847197650839e-02
1.970957847197650839e-02
2.144277394018599334e-02
6.642507677014158028e-04
1.970957847197650839e-02
1.970957847197650839e-02
1.487143284337985767e-02
1.487143284337985767e-02
1.487143284337985767e-02
2.238472370213556370e-02
8.415691203592576275e-04
1.487143284337985767e-02
1.311283115692849941e-03
1.311283115692849941e-03
8.415691203592576275e-04
2.238472370213556370e-02
1.311283115692849941e-03
1.311283115692849941e-03
7.503853319560053331e-03
7.503853319560053331e-03
7.503853319560053331e-03
6.926408304724622489e-03
8.871669407842114677e-03
7.503853319560053331e-03
8.194786278703245289e-03
8.194786278703245289e-03
8.871669407842114677e-03
6.926408304724622489e-03
8.194786278703245289e-03
8.194786278703245289e-03
3.370352966620052126e-02
3.370352966620052126e-02
3.370352966620052126e-02
3.063870805704976830e-02
3.561599077238275513e-02
3.370352966620052126e-02
3.279094743893258557e-02
3.279094743893258557e-02
3.561599077238275513e-02
3.063870805704976830e-02
3.279094743893258557e-02
3.279094743893258557e-02
2.319423540479710263e-02
2.319423540479710263e-02
2.319423540479710263e-02
2.749361700280536849e-02
2.982497751257104021e-03
2.319423540479710263e-02
3.563338306151350027e-03
3.563338306151350027e-03
2.982497751257104021e-03
2.749361700280536849e-02
3.563338306151350027e-03
3.563338306151350027e-03
3.044231684694316976e-03
3.044231684694316976e-03
3.044231684694316976e-03
2.110294869108112273e-03
3.224346671026929317e-02
3.044231684694316976e-03
2.273935410343478833e-02
2.273935410343478833e-02
3.224346671026929317e-02
2.110294869108112273e-03
2.273935410343478833e-02
2.273935410343478833e-02
1.146978750897506387e-02
1.146978750897506387e-02
1.146978750897506387e-02
1.047655755360302719e-02
1.302308827014803799e-02
1.146978750897506387e-02
1.189864108691885553e-02
1.189864108691885553e-02
1.302308827014803799e-02
1.047655755360302719e-02
1.189864108691885553e-02
1.189864108691885553e-02
2.566114966206008236e-05
2.566114966206008236e-05
2.566114966206008236e-05
2.351371956842053461e-05
1.100791041928432919e-04
2.566114966206008236e-05
1.009737288987506260e-04
1.009737288987506260e-04
1.100791041928432919e-04
2.351371956842053461e-05
1.009737288987506260e-04
1.009737288987506260e-04
3.189180760340479259e-02
3.189180760340479259e-02
3.189180760340479259e-02
3.451245013615376195e-02
1.229358622326647736e-03
3.189180760340479259e-02
1.333880458168557742e-03
1.333880458168557742e-03
1.229358622326647736e-03
3.451245013615376195e-02
1.333880458168557742e-03
1.333880458168557742e-03
8.011579571150466775e-03
8.011579571150466775e-03
8.011579571150466775e-03
8.563247878742968541e-03
2.392115135446061525e-02
8.011579571150466775e-03
2.546322842434566025e-02
2.546322842434566025e-02
2.392115135446061525e-02
8.563247878742968541e-03
2.546322842434566025e-02
2.546322842434566025e-02
1.923823379827851662e-02
1.923823379827851662e-02
1.923823379827851662e-02
2.065456855379646864e-02
3.602507581374639334e-02
1.923823379827851662e-02
3.689842197269917884e-02
3.689842197269917884e-02
3.602507581374639334e-02
2.065456855379646864e-02
3.689842197269917884e-02
3.689842197269917884e-02
1.282313224247589667e-03
1.282313224247589667e-03
1.282313224247589667e-03
8.027374639562361502e-04
1.050132705081393940e-02
1.282313224247589667e-03
6.720084729623577134e-03
6.720084729623577134e-03
1.050132705081393940e-02
8.027374639562361502e-04
6.720084729623577134e-03
6.720084729623577134e-03
9.855528622075336402e-05
9.855528622075336402e-05
9.855528622075336402e-05
9.302947886777390501e-05
3.530676109275169422e-02
9.855528622075336402e-05
3.366958486205757356e-02
3.366958486205757356e-02
3.530676109275169422e-02
9.302947886777390501e-05
3.366958486205757356e-02
3.366958486205757356e-02
1.159603857150915372e-02
1.159603857150915372e-02
1.159603857150915372e-02
1.089791742554409824e-02
3.785921062920285986e-03
1.159603857150915372e-02
3.555854184379260777e-03
3.555854184379260777e-03
3.785921062920285986e-03
1.089791742554409824e-02
3.555854184379260777e-03
3.555854184379260777e-03
4.421432171879290628e-03
4.421432171879290628e-03
4.421432171879290628e-03
3.281335014915836169e-03
2.764862231962299396e-04
4.421432171879290628e-03
2.011416033194680106e-04
2.011416033194680106e-04
2.764862231962299396e-04
3.281335014915836169e-03
2.011416033194680106e-04
2.011416033194680106e-04
2.916899157677554921e-02
2.916899157677554921e-02
2.916899157677554921e-02
3.459395054314939183e-02
1.490493023742590212e-02
2.916899157677554921e-02
1.781213466673332510e-02
1.781213466673332510e-02
1.490493023742590212e-02
3.459395054314939183e-02
1.781213466673332510e-02
1.781213466673332510e-02
1.245229223258592470e-02
1.245229223258592470e-02
1.245229223258592470e-02
1.122847803604901974e-02
3.249255935270001228e-02
1.245229223258592470e-02
2.952495149489711354e-02
2.952495149489711354e-02
3.249255935270001228e-02
1.122847803604901974e-02
2.952495149489711354e-02
2.952495149489711354e-02
3.496296253678741954e-07
3.496296253678741954e-07
3.496296253678741954e-07
3.048911558923153088e-07
2.635193026271462086e-03
3.496296253678741954e-07
2.313594350124885662e-03
2.313594350124885662e-03
2.635193026271462086e-03
3.048911558923153088e-07
2.313594350124885662e-03
2.313594350124885662e-03
2.692194963111796055e-02
2.692194963111796055e-02
2.692194963111796055e-02
2.410415040174586701e-02
2.219706448040026833e-05
2.692194963111796055e-02
1.951840405772850421e-05
1.951840405772850421e-05
2.219706448040026833e-05
2.410415040174586701e-02
1.951840405772850421e-05
1.951840405772850421e-05
1.742121177516393416e-03
1.742121177516393416e-03
1.742121177516393416e-03
2.590260353021238589e-03
9.856937378871223968e-03
1.742121177516393416e-03
1.432940790885066894e-02
1.432940790885066894e-02
9.856937378871223968e-03
2.590260353021238589e-03
1.432940790885066894e-02
1.432940790885066894e-02
4.790984018792346887e-03
4.790984018792346887e-03
4.790984018792346887e-03
4.832219016103862612e-03
6.248071879846017447e-04
4.790984018792346887e-03
6.303620791081737673e-04
6.303620791081737673e-04
6.248071879846017447e-04
4.832219016103862612e-03
6.303620791081737673e-04
6.303620791081737673e-04
3.850104992357946537e-02
3.850104992357946537e-02
3.850104992357946537e-02
3.864664221926914639e-02
2.139919153086704620e-02
3.850104992357946537e-02
2.154079886418365161e-02
2.154079886418365161e-02
2.139919153086704620e-02
3.864664221926914639e-02
2.154079886418365161e-02
2.154079886418365161e-02
3.213885866127939102e-04
3.213885866127939102e-04
3.213885866127939102e-04
4.311733617211018291e-04
2.868476271244545239e-02
3.213885866127939102e-04
3.723941709050036103e-02
3.723941709050036103e-02
2.868476271244545239e-02
4.311733617211018291e-04
3.723941709050036103e-02
3.723941709050036103e-02
1.719376375948175953e-02
1.719376375948175953e-02
1.719376375948175953e-02
1.324868902784682133e-02
6.563773279495099117e-03
1.719376375948175953e-02
5.035861014080020119e-03
5.035861014080020119e-03
6.563773279495099117e-03
1.324868902784682133e-02
5.035861014080020119e-03
5.035861014080020119e-03
