1.605221058291307656e+01
1.605221058291307656e+01
1.605221058291307656e+01
1.197764425952594536e+01
1.110849697007583359e+01
1.605221058291307656e+01
8.266595999539358530e+00
8.266595999539358530e+00
1.110849697007583359e+01
1.197764425952594536e+01
8.266595999539358530e+00
8.266595999539358530e+00
6.527191928530658993e-01
6.527191928530658993e-01
6.527191928530658993e-01
7.987341831612400078e-01
2.151161297341478151e-01
6.527191928530658993e-01
2.643312956236285038e-01
2.643312956236285038e-01
2.151161297341478151e-01
7.987341831612400078e-01
2.643312956236285038e-01
2.643312956236285038e-01
4.682559215167253264e+00
4.682559215167253264e+00
4.682559215167253264e+00
5.563420003095810529e+00
2.653205773841460058e+00
4.682559215167253264e+00
3.166356844178445318e+00
3.166356844178445318e+00
2.653205773841460058e+00
5.563420003095810529e+00
3.166356844178445318e+00
3.166356844178445318e+00
5.213599660986056004e-03
5.213599660986056004e-03
5.213599660986056004e-03
6.542515735061932812e-03
1.826088664906881220e+01
5.213599660986056004e-03
1.985004236323579718e+01
1.985004236323579718e+01
1.826088664906881220e+01
6.542515735061932812e-03
1.985004236323579718e+01
1.985004236323579718e+01
1.437185957162660788e-01
1.437185957162660788e-01
1.437185957162660788e-01
1.755571770906824425e-01
9.413969378012639888e-01
1.437185957162660788e-01
1.140672579818106769e+00
1.140672579818106769e+00
9.413969378012639888e-01
1.755571770906824425e-01
1.140672579818106769e+00
1.140672579818106769e+00
1.020648490944656039e+01
1.020648490944656039e+01
1.020648490944656039e+01
7.726077193274601740e+00
1.859945646112800688e+01
1.020648490944656039e+01
1.435638321820224128e+01
1.435638321820224128e+01
1.859945646112800688e+01
7.726077193274601740e+00
1.435638321820224128e+01
1.435638321820224128e+01
1.752436678753045873e+00
1.752436678753045873e+00
1.752436678753045873e+00
1.644841094464583264e+00
4.552240416447442151e+00
1.752436678753045873e+00
4.272676848837743790e+00
4.272676848837743790e+00
4.552240416447442151e+00
1.644841094464583264e+00
4.272676848837743790e+00
4.272676848837743790e+00
1.998413135375403726e+01
1.998413135375403726e+01
1.998413135375403726e+01
1.966949880667422690e+01
2.172271191985523583e-02
1.998413135375403726e+01
2.050752745043614433e-02
2.050752745043614433e-02
2.172271191985523583e-02
1.966949880667422690e+01
2.050752745043614433e-02
2.050752745043614433e-02
5.147622305062447445e+00
5.147622305062447445e+00
5.147622305062447445e+00
7.113494713016293325e+00
4.218955057321223667e-01
5.147622305062447445e+00
5.927511961248265182e-01
5.927511961248265182e-01
4.218955057321223667e-01
7.113494713016293325e+00
5.927511961248265182e-01
5.927511961248265182e-01
4.752149959881411118e-02
4.752149959881411118e-02
4.752149959881411118e-02
3.902495574393647498e-02
1.317639076419008326e+01
4.752149959881411118e-02
1.102012712023688579e+01
1.102012712023688579e+01
1.317639076419008326e+01
3.902495574393647498e-02
1.102012712023688579e+01
1.102012712023688579e+01
1.639206013273469509e+01
1.639206013273469509e+01
1.639206013273469509e+01
1.335295470273782037e+01
3.566635764400146513e+00
1.639206013273469509e+01
2.911402586923908853e+00
2.911402586923908853e+00
3.566635764400146513e+00
1.335295470273782037e+01
2.911402586923908853e+00
2.911402586923908853e+00
1.528481222847294596e+00
1.528481222847294596e+00
1.528481222847294596e+00
1.287947852991159658e+00
1.701492117249163915e-03
1.528481222847294596e+00
1.407384664393806053e-03
1.407384664393806053e-03
1.701492117249163915e-03
1.287947852991159658e+00
1.407384664393806053e-03
1.407384664393806053e-03
3.598460385027364428e-01
3.598460385027364428e-01
3.598460385027364428e-01
2.948715774958091118e-01
7.311359848726092459e+00
3.598460385027364428e-01
6.037505277901932033e+00
6.037505277901932033e+00
7.311359848726092459e+00
2.948715774958091118e-01
6.037505277901932033e+00
6.037505277901932033e+00
8.339125448099009574e+00
8.339125448099009574e+00
8.339125448099009574e+00
1.173297960490913816e+01
6.440876530005736067e-02
8.339125448099009574e+00
9.238015239665285649e-02
9.238015239665285649e-02
6.440876530005736067e-02
1.173297960490913816e+01
9.238015239665285649e-02
9.238015239665285649e-02
8.322485387151215346e-05
8.322485387151215346e-05
8.322485387151215346e-05
8.950946608983706768e-05
1.854514058005224619e+00
8.322485387151215346e-05
1.975439167004090280e+00
1.975439167004090280e+00
1.854514058005224619e+00
8.950946608983706768e-05
1.975439167004090280e+00
1.975439167004090280e+00
2.759035628575969401e+00
2.759035628575969401e+00
2.759035628575969401e+00
2.975725180075407650e+00
1.701290980791469920e+01
2.759035628575969401e+00
1.821507730580515627e+01
1.821507730580515627e+01
1.701290980791469920e+01
2.975725180075407650e+00
1.821507730580515627e+01
1.821507730580515627e+01
2.775782007700800857e+00
2.775782007700800857e+00
2.775782007700800857e+00
3.125347438906290964e+00
1.181535682972364931e+01
2.775782007700800857e+00
1.318874853618742549e+01
1.318874853618742549e+01
1.181535682972364931e+01
3.125347438906290964e+00
1.318874853618742549e+01
1.318874853618742549e+01
1.877640315611792587e+01
1.877640315611792587e+01
1.877640315611792587e+01
1.974529373029168511e+01
2.975677833421935259e-01
1.877640315611792587e+01
3.452164455253450281e-01
3.452164455253450281e-01
2.975677833421935259e-01
1.974529373029168511e+01
3.452164455253450281e-01
3.452164455253450281e-01
2.914477399867249630e-01
2.914477399867249630e-01
2.914477399867249630e-01
1.985704547013163179e-01
9.022213089212505123e-05
2.914477399867249630e-01
6.011025143435382522e-05
6.011025143435382522e-05
9.022213089212505123e-05
1.985704547013163179e-01
6.011025143435382522e-05
6.011025143435382522e-05
9.215879410894217472e+00
9.215879410894217472e+00
9.215879410894217472e+00
1.045938154940029996e+01
3.000062591555605618e+00
9.215879410894217472e+00
3.419583634671654604e+00
3.419583634671654604e+00
3.000062591555605618e+00
1.045938154940029996e+01
3.419583634671654604e+00
3.419583634671654604e+00
4.154157028961722453e+00
4.154157028961722453e+00
4.154157028961722453e+00
4.193575564475236384e+00
3.397840169722824571e-02
4.154157028961722453e+00
3.430229742789502739e-02
3.430229742789502739e-02
3.397840169722824571e-02
4.193575564475236384e+00
3.430229742789502739e-02
3.430229742789502739e-02
1.999769409237126330e-02
1.999769409237126330e-02
1.999769409237126330e-02
2.016688924114961798e-02
6.388881296501239149e+00
1.999769409237126330e-02
6.437243647957836323e+00
6.437243647957836323e+00
6.388881296501239149e+00
2.016688924114961798e-02
6.437243647957836323e+00
6.437243647957836323e+00
1.400115168042146330e+01
1.400115168042146330e+01
1.400115168042146330e+01
1.783715556537943669e+01
1.560077596517706944e+01
1.400115168042146330e+01
1.906560095844820069e+01
1.906560095844820069e+01
1.560077596517706944e+01
1.783715556537943669e+01
1.906560095844820069e+01
1.906560095844820069e+01
1.116275418217834714e+00
1.116275418217834714e+00
1.116275418217834714e+00
8.727609796455664259e-01
1.465019448084140086e+00
1.116275418217834714e+00
1.147253940176767628e+00
1.147253940176767628e+00
1.465019448084140086e+00
8.727609796455664259e-01
1.147253940176767628e+00
1.147253940176767628e+00
1.277724808016483414e-03
1.277724808016483414e-03
1.277724808016483414e-03
1.113060167975401518e-03
1.365098005699928729e-01
1.277724808016483414e-03
1.193244353275323827e-01
1.193244353275323827e-01
1.365098005699928729e-01
1.113060167975401518e-03
1.193244353275323827e-01
1.193244353275323827e-01
4.457386913563128772e+00
4.457386913563128772e+00
4.457386913563128772e+00
4.009888034629976339e+00
9.833521137673148615e+00
4.457386913563128772e+00
8.880701732114141933e+00
8.880701732114141933e+00
9.833521137673148615e+00
4.009888034629976339e+00
8.880701732114141933e+00
8.880701732114141933e+00
4.142148518095931098e-01
4.142148518095931098e-01
4.142148518095931098e-01
6.194220848596558859e-01
1.716507530743151833e+01
4.142148518095931098e-01
2.043178201270078276e+01
2.043178201270078276e+01
1.716507530743151833e+01
6.194220848596558859e-01
2.043178201270078276e+01
2.043178201270078276e+01
1.299032533384226262e+01
1.299032533384226262e+01
1.299032533384226262e+01
1.158406390313355594e+01
2.171056066965168618e+00
1.299032533384226262e+01
1.926254051470160711e+00
1.926254051470160711e+00
2.171056066965168618e+00
1.158406390313355594e+01
1.926254051470160711e+00
1.926254051470160711e+00
2.007159536388467203e+01
2.007159536388467203e+01
2.007159536388467203e+01
2.010509642310891465e+01
1.704118601127154520e+01
2.007159536388467203e+01
1.713764873125519372e+01
1.713764873125519372e+01
1.704118601127154520e+01
2.010509642310891465e+01
1.713764873125519372e+01
1.713764873125519372e+01
1.616459552551183121e+00
1.616459552551183121e+00
1.616459552551183121e+00
1.629471714297040519e+00
7.098309489398282324e-01
1.616459552551183121e+00
7.156453011499753769e-01
7.156453011499753769e-01
7.098309489398282324e-01
1.629471714297040519e+00
7.156453011499753769e-01
7.156453011499753769e-01
8.093215113156555063e+00
8.093215113156555063e+00
8.093215113156555063e+00
6.366477530118362260e+00
7.546483378213979763e-03
8.093215113156555063e+00
5.776036865622699405e-03
5.776036865622699405e-03
7.546483378213979763e-03
6.366477530118362260e+00
5.776036865622699405e-03
5.776036865622699405e-03
7.335417542961407411e-02
7.335417542961407411e-02
7.335417542961407411e-02
9.689367214481768575e-02
3.916491426586320657e+00
7.335417542961407411e-02
5.071569111581295530e+00
5.071569111581295530e+00
3.916491426586320657e+00
9.689367214481768575e-02
5.071569111581295530e+00
5.071569111581295530e+00
7.935794811222803835e-01
7.935794811222803835e-01
7.935794811222803835e-01
8.816002379300481584e-01
2.778990892045806738e-01
7.935794811222803835e-01
3.093630167856197821e-01
3.093630167856197821e-01
2.778990892045806738e-01
8.816002379300481584e-01
3.093630167856197821e-01
3.093630167856197821e-01
1.751467446164235042e+01
1.751467446164235042e+01
1.751467446164235042e+01
1.189819284180520320e+01
1.223119894335903091e+01
1.751467446164235042e+01
8.284638992988172745e+00
8.284638992988172745e+00
1.223119894335903091e+01
1.189819284180520320e+01
8.284638992988172745e+00
8.284638992988172745e+00
9.758743472519319090e-03
9.758743472519319090e-03
9.758743472519319090e-03
1.098258618051593978e-02
2.348235794792477904e+00
9.758743472519319090e-03
2.628433368839693696e+00
2.628433368839693696e+00
2.348235794792477904e+00
1.098258618051593978e-02
2.628433368839693696e+00
2.628433368839693696e+00
5.289424046947150515e+00
5.289424046947150515e+00
5.289424046947150515e+00
5.787249418553106928e+00
1.688141995274645098e-06
5.289424046947150515e+00
1.880219076790957005e-06
1.880219076790957005e-06
1.688141995274645098e-06
5.787249418553106928e+00
1.880219076790957005e-06
1.880219076790957005e-06
1.019116031509337539e+01
1.019116031509337539e+01
1.019116031509337539e+01
8.892976707311154527e+00
6.581339142680342924e+00
1.019116031509337539e+01
5.729837151783971017e+00
5.729837151783971017e+00
6.581339142680342924e+00
8.892976707311154527e+00
5.729837151783971017e+00
5.729837151783971017e+00
1.668416455558835443e-01
1.668416455558835443e-01
1.668416455558835443e-01
2.391914090274771809e-01
2.657997330079987786e-02
1.668416455558835443e-01
3.847040789233937413e-02
3.847040789233937413e-02
2.657997330079987786e-02
2.391914090274771809e-01
3.847040789233937413e-02
3.847040789233937413e-02
1.976705237686068628e+01
1.976705237686068628e+01
1.976705237686068628e+01
2.036638650206828416e+01
1.126983683491288968e+00
1.976705237686068628e+01
1.245545613517551997e+00
1.245545613517551997e+00
1.126983683491288968e+00
2.036638650206828416e+01
1.245545613517551997e+00
1.245545613517551997e+00
1.769145220385370143e+00
1.769145220385370143e+00
1.769145220385370143e+00
1.991453295833416348e+00
1.266003994677201661e+01
1.769145220385370143e+00
1.428703325312952011e+01
1.428703325312952011e+01
1.266003994677201661e+01
1.991453295833416348e+00
1.428703325312952011e+01
1.428703325312952011e+01
6.542663554045836938e-02
6.542663554045836938e-02
6.542663554045836938e-02
5.963311267039460989e-02
8.158439414892264097e+00
6.542663554045836938e-02
7.499001869125263120e+00
7.499001869125263120e+00
8.158439414892264097e+00
5.963311267039460989e-02
7.499001869125263120e+00
7.499001869125263120e+00
5.403906909463155550e+00
5.403906909463155550e+00
5.403906909463155550e+00
8.134048975263509007e+00
8.994269973839565113e-02
5.403906909463155550e+00
1.401433829896733263e-01
1.401433829896733263e-01
8.994269973839565113e-02
8.134048975263509007e+00
1.401433829896733263e-01
1.401433829896733263e-01
1.700185565879319016e+00
1.700185565879319016e+00
1.700185565879319016e+00
1.569350961642981268e+00
2.161804042955927319e+00
1.700185565879319016e+00
1.996864546463013035e+00
1.996864546463013035e+00
2.161804042955927319e+00
1.569350961642981268e+00
1.996864546463013035e+00
1.996864546463013035e+00
1.685766295079184474e+01
1.685766295079184474e+01
1.685766295079184474e+01
1.532471580243486819e+01
1.842326162678428858e+01
1.685766295079184474e+01
1.696193733647385216e+01
1.696193733647385216e+01
1.842326162678428858e+01
1.532471580243486819e+01
1.696193733647385216e+01
1.696193733647385216e+01
1.001469099190626899e+01
1.001469099190626899e+01
1.001469099190626899e+01
1.187105648138628844e+01
5.227572933515888254e-01
1.001469099190626899e+01
6.245641216106778693e-01
6.245641216106778693e-01
5.227572933515888254e-01
1.187105648138628844e+01
6.245641216106778693e-01
6.245641216106778693e-01
4.815213467265235803e-01
4.815213467265235803e-01
4.815213467265235803e-01
3.337958909211756198e-01
1.447328611957212985e+01
4.815213467265235803e-01
1.020712757317929054e+01
1.020712757317929054e+01
1.447328611957212985e+01
3.337958909211756198e-01
1.020712757317929054e+01
1.020712757317929054e+01
3.383300570459919498e+00
3.383300570459919498e+00
3.383300570459919498e+00
3.090322564374053282e+00
4.064180271906448816e+00
3.383300570459919498e+00
3.713268417200201288e+00
3.713268417200201288e+00
4.064180271906448816e+00
3.090322564374053282e+00
3.713268417200201288e+00
3.713268417200201288e+00
5.485070740265343041e-04
5.485070740265343041e-04
5.485070740265343041e-04
5.026057557749889684e-04
4.235293533819645823e-03
5.485070740265343041e-04
3.884964219379430286e-03
3.884964219379430286e-03
4.235293533819645823e-03
5.026057557749889684e-04
3.884964219379430286e-03
3.884964219379430286e-03
1.649683477805121257e+01
1.649683477805121257e+01
1.649683477805121257e+01
1.785242764417893824e+01
1.524097352029461505e-01
1.649683477805121257e+01
1.653678298014469583e-01
1.653678298014469583e-01
1.524097352029461505e-01
1.785242764417893824e+01
1.653678298014469583e-01
1.653678298014469583e-01
1.952221652000089902e+00
1.952221652000089902e+00
1.952221652000089902e+00
2.086649426852692724e+00
9.510451749749678996e+00
1.952221652000089902e+00
1.012354304080922596e+01
1.012354304080922596e+01
9.510451749749678996e+00
2.086649426852692724e+00
1.012354304080922596e+01
1.012354304080922596e+01
7.319667004400018051e+00
7.319667004400018051e+00
7.319667004400018051e+00
7.858546970505710938e+00
1.925089988797072849e+01
7.319667004400018051e+00
1.971759424166112495e+01
1.971759424166112495e+01
1.925089988797072849e+01
7.858546970505710938e+00
1.971759424166112495e+01
1.971759424166112495e+01
1.370472258414611455e-01
1.370472258414611455e-01
1.370472258414611455e-01
8.579256646032273892e-02
2.738483561676005262e+00
1.370472258414611455e-01
1.752430095367588203e+00
1.752430095367588203e+00
2.738483561676005262e+00
8.579256646032273892e-02
1.752430095367588203e+00
1.752430095367588203e+00
3.791914637343485675e-03
3.791914637343485675e-03
3.791914637343485675e-03
3.579309199437601119e-03
1.645206800019496995e+01
3.791914637343485675e-03
1.568918480609728050e+01
1.568918480609728050e+01
1.645206800019496995e+01
3.579309199437601119e-03
1.568918480609728050e+01
1.568918480609728050e+01
3.618833737203718925e+00
3.618833737203718925e+00
3.618833737203718925e+00
3.400967580576674365e+00
7.283165644792899407e-01
3.618833737203718925e+00
6.840574487199603260e-01
6.840574487199603260e-01
7.283165644792899407e-01
3.400967580576674365e+00
6.840574487199603260e-01
6.840574487199603260e-01
7.749665239261426253e-01
7.749665239261426253e-01
7.749665239261426253e-01
5.751359947393732686e-01
1.536572185413047874e-02
7.749665239261426253e-01
1.117844460447943444e-02
1.117844460447943444e-02
1.536572185413047874e-02
5.751359947393732686e-01
1.117844460447943444e-02
1.117844460447943444e-02
1.309323109402512664e+01
1.309323109402512664e+01
1.309323109402512664e+01
1.552835955005618551e+01
4.906330410904671702e+00
1.309323109402512664e+01
5.863309428921941624e+00
5.863309428921941624e+00
4.906330410904671702e+00
1.552835955005618551e+01
5.863309428921941624e+00
5.863309428921941624e+00
3.460180704129813378e+00
3.460180704129813378e+00
3.460180704129813378e+00
3.120113334267121896e+00
1.402947481451204936e+01
3.460180704129813378e+00
1.274813593170920001e+01
1.274813593170920001e+01
1.402947481451204936e+01
3.120113334267121896e+00
1.274813593170920001e+01
1.274813593170920001e+01
1.494666648447662200e-06
1.494666648447662200e-06
1.494666648447662200e-06
1.303409691439647991e-06
4.168216569304885044e-01
1.494666648447662200e-06
3.659527863310037543e-01
3.659527863310037543e-01
4.168216569304885044e-01
1.303409691439647991e-06
3.659527863310037543e-01
3.659527863310037543e-01
1.116385946328384016e+01
1.116385946328384016e+01
1.116385946328384016e+01
9.995388567843967564e+00
4.744622532685557437e-04
1.116385946328384016e+01
4.172058867339467690e-04
4.172058867339467690e-04
4.744622532685557437e-04
9.995388567843967564e+00
4.172058867339467690e-04
4.172058867339467690e-04
2.457697451181251880e-01
2.457697451181251880e-01
2.457697451181251880e-01
3.654209793024712494e-01
2.907550103332539049e+00
2.457697451181251880e-01
4.226817097913225574e+00
4.226817097913225574e+00
2.907550103332539049e+00
3.654209793024712494e-01
4.226817097913225574e+00
4.226817097913225574e+00
1.003591377336527035e+00
1.003591377336527035e+00
1.003591377336527035e+00
1.012229078398356741e+00
5.609206530131761320e-02
1.003591377336527035e+00
5.659075565193630308e-02
5.659075565193630308e-02
5.609206530131761320e-02
1.012229078398356741e+00
5.659075565193630308e-02
5.659075565193630308e-02
1.859889469183314858e+01
1.859889469183314858e+01
1.859889469183314858e+01
1.866922669007344382e+01
7.775931222528812192e+00
1.859889469183314858e+01
7.827387787272733988e+00
7.827387787272733988e+00
7.775931222528812192e+00
1.866922669007344382e+01
7.827387787272733988e+00
7.827387787272733988e+00
2.335691553208479876e-02
2.335691553208479876e-02
2.335691553208479876e-02
3.133552406308107163e-02
1.434740118969740585e+01
2.335691553208479876e-02
1.862622544324101881e+01
1.862622544324101881e+01
1.434740118969740585e+01
3.133552406308107163e-02
1.862622544324101881e+01
1.862622544324101881e+01
5.953770545814546900e+00
5.953770545814546900e+00
5.953770545814546900e+00
4.587689793117657899e+00
1.487186930801602136e+00
5.953770545814546900e+00
1.141000209265180532e+00
1.141000209265180532e+00
1.487186930801602136e+00
4.587689793117657899e+00
1.141000209265180532e+00
1.141000209265180532e+00
