2.148515622386173618e+01
3.687017531041484375e+01
2.527313644508641133e+01
2.409901547359652341e+01
1.486821964997307965e+01
2.148515622386173618e+01
1.956479176939183162e+01
2.854245273500607638e+01
2.998049806705563469e+01
4.859361132894027691e+01
3.353779293415806961e+01
3.353779293415806961e+01
3.022577847946519736e+00
4.952842788635230420e+00
1.922895088667572194e+00
2.854276047514931136e+00
9.961485054979730691e-01
3.022577847946519736e+00
6.009251513973268288e-01
1.547816009385169833e+00
1.038659005354460874e+00
2.976081883530921957e+00
9.848978505492763658e-01
9.848978505492763658e-01
1.541876584503976311e+01
1.407133588818743597e+01
2.471796847878071546e+01
1.467001367291424430e+01
8.736495725042912497e+00
1.541876584503976311e+01
1.338479394011872436e+01
7.619636358354836325e+00
1.278202883360238040e+01
2.146312934361448299e+01
1.221549450820252503e+01
1.221549450820252503e+01
1.914342741708643589e-02
1.732639076262899869e-02
1.660122763908735213e-02
1.759971976249444583e-02
6.705078657151356936e+01
1.914342741708643589e-02
4.630660308041237982e+01
4.832933547469217928e+01
5.261856130053424607e+01
1.381149991741451553e-02
4.190419550560096695e+01
4.190419550560096695e+01
2.953901095889092665e-01
2.678573145179055648e-01
4.934038973188893951e-01
2.840569633028428576e-01
1.934887710514318071e+00
2.953901095889092665e-01
3.082864796462152501e+00
1.673614436143061157e+00
2.932004382633071504e+00
4.304416513659043431e-01
2.796769673911391418e+00
2.796769673911391418e+00
4.058323586412326733e+01
3.710459622365051757e+01
3.479881324215086380e+01
4.473348710577388232e+01
7.395554250100578031e+01
4.058323586412326733e+01
7.127488327214972230e+01
7.599758492618865091e+01
5.797940571942399401e+01
3.507000165829373373e+01
6.516610832049684632e+01
6.516610832049684632e+01
7.189755470280470462e+00
6.548799385160861242e+00
8.559541709504349782e+00
7.428008017413197273e+00
1.867656379999627703e+01
7.189755470280470462e+00
2.297126204912060032e+01
1.757502818364805464e+01
2.025350202963238644e+01
8.055184940220845746e+00
2.092433264405476834e+01
2.092433264405476834e+01
4.226580713217863661e+01
3.816390794133352671e+01
2.581280893864061099e+01
4.446936020563028791e+01
4.594285016146113648e-02
4.226580713217863661e+01
2.831567954810350687e-02
4.186437013263046708e-02
2.531084074977395237e-02
2.449906547925077049e+01
2.554286017980737442e-02
2.554286017980737442e-02
1.239943520280653466e+01
1.120397438158635595e+01
1.839046916869642345e+01
1.094511647212450889e+01
1.016248993352918850e+00
1.239943520280653466e+01
1.352697598201553220e+00
8.241001954469372448e-01
1.362747582574890259e+00
1.467694542474052177e+01
1.222996193425837097e+00
1.222996193425837097e+00
2.018740599540120029e-01
1.840654612849743355e-01
1.622709812113581895e-01
2.125648650618682245e-01
5.597406482462893251e+01
2.018740599540120029e-01
4.824985486363164000e+01
5.473025260653185597e+01
4.102280976925441536e+01
1.557865781300806773e-01
4.399205231352379997e+01
4.399205231352379997e+01
9.468764504024284179e+01
8.664750909654007671e+01
1.031059984579549820e+02
1.042171334086889232e+02
2.060243425857997934e+01
9.468764504024284179e+01
2.474312948769663123e+01
2.079346080176241074e+01
2.052900973560289799e+01
1.038457164581222827e+02
2.264193163743409798e+01
2.264193163743409798e+01
4.742133277114901624e+00
4.306848144836589398e+00
2.783252174363935794e+00
4.938492043879275428e+00
5.278901872883567416e-03
4.742133277114901624e+00
3.167289016916614592e-03
4.901112788957418497e-03
2.812944026351802199e-03
2.631551415148364992e+00
2.875586225515489383e-03
2.875586225515489383e-03
8.351988488730427429e-01
5.457937588712367116e-01
1.059634628868554529e+00
8.985578622540152383e-01
1.696958886850766746e+01
8.351988488730427429e-01
2.334193816931988508e+01
1.202290282488818995e+01
1.409065156249158868e+01
7.461150558134937993e-01
1.527673038429784746e+01
1.527673038429784746e+01
7.090274452345003908e+01
4.810354505674862224e+01
4.882432422734044764e+01
6.098992649400889121e+01
5.476303551929249114e-01
7.090274452345003908e+01
3.306752291807397715e-01
3.257935678122309553e-01
2.557795456923243060e-01
2.848632392729604490e+01
2.242883763748267645e-01
2.242883763748267645e-01
1.865074601635138558e-04
2.285624599774122500e-04
3.241937413869733697e-04
1.857327024366537142e-04
4.155978541339087506e+00
1.865074601635138558e-04
7.125108629098714452e+00
5.023330644527139732e+00
8.851353899596501762e+00
3.955713109783205663e-04
8.730105263564443163e+00
8.730105263564443163e+00
6.527720122780222844e+00
8.151944685020961145e+00
6.106942138175225132e+00
6.332422479346610622e+00
4.025156926207917252e+01
6.527720122780222844e+00
3.626355362261588766e+01
4.840695662824603573e+01
4.703676011295264203e+01
7.399876391291525302e+00
4.529629329458506248e+01
4.529629329458506248e+01
3.743909330224470811e+00
6.370848800187048688e+00
3.791499935019180256e+00
3.635138148786216217e+00
1.593627473339466860e+01
3.743909330224470811e+00
1.553502421388897226e+01
2.610346619284081271e+01
2.746050690285326823e+01
6.263868934085913054e+00
2.643309067237835919e+01
2.643309067237835919e+01
9.500630712310190518e+01
4.595026833384822140e+01
9.586051477829145995e+01
8.134648902731373710e+01
1.505656646754391259e+00
9.500630712310190518e+01
1.435006970063563037e+00
6.878635639279474523e-01
7.348103418403605369e-01
3.969978250919525209e+01
6.940903484726836936e-01
6.940903484726836936e-01
1.028475813407673911e+00
5.131099745691217739e-01
1.039274301718425608e+00
1.136938984545315057e+00
3.183805078086330859e-04
1.028475813407673911e+00
3.477820621320241198e-04
1.717067811270751984e-04
1.605135305904769499e-04
5.731949224260010078e-01
1.735146900869410068e-04
1.735146900869410068e-04
3.238215427441043914e+01
5.374578846111961639e+01
3.263699805859362613e+01
3.093962709879610884e+01
1.054142370372171378e+01
3.238215427441043914e+01
1.019498913250758676e+01
1.678885197392990491e+01
1.763346510521853361e+01
5.175513765019018564e+01
1.692079219816936231e+01
1.692079219816936231e+01
1.879639270999839695e+01
2.310646019615036195e+01
1.606346637435047242e+01
1.869364308674088093e+01
1.537427154309585486e-01
1.879639270999839695e+01
1.306764838413034258e-01
1.879713196445157719e-01
1.615348271037335415e-01
1.964108930618986903e+01
1.606587211391005687e-01
1.606587211391005687e-01
1.436155211114914232e-01
5.305147616073584843e-02
1.276846608461953136e-01
1.433750296220428488e-01
4.588241586646287828e+01
1.436155211114914232e-01
4.068852099222700502e+01
1.690560234196722789e+01
1.506249491328657619e+01
4.706782791602854427e-02
1.502398672658924461e+01
1.502398672658924461e+01
5.815171867201445366e+01
3.919651650373476315e+01
4.815360565342993482e+01
5.291713935001087776e+01
6.479552223269628541e+01
5.815171867201445366e+01
4.683683227606839949e+01
3.812467715303488802e+01
3.615409590206686374e+01
2.952628924036867986e+01
3.155976559027206818e+01
3.155976559027206818e+01
2.481859907516697827e+00
5.566403564371693591e+00
2.168777218944370588e+00
2.660849030735822573e+00
3.257236496112403401e+00
2.481859907516697827e+00
3.056484168955164282e+00
7.844800389778569638e+00
6.386423683016455577e+00
5.217094087919190493e+00
6.857927758260790263e+00
6.857927758260790263e+00
2.652884552132306339e-03
6.008612688543323900e-03
2.682101438221874256e-03
2.795823370059674975e-03
2.834293729562806785e-01
2.652884552132306339e-03
3.030242084886025644e-01
6.788539307698604475e-01
6.489848165808379532e-01
6.401760333042401212e-03
6.862939298528215604e-01
6.862939298528215604e-01
1.691855924161653135e+01
1.136133669204850882e+01
1.705584477091529649e+01
1.742582264411570847e+01
3.732433669044451818e+01
1.691855924161653135e+01
3.890614362383195868e+01
2.591638250913971220e+01
2.526814098291616872e+01
1.179707885947603607e+01
2.612699849882555725e+01
2.612699849882555725e+01
2.154618544788813761e+00
7.847199472853545466e-01
2.183257047004018236e+00
1.900870908740171394e+00
8.928745412800755332e+01
2.154618544788813761e+00
6.353406780362364970e+01
2.283581331208772625e+01
3.295453642821827600e+01
7.015803084452466587e-01
2.314179018948682653e+01
2.314179018948682653e+01
3.669175752262590606e+01
4.520425320564407201e+01
3.703427777153835621e+01
3.832880189222910161e+01
6.132245400319789042e+00
3.669175752262590606e+01
6.432995229608806653e+00
7.852151107788635898e+00
7.625391785729296323e+00
4.766151907270504040e+01
7.925387409869671274e+00
7.925387409869671274e+00
3.049333021285498191e+01
6.787558940518292161e+01
3.086073887771134139e+01
3.030466340438857387e+01
2.588944739267682493e+01
3.049333021285498191e+01
2.614303499985024004e+01
5.749939806971846679e+01
5.832014984067231467e+01
6.826613499348020753e+01
5.819027261237095416e+01
5.819027261237095416e+01
8.325923183167477148e+00
5.637095314201005181e+00
8.398168076199961973e+00
8.305060883488362578e+00
3.656137231878403782e+00
8.325923183167477148e+00
3.679137178913061135e+00
2.469544162890567662e+00
2.496896417703860394e+00
5.671799348226493898e+00
2.490989267877441460e+00
2.490989267877441460e+00
2.285130522968678690e+01
1.520248322259580931e+01
2.308166420394298868e+01
2.498528383572975642e+01
2.130760058582785790e-02
2.285130522968678690e+01
2.289660755859119004e-02
1.508059770683174532e-02
1.431884646114036340e-02
1.679027357354260985e+01
1.523310789771525030e-02
1.523310789771525030e-02
2.054100538414251054e-01
4.729462316636927066e-01
2.069839294266200280e-01
1.910236159115709931e-01
1.096715640374840284e+01
2.054100538414251054e-01
1.007508979044976094e+01
2.302099377118955559e+01
2.544372314691328896e+01
4.431734005466649307e-01
2.319640157643795320e+01
2.319640157643795320e+01
1.162936175261555016e+00
2.410825757010149673e+00
1.411712915256235101e+00
1.128070698879511502e+00
4.072420111608796578e-01
1.162936175261555016e+00
4.805333366227393932e-01
8.206216239240516908e-01
1.023137492052057285e+00
2.834116800520963597e+00
9.945221037945577436e-01
9.945221037945577436e-01
4.991932237534079064e+01
2.939302096396396635e+01
5.748342722078919564e+01
5.844330617131740269e+01
3.486066295023868378e+01
4.991932237534079064e+01
4.685989737858650273e+01
2.396088773078348311e+01
2.365115966160367478e+01
3.965076531627897083e+01
2.760858567419459675e+01
2.760858567419459675e+01
5.300309526297029145e-02
3.192017019897577107e-02
4.474252035160696667e-02
5.068543542797138146e-02
1.275407698560713321e+01
5.300309526297029145e-02
1.023987714458259823e+01
7.305324302320826746e+00
6.481605701721186996e+00
2.575827381588615198e-02
6.164659699324508857e+00
6.164659699324508857e+00
1.456992130980130185e+01
2.918276974366132492e+01
1.286217974497238714e+01
1.419237670984529842e+01
4.650051841678008224e-06
1.456992130980130185e+01
4.070509317142824210e-06
9.235505839361300666e-06
8.224407162718958938e-06
2.510163082963322267e+01
8.155267162520222831e-06
8.155267162520222831e-06
2.097599704513030971e+01
3.111932220912560254e+01
1.740501113100193109e+01
2.198417576196633760e+01
1.354606797867829293e+01
2.097599704513030971e+01
1.175322374792568603e+01
2.101419838543886698e+01
1.668044666871248438e+01
2.707101957042305784e+01
1.744213875470502373e+01
1.744213875470502373e+01
1.178644281953268536e+00
5.255273743369851536e-01
1.031604490358364323e+00
1.088656699105942316e+00
1.877728635502153853e-01
1.178644281953268536e+00
1.532507587868564836e-01
7.807010306094132324e-02
7.324966440438401838e-02
4.246819074566074437e-01
6.830381689200056006e-02
6.830381689200056006e-02
5.247193814221164843e+01
4.267240526986508797e+01
6.482113019686524069e+01
4.770254082441270072e+01
2.991595155414279006e+00
5.247193814221164843e+01
3.603932599293082628e+00
2.372505261405484234e+00
3.006001187693378096e+00
4.793225250236745438e+01
2.931389269484625970e+00
2.931389269484625970e+00
5.434428617570358000e+00
1.472630260324045004e+01
6.324723522077134952e+00
5.104252780344157081e+00
3.888888407438658135e+01
5.434428617570358000e+00
4.261787202385014695e+01
9.923021576179162651e+01
1.225705834604672333e+02
1.608766248524357678e+01
1.154156963523515316e+02
1.154156963523515316e+02
1.351494355378043688e-01
2.729160090963635432e-01
1.040285161527666064e-01
1.381543583225550986e-01
1.685259333120126612e+01
1.351494355378043688e-01
1.337268888046164328e+01
3.508288895309643607e+01
2.622347574713671392e+01
2.149750720042157559e-01
2.703361261192882026e+01
2.703361261192882026e+01
3.965301299757885545e+01
2.376516221546591012e+01
3.275645608788557439e+01
3.386287536856739422e+01
6.599852850015591743e-01
3.965301299757885545e+01
4.819592980932840276e-01
3.496666693646079960e-01
3.266242364333610815e-01
1.675860971759433582e+01
2.887379049683185261e-01
2.887379049683185261e-01
6.264231482890131986e+00
2.035278718460954206e+00
6.933590480514400411e+00
6.379399642960339456e+00
7.965037003898974177e+00
6.264231482890131986e+00
8.984599603211540497e+00
2.637329738134828627e+00
2.866770634200557222e+00
2.296069127025511580e+00
2.921551104913760799e+00
2.921551104913760799e+00
6.554033480245227850e+01
7.205742877238017741e+01
7.061850772336551074e+01
6.837755388411554236e+01
7.162717268089028266e+01
6.554033480245227850e+01
8.154671411724551433e+01
8.320830804218287824e+01
8.484894970674686476e+01
8.099947845814624259e+01
8.965308692222839682e+01
8.965308692222839682e+01
2.412247018779734731e+01
4.801801157592031899e+01
3.205223422767934238e+01
2.249774905265671521e+01
1.259169876985592129e+00
2.412247018779734731e+01
1.572762909592565705e+00
2.356183567814324586e+00
3.328457078346005016e+00
5.946996783343809767e+01
3.128854477303358195e+00
3.128854477303358195e+00
2.122042456443534064e+00
1.285017798364642028e+00
2.612149529806131465e+00
2.422211065412133379e+00
6.378310710164657138e+01
2.122042456443534064e+00
9.117557392879002975e+01
4.485280568272138879e+01
4.755496219132509594e+01
1.805935158528984230e+00
5.522359937123393792e+01
5.522359937123393792e+01
1.110092623157661507e+01
6.570265970385173127e+00
1.025827490985673229e+01
1.149158966273188831e+01
1.333495633943320335e+01
1.110092623157661507e+01
1.275991430173863428e+01
8.172527199596691716e+00
7.290685874346590545e+00
6.282852998934361999e+00
7.549347721757979635e+00
7.549347721757979635e+00
9.669886057602246473e-04
1.981754069029992293e-03
9.122382665515132863e-04
9.711913834993078773e-04
7.466595752702056416e-03
9.669886057602246473e-04
7.081924875874498655e-03
1.538483305724874274e-02
1.443991488723801037e-02
1.878221532466636118e-03
1.451798624639625244e-02
1.451798624639625244e-02
3.709990128322174030e+01
5.646719103059317746e+01
5.177265148907492431e+01
3.565985494264057110e+01
3.427558199318539445e-01
3.709990128322174030e+01
4.609575908752421292e-01
5.027554044908623121e-01
7.268183639761826020e-01
7.561720595784784393e+01
7.004455357070541455e-01
7.004455357070541455e-01
7.628806441622489665e+00
1.120070177511497356e+01
5.996720578113406752e+00
7.501788030503049320e+00
3.716452765335218800e+01
7.628806441622489665e+00
2.860915619336440230e+01
5.343631112796835936e+01
4.289496935824132606e+01
8.658497444173084645e+00
4.200737815217624416e+01
4.200737815217624416e+01
2.814880203452014129e+01
2.301859635583059571e+01
4.145955042782726707e+01
2.740258828833729510e+01
7.403202490046496109e+01
2.814880203452014129e+01
1.012669965023637957e+02
5.622405676378630801e+01
8.917251567376662535e+01
3.300676615193034280e+01
8.281607587964522565e+01
8.281607587964522565e+01
2.979027854442273804e-01
2.391932036042162257e-01
2.247911196322206484e-01
3.455112283981525700e-01
5.952706272655571951e+00
2.979027854442273804e-01
5.325468193567178155e+00
5.666664234760578900e+00
3.603595067208726022e+00
2.091624382745437272e-01
4.272427866140293240e+00
4.272427866140293240e+00
8.069633313516436438e-03
6.509095503582131188e-03
1.003703988388845829e-02
8.127426342222727682e-03
3.501190525312582480e+01
8.069633313516436438e-03
4.431043907116420399e+01
2.873565145265992271e+01
3.514095936801328435e+01
8.157384089603954627e-03
3.575625892734367284e+01
3.575625892734367284e+01
2.670247487187765856e+01
2.192395976608652930e+01
1.699105139346540128e+01
2.751784998625296552e+01
5.374066943680012365e+00
2.670247487187765856e+01
3.521870002404055011e+00
4.544353050676375183e+00
2.807803592155873051e+00
1.437732705035839764e+01
2.891799885905708134e+00
2.891799885905708134e+00
2.310165384943150269e+00
1.881284777828088783e+00
2.784676572946922501e+00
2.470003633534569421e+00
4.580502208306968387e-02
2.310165384943150269e+00
5.786821834600389125e-02
3.909488065939365625e-02
4.496723041942587290e-02
2.424826306699265022e+00
4.712935165396031634e-02
4.712935165396031634e-02
3.701980681033350606e+01
2.958171627511847035e+01
2.512510869864662411e+01
3.479599164139382594e+01
1.387216055800310244e+01
3.701980681033350606e+01
8.917030558093319570e+00
1.049870355387901633e+01
7.512443612315670372e+00
1.884370672092390109e+01
7.115142004309984891e+00
7.115142004309984891e+00
3.847002261158920522e+00
4.258616153355750278e+00
5.778226890132813764e+00
3.948491892112215407e+00
1.559786206248815610e+01
3.847002261158920522e+00
2.423146747663028222e+01
1.785885545472588731e+01
2.591695690555379983e+01
6.560700036956014003e+00
2.680565957644295949e+01
2.680565957644295949e+01
5.991403552644207629e-06
6.571167615039545238e-06
4.468537579936571658e-06
6.249205890394029780e-06
1.670838617256951819e+00
5.991403552644207629e-06
1.308596600806339216e+00
1.924344922817345038e+00
1.366803975299296203e+00
5.112067296766807592e-06
1.435293356685954036e+00
1.435293356685954036e+00
4.330312268995944436e+01
4.732063845155172288e+01
6.105796217617429278e+01
4.505793333500940179e+01
1.840375833520156322e-03
4.330312268995944436e+01
2.651826486082842303e-03
2.055196700179777024e-03
2.835806909738885963e-03
6.942907875809937934e+01
2.897958410699582373e-03
2.897958410699582373e-03
1.013912070885947925e+00
1.116434657271551778e+00
7.896724830772142711e-01
9.142036517768503678e-01
1.199496766804082704e+01
1.013912070885947925e+00
8.235873008755371316e+00
1.164383242028550747e+01
1.028829620298658831e+01
7.841286629218974236e-01
9.070000429993642754e+00
9.070000429993642754e+00
2.570035299048499144e+00
2.057253988351660734e+00
3.541035134883987467e+00
2.561478664101929592e+00
1.436427126381936981e-01
2.570035299048499144e+00
1.973097627001086096e-01
1.146321007257717906e-01
1.585750226938247298e-01
2.827755963595670163e+00
1.580915330276368713e-01
1.580915330276368713e-01
8.388806774294103263e+01
6.846503622358143559e+01
6.649793656441420353e+01
8.348249952118345618e+01
3.507239843915984778e+01
8.388806774294103263e+01
2.774558864083624954e+01
2.856634099464673682e+01
2.268885699409585399e+01
5.400607250831575357e+01
2.264295567287332389e+01
2.264295567287332389e+01
8.451830510802871288e-02
1.246128107311031963e-01
1.225732304504336817e-01
7.615702362616320886e-02
5.191687359541960944e+01
8.451830510802871288e-02
6.565120597845546513e+01
6.674362154606160402e+01
1.109817240313907973e+02
1.627994367495318173e-01
9.677001108470631152e+01
9.677001108470631152e+01
1.074907138079584179e+01
1.642717441692181879e+01
8.189206060040408630e+00
1.203110196071688343e+01
2.685000765945045220e+00
1.074907138079584179e+01
2.279648768397692038e+00
4.572871613344789310e+00
3.131770547689114448e+00
1.403301304592219090e+01
3.490138074731764295e+00
3.490138074731764295e+00
