-2.281772456567380232e+03
-4.063818586509774377e+03
-2.728011997179795344e+03
-2.307874781422388423e+03
-2.180581267550595840e+03
-1.717552358216173388e+03
-2.000876524744116750e+03
-3.003278330825417925e+03
-3.548215432632535794e+03
-3.656055354718901526e+03
-4.752631526139117341e+03
-3.577435366948353476e+03
-2.670463449100953767e+03
-5.311327380710820762e+03
-1.343046345716141104e+03
-2.601033273180408287e+03
-1.390261988101326324e+03
-3.429836941736296012e+03
-7.689201423687683246e+02
-3.925115719760295633e+03
-1.907595034927801862e+03
-3.531963909506049731e+03
-1.430103301076062735e+03
-1.836767746879682136e+03
-4.066163691760589700e+03
-3.662191466716786181e+03
-6.916461399610067019e+03
-4.037402864048532592e+03
-3.673973034624925731e+03
-5.070154726763204962e+03
-8.001668684798626600e+03
-4.049056954573475650e+03
-7.249200855089065044e+03
-7.763045632502053195e+03
-5.769924111199372419e+03
-7.194596731248600008e+03
-3.471112272124202036e+01
-2.848661308875953679e+01
-2.610040596850354788e+01
-3.193162987653552420e+01
-4.403558216086189532e+03
-2.702266557126007740e+01
-2.922449606889030747e+03
-3.063584995036979763e+03
-2.664351996195201082e+03
-1.533414637096385036e+01
-3.383193697090576734e+03
-2.633821803272468514e+03
-3.437117998122762970e+02
-2.857557803185658827e+02
-9.004353018449384081e+02
-3.318707589731703251e+02
-1.418974890826613773e+03
-3.389872389901144629e+02
-2.974904639697788298e+03
-1.167689871150333829e+03
-2.639807997829729629e+03
-7.184243379960221318e+02
-2.618329724982275820e+03
-2.582338938384581070e+03
-6.240997651018796205e+03
-5.674821246621776481e+03
-5.290743794269329555e+03
-6.274795612408676789e+03
-6.408989322430181346e+03
-6.131024124128597578e+03
-5.382227426410553562e+03
-5.761027184110199414e+03
-4.882719622045511642e+03
-4.754190363637689188e+03
-4.992987417600151275e+03
-4.905005260461822218e+03
-2.672290562899118868e+03
-2.374752626404892453e+03
-3.325211057705112125e+03
-2.694594434258753154e+03
-3.176483077955835597e+03
-3.494533813021924743e+03
-5.067202414758477971e+03
-3.756788165882095655e+03
-4.556703936199632153e+03
-3.906492999988260635e+03
-3.496861194294036977e+03
-4.572818484846048705e+03
-3.327079860532446673e+03
-2.990802714618215305e+03
-1.955552176589405690e+03
-3.336312437521385164e+03
-6.358946311287536446e+01
-4.097831951775484413e+03
-2.958699323657897295e+01
-6.464321371607286437e+01
-2.394532475073847877e+01
-2.167865664604454651e+03
-1.961791479272308081e+01
-2.416260547829599759e+01
-1.880122054970770250e+03
-1.671964421848789925e+03
-2.958370656098371910e+03
-1.839105815512062009e+03
-6.529160779515503918e+02
-1.983142441544511030e+03
-1.244456806047373902e+03
-5.347681871802918749e+02
-1.131912820193599828e+03
-2.741641259229914795e+03
-9.992186882471172567e+02
-1.053970397192164683e+03
-5.540266085539109326e+02
-4.637064917521640268e+02
-3.624375683006367694e+02
-5.810663886223294412e+02
-7.098164997493116061e+03
-5.775189029095538444e+02
-5.893103740047965402e+03
-6.740732305864130467e+03
-5.327664407620649399e+03
-3.315621729502407220e+02
-5.130848067766536587e+03
-5.348410530003988242e+03
-9.247146058397922388e+03
-8.440856412076851484e+03
-1.009970201206199090e+04
-9.268959848347536536e+03
-8.463844739586738797e+03
-7.720633058281440753e+03
-7.844050646459880227e+03
-6.472317038420432254e+03
-7.044444574362762978e+03
-7.716880747076332227e+03
-8.523648575315575727e+03
-7.116570080342845358e+03
-3.633124534445818426e+03
-3.189918739110635215e+03
-1.706051873951811331e+03
-3.683691497432236702e+03
-1.169280575034794900e+01
-2.880445348026764350e+03
-3.249246247416071043e+00
-7.821849592717118327e+00
-2.622480510998624226e+00
-1.196404755867124322e+03
-3.381328324714621303e+00
-2.680814090112388914e+00
-7.776893162141542462e+02
-3.662674050902548970e+02
-1.175359652854152955e+03
-8.210840135584436439e+02
-2.706899878872021418e+03
-1.029197350394051000e+03
-4.720152345274175786e+03
-2.239338795012313312e+03
-2.920942018970947629e+03
-7.904683285124027634e+02
-2.233279892654120431e+03
-2.955532113257155288e+03
-9.354330279924321076e+03
-6.248981994454902633e+03
-6.317490370894897751e+03
-9.302805843946514869e+03
-1.740032802990943310e+03
-7.727490231241829861e+03
-6.408467920165304577e+02
-6.260754600282967886e+02
-3.456397632914714109e+02
-3.423507679916869620e+03
-3.711355288296024355e+02
-3.065902194679323998e+02
-2.950129344325064795e-01
-4.428545270758972308e-01
-8.967999045245559353e-01
-2.937875327210019982e-01
-2.468980867780140670e+03
-2.375572318464003463e-01
-4.122402286595270198e+03
-2.604276469298029497e+03
-5.319251737187410072e+03
-1.079317338690491512e+00
-6.585619172689257539e+03
-5.303026674637417273e+03
-1.658580574453655345e+03
-2.185467031940610013e+03
-1.522140214720871882e+03
-1.644532585519606982e+03
-2.159840158689336931e+03
-2.279526996416600014e+03
-2.758546094437944248e+03
-3.732426288688597651e+03
-3.485717986385838685e+03
-2.743724779642032445e+03
-2.531329148420888032e+03
-3.479018878864176713e+03
-1.584922095924655650e+03
-3.209064471261197923e+03
-1.613321709007006575e+03
-1.566157394827784856e+03
-2.284992275776928182e+03
-1.116070543432474551e+03
-1.623955924145337121e+03
-2.871715575670131784e+03
-2.921103406440690378e+03
-2.277724666407229051e+03
-4.134816978851577005e+03
-2.911655686072332173e+03
-5.353040466980013662e+03
-2.537223871686998336e+03
-5.402890448455267688e+03
-5.330092293098177834e+03
-2.064771895304520058e+03
-6.133240696985197246e+03
-2.316034354129304575e+03
-6.613251341801259287e+02
-7.025280018060135490e+02
-2.909783795100840052e+03
-5.865674385649626856e+02
-6.720590490440665690e+02
-1.595200757532957141e+03
-4.662914293167136179e+02
-1.624106748690518771e+03
-1.710832054737552653e+03
-6.969685499482780600e-01
-2.337154598245960642e+03
-1.127278701212103273e+00
-2.755423439814193576e-01
-2.603184343656860245e-01
-7.561953440435945595e+02
-1.920680696051750014e-01
-2.814020554680471409e-01
-4.871634331254183962e+03
-8.311119694237926524e+03
-4.913015279508571439e+03
-4.855402155988738741e+03
-4.241539679870659711e+03
-4.382724792633692232e+03
-3.821224865092914570e+03
-6.810374069507998684e+03
-6.907274927104903327e+03
-7.523450074168814353e+03
-7.637846989925664275e+03
-6.871324711366817610e+03
-4.119937072820489448e+03
-5.174721071529104847e+03
-3.445865939725591033e+03
-4.117279373028178270e+03
-2.704397973207820201e+02
-4.182597712711295571e+03
-2.008268233495610673e+02
-4.071285398369794279e+02
-3.014394687486393991e+02
-4.405766351789524379e+03
-2.954104060149033444e+02
-2.999033399466889023e+02
-4.520206880595299594e+02
-6.408548732890542965e+01
-3.590946473224460078e+02
-4.513048326497471407e+02
-7.890682382125151889e+03
-4.611065310356009377e+02
-7.102116933785782749e+03
-2.740592033093951159e+03
-2.396270814601978145e+03
-5.163401061404133685e+01
-2.348196587400195767e+03
-2.395396518805224332e+03
-4.464172744058208082e+03
-2.954724579467310377e+03
-3.655229973320386762e+03
-4.446040676358633391e+03
-4.483130181713172533e+03
-4.541474436596013220e+03
-3.713475728794442603e+03
-3.000931556653006282e+03
-2.469805397328989329e+03
-2.434450452502755525e+03
-2.405208356063878455e+03
-2.446856985606110356e+03
-2.214528514045003249e+03
-6.861111646040768392e+03
-1.802691999245797206e+03
-2.291894725267034573e+03
-2.514964540532052979e+03
-2.244556019320189534e+03
-2.163621569129225463e+03
-7.642169177931303238e+03
-6.322612285346292083e+03
-5.947525922407374310e+03
-6.361090103672576333e+03
-6.447342172874916287e+03
-2.871393498286090917e+00
-1.463872029328975799e+01
-2.935199112073277217e+00
-3.025932764458001412e+00
-2.758138985642826810e+02
-2.736269098366745478e+00
-2.821368791052959750e+02
-1.242339555612124741e+03
-1.212251478751747754e+03
-1.502516735174313567e+01
-1.329491558192089769e+03
-1.266927249571285529e+03
-7.381962451797190624e+03
-4.670486678438905074e+03
-7.450139421988046706e+03
-7.409742639441549727e+03
-7.941140255079593771e+03
-7.104271074300118016e+03
-7.724725790111941933e+03
-5.001596660600642281e+03
-5.031195979949490720e+03
-4.562004566066058942e+03
-5.243380071194599623e+03
-5.046136933720194975e+03
-2.859848979174781107e+03
-5.419098185456454075e+02
-2.919003385171235550e+03
-2.668527260583625775e+03
-6.010652513851207004e+03
-2.740273412101270878e+03
-5.773401786155005539e+03
-1.959252180583435802e+03
-2.047651520805086875e+03
-4.827232626107834790e+02
-2.075044905975284564e+03
-1.988283446491997211e+03
-3.568282314450415015e+03
-4.445709192395365790e+03
-3.604037896666759934e+03
-3.578035307967264089e+03
-2.707342761627376149e+03
-3.376267122641424521e+03
-2.621295764603473344e+03
-3.366819235883577221e+03
-3.374310800007812304e+03
-4.257630475146819663e+03
-3.599866617163628689e+03
-3.406151821621191630e+03
-2.167965181230135840e+03
-5.021867846325533719e+03
-2.196349837233796279e+03
-2.166942954173804083e+03
-2.139038344133766714e+03
-3.047719167816278059e+03
-3.046279632895113082e+03
-7.014591437262247382e+03
-7.104189095161825207e+03
-7.147159113642609555e+03
-5.053031508977255726e+03
-7.103537048852084808e+03
-5.986020965637916561e+03
-3.653483933233887001e+03
-6.050502058442179987e+03
-5.982549697600396030e+03
-4.622409943912174640e+03
-5.014120882656115100e+03
-3.915781140621358190e+03
-2.195171184670532966e+03
-2.226679393915858327e+03
-3.092932563361525808e+03
-2.655132294295567135e+03
-2.224040704077836835e+03
-5.022724578679049046e+03
-3.193671985837613192e+03
-5.078920405146606754e+03
-5.065407054192942269e+03
-4.709321246303337460e+01
-3.232446511031070713e+03
-3.287890409166148942e+01
-1.435154207042969965e+01
-1.376968162871467705e+01
-2.104397406083005535e+03
-2.275382528605378596e+01
-1.464355092666827751e+01
-2.369977244293001206e+02
-1.136920212015077595e+03
-2.405091272309597628e+02
-2.215777900753860479e+02
-2.541865996688771247e+03
-2.568301699882374010e+02
-2.730846300417540533e+03
-6.986270651941084907e+03
-7.106279042363149529e+03
-1.175145518723760915e+03
-6.501157037894263340e+03
-7.045186915542319184e+03
-6.348590171842421341e+02
-2.015892169316732179e+03
-8.767265500127601854e+02
-6.217445315267639216e+02
-2.801219566963343937e+02
-4.965239784203604927e+02
-3.063387997913639538e+02
-7.937049619661323732e+02
-1.133110715477402891e+03
-2.073060600894117670e+03
-1.419816748614083963e+03
-1.110440336464711663e+03
-3.756717381494509482e+03
-2.150678475169559078e+03
-4.358872358538616027e+03
-3.783045724317315489e+03
-3.680848052685766106e+03
-5.158187078217850285e+03
-5.928929801239893095e+03
-2.901419480188797479e+03
-3.341207028593626092e+03
-3.475329428394450588e+03
-2.467231036824935018e+03
-3.387648832946154016e+03
-1.098285492201803777e+02
-4.023981563156813479e+01
-7.834349314482834359e+01
-1.051215745265283914e+02
-4.422808404303904354e+03
-1.449736849706381179e+02
-4.727083462573231373e+03
-3.138673456843675467e+03
-2.560675632273855626e+03
-3.619099224167636208e+01
-1.912530926606392995e+03
-2.524540823120438745e+03
-4.243221500927386842e+03
-9.152724189435448352e+03
-3.671075056772888729e+03
-4.226748070891430871e+03
-9.247396531739228778e-03
-3.421005569951837970e+03
-5.756162638471804503e-03
-2.959668358891376361e-02
-2.324617906407985476e-02
-6.425903531962166198e+03
-2.859085235566375879e-02
-2.305075639747285535e-02
-3.751112613005991079e+03
-5.756485502024505877e+03
-3.038761682800666676e+03
-3.769529412009143925e+03
-3.544024426100540495e+03
-3.455943095916994935e+03
-2.640134775714929219e+03
-5.120337240839478000e+03
-4.124650436540311603e+03
-4.341960283691832046e+03
-4.502572083586771441e+03
-4.148271329468468139e+03
-2.624522526353804096e+03
-6.361712530800086824e+02
-2.091430102316970988e+03
-2.484940796855326880e+03
-5.723152187471692969e+02
-2.363159287214836240e+03
-3.723992496232772282e+02
-9.987163523178507774e+01
-8.205787878558975024e+01
-4.185589512912546866e+02
-8.514377777747994003e+01
-7.666472936810434646e+01
-3.029452677346998826e+03
-2.440479140660655958e+03
-3.786503336410096381e+03
-3.015740232912661213e+03
-1.728693476543019415e+03
-3.609252232820108475e+03
-2.765860715513340892e+03
-1.498456765339188451e+03
-2.081793869065394119e+03
-3.624672339159021703e+03
-1.727405278657705594e+03
-2.058009159740519863e+03
-2.227706699094427677e+03
-7.502167491286593759e+03
-2.715452237675313427e+03
-2.183203118848235590e+03
-3.056348454098149432e+03
-2.554110611049655290e+03
-4.103606684308700096e+03
-9.814920355414085861e+03
-1.148692172256585945e+04
-1.014414833637875927e+04
-1.000653796360805791e+04
-1.147269737219531999e+04
-1.278190198316036117e+02
-4.935219384748872358e+02
-7.645739878518244836e+01
-1.305120559387347328e+02
-2.170188556273090398e+03
-1.430809923488100139e+02
-1.804857946664213159e+03
-5.239776058498746352e+03
-3.935319216175827023e+03
-3.413113046066269476e+02
-3.524749593038633975e+03
-3.945615216088022862e+03
-7.511838055954342963e+03
-4.338384625169576793e+03
-6.117641540706200431e+03
-7.436389370741250787e+03
-1.667705714531691456e+03
-8.192155464795489024e+03
-1.160561922444715719e+03
-6.416141303280368220e+02
-4.982246814912763853e+02
-3.751933694738903796e+03
-4.093468747375296175e+02
-4.464197992420606056e+02
-5.404033754596758627e+03
-1.111807998071049724e+03
-6.158874376351646788e+03
-5.432011963989476499e+03
-5.754622698826316082e+03
-4.676217760711672781e+03
-5.672651199216456916e+03
-1.100557937907121641e+03
-1.269170027779074189e+03
-1.137468127952605073e+03
-1.479630387062136833e+03
-1.280353567255788448e+03
-4.406416434236027271e+03
-4.858973669095166770e+03
-4.763531006889043965e+03
-4.413148272323019228e+03
-4.420290286569918862e+03
-3.649950093594649388e+03
-3.963929998697454266e+03
-4.042992417755155202e+03
-4.361615159335177850e+03
-4.355632877930026552e+03
-5.273603437698513517e+03
-4.368263791741687783e+03
-2.479030061771570217e+03
-5.164229362258780384e+03
-3.382793785642814782e+03
-2.462324294357928011e+03
-9.163575955027882856e+02
-3.036562927069594025e+03
-1.724740807926554453e+03
-3.228564393707038107e+03
-5.064847255748864882e+03
-8.512301641994172314e+03
-4.024772572345021672e+03
-4.929942307490890016e+03
-4.089114031772503495e+03
-1.833146248087082313e+03
-5.613182541760334971e+03
-4.382888429935232125e+03
-8.571700270773542798e+03
-3.148487161844004277e+03
-8.233750358511728336e+03
-3.938381250926343910e+03
-4.872246209038882625e+03
-2.150622894623300908e+03
-6.372072197828886601e+03
-4.906292011746842945e+03
-4.142804177897070076e+03
-2.185976667534956960e+03
-3.767606277051372217e+03
-4.168862527688772389e+03
-4.274475549286054957e+03
-3.081302751531984541e+03
-2.914231891160936357e+03
-1.718766705665070504e+03
-1.542985045859503089e+03
-1.482259460693320761e+03
-2.092853762517469931e+03
-1.556606535110858431e+03
-1.101708141962221221e+00
-4.602896280800681694e+00
-9.802553116075208850e-01
-1.106494584442721418e+00
-8.484768034603945353e+00
-1.386019920533116734e+00
-9.550243303657495630e+00
-4.471522890233791259e+01
-3.959740978082156460e+01
-5.176370381253904362e+00
-3.164405420844410699e+01
-3.981026174610710200e+01
-2.618134087913918393e+03
-4.049642641161208303e+03
-3.725216107137714062e+03
-2.611493416749302469e+03
-3.369351683005125437e+02
-1.974770079962375348e+03
-4.585247877927633340e+02
-5.340313371219220926e+02
-1.003892294950196629e+03
-4.314680722479120959e+03
-1.293230529337540929e+03
-9.754400920941861841e+02
-4.121145437357775336e+03
-6.566032457476224408e+03
-3.028288761516159866e+03
-4.103990528558209007e+03
-5.127184023916723163e+03
-5.128936461340463211e+03
-4.911291974533965004e+03
-9.549492648343624751e+03
-7.407210728307099089e+03
-6.082207462186573139e+03
-5.944837651491860015e+03
-7.398597077184193040e+03
-3.575776608500384100e+03
-2.872420542811981704e+03
-5.433937349096017897e+03
-3.567847877212795993e+03
-3.766342936166841810e+03
-5.753914644135135859e+03
-9.048132263124396559e+03
-4.906232226785594321e+03
-7.376453788456173243e+03
-7.049050170999876173e+03
-4.574530177822103724e+03
-7.361046022180745240e+03
-4.266704843707104828e+02
-2.816773468683869623e+02
-2.487898049557092008e+02
-4.865746972453389390e+02
-2.821888988551680541e+03
-4.135924618612634731e+02
-1.989194705271789871e+03
-2.169472028211110228e+03
-1.389136247436228587e+03
-1.816718116326382244e+02
-1.531253991868915591e+03
-1.484319003612397182e+03
-1.245415110392759317e+01
-8.125154167261245064e+00
-1.929751532368024769e+01
-1.254305593473748992e+01
-3.612694246216851752e+03
-1.209446442944592981e+01
-4.436082550841312695e+03
-2.795147800855952028e+03
-3.536440907168091599e+03
-1.232040193793690719e+01
-3.645782711066406137e+03
-3.540489347569904112e+03
-6.744470864473024449e+03
-5.435442335092157009e+03
-4.068873716062232688e+03
-6.761630663380144142e+03
-5.033661844322292382e+03
-6.491157404774506176e+03
-2.627068536184214281e+03
-3.759253164527872286e+03
-1.950739011610257648e+03
-3.141620430627390306e+03
-2.054980123615858247e+03
-1.977797771555168765e+03
-2.635617701925044003e+03
-1.919990533202348161e+03
-3.492313499921898256e+03
-2.727345380064787150e+03
-9.875237929263693104e+01
-2.549556715739736774e+03
-1.450641509351170555e+02
-6.660839447840703542e+01
-9.231213921828724267e+01
-2.572018937387257665e+03
-9.993160546948949730e+01
-9.666853263783269767e+01
-4.633025030712828993e+03
-3.655242233227038014e+03
-3.045123526356603634e+03
-4.614360466306499802e+03
-4.190493786781281415e+03
-4.513076162603759258e+03
-2.547141185497652259e+03
-3.118690998964104892e+03
-1.961241977773587450e+03
-2.307854027525827405e+03
-1.985676872697219778e+03
-1.934267762724476370e+03
-1.165910010594492405e+03
-1.338978000213511450e+03
-2.022211603217527227e+03
-1.177835626854457587e+03
-1.657983225766518672e+03
-1.205265622766458364e+03
-2.715043082666139981e+03
-1.927140112539485926e+03
-3.017709573146171806e+03
-2.395677594851474169e+03
-2.927715250471692343e+03
-3.026541081711242896e+03
-1.560351325076532632e-02
-1.876674115492464254e-02
-8.648115694890335867e-03
-1.627491054466241940e-02
-2.607856023996297608e+03
-1.601822456640028536e-02
-1.706361599308459517e+03
-3.187495255882272886e+03
-1.925024023405701882e+03
-1.113774085229762324e-02
-1.934874634720933727e+03
-1.986299874181955374e+03
-6.240910043945389589e+03
-6.852536742310199770e+03
-8.974771932957368335e+03
-6.254211396195682028e+03
-4.856058844089578663e+00
-6.426513316627780114e+03
-1.019372199857835959e+01
-6.102478214101794585e+00
-1.191290395102075195e+01
-1.014849920976561225e+04
-1.182210609308903848e+01
-1.217369289139651833e+01
-1.089198165390032273e+03
-1.282488104612435336e+03
-7.041304221004902502e+02
-1.010772509980494192e+03
-3.123888789865065974e+03
-1.131703459649155548e+03
-2.338071302102653135e+03
-3.553635404351023681e+03
-2.698528873234598905e+03
-8.008609524291863409e+02
-2.530703934629021660e+03
-2.629463112565763822e+03
-1.415519666988191602e+03
-1.012557369106240458e+03
-2.260509446837709220e+03
-1.413191875334933457e+03
-1.517470406967593988e+02
-1.876684445373484550e+03
-3.740468152421451578e+02
-1.303945421213093141e+02
-2.449873553606228427e+02
-2.179742918721252863e+03
-1.842558048135717002e+02
-2.442848452958212704e+02
-8.517915115046498613e+03
-6.908635265785371303e+03
-6.686002262279766001e+03
-8.516726735876949533e+03
-8.187835104083918850e+03
-6.844219513493502745e+03
-5.113279295305974301e+03
-5.290612311394220342e+03
-4.098732691226680799e+03
-4.349247539520074497e+03
-5.100016312849435053e+03
-4.097907844359721821e+03
-1.489509213853953327e+02
-3.185745719917748033e+02
-3.099914142371490016e+02
-1.346512605922763441e+02
-4.345540447753531225e+03
-9.256571455180720420e+01
-3.970706547638543270e+03
-4.019396265030360610e+03
-5.938343295990940533e+03
-3.712315593532724165e+02
-9.524891285044612232e+03
-5.919254205532456581e+03
-2.192307069047383720e+03
-3.563537092813397976e+03
-1.576004742486190707e+03
-2.237306577311906494e+03
-1.399221215916503979e+03
-2.261629031705008401e+03
-1.012126655337064790e+03
-2.738342929926739544e+03
-1.793027287035838299e+03
-2.736979948382137536e+03
-1.821078474297651155e+03
-1.878661983366351706e+03
