1.545890512836186614e+00
2.633419285408796107e+00
1.545890512836186614e+00
1.545890512836186614e+00
1.545890512836186614e+00
1.545890512836186614e+00
1.545890512836186614e+00
2.633419285408796107e+00
2.633419285408796107e+00
2.633419285408796107e+00
2.633419285408796107e+00
2.633419285408796107e+00
2.895534593545919133e+00
4.742876419254801412e+00
2.895534593545919133e+00
2.895534593545919133e+00
2.895534593545919133e+00
2.895534593545919133e+00
2.895534593545919133e+00
4.742876419254801412e+00
4.742876419254801412e+00
4.742876419254801412e+00
4.742876419254801412e+00
4.742876419254801412e+00
3.893689254073313677e+00
3.553720582146740359e+00
3.893689254073313677e+00
3.893689254073313677e+00
3.893689254073313677e+00
3.893689254073313677e+00
3.893689254073313677e+00
3.553720582146740359e+00
3.553720582146740359e+00
3.553720582146740359e+00
3.553720582146740359e+00
3.553720582146740359e+00
2.128630020674461498e+00
1.928725314311232841e+00
2.128630020674461498e+00
2.128630020674461498e+00
2.128630020674461498e+00
2.128630020674461498e+00
2.128630020674461498e+00
1.928725314311232841e+00
1.928725314311232841e+00
1.928725314311232841e+00
1.928725314311232841e+00
1.928725314311232841e+00
2.486319823744571611e+00
2.257092954854393430e+00
2.486319823744571611e+00
2.486319823744571611e+00
2.486319823744571611e+00
2.486319823744571611e+00
2.486319823744571611e+00
2.257092954854393430e+00
2.257092954854393430e+00
2.257092954854393430e+00
2.257092954854393430e+00
2.257092954854393430e+00
4.496667590533107273e+00
4.110989361124342878e+00
4.496667590533107273e+00
4.496667590533107273e+00
4.496667590533107273e+00
4.496667590533107273e+00
4.496667590533107273e+00
4.110989361124342878e+00
4.110989361124342878e+00
4.110989361124342878e+00
4.110989361124342878e+00
4.110989361124342878e+00
3.362419162205552592e+00
3.063510246344327559e+00
3.362419162205552592e+00
3.362419162205552592e+00
3.362419162205552592e+00
3.362419162205552592e+00
3.362419162205552592e+00
3.063510246344327559e+00
3.063510246344327559e+00
3.063510246344327559e+00
3.063510246344327559e+00
3.063510246344327559e+00
1.816856087415534837e+00
1.643024693561421001e+00
1.816856087415534837e+00
1.816856087415534837e+00
1.816856087415534837e+00
1.816856087415534837e+00
1.816856087415534837e+00
1.643024693561421001e+00
1.643024693561421001e+00
1.643024693561421001e+00
1.643024693561421001e+00
1.643024693561421001e+00
1.967334152628519961e+00
1.780853190316466383e+00
1.967334152628519961e+00
1.967334152628519961e+00
1.967334152628519961e+00
1.967334152628519961e+00
1.967334152628519961e+00
1.780853190316466383e+00
1.780853190316466383e+00
1.780853190316466383e+00
1.780853190316466383e+00
1.780853190316466383e+00
3.619563003449955740e+00
3.300680918428286592e+00
3.619563003449955740e+00
3.619563003449955740e+00
3.619563003449955740e+00
3.619563003449955740e+00
3.619563003449955740e+00
3.300680918428286592e+00
3.300680918428286592e+00
3.300680918428286592e+00
3.300680918428286592e+00
3.300680918428286592e+00
4.827510762192864568e+00
4.417107852399562162e+00
4.827510762192864568e+00
4.827510762192864568e+00
4.827510762192864568e+00
4.827510762192864568e+00
4.827510762192864568e+00
4.417107852399562162e+00
4.417107852399562162e+00
4.417107852399562162e+00
4.417107852399562162e+00
4.417107852399562162e+00
2.684115499306991115e+00
2.438910865551617402e+00
2.684115499306991115e+00
2.684115499306991115e+00
2.684115499306991115e+00
2.684115499306991115e+00
2.684115499306991115e+00
2.438910865551617402e+00
2.438910865551617402e+00
2.438910865551617402e+00
2.438910865551617402e+00
2.438910865551617402e+00
2.301397020971846619e+00
1.514653225132994718e+00
2.301397020971846619e+00
2.301397020971846619e+00
2.301397020971846619e+00
2.301397020971846619e+00
2.301397020971846619e+00
1.514653225132994718e+00
1.514653225132994718e+00
1.514653225132994718e+00
1.514653225132994718e+00
1.514653225132994718e+00
4.185732505168805240e+00
2.841360289723721788e+00
4.185732505168805240e+00
4.185732505168805240e+00
4.185732505168805240e+00
4.185732505168805240e+00
4.185732505168805240e+00
2.841360289723721788e+00
2.841360289723721788e+00
2.841360289723721788e+00
2.841360289723721788e+00
2.841360289723721788e+00
3.121362219161036844e+00
3.823515158841151784e+00
3.121362219161036844e+00
3.121362219161036844e+00
3.121362219161036844e+00
3.121362219161036844e+00
3.121362219161036844e+00
3.823515158841151784e+00
3.823515158841151784e+00
3.823515158841151784e+00
3.823515158841151784e+00
3.823515158841151784e+00
1.676572793752703738e+00
2.087256683226469622e+00
1.676572793752703738e+00
1.676572793752703738e+00
1.676572793752703738e+00
1.676572793752703738e+00
1.676572793752703738e+00
2.087256683226469622e+00
2.087256683226469622e+00
2.087256683226469622e+00
2.087256683226469622e+00
2.087256683226469622e+00
1.745477878237884584e+00
2.950609256402332736e+00
1.745477878237884584e+00
1.745477878237884584e+00
1.745477878237884584e+00
1.745477878237884584e+00
1.745477878237884584e+00
2.950609256402332736e+00
2.950609256402332736e+00
2.950609256402332736e+00
2.950609256402332736e+00
2.950609256402332736e+00
3.239934302822808032e+00
1.577692387263293083e+00
3.239934302822808032e+00
3.239934302822808032e+00
3.239934302822808032e+00
3.239934302822808032e+00
3.239934302822808032e+00
1.577692387263293083e+00
1.577692387263293083e+00
1.577692387263293083e+00
1.577692387263293083e+00
1.577692387263293083e+00
4.338776037415773779e+00
2.170720150867542220e+00
4.338776037415773779e+00
4.338776037415773779e+00
4.338776037415773779e+00
4.338776037415773779e+00
4.338776037415773779e+00
2.170720150867542220e+00
2.170720150867542220e+00
2.170720150867542220e+00
2.170720150867542220e+00
2.170720150867542220e+00
2.392294902056532280e+00
3.964982965345572818e+00
2.392294902056532280e+00
2.392294902056532280e+00
2.392294902056532280e+00
2.392294902056532280e+00
2.392294902056532280e+00
3.964982965345572818e+00
3.964982965345572818e+00
3.964982965345572818e+00
3.964982965345572818e+00
3.964982965345572818e+00
2.788073872601548597e+00
3.425162651922091683e+00
2.788073872601548597e+00
2.788073872601548597e+00
2.788073872601548597e+00
2.788073872601548597e+00
2.788073872601548597e+00
3.425162651922091683e+00
3.425162651922091683e+00
3.425162651922091683e+00
3.425162651922091683e+00
3.425162651922091683e+00
5.000727076484518641e+00
1.853496014815607440e+00
5.000727076484518641e+00
5.000727076484518641e+00
5.000727076484518641e+00
5.000727076484518641e+00
5.000727076484518641e+00
1.853496014815607440e+00
1.853496014815607440e+00
1.853496014815607440e+00
1.853496014815607440e+00
1.853496014815607440e+00
3.754445845144323002e+00
2.534533173042039955e+00
3.754445845144323002e+00
3.754445845144323002e+00
3.754445845144323002e+00
3.754445845144323002e+00
3.754445845144323002e+00
2.534533173042039955e+00
2.534533173042039955e+00
2.534533173042039955e+00
2.534533173042039955e+00
2.534533173042039955e+00
2.046589750457933565e+00
4.577471376030778138e+00
2.046589750457933565e+00
2.046589750457933565e+00
2.046589750457933565e+00
2.046589750457933565e+00
2.046589750457933565e+00
4.577471376030778138e+00
4.577471376030778138e+00
4.577471376030778138e+00
4.577471376030778138e+00
4.577471376030778138e+00
1.890782532132210259e+00
4.261656186625419451e+00
1.890782532132210259e+00
1.890782532132210259e+00
1.890782532132210259e+00
1.890782532132210259e+00
1.890782532132210259e+00
4.261656186625419451e+00
4.261656186625419451e+00
4.261656186625419451e+00
4.261656186625419451e+00
4.261656186625419451e+00
3.488925153502619114e+00
2.346460666550824303e+00
3.488925153502619114e+00
3.488925153502619114e+00
3.488925153502619114e+00
3.488925153502619114e+00
3.488925153502619114e+00
2.346460666550824303e+00
2.346460666550824303e+00
2.346460666550824303e+00
2.346460666550824303e+00
2.346460666550824303e+00
4.659535499529288138e+00
1.710720819243158664e+00
4.659535499529288138e+00
4.659535499529288138e+00
4.659535499529288138e+00
4.659535499529288138e+00
4.659535499529288138e+00
1.710720819243158664e+00
1.710720819243158664e+00
1.710720819243158664e+00
1.710720819243158664e+00
1.710720819243158664e+00
2.583562440604999733e+00
3.180165844664560648e+00
2.583562440604999733e+00
2.583562440604999733e+00
2.583562440604999733e+00
2.583562440604999733e+00
2.583562440604999733e+00
3.180165844664560648e+00
3.180165844664560648e+00
3.180165844664560648e+00
3.180165844664560648e+00
3.180165844664560648e+00
2.213537584286223492e+00
4.913455325261084639e+00
2.213537584286223492e+00
2.213537584286223492e+00
2.213537584286223492e+00
2.213537584286223492e+00
2.213537584286223492e+00
4.913455325261084639e+00
4.913455325261084639e+00
4.913455325261084639e+00
4.913455325261084639e+00
4.913455325261084639e+00
4.037411284352978136e+00
2.735663008099009641e+00
4.037411284352978136e+00
4.037411284352978136e+00
4.037411284352978136e+00
4.037411284352978136e+00
4.037411284352978136e+00
2.735663008099009641e+00
2.735663008099009641e+00
2.735663008099009641e+00
2.735663008099009641e+00
2.735663008099009641e+00
3.006596889967145358e+00
2.006618955693656225e+00
3.006596889967145358e+00
3.006596889967145358e+00
3.006596889967145358e+00
3.006596889967145358e+00
3.006596889967145358e+00
2.006618955693656225e+00
2.006618955693656225e+00
2.006618955693656225e+00
2.006618955693656225e+00
2.006618955693656225e+00
1.610067520860457124e+00
3.686466634527977515e+00
1.610067520860457124e+00
1.610067520860457124e+00
1.610067520860457124e+00
1.610067520860457124e+00
1.610067520860457124e+00
3.686466634527977515e+00
3.686466634527977515e+00
3.686466634527977515e+00
3.686466634527977515e+00
3.686466634527977515e+00
1.577692387263293083e+00
3.239934302822808032e+00
1.577692387263293083e+00
1.577692387263293083e+00
1.577692387263293083e+00
1.577692387263293083e+00
1.577692387263293083e+00
3.239934302822808032e+00
3.239934302822808032e+00
3.239934302822808032e+00
3.239934302822808032e+00
3.239934302822808032e+00
2.950609256402332736e+00
1.745477878237884584e+00
2.950609256402332736e+00
2.950609256402332736e+00
2.950609256402332736e+00
2.950609256402332736e+00
2.950609256402332736e+00
1.745477878237884584e+00
1.745477878237884584e+00
1.745477878237884584e+00
1.745477878237884584e+00
1.745477878237884584e+00
3.964982965345572818e+00
2.392294902056532280e+00
3.964982965345572818e+00
3.964982965345572818e+00
3.964982965345572818e+00
3.964982965345572818e+00
3.964982965345572818e+00
2.392294902056532280e+00
2.392294902056532280e+00
2.392294902056532280e+00
2.392294902056532280e+00
2.392294902056532280e+00
2.170720150867542220e+00
4.338776037415773779e+00
2.170720150867542220e+00
2.170720150867542220e+00
2.170720150867542220e+00
2.170720150867542220e+00
2.170720150867542220e+00
4.338776037415773779e+00
4.338776037415773779e+00
4.338776037415773779e+00
4.338776037415773779e+00
4.338776037415773779e+00
2.534533173042039955e+00
3.754445845144323002e+00
2.534533173042039955e+00
2.534533173042039955e+00
2.534533173042039955e+00
2.534533173042039955e+00
2.534533173042039955e+00
3.754445845144323002e+00
3.754445845144323002e+00
3.754445845144323002e+00
3.754445845144323002e+00
3.754445845144323002e+00
4.577471376030778138e+00
2.046589750457933565e+00
4.577471376030778138e+00
4.577471376030778138e+00
4.577471376030778138e+00
4.577471376030778138e+00
4.577471376030778138e+00
2.046589750457933565e+00
2.046589750457933565e+00
2.046589750457933565e+00
2.046589750457933565e+00
2.046589750457933565e+00
3.425162651922091683e+00
2.788073872601548597e+00
3.425162651922091683e+00
3.425162651922091683e+00
3.425162651922091683e+00
3.425162651922091683e+00
3.425162651922091683e+00
2.788073872601548597e+00
2.788073872601548597e+00
2.788073872601548597e+00
2.788073872601548597e+00
2.788073872601548597e+00
1.853496014815607440e+00
5.000727076484518641e+00
1.853496014815607440e+00
1.853496014815607440e+00
1.853496014815607440e+00
1.853496014815607440e+00
1.853496014815607440e+00
5.000727076484518641e+00
5.000727076484518641e+00
5.000727076484518641e+00
5.000727076484518641e+00
5.000727076484518641e+00
2.006618955693656225e+00
4.037411284352978136e+00
2.006618955693656225e+00
2.006618955693656225e+00
2.006618955693656225e+00
2.006618955693656225e+00
2.006618955693656225e+00
4.037411284352978136e+00
4.037411284352978136e+00
4.037411284352978136e+00
4.037411284352978136e+00
4.037411284352978136e+00
3.686466634527977515e+00
2.213537584286223492e+00
3.686466634527977515e+00
3.686466634527977515e+00
3.686466634527977515e+00
3.686466634527977515e+00
3.686466634527977515e+00
2.213537584286223492e+00
2.213537584286223492e+00
2.213537584286223492e+00
2.213537584286223492e+00
2.213537584286223492e+00
4.913455325261084639e+00
1.610067520860457124e+00
4.913455325261084639e+00
4.913455325261084639e+00
4.913455325261084639e+00
4.913455325261084639e+00
4.913455325261084639e+00
1.610067520860457124e+00
1.610067520860457124e+00
1.610067520860457124e+00
1.610067520860457124e+00
1.610067520860457124e+00
2.735663008099009641e+00
3.006596889967145358e+00
2.735663008099009641e+00
2.735663008099009641e+00
2.735663008099009641e+00
2.735663008099009641e+00
2.735663008099009641e+00
3.006596889967145358e+00
3.006596889967145358e+00
3.006596889967145358e+00
3.006596889967145358e+00
3.006596889967145358e+00
2.346460666550824303e+00
4.659535499529288138e+00
2.346460666550824303e+00
2.346460666550824303e+00
2.346460666550824303e+00
2.346460666550824303e+00
2.346460666550824303e+00
4.659535499529288138e+00
4.659535499529288138e+00
4.659535499529288138e+00
4.659535499529288138e+00
4.659535499529288138e+00
4.261656186625419451e+00
2.583562440604999733e+00
4.261656186625419451e+00
4.261656186625419451e+00
4.261656186625419451e+00
4.261656186625419451e+00
4.261656186625419451e+00
2.583562440604999733e+00
2.583562440604999733e+00
2.583562440604999733e+00
2.583562440604999733e+00
2.583562440604999733e+00
3.180165844664560648e+00
1.890782532132210259e+00
3.180165844664560648e+00
3.180165844664560648e+00
3.180165844664560648e+00
3.180165844664560648e+00
3.180165844664560648e+00
1.890782532132210259e+00
1.890782532132210259e+00
1.890782532132210259e+00
1.890782532132210259e+00
1.890782532132210259e+00
1.710720819243158664e+00
3.488925153502619114e+00
1.710720819243158664e+00
1.710720819243158664e+00
1.710720819243158664e+00
1.710720819243158664e+00
1.710720819243158664e+00
3.488925153502619114e+00
3.488925153502619114e+00
3.488925153502619114e+00
3.488925153502619114e+00
3.488925153502619114e+00
1.643024693561421001e+00
2.486319823744571611e+00
1.643024693561421001e+00
1.643024693561421001e+00
1.643024693561421001e+00
1.643024693561421001e+00
1.643024693561421001e+00
2.486319823744571611e+00
2.486319823744571611e+00
2.486319823744571611e+00
2.486319823744571611e+00
2.486319823744571611e+00
3.063510246344327559e+00
4.496667590533107273e+00
3.063510246344327559e+00
3.063510246344327559e+00
3.063510246344327559e+00
3.063510246344327559e+00
3.063510246344327559e+00
4.496667590533107273e+00
4.496667590533107273e+00
4.496667590533107273e+00
4.496667590533107273e+00
4.496667590533107273e+00
4.110989361124342878e+00
3.362419162205552592e+00
4.110989361124342878e+00
4.110989361124342878e+00
4.110989361124342878e+00
4.110989361124342878e+00
4.110989361124342878e+00
3.362419162205552592e+00
3.362419162205552592e+00
3.362419162205552592e+00
3.362419162205552592e+00
3.362419162205552592e+00
2.257092954854393430e+00
1.816856087415534837e+00
2.257092954854393430e+00
2.257092954854393430e+00
2.257092954854393430e+00
2.257092954854393430e+00
2.257092954854393430e+00
1.816856087415534837e+00
1.816856087415534837e+00
1.816856087415534837e+00
1.816856087415534837e+00
1.816856087415534837e+00
2.633419285408796107e+00
2.128630020674461498e+00
2.633419285408796107e+00
2.633419285408796107e+00
2.633419285408796107e+00
2.633419285408796107e+00
2.633419285408796107e+00
2.128630020674461498e+00
2.128630020674461498e+00
2.128630020674461498e+00
2.128630020674461498e+00
2.128630020674461498e+00
4.742876419254801412e+00
3.893689254073313677e+00
4.742876419254801412e+00
4.742876419254801412e+00
4.742876419254801412e+00
4.742876419254801412e+00
4.742876419254801412e+00
3.893689254073313677e+00
3.893689254073313677e+00
3.893689254073313677e+00
3.893689254073313677e+00
3.893689254073313677e+00
3.553720582146740359e+00
2.895534593545919133e+00
3.553720582146740359e+00
3.553720582146740359e+00
3.553720582146740359e+00
3.553720582146740359e+00
3.553720582146740359e+00
2.895534593545919133e+00
2.895534593545919133e+00
2.895534593545919133e+00
2.895534593545919133e+00
2.895534593545919133e+00
1.928725314311232841e+00
1.545890512836186614e+00
1.928725314311232841e+00
1.928725314311232841e+00
1.928725314311232841e+00
1.928725314311232841e+00
1.928725314311232841e+00
1.545890512836186614e+00
1.545890512836186614e+00
1.545890512836186614e+00
1.545890512836186614e+00
1.545890512836186614e+00
1.780853190316466383e+00
1.967334152628519961e+00
1.780853190316466383e+00
1.780853190316466383e+00
1.780853190316466383e+00
1.780853190316466383e+00
1.780853190316466383e+00
1.967334152628519961e+00
1.967334152628519961e+00
1.967334152628519961e+00
1.967334152628519961e+00
1.967334152628519961e+00
3.300680918428286592e+00
3.619563003449955740e+00
3.300680918428286592e+00
3.300680918428286592e+00
3.300680918428286592e+00
3.300680918428286592e+00
3.300680918428286592e+00
3.619563003449955740e+00
3.619563003449955740e+00
3.619563003449955740e+00
3.619563003449955740e+00
3.619563003449955740e+00
4.417107852399562162e+00
4.827510762192864568e+00
4.417107852399562162e+00
4.417107852399562162e+00
4.417107852399562162e+00
4.417107852399562162e+00
4.417107852399562162e+00
4.827510762192864568e+00
4.827510762192864568e+00
4.827510762192864568e+00
4.827510762192864568e+00
4.827510762192864568e+00
2.438910865551617402e+00
2.684115499306991115e+00
2.438910865551617402e+00
2.438910865551617402e+00
2.438910865551617402e+00
2.438910865551617402e+00
2.438910865551617402e+00
2.684115499306991115e+00
2.684115499306991115e+00
2.684115499306991115e+00
2.684115499306991115e+00
2.684115499306991115e+00
2.087256683226469622e+00
1.676572793752703738e+00
2.087256683226469622e+00
2.087256683226469622e+00
2.087256683226469622e+00
2.087256683226469622e+00
2.087256683226469622e+00
1.676572793752703738e+00
1.676572793752703738e+00
1.676572793752703738e+00
1.676572793752703738e+00
1.676572793752703738e+00
3.823515158841151784e+00
3.121362219161036844e+00
3.823515158841151784e+00
3.823515158841151784e+00
3.823515158841151784e+00
3.823515158841151784e+00
3.823515158841151784e+00
3.121362219161036844e+00
3.121362219161036844e+00
3.121362219161036844e+00
3.121362219161036844e+00
3.121362219161036844e+00
2.841360289723721788e+00
4.185732505168805240e+00
2.841360289723721788e+00
2.841360289723721788e+00
2.841360289723721788e+00
2.841360289723721788e+00
2.841360289723721788e+00
4.185732505168805240e+00
4.185732505168805240e+00
4.185732505168805240e+00
4.185732505168805240e+00
4.185732505168805240e+00
1.514653225132994718e+00
2.301397020971846619e+00
1.514653225132994718e+00
1.514653225132994718e+00
1.514653225132994718e+00
1.514653225132994718e+00
1.514653225132994718e+00
2.301397020971846619e+00
2.301397020971846619e+00
2.301397020971846619e+00
2.301397020971846619e+00
2.301397020971846619e+00
