2.239297046801047131e+00
2.341167067634600585e+00
2.274850883314070149e+00
2.264913474413813077e+00
2.139989541324161859e+00
2.239297046801047131e+00
2.216610036031310127e+00
2.298560954399655021e+00
2.307478732971933955e+00
2.377609290573115874e+00
2.326481067608239250e+00
2.326481067608239250e+00
1.368079348953637586e+00
1.661172258064338658e+00
1.086738666516908536e+00
1.332510245806730831e+00
7.122316975343668810e-01
1.368079348953637586e+00
4.844272022268270583e-01
9.558224521240735738e-01
7.337032065090767219e-01
1.358471372713025538e+00
7.064614663085868607e-01
7.064614663085868607e-01
2.151049118835480556e+00
2.122679994157997463e+00
2.270258950477370252e+00
2.135834297741986187e+00
1.943575580778801770e+00
2.151049118835480556e+00
2.106374794639643167e+00
1.882179379773272876e+00
2.090851689696339388e+00
2.239057435760245962e+00
2.075102488249386479e+00
2.075102488249386479e+00
1.899786734822876688e-02
1.720706538833955551e-02
1.649164991463075020e-02
1.747661328845240281e-02
2.410127022431699739e+00
1.899786734822876688e-02
2.371943556700664590e+00
2.377039509928044136e+00
2.386594973893471749e+00
1.373557124214451648e-02
2.359247534408957847e+00
2.359247534408957847e+00
2.641611737732402765e-01
2.419229754614222461e-01
4.120420175531829265e-01
2.550606911931731502e-01
1.090559221185416039e+00
2.641611737732402765e-01
1.380298871682784423e+00
1.002353004485461829e+00
1.349211305861698795e+00
3.671881591492021091e-01
1.319838751189397197e+00
1.319838751189397197e+00
2.354854939581749296e+00
2.342107138459674331e+00
2.332347059536536538e+00
2.367607595611632920e+00
2.418241602957134084e+00
2.354854939581749296e+00
2.415235497232660844e+00
2.420335051509461710e+00
2.396644705218586413e+00
2.333557124838590457e+00
2.407583436386298459e+00
2.407583436386298459e+00
1.854776419741945404e+00
1.809084194928214595e+00
1.934674590583781884e+00
1.870257032232649719e+00
2.204725037201807680e+00
1.854776419741945404e+00
2.254506001214451771e+00
2.188525145420260554e+00
2.225186771614158676e+00
1.907667618675051413e+00
2.233056029959795907e+00
2.233056029959795907e+00
2.360384512189273920e+00
2.346301048855978344e+00
2.279251856869977999e+00
2.366934529816081767e+00
4.511330961741378404e-02
2.360384512189273920e+00
2.799837479151723318e-02
4.117446726028563264e-02
2.505700498840610427e-02
2.268510506232031432e+00
2.528437314193783883e-02
2.528437314193783883e-02
2.080347176819276722e+00
2.043745521194570536e+00
2.200681761864601516e+00
2.034962879700867866e+00
7.224489047800354280e-01
2.080347176819276722e+00
8.776404275899745144e-01
6.197228152283732472e-01
8.818602854293803306e-01
2.135981234840977461e+00
8.211362383394756881e-01
8.211362383394756881e-01
1.867830513272422388e-01
1.714362334614477346e-01
1.523750090785691846e-01
1.958991705720912746e-01
2.393056392212936423e+00
1.867830513272422388e-01
2.376780317991283642e+00
2.390732252374460298e+00
2.356320788114126152e+00
1.466434033565300332e-01
2.365496388471892253e+00
2.365496388471892253e+00
2.435654880892104135e+00
2.429851840435586663e+00
2.440783992757264986e+00
2.441400530806790314e+00
2.229336989044917061e+00
2.435654880892104135e+00
2.270471111855254076e+00
2.231556405602402648e+00
2.228474120859477825e+00
2.441195875286445993e+00
2.251290656902001697e+00
2.251290656902001697e+00
1.636773256264662413e+00
1.581587146885033546e+00
1.316820143423532929e+00
1.659554378101247174e+00
5.267772013156846699e-03
1.636773256264662413e+00
3.163279015328354215e-03
4.891517512770220989e-03
2.809780635228158272e-03
1.281853154230011560e+00
2.872280455642455248e-03
2.872280455642455248e-03
6.259784789717895981e-01
4.479503435901910913e-01
7.441087620712664163e-01
6.609077830944903864e-01
2.178840616139596342e+00
6.259784789717895981e-01
2.258026992982902215e+00
2.069468783258296973e+00
2.123119221875100049e+00
5.745607039264054583e-01
2.148261416957558900e+00
2.148261416957558900e+00
2.414805773335662487e+00
2.376424073499748157e+00
2.378159430286720610e+00
2.401504820542270657e+00
4.491867544460872996e-01
2.414805773335662487e+00
2.920282239302702809e-01
2.882143406992223600e-01
2.320275080131970202e-01
2.298196098940429088e+00
2.058136017885613678e-01
2.058136017885613678e-01
1.864935388678676503e-04
2.285415530731649497e-04
3.241516810692536272e-04
1.857188965554794607e-04
1.560775565027707090e+00
1.864935388678676503e-04
1.850443787349888014e+00
1.669029351018635365e+00
1.949204581277635517e+00
3.955086927960088021e-04
1.943259014529428619e+00
1.943259014529428619e+00
1.807471328780701603e+00
1.913047070888940882e+00
1.773623271943169266e+00
1.792162252081979767e+00
2.353728978687746221e+00
1.807471328780701603e+00
2.338723062903171446e+00
2.377193153878735199e+00
2.373762991705979264e+00
1.868467950298482227e+00
2.369200920541734590e+00
2.369200920541734590e+00
1.498809258043889203e+00
1.795227687963998342e+00
1.506380370843085403e+00
1.481064090757286289e+00
2.160842849184458014e+00
1.498809258043889203e+00
2.153298223944892342e+00
2.281386111701557251e+00
2.291287173931431997e+00
1.786626691262974020e+00
2.283876467259706722e+00
2.283876467259706722e+00
2.435901582324214498e+00
2.371001746431327106e+00
2.436458242272442565e+00
2.425459013579399858e+00
9.395746506934873343e-01
2.435901582324214498e+00
9.115664352648277236e-01
5.393847102342596012e-01
5.678332793732699946e-01
2.351894971291898173e+00
5.432060967963354692e-01
5.432060967963354692e-01
7.286069322632365841e-01
4.256952260607713145e-01
7.340101978056946530e-01
7.814214537784812675e-01
3.183399422697927935e-04
7.286069322632365841e-01
3.477336589904136423e-04
1.716949815970826012e-04
1.605032192516874618e-04
4.662435351452504650e-01
1.735026407819278374e-04
1.735026407819278374e-04
2.320732879199840948e+00
2.388819847716916467e+00
2.322032975979002600e+00
2.313000249803217834e+00
2.020570495276158951e+00
2.320732879199840948e+00
2.007489789689011150e+00
2.175831753491300091e+00
2.189429076392382267e+00
2.384740801692061929e+00
2.178033779626260991e+00
2.178033779626260991e+00
2.206386261748219280e+00
2.255802034878488183e+00
2.163166334438982652e+00
2.204962960322502941e+00
1.448310114673795335e-01
2.206386261748219280e+00
1.241817408736676925e-01
1.748195803822533145e-01
1.517257236907083306e-01
2.217586472376817941e+00
1.509525327906393322e-01
1.509525327906393322e-01
1.358093744896921029e-01
5.194845363585200854e-02
1.214768385933282652e-01
1.355942961138659475e-01
2.370751310550900381e+00
1.358093744896921029e-01
2.355208751620078811e+00
2.177781792419001494e+00
2.143971373965551042e+00
4.619754996178329631e-02
2.143189131345394571e+00
2.143189131345394571e+00
2.396895939616114024e+00
2.350028112615915710e+00
2.376546195845275378e+00
2.387160501061725615e+00
2.407074534385142517e+00
2.396895939616114024e+00
2.373319795542859101e+00
2.346152623528404035e+00
2.338224850321227066e+00
2.304753464007212926e+00
2.316499030698406347e+00
2.316499030698406347e+00
1.245262221575208716e+00
1.724960601426331896e+00
1.161146932375490826e+00
1.288766389369927490e+00
1.414201854283360094e+00
1.245262221575208716e+00
1.374984422063449507e+00
1.895623871181115083e+00
1.796462615728122936e+00
1.689888212889773200e+00
1.831902489295647030e+00
1.831902489295647030e+00
2.650070739205450786e-03
5.994197367971132451e-03
2.679225339157841491e-03
2.792698347572229386e-03
2.545545716697029670e-01
2.650070739205450786e-03
2.702498362311567814e-01
5.338289792288058999e-01
5.151829430953517308e-01
6.385399459146719713e-03
5.384190661445238391e-01
5.384190661445238391e-01
2.177996761429191075e+00
2.048924283771610177e+00
2.180256980243477472e+00
2.186193112889442514e+00
2.342978289385305501e+00
2.177996761429191075e+00
2.348976461660623904e+00
2.279946971380700571e+00
2.274810383174359352e+00
2.062669670657530485e+00
2.281565802145827604e+00
2.281565802145827604e+00
1.157075549069358500e+00
5.971853159470974504e-01
1.165285206401537765e+00
1.079668076087469730e+00
2.431869342882689633e+00
1.157075549069358500e+00
2.405351885657163180e+00
2.253313622775309888e+00
2.323626761482306069e+00
5.477829992045982754e-01
2.256257267772103337e+00
2.256257267772103337e+00
2.340444043309043654e+00
2.368914023178795070e+00
2.341826319008178725e+00
2.346841052729655264e+00
1.775751939241549282e+00
2.340444043309043654e+00
1.800129575042862085e+00
1.896052924493740521e+00
1.882530480314018595e+00
2.375335177589209312e+00
1.900294609721239647e+00
1.900294609721239647e+00
2.310567773556703397e+00
2.411190797081413706e+00
2.312654029549217061e+00
2.309478307307859968e+00
2.279738211272003490e+00
2.310567773556703397e+00
2.281688086191164810e+00
2.395775033592504766e+00
2.397181455485408286e+00
2.411680919120765321e+00
2.396961434128868973e+00
2.396961434128868973e+00
1.922477725079327238e+00
1.731692114591512954e+00
1.926305360756878082e+00
1.921362888442733174e+00
1.484538761953588581e+00
1.922477725079327238e+00
1.488317417608140625e+00
1.242153605938306704e+00
1.249036813152089476e+00
1.734954139689400376e+00
1.247556662594633936e+00
1.247556662594633936e+00
2.253344501060578153e+00
2.146786381015058254e+00
2.255565361782454037e+00
2.272493136424569737e+00
2.112742390679961044e-02
2.253344501060578153e+00
2.268868681336411522e-02
1.499011995836626622e-02
1.423725354572711634e-02
2.175855639893316429e+00
1.514079649583041122e-02
1.514079649583041122e-02
1.898061937750802619e-01
3.976765415945034410e-01
1.911492573712155474e-01
1.774567121291029392e-01
2.035723807389221651e+00
1.898061937750802619e-01
2.002794763195937744e+00
2.254984334783772137e+00
2.276225206298037929e+00
3.764130052930889647e-01
2.256656675686314895e+00
2.256656675686314895e+00
7.936156936720686339e-01
1.227118147359159472e+00
9.021100163222340873e-01
7.772217206001047485e-01
3.501709434046242353e-01
7.936156936720686339e-01
4.030272570170567170e-01
6.177535391662393183e-01
7.259235484347653644e-01
1.328099264234145149e+00
7.113998467766089462e-01
7.113998467766089462e-01
2.380704445018456017e+00
2.303932751943571500e+00
2.395747284567933288e+00
2.397389224953455411e+00
2.332624584333357731e+00
2.380704445018456017e+00
2.373310694633007589e+00
2.263686431504487562e+00
2.260887880075464373e+00
2.351644216202279924e+00
2.292313562977149832e+00
2.292313562977149832e+00
5.190206275989774770e-02
3.151751476090248333e-02
4.395538815319952053e-02
4.967767121786426793e-02
2.090102081882051710e+00
5.190206275989774770e-02
2.009224785439872374e+00
1.862379515448807643e+00
1.803916521797366057e+00
2.549543098007589145e-02
1.778460670059533788e+00
1.778460670059533788e+00
2.133699270382625190e+00
2.302631735942811897e+00
2.092986039450348557e+00
2.125415624185805985e+00
4.650043187327936019e-06
2.133699270382625190e+00
4.070502685571021047e-06
9.235471701253446309e-06
8.224380090275659215e-06
2.273452033756568014e+00
8.155240543341917209e-06
8.155240543341917209e-06
2.233643435455135329e+00
2.313999680196095365e+00
2.185865057932988798e+00
2.244609931649586887e+00
2.110330376914088646e+00
2.233643435455135329e+00
2.061324301391193714e+00
2.234076111083949545e+00
2.173999846850704909e+00
2.288538419681333647e+00
2.186449827375930521e+00
2.186449827375930521e+00
8.009002025497810040e-01
4.342071612140198655e-01
7.301758359478464078e-01
7.583053936635764103e-01
1.746479102443561915e-01
8.009002025497810040e-01
1.443943525938674310e-01
7.570462469124655813e-02
7.116337540657025063e-02
3.629885176333690899e-01
6.648625332761591566e-02
6.648625332761591566e-02
2.386305627721704958e+00
2.361641195268177729e+00
2.407161392244555387e+00
2.375504309197021158e+00
1.361695134743938107e+00
2.386305627721704958e+00
1.475856425280472228e+00
1.217110395195887262e+00
1.364672540316337335e+00
2.376071369215431606e+00
1.349081016017328105e+00
1.349081016017328105e+00
1.712072556769887344e+00
2.137024074510840865e+00
1.791544862965130269e+00
1.677869957994884587e+00
2.348913487720184268e+00
1.712072556769887344e+00
2.361399993589952118e+00
2.438528008292714766e+00
2.449999493254712224e+00
2.163604739710638825e+00
2.446965638577071278e+00
2.446965638577071278e+00
1.282142679714093902e-01
2.460420038152917044e-01
9.987038267396840252e-02
1.309156316147176702e-01
2.176899318028459707e+00
1.282142679714093902e-01
2.106074650172297780e+00
2.333614194398927477e+00
2.282299415522843322e+00
1.979444482707092001e-01
2.288270609545742129e+00
2.288270609545742129e+00
2.351652126295187273e+00
2.261925626669259781e+00
2.322635926922498317e+00
2.328032200028685939e+00
5.220910861495979827e-01
2.351652126295187273e+00
4.040298589877454050e-01
3.067412759159373059e-01
2.888642454743168830e-01
2.175322773164131362e+00
2.588284427958669198e-01
2.588284427958669198e-01
1.786656194082535620e+00
1.121748900697389972e+00
1.837259761359690380e+00
1.795906217931538817e+00
1.902566260012783950e+00
1.786656194082535620e+00
1.955593675563741085e+00
1.283222882020554900e+00
1.335227515604614501e+00
1.196670823706186715e+00
1.346993133531544373e+00
1.346993133531544373e+00
2.408091712253054073e+00
2.416125140399860260e+00
2.414474607154965646e+00
2.411770639051611376e+00
2.415673725737455868e+00
2.408091712253054073e+00
2.425594695949381041e+00
2.427037114002861262e+00
2.428437862453945328e+00
2.425107078297752405e+00
2.432139654125076156e+00
2.432139654125076156e+00
2.265120567355597636e+00
2.376214855370466061e+00
2.319021294864706650e+00
2.249856300114296825e+00
8.372873200023133178e-01
2.265120567355597636e+00
9.652783360495685860e-01
1.212799877956737271e+00
1.427465848079945809e+00
2.399089107516418906e+00
1.389444522529274861e+00
1.389444522529274861e+00
1.147613460348519299e+00
8.486389748047252768e-01
1.277231367020326802e+00
1.230061504354568624e+00
2.405655242768745428e+00
1.147613460348519299e+00
2.433242538026738178e+00
2.367941175161648815e+00
2.375069806496333147e+00
1.048362353426131044e+00
2.391666085621061200e+00
2.391666085621061200e+00
2.040289305799759312e+00
1.810718993845970681e+00
2.009932362675644679e+00
2.053122780452135476e+00
2.105136129204601581e+00
2.040289305799759312e+00
2.090258852843018378e+00
1.914178796707812991e+00
1.861426401720479795e+00
1.788168266269599904e+00
1.877859094824838815e+00
1.877859094824838815e+00
9.666145001337106760e-04
1.980183436260201518e-03
9.119053176260904321e-04
9.708140195249961683e-04
7.444348916140095147e-03
9.666145001337106760e-04
7.061908182940644825e-03
1.529067929942193316e-02
1.435694037322420881e-02
1.876810663241423828e-03
1.443411468818175253e-02
1.443411468818175253e-02
2.342088420102673041e+00
2.393950688376504932e+00
2.384777993993873135e+00
2.336147914951255178e+00
3.014100613275852991e-01
2.342088420102673041e+00
3.891657832196426248e-01
4.185434873391457589e-01
5.630488152852711758e-01
2.419956683945451825e+00
5.470909488976946067e-01
5.470909488976946067e-01
1.882738597321735874e+00
2.043636557815532218e+00
1.764202881178523308e+00
1.874901405108692742e+00
2.342345691053404622e+00
1.882738597321735874e+00
2.298992836648288129e+00
2.388204755707781235e+00
2.362245974996915798e+00
1.939686964992034968e+00
2.359498981095776493e+00
2.359498981095776493e+00
2.295973919977996491e+00
2.254961318542143545e+00
2.357748157704308678e+00
2.290882953106201381e+00
2.418334840765960170e+00
2.295973919977996491e+00
2.439768903305805647e+00
2.393570023182488349e+00
2.431822532041754137e+00
2.323886182566047953e+00
2.426742997312524963e+00
2.426742997312524963e+00
2.661688565773975279e-01
2.182958484399248611e-01
2.062368571381463234e-01
3.035387624627913783e-01
1.760372448961248670e+00
2.661688565773975279e-01
1.701104458823173182e+00
1.734473209104427704e+00
1.475799805977855650e+00
1.930057075782994902e-01
1.576920695564084651e+00
1.576920695564084651e+00
8.043654098172562869e-03
6.492182126082955695e-03
9.996880338895995990e-03
8.101074286889066098e-03
2.333299366334359970e+00
8.043654098172562869e-03
2.366411175392131305e+00
2.299806785173318158e+00
2.333870866273000555e+00
8.130837725986534911e-03
2.336542630726488046e+00
2.336542630726488046e+00
2.285869956225475619e+00
2.243980350051812511e+00
2.179194212704938405e+00
2.291685841498740661e+00
1.706033966333085017e+00
2.285869956225475619e+00
1.461904056629453885e+00
1.612543627420349068e+00
1.322291352247498608e+00
2.129519891045591695e+00
1.340632895665017310e+00
1.340632895665017310e+00
1.200489109634156115e+00
1.073320479318894405e+00
1.317138955208050577e+00
1.242269857493892848e+00
4.498040660627029147e-02
1.200489109634156115e+00
5.655828219554345782e-02
3.849258101653710296e-02
4.417224223042089809e-02
1.230735680979570867e+00
4.625681818119739552e-02
4.625681818119739552e-02
2.341768404686103811e+00
2.305085863219157094e+00
2.273644552073496694e+00
2.332334376826503242e+00
2.118090423614221951e+00
2.341768404686103811e+00
1.952372393111700299e+00
2.018995146555547571e+00
1.875566507094983182e+00
2.207037054247370289e+00
1.849770641579845387e+00
1.849770641579845387e+00
1.515066753917222231e+00
1.575034843734348877e+00
1.744787340839261125e+00
1.530563751585365617e+00
2.154501840695620896e+00
1.515066753917222231e+00
2.266078188698557483e+00
2.192866925368833542e+00
2.279951418919908601e+00
1.809991451881735713e+00
2.286623833874388723e+00
2.286623833874388723e+00
5.991389185323669056e-06
6.571150332656546787e-06
4.468529588042294730e-06
6.249190260060047072e-06
1.001356561688838687e+00
5.991389185323669056e-06
8.588597141347977804e-01
1.087201648560890410e+00
8.835572986669043560e-01
5.112056837242982159e-06
9.116819997236725870e-01
9.116819997236725870e-01
2.363473430428411515e+00
2.374482250004788408e+00
2.401610250032789384e+00
2.368510739476445970e+00
1.839021228280189818e-03
2.363473430428411515e+00
2.649014916018485339e-03
2.053507546506742193e-03
2.832591916590644718e-03
2.413060404524245417e+00
2.894601032712271812e-03
2.894601032712271812e-03
7.212670373594897155e-01
7.716800239130962025e-01
6.000493415932123265e-01
6.693335674661042844e-01
2.068639191748602890e+00
7.212670373594897155e-01
1.917634630412340835e+00
2.057932084120054572e+00
2.011082609384796438e+00
5.968428019949750807e-01
1.959611249725583981e+00
1.959611249725583981e+00
1.267077492969111985e+00
1.128392922237349660e+00
1.465196452411834160e+00
1.264993811278952274e+00
1.358336901815266062e-01
1.267077492969111985e+00
1.828690239324430034e-01
1.096035905772149571e-01
1.491115555461954012e-01
1.326700542658177939e+00
1.486839727903620512e-01
1.486839727903620512e-01
2.427641945097431364e+00
2.411916324689773461e+00
2.409405125479123999e+00
2.427303251992403599e+00
2.333567741606545010e+00
2.427641945097431364e+00
2.293254231585504233e+00
2.298715835915073225e+00
2.251753938176794367e+00
2.389381307100818308e+00
2.251300785380310643e+00
2.251300785380310643e+00
8.175286073115133056e-02
1.186931644784401246e-01
1.168413170237648235e-01
7.390438173921684561e-02
2.385083353110515336e+00
8.175286073115133056e-02
2.408283478382198695e+00
2.409730425237318840e+00
2.444893526752269342e+00
1.528408835847726854e-01
2.437034298787957631e+00
2.437034298787957631e+00
2.028083038120847004e+00
2.169638104852600780e+00
1.915092684542313739e+00
2.069711667943545219e+00
1.294406634291501268e+00
2.028083038120847004e+00
1.192194609131520755e+00
1.616120967532010289e+00
1.390019386450481731e+00
2.121805516338117314e+00
1.456406489933438353e+00
1.456406489933438353e+00
