5.638137107468524256e+00
5.697477507122394869e+00
5.697477507122394869e+00
6.069302199439853496e+00
6.069302199439853496e+00
7.861676585630170244e+00
6.877070412029853586e+00
6.877070412029853586e+00
7.398714755628285289e+00
6.395983534804206450e+00
6.877070412029853586e+00
6.881136140896911613e+00
6.881136140896911613e+00
7.398714755628285289e+00
6.881136140896911613e+00
5.682127149200346672e+00
5.682127149200346672e+00
4.765962630389074306e+00
5.582334637921539056e+00
4.765962630389074306e+00
4.924531610176683394e+00
6.366202685433183461e+00
4.924531610176683394e+00
6.620075244576583806e+00
6.620075244576583806e+00
7.630540672148036663e+00
7.032688400508050108e+00
7.630540672148036663e+00
5.321095521659684913e+00
7.032688400508050108e+00
5.321095521659684913e+00
6.110978141183743162e+00
6.475134195820064775e+00
5.944908711539810930e+00
6.572863214186343228e+00
6.572863214186343228e+00
6.572863214186343228e+00
6.572863214186343228e+00
6.289179144646263708e+00
7.288592466589003394e+00
7.288592466589003394e+00
7.617356765488209724e+00
7.288592466589003394e+00
6.507520846788016122e+00
6.507520846788016122e+00
6.507520846788016122e+00
7.026271826587432656e+00
6.701485400281937288e+00
6.701485400281937288e+00
7.026271826587432656e+00
6.701485400281937288e+00
5.944068653972059302e+00
5.635997586256030978e+00
5.635997586256030978e+00
5.872634762391294672e+00
5.872634762391294672e+00
5.872634762391294672e+00
5.824712599626204579e+00
5.611597589328433777e+00
5.824712599626204579e+00
6.446388306491436460e+00
6.446388306491436460e+00
6.355069185425490375e+00
6.105105372750395887e+00
6.018620843716806945e+00
6.018620843716806945e+00
6.105105372750395887e+00
6.018620843716806945e+00
6.018620843716806945e+00
6.961180270619415467e+00
6.961180270619415467e+00
5.704825847556799445e+00
5.157866734001590459e+00
5.541319640761722454e+00
5.541319640761722454e+00
5.541319640761722454e+00
5.236966872994777589e+00
5.541319640761722454e+00
6.393227284308637515e+00
5.236966872994777589e+00
6.393227284308637515e+00
6.393227284308637515e+00
5.807062836866630384e+00
5.482920192212317190e+00
7.123737195969306768e+00
6.726099512446368500e+00
5.482920192212317190e+00
6.726099512446368500e+00
6.868218536577263222e+00
6.231061524386102946e+00
5.233911626154578833e+00
5.426744011986160743e+00
5.233911626154578833e+00
5.805889257266144909e+00
5.805889257266144909e+00
5.426744011986160743e+00
5.805889257266144909e+00
7.739681466769104290e+00
7.739681466769104290e+00
7.739681466769104290e+00
7.013358044921538692e+00
8.182907278875553914e+00
7.414989730721558203e+00
7.013358044921538692e+00
6.303845063468483723e+00
6.762488026162743360e+00
6.762488026162743360e+00
6.250541381142195263e+00
5.173736830104254558e+00
6.002710062829936355e+00
6.002710062829936355e+00
6.002710062829936355e+00
6.852945269695695174e+00
6.530569086142493873e+00
6.530569086142493873e+00
5.377326774371611329e+00
7.951338923883212395e+00
7.360389362963409177e+00
5.723203466929549954e+00
5.236636004998431737e+00
7.250025253766546385e+00
6.388680910639192412e+00
7.250025253766546385e+00
6.977919646907098539e+00
6.977919646907098539e+00
7.072329160695637995e+00
6.977919646907098539e+00
7.076392726088693408e+00
7.076392726088693408e+00
7.076392726088693408e+00
5.689604154700167449e+00
5.689604154700167449e+00
6.246914599808742530e+00
5.969355318469196092e+00
5.206881077422137238e+00
5.470662297853891687e+00
5.470662297853891687e+00
5.206881077422137238e+00
6.271763575482079744e+00
5.470662297853891687e+00
5.470662297853891687e+00
6.658416629051604474e+00
6.658416629051604474e+00
7.010735748342119322e+00
6.268030030938174235e+00
7.202749126195847396e+00
5.564217834681669750e+00
7.202749126195847396e+00
5.564217834681669750e+00
5.716478838347661906e+00
5.744917772825592017e+00
5.559088924498592377e+00
6.130124889281726830e+00
6.130124889281726830e+00
5.470438758778377597e+00
5.470438758778377597e+00
5.470438758778377597e+00
5.470438758778377597e+00
6.611441528775666043e+00
7.301722781925961137e+00
6.420197096164794281e+00
6.420197096164794281e+00
6.420197096164794281e+00
5.640106556030823448e+00
5.640106556030823448e+00
5.640106556030823448e+00
5.239523532423191021e+00
5.640106556030823448e+00
5.201121968801613704e+00
5.239523532423191021e+00
5.598769035662110483e+00
6.827052533690314284e+00
6.827052533690314284e+00
6.698809524963603934e+00
6.712494320572690576e+00
7.441810048215257822e+00
7.455027802110599566e+00
7.455027802110599566e+00
6.887216604915695761e+00
8.055344268956655895e+00
5.186408857801171557e+00
5.186408857801171557e+00
5.026721015625909672e+00
5.853048671498855882e+00
5.853048671498855882e+00
5.894964331321610906e+00
5.894964331321610906e+00
7.982163152338235257e+00
6.646301937592672182e+00
6.429913711029056067e+00
6.324925686076151798e+00
7.316004477913019777e+00
4.701174149077727904e+00
4.701174149077727904e+00
4.701174149077727904e+00
5.618619794478226126e+00
5.618619794478226126e+00
6.692311144623013242e+00
6.447910848813193319e+00
6.505829672571327826e+00
6.231961521843217611e+00
6.231961521843217611e+00
5.914155658824500783e+00
6.973526159219436416e+00
6.529151178410124601e+00
5.537287092278880607e+00
6.529151178410124601e+00
4.463269445000119795e+00
4.463269445000119795e+00
4.463269445000119795e+00
6.315127945308847579e+00
6.315127945308847579e+00
7.927357942215739861e+00
6.209790541948742693e+00
6.040779314069149031e+00
6.040779314069149031e+00
7.711599859780568167e+00
6.209790541948742693e+00
6.040779314069149031e+00
7.479837472160410172e+00
7.479837472160410172e+00
7.479837472160410172e+00
6.125235053102210614e+00
6.125235053102210614e+00
6.172452262838856285e+00
5.226196053615197457e+00
6.894286848020898084e+00
6.894286848020898084e+00
6.894286848020898084e+00
5.491982545881314515e+00
6.818432168881465749e+00
6.374262542075944005e+00
6.369924153417639623e+00
6.369924153417639623e+00
6.384604523170472667e+00
5.661165411168166628e+00
5.661165411168166628e+00
5.661165411168166628e+00
5.392861898145949517e+00
6.301641133118359939e+00
7.137719425343415303e+00
7.779339231375958619e+00
6.184610068124609228e+00
6.740553511097097328e+00
6.740553511097097328e+00
7.779339231375958619e+00
6.740553511097097328e+00
6.822031764788913044e+00
7.040304437105094237e+00
7.065989079291904673e+00
7.040304437105094237e+00
6.822031764788913044e+00
7.065989079291904673e+00
5.799556471953499326e+00
5.799556471953499326e+00
5.829086292140743808e+00
5.753116808977835284e+00
5.829086292140743808e+00
5.829086292140743808e+00
6.017609281208605054e+00
6.017609281208605054e+00
6.331914603298984368e+00
7.135884561976767237e+00
6.535056025044181816e+00
6.467163507249090948e+00
6.467163507249090948e+00
5.010956018323982519e+00
5.111613910925649762e+00
5.913182742948402293e+00
5.913182742948402293e+00
7.146527746395040737e+00
6.417131434624513631e+00
6.272357894802260248e+00
5.397866033494373106e+00
5.397866033494373106e+00
5.397866033494373106e+00
5.748182522861723598e+00
5.024697280257968579e+00
5.350795464323891970e+00
5.350795464323891970e+00
5.350795464323891970e+00
6.225374179422909826e+00
6.580661494612815687e+00
7.172127301551465273e+00
6.357080788241405322e+00
7.046664393788521608e+00
5.694307370991594119e+00
6.886153271589494196e+00
6.516640740652285935e+00
6.695615912322566921e+00
6.884620076112157427e+00
6.884620076112157427e+00
6.884620076112157427e+00
7.528847619132903901e+00
6.884620076112157427e+00
6.884620076112157427e+00
5.370466590293817788e+00
5.998462941756005584e+00
5.998462941756005584e+00
5.070678058237055197e+00
5.998462941756005584e+00
5.998462941756005584e+00
7.092971394605782187e+00
7.092971394605782187e+00
5.630126942535092383e+00
