-4.055504114242264677e+03
-3.329692020531762864e+03
-3.391723683753261867e+03
-4.306471555490193168e+03
-4.319258667530340063e+03
-2.880973411995051720e+03
-3.213038390390359382e+03
-4.483046766234361712e+03
-3.243340562832653177e+03
-3.573723309270193113e+03
-3.213038390390359382e+03
-4.971062378702579736e+03
-3.539988846184160593e+03
-4.449613694330167164e+03
-4.958638508941402506e+03
-4.228925665552827013e+03
-4.228925665552827013e+03
-4.474649088694787679e+03
-4.124030967585273174e+03
-4.710125323364744872e+03
-3.721327742543226577e+03
-2.688257552337573088e+03
-3.465980944283241115e+03
-4.356472440894494866e+03
-4.368395511302989689e+03
-3.522638038611674801e+03
-3.493335810627740557e+03
-3.522638038611674801e+03
-5.176453277974528646e+03
-3.040974357548861462e+03
-4.549618032798655804e+03
-3.452555939989004855e+03
-3.483930767783993815e+03
-3.912064349292223142e+03
-5.921563814700360126e+03
-5.874206856821804649e+03
-4.621443781707591370e+03
-5.792036164668606943e+03
-5.895024296940999193e+03
-3.628350422973363038e+03
-3.688516884222388398e+03
-3.619298439320659327e+03
-3.598463575942779244e+03
-3.499231755128333589e+03
-3.624515593696761243e+03
-4.425314406459357087e+03
-3.131777231547519932e+03
-3.969525047907458884e+03
-4.066117709247125731e+03
-4.129731083476691310e+03
-4.106929674232819707e+03
-4.080231938362575420e+03
-4.469768928199844595e+03
-4.035836897757362294e+03
-4.726292653244294343e+03
-4.632760043447357020e+03
-4.726292653244294343e+03
-4.168543604762307950e+03
-4.231583604741475028e+03
-4.085527730739839626e+03
-3.672825863729436605e+03
-3.541897056714617520e+03
-3.666939816732934560e+03
-4.025865828633395267e+03
-3.674104322016149581e+03
-3.885629120865140521e+03
-3.699953874703603105e+03
-3.691713066200153207e+03
-3.691713066200153207e+03
-2.971762844925808167e+03
-2.966995290269011548e+03
-3.636627457291185692e+03
-3.562519100038640772e+03
-5.604113796715773788e+03
-5.468239675843337864e+03
-4.962165986194521793e+03
-5.553807960562763583e+03
-5.604113796715773788e+03
-4.026610986534954463e+03
-4.839567695778258894e+03
-3.929993428327918537e+03
-3.929993428327918537e+03
-3.735994799468016936e+03
-3.704300679869154010e+03
-2.789777367136448447e+03
-2.726618484718657328e+03
-5.092135907977640272e+03
-3.800023215820378027e+03
-3.790956338385301933e+03
-4.233972000684986597e+03
-3.628495164263408697e+03
-3.615541805606417256e+03
-3.591835490676895006e+03
-3.487714093358988066e+03
-4.910969035146921669e+03
-5.390892080489800719e+03
-5.003590147262480968e+03
-3.737862343302610043e+03
-3.500486156944152299e+03
-3.765320690255715363e+03
-3.681087203352180040e+03
-3.362361005859230318e+03
-3.154809970199214604e+03
-3.505820036835906194e+03
-3.773694935429223733e+03
-2.948441355712669974e+03
-2.793450427347540881e+03
-4.907353306687484292e+03
-4.830603217454016885e+03
-4.046786365695399581e+03
-3.664656142447338425e+03
-4.078643314493740490e+03
-3.205296372918301131e+03
-4.260569084686933820e+03
-4.214038774880402343e+03
-4.825092371962894504e+03
-2.578378084422361098e+03
-2.599462627544697170e+03
-4.885938455283780968e+03
-5.250837585097100600e+03
-3.319357381967490710e+03
-3.279547296920031840e+03
-3.339527050065582443e+03
-3.138495930698160009e+03
-2.925528110788412050e+03
-3.063688791890314405e+03
-3.138495930698160009e+03
-2.838847334436180518e+03
-3.008228724946941838e+03
-2.803276811170243946e+03
-5.753718088722816901e+03
-5.071257399500477732e+03
-5.437083188815597168e+03
-3.113339772850888039e+03
-3.564772339088889566e+03
-5.523990242951583241e+03
-3.585223363402958967e+03
-5.135010963891693791e+03
-4.460891998570611577e+03
-5.169669547621469974e+03
-5.169669547621469974e+03
-4.239336744843183624e+03
-4.342426102411086504e+03
-3.943779580332362912e+03
-3.926748039706426880e+03
-3.273141546447805922e+03
-4.119655984273287686e+03
-3.108988723560536073e+03
-6.463629826926819078e+03
-6.482019845001203976e+03
-4.555582437111223953e+03
-4.160240877649996946e+03
-3.951484298933958598e+03
-3.913659045687997605e+03
-4.607056662222514205e+03
-3.981763649639271080e+03
-4.373542225132187923e+03
-4.607056662222514205e+03
-2.347730153008516481e+03
-3.723723441998590715e+03
-4.064816046406740043e+03
-4.701461336436408601e+03
-4.099169674229324301e+03
-3.542880236109538600e+03
-4.424052216033907825e+03
-3.622926991617177464e+03
-3.919096595666760550e+03
-3.637423364544236392e+03
-4.751494790452449706e+03
-4.634443937267218644e+03
-4.291248628447656301e+03
-4.026199944412824607e+03
-4.050284599495621933e+03
-4.017623197164016801e+03
-3.407858580806140253e+03
-2.897187334362635283e+03
-3.346830669189670971e+03
-3.409017745709482369e+03
-3.251398594601438617e+03
-2.817936553110687782e+03
-5.286910452941641779e+03
-5.166878744551301679e+03
-5.261443749594803194e+03
-4.305813580400878891e+03
-4.535211345684258958e+03
-4.409089890828809985e+03
-4.036613345071116782e+03
-2.528887944664735642e+03
-4.664697483548464334e+03
-4.647060779853405620e+03
-2.739228455044528346e+03
-2.803608837605283952e+03
-5.233189321887606638e+03
-5.189480059111911942e+03
-5.088659590109862620e+03
-4.463001012754816657e+03
-4.295822279872408217e+03
-3.379720176283544788e+03
-3.669847659196777840e+03
-3.582132396342460197e+03
-3.841902376496654597e+03
-3.886515657131366879e+03
-4.773408472528253697e+03
-4.928286397670639417e+03
-5.643842402306142503e+03
-5.591478372911341467e+03
-5.716716911730851280e+03
-4.391800792515208741e+03
-4.191949890253012200e+03
-4.391800792515208741e+03
-3.558202108694159506e+03
-4.313447417853980369e+03
-2.460754241309053214e+03
-3.045073524275182081e+03
-3.416996147369438859e+03
-2.605398061749277076e+03
-2.759871202166379135e+03
-2.530895838571699642e+03
-2.668348422180575653e+03
-2.776820644477089445e+03
-3.405397718514778262e+03
-2.769973252535684423e+03
-4.468100377086873777e+03
-3.632487997168966558e+03
-4.483951881893789505e+03
-4.155078115100346622e+03
-3.244178262527747393e+03
-3.830649189894244500e+03
-3.170286791167729007e+03
-4.320000799491834186e+03
-3.315945173314231397e+03
-3.284415129429495209e+03
-4.682350337478104848e+03
-4.411606878172797224e+03
-4.576099180185205114e+03
-5.157123637410060837e+03
-4.965222103974951096e+03
-4.965222103974951096e+03
-4.671911640758982685e+03
-4.241046332655832884e+03
-3.104567743970726042e+03
-3.325916529355683451e+03
-4.349536462940836827e+03
-4.144770986380138311e+03
-4.022730239886779600e+03
-3.055905682061923017e+03
-4.032803048785604460e+03
-3.111584879005434686e+03
-2.949086381712402272e+03
-2.986478844749833115e+03
-3.892513487805175373e+03
-4.112396813142097926e+03
-3.894054402248038059e+03
-4.679340051457827940e+03
-4.360836947154576592e+03
-4.507577644618174418e+03
-3.871050340652839168e+03
-3.879632389842867724e+03
-3.879632389842867724e+03
-3.712632163351267081e+03
-3.789027015757606478e+03
-3.740972446650437632e+03
-3.390045387836076316e+03
-2.790752831102920027e+03
-3.588512728884280477e+03
-3.588512728884280477e+03
-4.711679535615910027e+03
-4.729386288195200905e+03
-4.856365055659843165e+03
-4.972817268659571710e+03
-2.611593961706832943e+03
-3.221387120095421324e+03
-4.078852351233986155e+03
-5.080928214329824186e+03
-4.968468824805362601e+03
-5.069190882720146874e+03
-5.127704544593722858e+03
-5.382013490907279447e+03
-4.076256331341622172e+03
-5.301706228013820692e+03
-3.994651014855186077e+03
-4.206997619154785752e+03
-3.943057666847150813e+03
-3.498270185014605886e+03
-4.363409116923741749e+03
-3.493721542870815028e+03
-3.593287647892681434e+03
-3.719417294020267036e+03
-4.130069186538064969e+03
-4.762940335291668816e+03
-3.841415098618384036e+03
-3.753987002590847169e+03
-3.698626024040348057e+03
-3.694429609910578165e+03
-3.658088688975128207e+03
-3.658088688975128207e+03
-3.777902872054130512e+03
-4.127346140983298028e+03
-3.279734111551323622e+03
-5.095417496037885030e+03
-4.175034992018721823e+03
-4.175034992018721823e+03
-3.603828004983573919e+03
-3.089476673162036150e+03
-4.117010641742223925e+03
