9.830854129932591334e+00
9.830854129932591334e+00
9.830854129932591334e+00
1.014332585189522185e+01
1.014332585189522185e+01
1.105759297432712707e+01
1.077747274378886644e+01
1.077747274378886644e+01
1.159497312669163804e+01
1.077747274378886644e+01
1.077747274378886644e+01
1.159497312669163804e+01
1.159497312669163804e+01
1.159497312669163804e+01
1.159497312669163804e+01
1.052927081466582315e+01
1.052927081466582315e+01
1.034435021205698746e+01
1.034435021205698746e+01
1.034435021205698746e+01
1.040827710976176590e+01
1.040827710976176590e+01
1.040827710976176590e+01
1.082334022928434258e+01
1.082334022928434258e+01
1.110676292512829022e+01
1.023654890876220236e+01
1.110676292512829022e+01
1.023654890876220236e+01
1.023654890876220236e+01
1.023654890876220236e+01
9.996453350203960753e+00
1.059214669556767952e+01
1.059214669556767952e+01
1.166858956210888287e+01
1.166858956210888287e+01
1.166858956210888287e+01
1.166858956210888287e+01
1.116497449133919240e+01
1.116497449133919240e+01
1.116497449133919240e+01
1.166858956210888287e+01
1.116497449133919240e+01
1.099422767015941815e+01
1.099422767015941815e+01
1.099422767015941815e+01
1.099422767015941815e+01
1.048602417289814781e+01
1.048602417289814781e+01
1.099422767015941815e+01
1.048602417289814781e+01
1.029497719757608643e+01
1.029497719757608643e+01
1.029497719757608643e+01
1.142457151224418332e+01
1.142457151224418332e+01
1.142457151224418332e+01
1.091675211402293932e+01
1.091675211402293932e+01
1.091675211402293932e+01
9.760878935440644000e+00
9.760878935440644000e+00
9.622606953853999556e+00
9.760878935440644000e+00
9.622606953853999556e+00
9.622606953853999556e+00
9.760878935440644000e+00
9.622606953853999556e+00
9.622606953853999556e+00
1.027653588095037662e+01
1.027653588095037662e+01
1.136629745210716713e+01
1.027653588095037662e+01
1.127500368721514512e+01
1.127500368721514512e+01
1.127500368721514512e+01
1.065573268296845022e+01
1.127500368721514512e+01
1.065573268296845022e+01
1.065573268296845022e+01
1.065573268296845022e+01
1.065573268296845022e+01
1.062571571466323483e+01
1.003260217519372155e+01
1.062571571466323483e+01
1.003260217519372155e+01
1.003260217519372155e+01
1.003260217519372155e+01
1.087370917215595334e+01
1.087370917215595334e+01
9.860032572557875241e+00
1.022330458422926469e+01
9.860032572557875241e+00
1.022330458422926469e+01
1.022330458422926469e+01
1.022330458422926469e+01
1.022330458422926469e+01
1.201104332607661718e+01
1.201104332607661718e+01
1.201104332607661718e+01
1.088387780563342488e+01
1.201104332607661718e+01
1.088387780563342488e+01
1.088387780563342488e+01
1.047435520684697963e+01
1.117782372726484930e+01
1.117782372726484930e+01
1.103290098284994691e+01
1.053155365824110135e+01
1.074245887553925272e+01
1.074245887553925272e+01
1.074245887553925272e+01
1.104609980260039670e+01
1.056377168997641292e+01
1.056377168997641292e+01
9.971093975080375316e+00
1.118712258872035115e+01
1.035568712293949289e+01
1.035568712293949289e+01
1.144985550094276583e+01
1.144985550094276583e+01
1.008954737508637578e+01
1.144985550094276583e+01
1.066072826487634906e+01
1.066072826487634906e+01
1.066072826487634906e+01
1.066072826487634906e+01
1.066685362548352778e+01
1.066685362548352778e+01
1.066685362548352778e+01
1.083928575257016647e+01
1.083928575257016647e+01
1.127072668712802539e+01
1.023017865972557239e+01
1.023017865972557239e+01
1.074844073868845840e+01
1.074844073868845840e+01
1.023017865972557239e+01
1.074844073868845840e+01
1.074844073868845840e+01
1.074844073868845840e+01
1.132967224842881571e+01
1.132967224842881571e+01
1.132967224842881571e+01
1.012942556145152295e+01
1.156505648971307387e+01
1.156505648971307387e+01
1.156505648971307387e+01
1.156505648971307387e+01
1.188152632624641392e+01
1.042350387160962022e+01
9.452529267135817648e+00
1.042350387160962022e+01
1.042350387160962022e+01
1.092841471948071153e+01
1.092841471948071153e+01
1.092841471948071153e+01
1.092841471948071153e+01
9.562823336497789484e+00
1.097880938532485295e+01
1.097880938532485295e+01
1.097880938532485295e+01
1.097880938532485295e+01
1.002898503496487415e+01
1.002898503496487415e+01
1.002898503496487415e+01
1.002898503496487415e+01
1.002898503496487415e+01
9.955480506452538236e+00
1.002898503496487415e+01
9.955480506452538236e+00
1.121739639178206360e+01
1.121739639178206360e+01
1.100668281425160444e+01
1.100668281425160444e+01
1.059257535089232505e+01
1.146587195769202161e+01
1.146587195769202161e+01
1.059257535089232505e+01
1.146587195769202161e+01
1.072560983986133465e+01
1.072560983986133465e+01
1.039537180072854028e+01
1.039537180072854028e+01
1.039537180072854028e+01
1.101106102003279830e+01
1.101106102003279830e+01
1.101106102003279830e+01
1.050828889421324241e+01
1.016616330025315840e+01
1.054546026710975859e+01
1.219787209605800449e+01
1.054546026710975859e+01
1.054546026710975859e+01
1.054546026710975859e+01
9.789439856315565791e+00
9.789439856315565791e+00
1.123433116356704708e+01
1.123433116356704708e+01
1.040485351237284384e+01
1.043833988237976129e+01
1.043833988237976129e+01
1.090715560298299103e+01
1.286089499632762312e+01
1.286089499632762312e+01
1.090715560298299103e+01
1.286089499632762312e+01
9.043527801115299525e+00
9.043527801115299525e+00
9.043527801115299525e+00
1.096403235943345678e+01
1.096403235943345678e+01
1.160169827843468227e+01
9.088036236677105251e+00
9.088036236677105251e+00
9.088036236677105251e+00
1.160169827843468227e+01
9.088036236677105251e+00
9.088036236677105251e+00
1.136929584657485215e+01
1.136929584657485215e+01
1.136929584657485215e+01
1.128232450946501864e+01
1.128232450946501864e+01
1.136929584657485215e+01
1.018323850355603177e+01
1.070112325453033897e+01
1.070112325453033897e+01
1.070112325453033897e+01
1.070112325453033897e+01
1.082266036809942200e+01
1.011764535912409357e+01
1.068950954427244682e+01
1.068950954427244682e+01
1.071414499499475426e+01
1.071414499499475426e+01
1.071414499499475426e+01
1.071414499499475426e+01
1.173298748622544707e+01
1.173298748622544707e+01
9.937613205358456270e+00
1.083091946710490383e+01
9.937613205358456270e+00
1.083091946710490383e+01
1.083091946710490383e+01
1.083091946710490383e+01
1.083091946710490383e+01
1.112055128289529549e+01
1.108012843799473934e+01
1.112055128289529549e+01
1.108012843799473934e+01
1.112055128289529549e+01
1.112055128289529549e+01
1.044662228684400596e+01
1.044662228684400596e+01
1.058456916369017087e+01
1.044662228684400596e+01
1.058456916369017087e+01
1.058456916369017087e+01
1.055505722893829912e+01
1.055505722893829912e+01
1.110635767185398493e+01
1.055505722893829912e+01
1.076386913857508532e+01
1.009246286244462354e+01
1.009246286244462354e+01
1.009246286244462354e+01
1.029519584177618974e+01
1.116536204858201309e+01
1.116536204858201309e+01
1.061526117990260154e+01
1.086027413403038899e+01
1.061526117990260154e+01
1.065130892010713914e+01
1.065130892010713914e+01
1.065130892010713914e+01
1.134256897082083881e+01
1.065130892010713914e+01
1.134256897082083881e+01
1.134256897082083881e+01
1.134256897082083881e+01
1.130688266606298953e+01
1.130688266606298953e+01
1.023583062793018783e+01
1.023583062793018783e+01
1.005677397988779731e+01
9.650356321927498371e+00
1.167022228142792883e+01
1.167022228142792883e+01
1.145854208512471395e+01
1.047805891060272998e+01
1.047805891060272998e+01
1.047805891060272998e+01
1.145854208512471395e+01
1.047805891060272998e+01
1.047805891060272998e+01
1.033623737327434711e+01
9.759251113882193351e+00
9.759251113882193351e+00
9.759251113882193351e+00
9.759251113882193351e+00
9.759251113882193351e+00
1.096910706525189916e+01
1.096910706525189916e+01
1.092470075413223896e+01
