1.723481427244003683e+01
1.275590359885935854e+01
1.296126893055396145e+01
1.572094054940874663e+01
1.576218467228206777e+01
1.791554621670311320e+01
1.636587772248273609e+01
2.200356969959158704e+01
1.760727369932527253e+01
1.522099937533170433e+01
1.636587772248273609e+01
1.950611038417324394e+01
1.447555749046591878e+01
2.092603104318259710e+01
1.946214623117291609e+01
1.168030647786529741e+01
1.168030647786529741e+01
9.260781130602387279e+00
1.418263134562619499e+01
1.210853439968734513e+01
9.442215252751326560e+00
1.150812622611710978e+01
8.902030641294418345e+00
1.808042385232929306e+01
1.849600750458728271e+01
2.283682605608054317e+01
2.104756250041803511e+01
2.283682605608054317e+01
2.470955726438608480e+01
2.905843573866399865e+01
2.198628795558048665e+01
1.311230171636380959e+01
1.389366992778849763e+01
1.395098956673028212e+01
2.254802936245154044e+01
2.238337788098358416e+01
1.806274846578256899e+01
1.842068618724869467e+01
2.157485883977221519e+01
1.636327088345327141e+01
1.988320252142422717e+01
1.697634439996802413e+01
1.624364720114262184e+01
1.307033259378515844e+01
1.347554237797317889e+01
1.601357185597638022e+01
1.411224210110189858e+01
1.787662387208544601e+01
1.700152402644246763e+01
1.932339835948837248e+01
1.843018249022647126e+01
1.479780283607347258e+01
1.441187069825650546e+01
1.526882233338653272e+01
1.465790418279033425e+01
1.440335761014400084e+01
1.465790418279033425e+01
1.385375674709010418e+01
1.311499039042380055e+01
1.361306625342323962e+01
1.988007334108811008e+01
1.493711031963275104e+01
1.959845350406920161e+01
1.882758791355011141e+01
1.334501138351951255e+01
1.400392768551836475e+01
1.359309462675829394e+01
1.340053572480201360e+01
1.340053572480201360e+01
1.734871376623060968e+01
1.713017276572096037e+01
1.194005981954690299e+01
1.065930010597458022e+01
1.354020535959343441e+01
1.325479280580143637e+01
1.220406788499876960e+01
1.279651987590265705e+01
1.354020535959343441e+01
1.488423692961467282e+01
1.193517237010184040e+01
1.457031741654436274e+01
1.457031741654436274e+01
1.477395541376298027e+01
1.394929256537437645e+01
1.812375355135710464e+01
1.393444114615628315e+01
1.518450360474852623e+01
1.862738809105836779e+01
2.006156490002247850e+01
1.495938149100052250e+01
1.114422496262208639e+01
1.145551878784275601e+01
1.104846162540443544e+01
1.444523744046506941e+01
1.697623930879185394e+01
1.854148562469573136e+01
1.983690624883120179e+01
1.825053234767259269e+01
1.722233295161804278e+01
1.987315053067271720e+01
1.649519929217908754e+01
1.924594259838408306e+01
1.801322718719702110e+01
1.708158769060876025e+01
1.696123496804435504e+01
1.173474184667639619e+01
1.120599907815335428e+01
1.831487331300258603e+01
1.330332319035947641e+01
1.272887398584664531e+01
1.170265822397433375e+01
1.296578112342700351e+01
1.329532367589620279e+01
1.945752038641834147e+01
1.871863147819546924e+01
1.548070957692780425e+01
1.672101307448395957e+01
1.573388616676417051e+01
1.773699194808628832e+01
1.527973988178129972e+01
1.584434713401499728e+01
1.403703275940586614e+01
1.592955469479830199e+01
1.560008894281020631e+01
1.467647850338368976e+01
1.581115425835901611e+01
1.560008894281020631e+01
1.427286492711254162e+01
1.500467363477009108e+01
1.411625092548627869e+01
2.174766976509056349e+01
1.942186350423275343e+01
2.025648858297603283e+01
9.846570102204468711e+00
8.588853704863200988e+00
1.725197799082269867e+01
1.187071081724387511e+01
1.548025913217832006e+01
1.864619604722894053e+01
1.626449091811099734e+01
1.626449091811099734e+01
1.798667392244280094e+01
1.837843480093701487e+01
1.893840906735266927e+01
1.547659861785325930e+01
1.759512758040554559e+01
1.298193469156099589e+01
1.680480914552871852e+01
2.097082184779562297e+01
2.154467400044570979e+01
1.465888950851948991e+01
1.418472353037336120e+01
1.494076207595749928e+01
1.481500982335919048e+01
1.347926820010118654e+01
1.190496488475219827e+01
1.004963556740377228e+01
1.347926820010118654e+01
1.047570249110408547e+01
1.848380419271798303e+01
1.609283913335078608e+01
1.829751676852375653e+01
1.486469473228800631e+01
1.210801757775404397e+01
1.465079942208447505e+01
1.209725124959179077e+01
1.150579585993106413e+01
1.238546105583328760e+01
1.319609928847643410e+01
1.299606881345936316e+01
1.388713824985515899e+01
1.991933203689446330e+01
2.104138095199778036e+01
1.954515664280870979e+01
1.782561227589301822e+01
1.626518087112281563e+01
1.839594766097126666e+01
1.869442421523661224e+01
1.670802949710087404e+01
1.954184649266998619e+01
1.390813728093718993e+01
1.206810269163204197e+01
1.347991025681248978e+01
1.321722368215228904e+01
1.382733132740162674e+01
1.708406995801589900e+01
1.392525746541736531e+01
2.180359955758859769e+01
1.966814868413089101e+01
1.902779923062861300e+01
1.224816867777129126e+01
1.416738493703938317e+01
1.134728382143886094e+01
1.238763337286632726e+01
1.108031038814283065e+01
1.669784457054817040e+01
1.285590969581193121e+01
1.599416310883700199e+01
1.589517668269918538e+01
1.666463876490583118e+01
1.633201471254715642e+01
1.616839172369525102e+01
1.339784150647621175e+01
1.590638656065052103e+01
1.585593721080943652e+01
1.483581023295483625e+01
1.749326813851383733e+01
1.255416941826818444e+01
1.206107779209397890e+01
1.255416941826818444e+01
1.310606692216022928e+01
1.956907225319038446e+01
1.510674690733516456e+01
1.467476389655560709e+01
1.715409835405363737e+01
1.194766804713630570e+01
1.765998384531405563e+01
1.422075868141831911e+01
1.383371376099952954e+01
1.447872232302605511e+01
1.730123726065921375e+01
1.444739662699631566e+01
1.510615047800890665e+01
1.264174086776292327e+01
1.525556415374557950e+01
1.223475028641701989e+01
1.964635154175138254e+01
2.280483463843114578e+01
1.615685596681686675e+01
1.566678207820705815e+01
1.564647971712098062e+01
1.462722912040882584e+01
2.009777247977350356e+01
1.905316200482964817e+01
1.972587119529998745e+01
1.305749392157991018e+01
1.264130810136310501e+01
1.264130810136310501e+01
1.146628079222407415e+01
1.377547322698850962e+01
2.026693454002927908e+01
2.332963827415156643e+01
1.854716852738441091e+01
1.955292442863951408e+01
1.867769265041720317e+01
2.202206004762808078e+01
1.908142449643185401e+01
1.371611153593538646e+01
1.415496207518204130e+01
1.624056366826480868e+01
2.046487339576160380e+01
1.983039478129106570e+01
2.053953393853560883e+01
2.464998747874519225e+01
1.374649785566826665e+01
1.408886218833362314e+01
1.222916994029664828e+01
1.239065522744150982e+01
1.239065522744150982e+01
1.388087200124796361e+01
1.413004549826612610e+01
1.460588283883616079e+01
2.435856341536391056e+01
1.138929805333442502e+01
1.788881694390188670e+01
1.788881694390188670e+01
1.064908909409451709e+01
1.086300333768779502e+01
1.532313816239009974e+01
1.616458267155793393e+01
1.642650773765608463e+01
1.474996850289830519e+01
1.777095395339761197e+01
1.420193868648420477e+01
1.392708279038753894e+01
1.398559778254270292e+01
1.512363130945557721e+01
1.322012110889154002e+01
1.088314357492732221e+01
1.359533164920857651e+01
1.083728087051299127e+01
1.512076547384363323e+01
1.598372021583733371e+01
1.884706843337256288e+01
1.670527189702086446e+01
2.082261650617816073e+01
1.201916659578779978e+01
1.496679523919771881e+01
1.428063968386284088e+01
2.002055915228211802e+01
2.011625017564946560e+01
1.969642314971934738e+01
2.127556664488566085e+01
2.104819480995214320e+01
1.924714536475176629e+01
1.924714536475176629e+01
1.009445464020970995e+01
1.857405512094340594e+01
1.518097989871084508e+01
1.586415680115700688e+01
1.876683070410344456e+01
1.876683070410344456e+01
1.952659534979804334e+01
1.703808414975701524e+01
1.357051747859130941e+01
